No.	n_rate	c_rate	g_rate	l_rate	l2_rate	halLeu_0	halLeu_1	halLeu_2	halLeu_3	nipNip_0	nipNip_1	nipNip_2	nipNip_3	galGal_0	galGal_1	galGal_2	galGal_3	aptHaa_0	aptHaa_1	aptHaa_2	aptHaa_3	aptOwe_0	aptOwe_1	aptOwe_2	aptOwe_3	aptRow_0	aptRow_1	aptRow_2	aptRow_3	casCas_0	casCas_1	casCas_2	casCas_3	droNov_0	droNov_1	droNov_2	droNov_3	rheAme_0	rheAme_1	rheAme_2	rheAme_3	rhePen_0	rhePen_1	rhePen_2	rhePen_3	cryCin_0	cryCin_1	cryCin_2	cryCin_3	tinGut_0	tinGut_1	tinGut_2	tinGut_3	eudEle_0	eudEle_1	eudEle_2	eudEle_3	notPer_0	notPer_1	notPer_2	notPer_3	anoDid_0	anoDid_1	anoDid_2	anoDid_3	strCam_0	strCam_1	strCam_2	strCam_3	taeGut.aptFor_0	taeGut.aptFor_1	taeGut.aptFor_2	taeGut.aptFor_3	taeGut.galGal_0	taeGut.galGal_1	taeGut.galGal_2	taeGut.galGal_3	aptHaa.aptOwe_0	aptHaa.aptOwe_1	aptHaa.aptOwe_2	aptHaa.aptOwe_3	aptHaa.aptRow_0	aptHaa.aptRow_1	aptHaa.aptRow_2	aptHaa.aptRow_3	casCas.droNov_0	casCas.droNov_1	casCas.droNov_2	casCas.droNov_3	aptHaa.casCas_0	aptHaa.casCas_1	aptHaa.casCas_2	aptHaa.casCas_3	rheAme.rhePen_0	rheAme.rhePen_1	rheAme.rhePen_2	rheAme.rhePen_3	aptHaa.rheAme_0	aptHaa.rheAme_1	aptHaa.rheAme_2	aptHaa.rheAme_3	cryCin.tinGut_0	cryCin.tinGut_1	cryCin.tinGut_2	cryCin.tinGut_3	eudEle.notPer_0	eudEle.notPer_1	eudEle.notPer_2	eudEle.notPer_3	cryCin.eudEle_0	cryCin.eudEle_1	cryCin.eudEle_2	cryCin.eudEle_3	cryCin.anoDid_0	cryCin.anoDid_1	cryCin.anoDid_2	cryCin.anoDid_3	aptHaa.cryCin_0	aptHaa.cryCin_1	aptHaa.cryCin_2	aptHaa.cryCin_3	aptHaa.strCam_0	aptHaa.strCam_1	aptHaa.strCam_2	aptHaa.strCam_3	taeGut.aptHaa_0	taeGut.aptHaa_1	taeGut.aptHaa_2	taeGut.aptHaa_3
18	1	0.202076	0.0816227	0.481162	0	0	0.88	0.12	0	0	0.842	0.158	0	0	0.513333	0.486667	0	0	1	0	0	0	0.997333	0.00266667	0	0	0.992	0.008	0	0	0.998667	0.00133333	0	0	0.998	0.002	0	0	1	0	0	0	0.999333	0.000666667	0	0	0.672667	0.327333	0	0	0.338	0.662	0	0	0.362	0.638	0	0	0.819333	0.180667	0	0	0.993333	0.00666667	0	0	1	0	0	0	0.880667	0.119333	0	0	0.885333	0.114667	0	0	1	0	0	0	1	0	0	0	1	0	0	0	1	0	0	0	1	0	0	0	1	0	0	0	0.750667	0.249333	0	0	0.819333	0.180667	0	0	0.827333	0.172667	0	0	0.994	0.006	0	0	1	0	0	0	1	0	0	0	1	0	0
0	1	0.123892	0.0424743	0.517083	0	0	0.805333	0.194667	0	0	0.974	0.026	0	0	0.833333	0.166667	0	0	0.99	0.01	0	0	0.929333	0.0706667	0	0	1	0	0	0	1	0	0	0	1	0	0	0	0.998667	0.00133333	0	0	0.999333	0.000666667	0	0	0.892	0.108	0	0	0.772667	0.227333	0	0	0.874	0.126	0	0	0.74	0.26	0	0	0.996667	0.00333333	0	0	0.999333	0.000666667	0	0	0.974	0.026	0	0	0.974	0.026	0	0	1	0	0	0	1	0	0	0	1	0	0	0	1	0	0	0	1	0	0	0	1	0	0	0	0.892667	0.107333	0	0	0.882667	0.117333	0	0	0.897333	0.102667	0	0	0.996667	0.00333333	0	0	1	0	0	0	1	0	0	0	1	0	0
8	1	0.139314	0.122613	0.473881	0	0	0	1	0	0	0	1	0	0	0.00333333	0.996667	0	0	0.969333	0.0306667	0	0	0.996667	0.00333333	0	0	0.995333	0.00466667	0	0	0.997333	0.00266667	0	0	0.998667	0.00133333	0	0	0.999333	0.000666667	0	0	1	0	0	0	0.41	0.59	0	0	0.198667	0.801333	0	0	0.64	0.36	0	0	0.673333	0.326667	0	0	0.928	0.072	0	0	1	0	0	0	0.00133333	0.998667	0	0	0.3	0.7	0	0	1	0	0	0	1	0	0	0	1	0	0	0	1	0	0	0	1	0	0	0	1	0	0	0	0.674	0.326	0	0	0.685333	0.314667	0	0	0.704667	0.295333	0	0	0.934	0.066	0	0	1	0	0	0	1	0	0	0	1	0	0
14	1	0.170476	0.108651	0.467038	0	0	0.782667	0.217333	0	0	0.71	0.29	0	0	0.000666667	0.999333	0	0	0.948	0.052	0	0	0.962	0.038	0	0	0.892	0.108	0	0	0.998	0.002	0	0	1	0	0	0	1	0	0	0	1	0	0	0	0.211333	0.788667	0	0	0.837333	0.162667	0	0	0.576	0.424	0	0	0.698667	0.301333	0	0	0.997333	0.00266667	0	0	0.998667	0.00133333	0	0	0.886	0.114	0	0	0.900667	0.0993333	0	0	0.978667	0.0213333	0	0	0.982667	0.0173333	0	0	1	0	0	0	1	0	0	0	1	0	0	0	1	0	0	0	0.919333	0.0806667	0	0	0.821333	0.178667	0	0	0.919333	0.0806667	0	0	0.997333	0.00266667	0	0	1	0	0	0	1	0	0	0	1	0	0
1	1	0.150847	0.0225575	0.506228	0	0	1	0	0	0	1	0	0	0	0.998667	0.00133333	0	0	1	0	0	0	0.999333	0.000666667	0	0	1	0	0	0	1	0	0	0	1	0	0	0	0.994	0.006	0	0	0.999333	0.000666667	0	0	0.988	0.012	0	0	0.998	0.002	0	0	1	0	0	0	0.998	0.002	0	0	1	0	0	0	0.995333	0.00466667	0	0	1	0	0	0	1	0	0	0	1	0	0	0	1	0	0	0	1	0	0	0	1	0	0	0	1	0	0	0	1	0	0	0	0.998	0.002	0	0	1	0	0	0	1	0	0	0	1	0	0	0	1	0	0	0	1	0	0	0	1	0	0
9	1	0.00554202	0.0241766	0.503374	0	0	0.976667	0.0233333	0	0	0.934667	0.0653333	0	0	1	0	0	0	1	0	0	0	1	0	0	0	1	0	0	0	1	0	0	0	1	0	0	0	1	0	0	0	1	0	0	0	1	0	0	0	1	0	0	0	1	0	0	0	1	0	0	0	1	0	0	0	1	0	0	0	1	0	0	0	1	0	0	0	1	0	0	0	1	0	0	0	1	0	0	0	1	0	0	0	1	0	0	0	1	0	0	0	1	0	0	0	1	0	0	0	1	0	0	0	1	0	0	0	1	0	0	0	1	0	0	0	1	0	0
19	1	0.205865	0.0867176	0.506968	0	0	0.00133333	0.998667	0	0	0.00533333	0.994667	0	0	0.002	0.998	0	0	0.999333	0.000666667	0	0	1	0	0	0	1	0	0	0	1	0	0	0	1	0	0	0	1	0	0	0	1	0	0	0	0.943333	0.0566667	0	0	0.936	0.064	0	0	0.458	0.542	0	0	0.869333	0.130667	0	0	1	0	0	0	1	0	0	0	0.006	0.994	0	0	0.0173333	0.982667	0	0	1	0	0	0	1	0	0	0	1	0	0	0	1	0	0	0	1	0	0	0	1	0	0	0	0.944	0.056	0	0	0.882	0.118	0	0	0.944	0.056	0	0	1	0	0	0	1	0	0	0	1	0	0	0	1	0	0
15	1	0.158535	0.0746194	0.502279	0	0	0.999333	0.000666667	0	0	0.994667	0.00533333	0	0	0.002	0.998	0	0	0.990667	0.00933333	0	0	1	0	0	0	0.999333	0.000666667	0	0	1	0	0	0	1	0	0	0	1	0	0	0	1	0	0	0	0.972667	0.0273333	0	0	0.972667	0.0273333	0	0	0.565333	0.434667	0	0	0.458	0.542	0	0	1	0	0	0	1	0	0	0	0.999333	0.000666667	0	0	0.999333	0.000666667	0	0	1	0	0	0	1	0	0	0	1	0	0	0	1	0	0	0	1	0	0	0	1	0	0	0	0.973333	0.0266667	0	0	0.62	0.38	0	0	0.973333	0.0266667	0	0	1	0	0	0	1	0	0	0	1	0	0	0	1	0	0
2	1	0.17657	0.112003	0.513286	0	0	0	1	0	0	0	1	0	0	0	1	0	0	1	0	0	0	1	0	0	0	1	0	0	0	0.999333	0.000666667	0	0	1	0	0	0	1	0	0	0	1	0	0	0	0.305333	0.694667	0	0	0.328667	0.671333	0	0	0.288667	0.711333	0	0	0.202667	0.797333	0	0	1	0	0	0	0.996	0.004	0	0	0	1	0	0	0.00533333	0.994667	0	0	1	0	0	0	1	0	0	0	1	0	0	0	1	0	0	0	1	0	0	0	1	0	0	0	0.335333	0.664667	0	0	0.294	0.706	0	0	0.348	0.652	0	0	1	0	0	0	1	0	0	0	1	0	0	0	1	0	0
10	1	0.0921665	0.150964	0.483122	0	0	0	1	0	0	0	1	0	0	0.000666667	0.999333	0	0	1	0	0	0	0.998667	0.00133333	0	0	1	0	0	0	1	0	0	0	0.652667	0.347333	0	0	1	0	0	0	1	0	0	0	0.002	0.998	0	0	0.00333333	0.996667	0	0	0.741333	0.258667	0	0	0.00866667	0.991333	0	0	1	0	0	0	1	0	0	0	0	1	0	0	0.014	0.986	0	0	1	0	0	0	1	0	0	0	1	0	0	0	1	0	0	0	1	0	0	0	1	0	0	0	0.024	0.976	0	0	0.741333	0.258667	0	0	0.742667	0.257333	0	0	1	0	0	0	1	0	0	0	1	0	0	0	1	0	0
20	1	0.202013	0.0896754	0.495755	0	0	0.00133333	0.998667	0	0	0.00133333	0.998667	0	0	0	1	0	0	0.994667	0.00533333	0	0	0.971333	0.0286667	0	0	1	0	0	0	1	0	0	0	1	0	0	0	1	0	0	0	1	0	0	0	0.454667	0.545333	0	0	0.422	0.578	0	0	0.866	0.134	0	0	0.856667	0.143333	0	0	0.988667	0.0113333	0	0	0.998667	0.00133333	0	0	0.00133333	0.998667	0	0	0.00666667	0.993333	0	0	1	0	0	0	1	0	0	0	1	0	0	0	1	0	0	0	1	0	0	0	1	0	0	0	0.507333	0.492667	0	0	0.871333	0.128667	0	0	0.872667	0.127333	0	0	0.99	0.01	0	0	1	0	0	0	1	0	0	0	1	0	0
16	1	0.135658	0.128062	0.501484	0	0	0	1	0	0	0.000666667	0.999333	0	0	0	1	0	0	1	0	0	0	0.996667	0.00333333	0	0	1	0	0	0	0.998667	0.00133333	0	0	1	0	0	0	0.998667	0.00133333	0	0	0.816	0.184	0	0	0.000666667	0.999333	0	0	0.00933333	0.990667	0	0	0.00333333	0.996667	0	0	0.000666667	0.999333	0	0	1	0	0	0	0.993333	0.00666667	0	0	0.000666667	0.999333	0	0	0.0173333	0.982667	0	0	1	0	0	0	1	0	0	0	1	0	0	0	1	0	0	0	1	0	0	0	1	0	0	0	0.00933333	0.990667	0	0	0.00333333	0.996667	0	0	0.0106667	0.989333	0	0	1	0	0	0	1	0	0	0	1	0	0	0	1	0	0
11	1	0.115706	0.125868	0.493226	0	0	0	1	0	0	0	1	0	0	0	1	0	0	1	0	0	0	1	0	0	0	1	0	0	0	1	0	0	0	1	0	0	0	1	0	0	0	1	0	0	0	0	1	0	0	0	1	0	0	0	1	0	0	0	1	0	0	1	0	0	0	1	0	0	0	0	1	0	0	0.00333333	0.996667	0	0	1	0	0	0	1	0	0	0	1	0	0	0	1	0	0	0	1	0	0	0	1	0	0	0	0	1	0	0	0	1	0	0	0	1	0	0	1	0	0	0	1	0	0	0	1	0	0	0	1	0	0
21	1	0.165453	0.0528634	0.511611	0	0	0.718	0.282	0	0	0.977333	0.0226667	0	0	0.997333	0.00266667	0	0	1	0	0	0	0.999333	0.000666667	0	0	1	0	0	0	1	0	0	0	1	0	0	0	1	0	0	0	1	0	0	0	0.502	0.498	0	0	0.476667	0.523333	0	0	0.510667	0.489333	0	0	0.456	0.544	0	0	1	0	0	0	0.999333	0.000666667	0	0	0.98	0.02	0	0	0.998667	0.00133333	0	0	1	0	0	0	1	0	0	0	1	0	0	0	1	0	0	0	1	0	0	0	1	0	0	0	0.503333	0.496667	0	0	0.511333	0.488667	0	0	0.513333	0.486667	0	0	1	0	0	0	1	0	0	0	1	0	0	0	1	0	0
3	1	0.151147	0.152342	0.518927	0	0	0.000666667	0.999333	0	0	0	1	0	0	0	1	0	0	0.809333	0.190667	0	0	0.994667	0.00533333	0	0	1	0	0	0	0.921333	0.0786667	0	0	0.982667	0.0173333	0	0	1	0	0	0	0.995333	0.00466667	0	0	0	1	0	0	0	1	0	0	0	1	0	0	0	1	0	0	0.412	0.588	0	0	0.996667	0.00333333	0	0	0.000666667	0.999333	0	0	0.01	0.99	0	0	1	0	0	0	1	0	0	0	0.985333	0.0146667	0	0	1	0	0	0	1	0	0	0	1	0	0	0	0	1	0	0	0	1	0	0	0	1	0	0	0.422	0.578	0	0	1	0	0	0	1	0	0	0	1	0	0
17	1	0.204667	0.137308	0.496133	0	0	0.278667	0.721333	0	0	0.905333	0.0946667	0	0	0.0413333	0.958667	0	0	1	0	0	0	1	0	0	0	1	0	0	0	1	0	0	0	1	0	0	0	0.998667	0.00133333	0	0	0.990667	0.00933333	0	0	0.00466667	0.995333	0	0	0.00533333	0.994667	0	0	0.000666667	0.999333	0	0	0	1	0	0	1	0	0	0	1	0	0	0	0.993333	0.00666667	0	0	0.994	0.006	0	0	1	0	0	0	1	0	0	0	1	0	0	0	1	0	0	0	1	0	0	0	1	0	0	0	0.00533333	0.994667	0	0	0.000666667	0.999333	0	0	0.00666667	0.993333	0	0	1	0	0	0	1	0	0	0	1	0	0	0	1	0	0
12	1	0.17234	0.101613	0.48469	0	0	0.004	0.996	0	0	0	1	0	0	0.0106667	0.989333	0	0	0.864667	0.135333	0	0	0.913333	0.0866667	0	0	1	0	0	0	1	0	0	0	1	0	0	0	1	0	0	0	1	0	0	0	0.903333	0.0966667	0	0	0.346667	0.653333	0	0	0.858	0.142	0	0	0.716	0.284	0	0	0.999333	0.000666667	0	0	1	0	0	0	0.004	0.996	0	0	0.0386667	0.961333	0	0	1	0	0	0	1	0	0	0	1	0	0	0	1	0	0	0	1	0	0	0	1	0	0	0	0.904667	0.0953333	0	0	0.872667	0.127333	0	0	0.91	0.09	0	0	0.999333	0.000666667	0	0	1	0	0	0	1	0	0	0	1	0	0
4	1	0.273714	0.111976	0.492731	0	0	0.326	0.674	0	0	0.32	0.68	0	0	0.074	0.926	0	0	1	0	0	0	1	0	0	0	0.996	0.004	0	0	1	0	0	0	0.988	0.012	0	0	1	0	0	0	1	0	0	0	0.162	0.838	0	0	0.0846667	0.915333	0	0	0.357333	0.642667	0	0	0.311333	0.688667	0	0	1	0	0	0	0.983333	0.0166667	0	0	0.330667	0.669333	0	0	0.338	0.662	0	0	1	0	0	0	1	0	0	0	1	0	0	0	1	0	0	0	1	0	0	0	1	0	0	0	0.175333	0.824667	0	0	0.358667	0.641333	0	0	0.360667	0.639333	0	0	1	0	0	0	1	0	0	0	1	0	0	0	1	0	0
22	1	0.226368	0.12932	0.517855	0	0	0	1	0	0	0	1	0	0	0	1	0	0	0.938667	0.0613333	0	0	0.822	0.178	0	0	0.946	0.054	0	0	1	0	0	0	1	0	0	0	0.997333	0.00266667	0	0	1	0	0	0	0.269333	0.730667	0	0	0.267333	0.732667	0	0	0.181333	0.818667	0	0	0.066	0.934	0	0	1	0	0	0	1	0	0	0	0	1	0	0	0.00933333	0.990667	0	0	0.978	0.022	0	0	1	0	0	0	1	0	0	0	1	0	0	0	1	0	0	0	1	0	0	0	0.276667	0.723333	0	0	0.196667	0.803333	0	0	0.281333	0.718667	0	0	1	0	0	0	1	0	0	0	1	0	0	0	1	0	0
24	1	0.0862154	0.125344	0.500418	0	0	0	1	0	0	0	1	0	0	0	1	0	0	1	0	0	0	1	0	0	0	1	0	0	0	1	0	0	0	0.999333	0.000666667	0	0	1	0	0	0	0.999333	0.000666667	0	0	0	1	0	0	0	1	0	0	0	1	0	0	0	1	0	0	1	0	0	0	1	0	0	0	0	1	0	0	0.00533333	0.994667	0	0	1	0	0	0	1	0	0	0	1	0	0	0	1	0	0	0	1	0	0	0	1	0	0	0	0	1	0	0	0	1	0	0	0	1	0	0	1	0	0	0	1	0	0	0	1	0	0	0	1	0	0
5	1	0.111519	0.0205668	0.503413	0	0	1	0	0	0	1	0	0	0	1	0	0	0	1	0	0	0	1	0	0	0	1	0	0	0	1	0	0	0	1	0	0	0	1	0	0	0	1	0	0	0	1	0	0	0	1	0	0	0	0.999333	0.000666667	0	0	1	0	0	0	1	0	0	0	1	0	0	0	1	0	0	0	1	0	0	0	1	0	0	0	1	0	0	0	1	0	0	0	1	0	0	0	1	0	0	0	1	0	0	0	1	0	0	0	1	0	0	0	1	0	0	0	1	0	0	0	1	0	0	0	1	0	0	0	1	0	0
13	1	0.232121	0.127222	0.515319	0	0	0.058	0.942	0	0	0.0466667	0.953333	0	0	0.00333333	0.996667	0	0	0.938	0.062	0	0	0.978667	0.0213333	0	0	1	0	0	0	1	0	0	0	1	0	0	0	0.998	0.002	0	0	1	0	0	0	0.00466667	0.995333	0	0	0.00533333	0.994667	0	0	0	1	0	0	0	1	0	0	1	0	0	0	1	0	0	0	0.06	0.94	0	0	0.0746667	0.925333	0	0	1	0	0	0	1	0	0	0	1	0	0	0	1	0	0	0	1	0	0	0	1	0	0	0	0.00866667	0.991333	0	0	0.00133333	0.998667	0	0	0.0246667	0.975333	0	0	1	0	0	0	1	0	0	0	1	0	0	0	1	0	0
23	1	0.147912	0.127953	0.512024	0	0	0	1	0	0	0	1	0	0	0	1	0	0	0.972	0.028	0	0	0.968667	0.0313333	0	0	1	0	0	0	1	0	0	0	0.992667	0.00733333	0	0	0.998667	0.00133333	0	0	1	0	0	0	0.000666667	0.999333	0	0	0	1	0	0	0.002	0.998	0	0	0.000666667	0.999333	0	0	0.998	0.002	0	0	0.999333	0.000666667	0	0	0	1	0	0	0.00266667	0.997333	0	0	1	0	0	0	1	0	0	0	1	0	0	0	1	0	0	0	1	0	0	0	1	0	0	0	0.000666667	0.999333	0	0	0.002	0.998	0	0	0.00266667	0.997333	0	0	0.998	0.002	0	0	1	0	0	0	1	0	0	0	1	0	0
25	1	0.281948	0.115453	0.528902	0	0	0.286	0.714	0	0	0.3	0.7	0	0	0.0193333	0.980667	0	0	0.946	0.054	0	0	0.98	0.02	0	0	0.938	0.062	0	0	0.999333	0.000666667	0	0	1	0	0	0	0.996	0.004	0	0	1	0	0	0	0.160667	0.839333	0	0	0.187333	0.812667	0	0	0.360667	0.639333	0	0	0.279333	0.720667	0	0	0.862	0.138	0	0	1	0	0	0	0.304	0.696	0	0	0.322	0.678	0	0	0.992	0.008	0	0	0.998	0.002	0	0	1	0	0	0	1	0	0	0	1	0	0	0	1	0	0	0	0.21	0.79	0	0	0.360667	0.639333	0	0	0.362	0.638	0	0	0.879333	0.120667	0	0	1	0	0	0	1	0	0	0	1	0	0
6	1	0.176727	0.11101	0.504519	0	0	0	1	0	0	0	1	0	0	0	1	0	0	0.906667	0.0933333	0	0	0.981333	0.0186667	0	0	0.994667	0.00533333	0	0	0.998667	0.00133333	0	0	0.995333	0.00466667	0	0	0.999333	0.000666667	0	0	0.991333	0.00866667	0	0	0.118	0.882	0	0	0.129333	0.870667	0	0	0.705333	0.294667	0	0	0.693333	0.306667	0	0	1	0	0	0	1	0	0	0	0	1	0	0	0.00533333	0.994667	0	0	0.998667	0.00133333	0	0	1	0	0	0	1	0	0	0	1	0	0	0	1	0	0	0	1	0	0	0	0.170667	0.829333	0	0	0.706	0.294	0	0	0.706	0.294	0	0	1	0	0	0	1	0	0	0	1	0	0	0	1	0	0
26	1	0.129318	0.0289921	0.497441	0	0	0.996667	0.00333333	0	0	1	0	0	0	1	0	0	0	0.999333	0.000666667	0	0	0.954667	0.0453333	0	0	1	0	0	0	1	0	0	0	0.999333	0.000666667	0	0	0.999333	0.000666667	0	0	1	0	0	0	0.916667	0.0833333	0	0	0.900667	0.0993333	0	0	0.894	0.106	0	0	0.832	0.168	0	0	0.987333	0.0126667	0	0	1	0	0	0	1	0	0	0	1	0	0	0	1	0	0	0	1	0	0	0	1	0	0	0	1	0	0	0	1	0	0	0	1	0	0	0	0.917333	0.0826667	0	0	0.900667	0.0993333	0	0	0.917333	0.0826667	0	0	0.988667	0.0113333	0	0	1	0	0	0	1	0	0	0	1	0	0
27	1	0.176403	0.130938	0.495571	0	0	0.0106667	0.989333	0	0	0.00866667	0.991333	0	0	0	1	0	0	0.859333	0.140667	0	0	0.846	0.154	0	0	0.988	0.012	0	0	0.998667	0.00133333	0	0	0.998	0.002	0	0	1	0	0	0	1	0	0	0	0.402	0.598	0	0	0.304	0.696	0	0	0.0373333	0.962667	0	0	0.016	0.984	0	0	0.999333	0.000666667	0	0	1	0	0	0	0.0106667	0.989333	0	0	0.02	0.98	0	0	0.998667	0.00133333	0	0	0.999333	0.000666667	0	0	1	0	0	0	1	0	0	0	1	0	0	0	1	0	0	0	0.414667	0.585333	0	0	0.072	0.928	0	0	0.486667	0.513333	0	0	0.999333	0.000666667	0	0	1	0	0	0	1	0	0	0	1	0	0
28	1	0.13001	0.0583009	0.497175	0	0	0.753333	0.246667	0	0	0.994	0.006	0	0	0.00533333	0.994667	0	0	1	0	0	0	1	0	0	0	1	0	0	0	1	0	0	0	1	0	0	0	0.998	0.002	0	0	0.998667	0.00133333	0	0	0.999333	0.000666667	0	0	1	0	0	0	1	0	0	0	1	0	0	0	1	0	0	0	1	0	0	0	0.994	0.006	0	0	0.995333	0.00466667	0	0	1	0	0	0	1	0	0	0	1	0	0	0	1	0	0	0	1	0	0	0	1	0	0	0	1	0	0	0	1	0	0	0	1	0	0	0	1	0	0	0	1	0	0	0	1	0	0	0	1	0	0
29	1	0.277238	0.0904307	0.490969	0	0	0.0986667	0.901333	0	0	0.1	0.9	0	0	0.038	0.962	0	0	0.996667	0.00333333	0	0	0.998	0.002	0	0	0.962	0.038	0	0	1	0	0	0	1	0	0	0	1	0	0	0	1	0	0	0	0.492	0.508	0	0	0.488	0.512	0	0	0.466667	0.533333	0	0	0.481333	0.518667	0	0	0.993333	0.00666667	0	0	1	0	0	0	0.102	0.898	0	0	0.119333	0.880667	0	0	1	0	0	0	1	0	0	0	1	0	0	0	1	0	0	0	1	0	0	0	1	0	0	0	0.501333	0.498667	0	0	0.490667	0.509333	0	0	0.507333	0.492667	0	0	0.994	0.006	0	0	1	0	0	0	1	0	0	0	1	0	0
7	1	0.218115	0.0911975	0.491555	0	0	0.758	0.242	0	0	0.826	0.174	0	0	0.121333	0.878667	0	0	0.999333	0.000666667	0	0	1	0	0	0	0.993333	0.00666667	0	0	1	0	0	0	1	0	0	0	0.994667	0.00533333	0	0	1	0	0	0	0.532	0.468	0	0	0.462	0.538	0	0	0.863333	0.136667	0	0	0.597333	0.402667	0	0	1	0	0	0	0.996667	0.00333333	0	0	0.883333	0.116667	0	0	0.894667	0.105333	0	0	1	0	0	0	1	0	0	0	1	0	0	0	1	0	0	0	1	0	0	0	1	0	0	0	0.584667	0.415333	0	0	0.885333	0.114667	0	0	0.976667	0.0233333	0	0	1	0	0	0	1	0	0	0	1	0	0	0	1	0	0
48	1	0.0728895	0.027588	0.519551	0	0	0.902	0.098	0	0	1	0	0	0	0.924	0.076	0	0	1	0	0	0	1	0	0	0	1	0	0	0	1	0	0	0	1	0	0	0	1	0	0	0	1	0	0	0	1	0	0	0	0.999333	0.000666667	0	0	1	0	0	0	0.991333	0.00866667	0	0	1	0	0	0	1	0	0	0	1	0	0	0	1	0	0	0	1	0	0	0	1	0	0	0	1	0	0	0	1	0	0	0	1	0	0	0	1	0	0	0	1	0	0	0	1	0	0	0	1	0	0	0	1	0	0	0	1	0	0	0	1	0	0	0	1	0	0
30	1	0.112939	0.0307619	0.50976	0	0	1	0	0	0	1	0	0	0	1	0	0	0	0.999333	0.000666667	0	0	0.972	0.028	0	0	1	0	0	0	1	0	0	0	1	0	0	0	1	0	0	0	0.999333	0.000666667	0	0	1	0	0	0	0.776667	0.223333	0	0	0.986667	0.0133333	0	0	0.99	0.01	0	0	0.998667	0.00133333	0	0	1	0	0	0	1	0	0	0	1	0	0	0	1	0	0	0	1	0	0	0	1	0	0	0	1	0	0	0	1	0	0	0	1	0	0	0	1	0	0	0	0.999333	0.000666667	0	0	1	0	0	0	1	0	0	0	1	0	0	0	1	0	0	0	1	0	0
61	1	0.184625	0.102269	0.505655	0	0	0.999333	0.000666667	0	0	1	0	0	0	0.149333	0.850667	0	0	1	0	0	0	1	0	0	0	0.995333	0.00466667	0	0	0.994667	0.00533333	0	0	1	0	0	0	1	0	0	0	1	0	0	0	0.000666667	0.999333	0	0	0.00133333	0.998667	0	0	0	1	0	0	0	1	0	0	0.985333	0.0146667	0	0	0.998667	0.00133333	0	0	1	0	0	0	1	0	0	0	1	0	0	0	1	0	0	0	1	0	0	0	1	0	0	0	1	0	0	0	1	0	0	0	0.002	0.998	0	0	0	1	0	0	0.00266667	0.997333	0	0	0.986	0.014	0	0	1	0	0	0	1	0	0	0	1	0	0
71	1	0.138776	0.144647	0.49745	0	0	0.00533333	0.994667	0	0	0.0406667	0.959333	0	0	0	1	0	0	0.850667	0.149333	0	0	0.816667	0.183333	0	0	0.975333	0.0246667	0	0	1	0	0	0	0.967333	0.0326667	0	0	0.996667	0.00333333	0	0	1	0	0	0	0	1	0	0	0	1	0	0	0	1	0	0	0	1	0	0	0.981333	0.0186667	0	0	1	0	0	0	0.0453333	0.954667	0	0	0.0846667	0.915333	0	0	0.997333	0.00266667	0	0	0.998667	0.00133333	0	0	1	0	0	0	1	0	0	0	1	0	0	0	1	0	0	0	0	1	0	0	0	1	0	0	0.00266667	0.997333	0	0	0.981333	0.0186667	0	0	1	0	0	0	1	0	0	0	1	0	0
31	1	0.192145	0.0364731	0.502593	0	0	0.774	0.226	0	0	0.852	0.148	0	0	0.778	0.222	0	0	1	0	0	0	0.996667	0.00333333	0	0	0.997333	0.00266667	0	0	0.999333	0.000666667	0	0	1	0	0	0	1	0	0	0	1	0	0	0	0.998	0.002	0	0	0.999333	0.000666667	0	0	0.886	0.114	0	0	0.859333	0.140667	0	0	1	0	0	0	0.998	0.002	0	0	0.853333	0.146667	0	0	0.859333	0.140667	0	0	1	0	0	0	1	0	0	0	1	0	0	0	1	0	0	0	1	0	0	0	1	0	0	0	0.999333	0.000666667	0	0	0.941333	0.0586667	0	0	0.999333	0.000666667	0	0	1	0	0	0	1	0	0	0	1	0	0	0	1	0	0
62	1	0.181452	0.0235234	0.483638	0	0	1	0	0	0	0.969333	0.0306667	0	0	0.997333	0.00266667	0	0	1	0	0	0	1	0	0	0	0.999333	0.000666667	0	0	0.999333	0.000666667	0	0	0.916	0.084	0	0	1	0	0	0	1	0	0	0	1	0	0	0	1	0	0	0	0.999333	0.000666667	0	0	0.994667	0.00533333	0	0	1	0	0	0	1	0	0	0	1	0	0	0	1	0	0	0	1	0	0	0	1	0	0	0	1	0	0	0	1	0	0	0	1	0	0	0	1	0	0	0	1	0	0	0	1	0	0	0	1	0	0	0	1	0	0	0	1	0	0	0	1	0	0	0	1	0	0
49	1	0.195184	0.14186	0.490355	0	0	0.00333333	0.996667	0	0	0.000666667	0.999333	0	0	0	1	0	0	0.819333	0.180667	0	0	0.946667	0.0533333	0	0	0.809333	0.190667	0	0	1	0	0	0	1	0	0	0	1	0	0	0	1	0	0	0	0.154	0.846	0	0	0.174	0.826	0	0	0.03	0.97	0	0	0.0113333	0.988667	0	0	1	0	0	0	1	0	0	0	0.00333333	0.996667	0	0	0.0186667	0.981333	0	0	0.986667	0.0133333	0	0	1	0	0	0	1	0	0	0	1	0	0	0	1	0	0	0	1	0	0	0	0.174667	0.825333	0	0	0.0426667	0.957333	0	0	0.176667	0.823333	0	0	1	0	0	0	1	0	0	0	1	0	0	0	1	0	0
72	1	0.254629	0.0817072	0.50911	0	0	0.650667	0.349333	0	0	0.769333	0.230667	0	0	0.287333	0.712667	0	0	0.996667	0.00333333	0	0	0.894667	0.105333	0	0	0.997333	0.00266667	0	0	0.992	0.008	0	0	1	0	0	0	1	0	0	0	1	0	0	0	0.472667	0.527333	0	0	0.555333	0.444667	0	0	0.508667	0.491333	0	0	0.516667	0.483333	0	0	0.998667	0.00133333	0	0	0.992	0.008	0	0	0.772	0.228	0	0	0.806667	0.193333	0	0	0.996667	0.00333333	0	0	0.999333	0.000666667	0	0	1	0	0	0	1	0	0	0	1	0	0	0	1	0	0	0	0.555333	0.444667	0	0	0.528	0.472	0	0	0.56	0.44	0	0	0.998667	0.00133333	0	0	1	0	0	0	1	0	0	0	1	0	0
32	1	0.141044	0.101337	0.499991	0	0	0.000666667	0.999333	0	0	0.008	0.992	0	0	0.00133333	0.998667	0	0	0.88	0.12	0	0	0.983333	0.0166667	0	0	1	0	0	0	1	0	0	0	1	0	0	0	0.990667	0.00933333	0	0	0.999333	0.000666667	0	0	0.244667	0.755333	0	0	1	0	0	0	0.996	0.004	0	0	0.938	0.062	0	0	1	0	0	0	1	0	0	0	0.0153333	0.984667	0	0	0.144	0.856	0	0	1	0	0	0	1	0	0	0	1	0	0	0	1	0	0	0	1	0	0	0	1	0	0	0	1	0	0	0	0.996667	0.00333333	0	0	1	0	0	0	1	0	0	0	1	0	0	0	1	0	0	0	1	0	0
63	1	0.196751	0.129798	0.514792	0	0	0.216667	0.783333	0	0	0.97	0.03	0	0	0.008	0.992	0	0	0.953333	0.0466667	0	0	0.840667	0.159333	0	0	1	0	0	0	1	0	0	0	1	0	0	0	1	0	0	0	1	0	0	0	0.341333	0.658667	0	0	0.354667	0.645333	0	0	0.122667	0.877333	0	0	0.322	0.678	0	0	1	0	0	0	1	0	0	0	0.984	0.016	0	0	0.984667	0.0153333	0	0	0.993333	0.00666667	0	0	1	0	0	0	1	0	0	0	1	0	0	0	1	0	0	0	1	0	0	0	0.358	0.642	0	0	0.328	0.672	0	0	0.365333	0.634667	0	0	1	0	0	0	1	0	0	0	1	0	0	0	1	0	0
50	1	0.227293	0.119343	0.479934	0	0	0.0213333	0.978667	0	0	0.024	0.976	0	0	1	0	0	0	0.969333	0.0306667	0	0	0.998	0.002	0	0	0.988	0.012	0	0	0.999333	0.000666667	0	0	0.97	0.03	0	0	1	0	0	0	0.975333	0.0246667	0	0	0.104667	0.895333	0	0	0.102	0.898	0	0	0.028	0.972	0	0	0.0766667	0.923333	0	0	0.836	0.164	0	0	0.922667	0.0773333	0	0	0.0426667	0.957333	0	0	1	0	0	0	0.999333	0.000666667	0	0	0.999333	0.000666667	0	0	0.999333	0.000666667	0	0	1	0	0	0	1	0	0	0	1	0	0	0	0.104667	0.895333	0	0	0.078	0.922	0	0	0.106	0.894	0	0	0.849333	0.150667	0	0	1	0	0	0	1	0	0	0	1	0	0
73	1	0.167992	0.143706	0.506143	0	0	0.0246667	0.975333	0	0	0.102667	0.897333	0	0	0	1	0	0	1	0	0	0	0.984	0.016	0	0	0.998	0.002	0	0	1	0	0	0	1	0	0	0	1	0	0	0	1	0	0	0	0	1	0	0	0	1	0	0	0	1	0	0	0	1	0	0	1	0	0	0	1	0	0	0	0.332667	0.667333	0	0	0.335333	0.664667	0	0	1	0	0	0	1	0	0	0	1	0	0	0	1	0	0	0	1	0	0	0	1	0	0	0	0	1	0	0	0.000666667	0.999333	0	0	0.00133333	0.998667	0	0	1	0	0	0	1	0	0	0	1	0	0	0	1	0	0
64	1	0.0493649	0.0228593	0.505231	0	0	1	0	0	0	0.991333	0.00866667	0	0	0.980667	0.0193333	0	0	0.999333	0.000666667	0	0	0.965333	0.0346667	0	0	1	0	0	0	1	0	0	0	1	0	0	0	1	0	0	0	1	0	0	0	1	0	0	0	1	0	0	0	1	0	0	0	1	0	0	0	1	0	0	0	1	0	0	0	1	0	0	0	1	0	0	0	1	0	0	0	1	0	0	0	1	0	0	0	1	0	0	0	1	0	0	0	1	0	0	0	1	0	0	0	1	0	0	0	1	0	0	0	1	0	0	0	1	0	0	0	1	0	0	0	1	0	0
33	1	0.221268	0.125551	0.468444	0	0	0.0293333	0.970667	0	0	0.0306667	0.969333	0	0	0	1	0	0	1	0	0	0	1	0	0	0	0.999333	0.000666667	0	0	1	0	0	0	1	0	0	0	1	0	0	0	1	0	0	0	0.0106667	0.989333	0	0	0.006	0.994	0	0	0.008	0.992	0	0	0.00733333	0.992667	0	0	1	0	0	0	0.998667	0.00133333	0	0	0.0306667	0.969333	0	0	0.038	0.962	0	0	1	0	0	0	1	0	0	0	1	0	0	0	1	0	0	0	1	0	0	0	1	0	0	0	0.0246667	0.975333	0	0	0.00933333	0.990667	0	0	0.0313333	0.968667	0	0	1	0	0	0	1	0	0	0	1	0	0	0	1	0	0
51	1	0.190208	0.128289	0.50899	0	0	0.0146667	0.985333	0	0	0.00466667	0.995333	0	0	0	1	0	0	1	0	0	0	1	0	0	0	1	0	0	0	1	0	0	0	1	0	0	0	1	0	0	0	1	0	0	0	0	1	0	0	0.000666667	0.999333	0	0	0.000666667	0.999333	0	0	0.000666667	0.999333	0	0	1	0	0	0	1	0	0	0	0.0146667	0.985333	0	0	0.022	0.978	0	0	1	0	0	0	1	0	0	0	1	0	0	0	1	0	0	0	1	0	0	0	1	0	0	0	0.000666667	0.999333	0	0	0.00133333	0.998667	0	0	0.00133333	0.998667	0	0	1	0	0	0	1	0	0	0	1	0	0	0	1	0	0
74	1	0.18055	0.121828	0.489307	0	0	0	1	0	0	0	1	0	0	0	1	0	0	1	0	0	0	1	0	0	0	1	0	0	0	1	0	0	0	1	0	0	0	1	0	0	0	1	0	0	0	0.0246667	0.975333	0	0	0.028	0.972	0	0	0.024	0.976	0	0	0.0266667	0.973333	0	0	1	0	0	0	1	0	0	0	0	1	0	0	0.00866667	0.991333	0	0	1	0	0	0	1	0	0	0	1	0	0	0	1	0	0	0	1	0	0	0	1	0	0	0	0.0286667	0.971333	0	0	0.028	0.972	0	0	0.0313333	0.968667	0	0	1	0	0	0	1	0	0	0	1	0	0	0	1	0	0
65	1	0.203076	0.121509	0.518359	0	0	0.00933333	0.990667	0	0	0.0106667	0.989333	0	0	0.0393333	0.960667	0	0	1	0	0	0	1	0	0	0	1	0	0	0	1	0	0	0	1	0	0	0	0.994667	0.00533333	0	0	0.998667	0.00133333	0	0	0.268667	0.731333	0	0	0.277333	0.722667	0	0	0.000666667	0.999333	0	0	0.00133333	0.998667	0	0	1	0	0	0	0.999333	0.000666667	0	0	0.0233333	0.976667	0	0	0.06	0.94	0	0	1	0	0	0	1	0	0	0	1	0	0	0	1	0	0	0	1	0	0	0	1	0	0	0	0.277333	0.722667	0	0	0.012	0.988	0	0	0.28	0.72	0	0	1	0	0	0	1	0	0	0	1	0	0	0	1	0	0
34	1	0.251266	0.0676526	0.486874	0	0	0.919333	0.0806667	0	0	0.997333	0.00266667	0	0	0.980667	0.0193333	0	0	0.998667	0.00133333	0	0	1	0	0	0	1	0	0	0	1	0	0	0	1	0	0	0	1	0	0	0	0.905333	0.0946667	0	0	0.0773333	0.922667	0	0	0.09	0.91	0	0	0.111333	0.888667	0	0	0.109333	0.890667	0	0	0.912	0.088	0	0	0.997333	0.00266667	0	0	0.998	0.002	0	0	0.998667	0.00133333	0	0	1	0	0	0	1	0	0	0	1	0	0	0	1	0	0	0	1	0	0	0	1	0	0	0	0.0933333	0.906667	0	0	0.113333	0.886667	0	0	0.115333	0.884667	0	0	0.912667	0.0873333	0	0	1	0	0	0	1	0	0	0	1	0	0
75	1	0.149919	0.0441249	0.512114	0	0	0.998667	0.00133333	0	0	1	0	0	0	0.998667	0.00133333	0	0	1	0	0	0	0.996667	0.00333333	0	0	0.960667	0.0393333	0	0	1	0	0	0	1	0	0	0	1	0	0	0	1	0	0	0	0.821333	0.178667	0	0	0.851333	0.148667	0	0	0.447333	0.552667	0	0	0.775333	0.224667	0	0	0.964667	0.0353333	0	0	1	0	0	0	1	0	0	0	1	0	0	0	1	0	0	0	1	0	0	0	1	0	0	0	1	0	0	0	1	0	0	0	1	0	0	0	0.856667	0.143333	0	0	0.781333	0.218667	0	0	0.86	0.14	0	0	0.966	0.034	0	0	1	0	0	0	1	0	0	0	1	0	0
52	1	0.237982	0.0742	0.511607	0	0	0.27	0.73	0	0	0.257333	0.742667	0	0	0.115333	0.884667	0	0	0.999333	0.000666667	0	0	1	0	0	0	0.998	0.002	0	0	0.999333	0.000666667	0	0	0.938667	0.0613333	0	0	0.998667	0.00133333	0	0	1	0	0	0	1	0	0	0	0.824667	0.175333	0	0	0.999333	0.000666667	0	0	0.590667	0.409333	0	0	1	0	0	0	0.992667	0.00733333	0	0	0.270667	0.729333	0	0	0.282667	0.717333	0	0	1	0	0	0	1	0	0	0	1	0	0	0	1	0	0	0	1	0	0	0	1	0	0	0	1	0	0	0	0.999333	0.000666667	0	0	1	0	0	0	1	0	0	0	1	0	0	0	1	0	0	0	1	0	0
66	1	0.254742	0.0917829	0.506845	0	0	0.932	0.068	0	0	0.901333	0.0986667	0	0	0.673333	0.326667	0	0	0.927333	0.0726667	0	0	0.844	0.156	0	0	0.986	0.014	0	0	0.926667	0.0733333	0	0	0.969333	0.0306667	0	0	1	0	0	0	0.999333	0.000666667	0	0	0.0946667	0.905333	0	0	0.06	0.94	0	0	0.084	0.916	0	0	0.0353333	0.964667	0	0	1	0	0	0	0.988667	0.0113333	0	0	0.938667	0.0613333	0	0	0.953333	0.0466667	0	0	0.957333	0.0426667	0	0	1	0	0	0	0.985333	0.0146667	0	0	1	0	0	0	1	0	0	0	1	0	0	0	0.0946667	0.905333	0	0	0.0853333	0.914667	0	0	0.101333	0.898667	0	0	1	0	0	0	1	0	0	0	1	0	0	0	1	0	0
35	1	0.139579	0.125497	0.509324	0	0	0.0126667	0.987333	0	0	0.00933333	0.990667	0	0	0	1	0	0	1	0	0	0	1	0	0	0	0.999333	0.000666667	0	0	1	0	0	0	1	0	0	0	1	0	0	0	1	0	0	0	0	1	0	0	0	1	0	0	0	1	0	0	0	1	0	0	0.999333	0.000666667	0	0	1	0	0	0	0.0126667	0.987333	0	0	0.0306667	0.969333	0	0	1	0	0	0	1	0	0	0	1	0	0	0	1	0	0	0	1	0	0	0	1	0	0	0	0	1	0	0	0.000666667	0.999333	0	0	0.00333333	0.996667	0	0	0.999333	0.000666667	0	0	1	0	0	0	1	0	0	0	1	0	0
76	1	0.116603	0.0269082	0.506678	0	0	1	0	0	0	0.998	0.002	0	0	0.988667	0.0113333	0	0	1	0	0	0	0.999333	0.000666667	0	0	1	0	0	0	1	0	0	0	0.998	0.002	0	0	1	0	0	0	0.994667	0.00533333	0	0	0.89	0.11	0	0	0.899333	0.100667	0	0	0.864667	0.135333	0	0	0.896667	0.103333	0	0	1	0	0	0	1	0	0	0	1	0	0	0	1	0	0	0	1	0	0	0	1	0	0	0	1	0	0	0	1	0	0	0	1	0	0	0	1	0	0	0	0.906667	0.0933333	0	0	0.898667	0.101333	0	0	0.909333	0.0906667	0	0	1	0	0	0	1	0	0	0	1	0	0	0	1	0	0
53	1	0.237783	0.136709	0.463793	0	0	0.138667	0.861333	0	0	0.502667	0.497333	0	0	0.0113333	0.988667	0	0	0.999333	0.000666667	0	0	0.999333	0.000666667	0	0	0.999333	0.000666667	0	0	0.978667	0.0213333	0	0	0.997333	0.00266667	0	0	1	0	0	0	1	0	0	0	0.006	0.994	0	0	0.008	0.992	0	0	0.006	0.994	0	0	0.00466667	0.995333	0	0	0.998667	0.00133333	0	0	1	0	0	0	0.560667	0.439333	0	0	0.573333	0.426667	0	0	1	0	0	0	1	0	0	0	1	0	0	0	1	0	0	0	1	0	0	0	1	0	0	0	0.008	0.992	0	0	0.006	0.994	0	0	0.0126667	0.987333	0	0	0.998667	0.00133333	0	0	1	0	0	0	1	0	0	0	1	0	0
36	1	0.156192	0.0426392	0.486327	0	0	0.655333	0.344667	0	0	0.732667	0.267333	0	0	0.589333	0.410667	0	0	1	0	0	0	1	0	0	0	1	0	0	0	0.999333	0.000666667	0	0	1	0	0	0	0.994667	0.00533333	0	0	0.924	0.076	0	0	0.994	0.006	0	0	0.996	0.004	0	0	0.956	0.044	0	0	0.994667	0.00533333	0	0	0.996	0.004	0	0	0.998667	0.00133333	0	0	0.734	0.266	0	0	0.739333	0.260667	0	0	1	0	0	0	1	0	0	0	1	0	0	0	1	0	0	0	1	0	0	0	1	0	0	0	0.996667	0.00333333	0	0	0.994667	0.00533333	0	0	0.997333	0.00266667	0	0	0.998667	0.00133333	0	0	1	0	0	0	1	0	0	0	1	0	0
67	1	0.167876	0.128853	0.513717	0	0	0.004	0.996	0	0	0.00266667	0.997333	0	0	0.00133333	0.998667	0	0	1	0	0	0	1	0	0	0	1	0	0	0	1	0	0	0	1	0	0	0	1	0	0	0	1	0	0	0	0.172667	0.827333	0	0	0.593333	0.406667	0	0	0.062	0.938	0	0	0.487333	0.512667	0	0	0.924	0.076	0	0	1	0	0	0	0.056	0.944	0	0	0.0633333	0.936667	0	0	1	0	0	0	1	0	0	0	1	0	0	0	1	0	0	0	1	0	0	0	1	0	0	0	0.593333	0.406667	0	0	0.497333	0.502667	0	0	0.593333	0.406667	0	0	0.933333	0.0666667	0	0	1	0	0	0	1	0	0	0	1	0	0
77	1	0.309092	0.181269	0.52307	0	0	0.096	0.904	0	0	0.273333	0.726667	0	0	0.008	0.992	0	0	0.789333	0.210667	0	0	0.784667	0.215333	0	0	1	0	0	0	0.915333	0.0846667	0	0	0.991333	0.00866667	0	0	0.894667	0.105333	0	0	0.753333	0.246667	0	0	0.038	0.962	0	0	0.0286667	0.971333	0	0	0.0333333	0.966667	0	0	0.0466667	0.953333	0	0	0.0826667	0.917333	0	0	0.986	0.014	0	0	0.276667	0.723333	0	0	0.287333	0.712667	0	0	0.984	0.016	0	0	1	0	0	0	0.998667	0.00133333	0	0	1	0	0	0	0.998	0.002	0	0	1	0	0	0	0.0386667	0.961333	0	0	0.0466667	0.953333	0	0	0.0466667	0.953333	0	0	0.12	0.88	0	0	1	0	0	0	1	0	0	0	1	0	0
54	1	0.132556	0.0879589	0.501069	0	0	0.11	0.89	0	0	0.673333	0.326667	0	0	0.000666667	0.999333	0	0	1	0	0	0	0.999333	0.000666667	0	0	1	0	0	0	1	0	0	0	0.999333	0.000666667	0	0	1	0	0	0	1	0	0	0	0.989333	0.0106667	0	0	1	0	0	0	0.512667	0.487333	0	0	0.997333	0.00266667	0	0	1	0	0	0	1	0	0	0	0.673333	0.326667	0	0	0.676667	0.323333	0	0	1	0	0	0	1	0	0	0	1	0	0	0	1	0	0	0	1	0	0	0	1	0	0	0	1	0	0	0	0.998	0.002	0	0	1	0	0	0	1	0	0	0	1	0	0	0	1	0	0	0	1	0	0
37	1	0.197521	0.128117	0.499939	0	0	0.407333	0.592667	0	0	0.247333	0.752667	0	0	0.00133333	0.998667	0	0	0.996	0.004	0	0	1	0	0	0	0.973333	0.0266667	0	0	0.999333	0.000666667	0	0	1	0	0	0	1	0	0	0	1	0	0	0	0.00533333	0.994667	0	0	0.002	0.998	0	0	0.0173333	0.982667	0	0	0.00266667	0.997333	0	0	1	0	0	0	1	0	0	0	0.408667	0.591333	0	0	0.47	0.53	0	0	1	0	0	0	1	0	0	0	1	0	0	0	1	0	0	0	1	0	0	0	1	0	0	0	0.006	0.994	0	0	0.0173333	0.982667	0	0	0.018	0.982	0	0	1	0	0	0	1	0	0	0	1	0	0	0	1	0	0
68	1	0.282977	0.093353	0.534833	0	0	0.066	0.934	0	0	0.0833333	0.916667	0	0	0.0666667	0.933333	0	0	0.998667	0.00133333	0	0	1	0	0	0	0.996667	0.00333333	0	0	1	0	0	0	1	0	0	0	1	0	0	0	1	0	0	0	0.445333	0.554667	0	0	0.424667	0.575333	0	0	0.477333	0.522667	0	0	0.462	0.538	0	0	0.998	0.002	0	0	0.999333	0.000666667	0	0	0.0846667	0.915333	0	0	0.103333	0.896667	0	0	1	0	0	0	1	0	0	0	1	0	0	0	1	0	0	0	1	0	0	0	1	0	0	0	0.456667	0.543333	0	0	0.481333	0.518667	0	0	0.487333	0.512667	0	0	0.998	0.002	0	0	1	0	0	0	1	0	0	0	1	0	0
78	1	0.224727	0.103012	0.495265	0	0	0.974667	0.0253333	0	0	0.989333	0.0106667	0	0	0.0553333	0.944667	0	0	1	0	0	0	1	0	0	0	0.998	0.002	0	0	1	0	0	0	0.999333	0.000666667	0	0	1	0	0	0	0.999333	0.000666667	0	0	0.0766667	0.923333	0	0	0.108667	0.891333	0	0	0.00533333	0.994667	0	0	0.0333333	0.966667	0	0	0.990667	0.00933333	0	0	0.998667	0.00133333	0	0	0.99	0.01	0	0	0.990667	0.00933333	0	0	1	0	0	0	1	0	0	0	1	0	0	0	1	0	0	0	1	0	0	0	1	0	0	0	0.11	0.89	0	0	0.046	0.954	0	0	0.110667	0.889333	0	0	0.990667	0.00933333	0	0	1	0	0	0	1	0	0	0	1	0	0
55	1	0.19891	0.0671246	0.512489	0	0	0.00133333	0.998667	0	0	0.00466667	0.995333	0	0	0.0633333	0.936667	0	0	0.916667	0.0833333	0	0	0.975333	0.0246667	0	0	1	0	0	0	1	0	0	0	1	0	0	0	1	0	0	0	1	0	0	0	1	0	0	0	0.999333	0.000666667	0	0	0.996667	0.00333333	0	0	0.978	0.022	0	0	0.998	0.002	0	0	0.992667	0.00733333	0	0	0.008	0.992	0	0	0.0806667	0.919333	0	0	1	0	0	0	1	0	0	0	1	0	0	0	1	0	0	0	1	0	0	0	1	0	0	0	1	0	0	0	0.998667	0.00133333	0	0	1	0	0	0	1	0	0	0	1	0	0	0	1	0	0	0	1	0	0
38	1	0.162172	0.115613	0.505785	0	0	0.456667	0.543333	0	0	0.06	0.94	0	0	0	1	0	0	1	0	0	0	0.907333	0.0926667	0	0	0.995333	0.00466667	0	0	0.999333	0.000666667	0	0	1	0	0	0	0.998667	0.00133333	0	0	1	0	0	0	0.742	0.258	0	0	0.750667	0.249333	0	0	0.444667	0.555333	0	0	0.233333	0.766667	0	0	0.991333	0.00866667	0	0	1	0	0	0	0.457333	0.542667	0	0	0.474	0.526	0	0	1	0	0	0	1	0	0	0	1	0	0	0	1	0	0	0	1	0	0	0	1	0	0	0	0.757333	0.242667	0	0	0.494667	0.505333	0	0	0.76	0.24	0	0	0.991333	0.00866667	0	0	1	0	0	0	1	0	0	0	1	0	0
69	1	0.227626	0.0663038	0.507595	0	0	0.373333	0.626667	0	0	0.294667	0.705333	0	0	0.471333	0.528667	0	0	0.981333	0.0186667	0	0	1	0	0	0	0.976667	0.0233333	0	0	1	0	0	0	0.983333	0.0166667	0	0	1	0	0	0	1	0	0	0	0.711333	0.288667	0	0	0.813333	0.186667	0	0	1	0	0	0	0.861333	0.138667	0	0	1	0	0	0	0.998667	0.00133333	0	0	0.376	0.624	0	0	0.482	0.518	0	0	1	0	0	0	1	0	0	0	1	0	0	0	1	0	0	0	1	0	0	0	1	0	0	0	0.932	0.068	0	0	1	0	0	0	1	0	0	0	1	0	0	0	1	0	0	0	1	0	0	0	1	0	0
79	1	0.065741	0.0230402	0.503003	0	0	0.993333	0.00666667	0	0	1	0	0	0	1	0	0	0	1	0	0	0	1	0	0	0	1	0	0	0	1	0	0	0	1	0	0	0	1	0	0	0	1	0	0	0	1	0	0	0	1	0	0	0	1	0	0	0	1	0	0	0	1	0	0	0	1	0	0	0	1	0	0	0	1	0	0	0	1	0	0	0	1	0	0	0	1	0	0	0	1	0	0	0	1	0	0	0	1	0	0	0	1	0	0	0	1	0	0	0	1	0	0	0	1	0	0	0	1	0	0	0	1	0	0	0	1	0	0
56	1	0.109153	0.0236294	0.479252	0	0	0.926667	0.0733333	0	0	0.99	0.01	0	0	1	0	0	0	1	0	0	0	1	0	0	0	1	0	0	0	1	0	0	0	1	0	0	0	1	0	0	0	1	0	0	0	1	0	0	0	0.998667	0.00133333	0	0	1	0	0	0	1	0	0	0	1	0	0	0	1	0	0	0	1	0	0	0	1	0	0	0	1	0	0	0	1	0	0	0	1	0	0	0	1	0	0	0	1	0	0	0	1	0	0	0	1	0	0	0	1	0	0	0	1	0	0	0	1	0	0	0	1	0	0	0	1	0	0	0	1	0	0
39	1	0.207463	0.140354	0.525368	0	0	0.000666667	0.999333	0	0	0.00133333	0.998667	0	0	0.004	0.996	0	0	0.992667	0.00733333	0	0	0.966667	0.0333333	0	0	0.972667	0.0273333	0	0	0.989333	0.0106667	0	0	1	0	0	0	0.867333	0.132667	0	0	0.988	0.012	0	0	0.0633333	0.936667	0	0	0.314667	0.685333	0	0	0.000666667	0.999333	0	0	0.006	0.994	0	0	1	0	0	0	1	0	0	0	0.00133333	0.998667	0	0	0.0193333	0.980667	0	0	0.998	0.002	0	0	1	0	0	0	1	0	0	0	1	0	0	0	1	0	0	0	1	0	0	0	0.315333	0.684667	0	0	0.0206667	0.979333	0	0	0.336667	0.663333	0	0	1	0	0	0	1	0	0	0	1	0	0	0	1	0	0
70	1	0.190547	0.116	0.499328	0	0	0.002	0.998	0	0	0.00133333	0.998667	0	0	0	1	0	0	1	0	0	0	0.999333	0.000666667	0	0	0.997333	0.00266667	0	0	1	0	0	0	0.999333	0.000666667	0	0	1	0	0	0	1	0	0	0	0.298667	0.701333	0	0	0.126	0.874	0	0	0.48	0.52	0	0	0.416	0.584	0	0	0.996	0.004	0	0	0.932667	0.0673333	0	0	0.00933333	0.990667	0	0	0.0453333	0.954667	0	0	1	0	0	0	1	0	0	0	1	0	0	0	1	0	0	0	1	0	0	0	1	0	0	0	0.398667	0.601333	0	0	0.481333	0.518667	0	0	0.482	0.518	0	0	0.996	0.004	0	0	1	0	0	0	1	0	0	0	1	0	0
80	1	0.236052	0.0853893	0.490421	0	0	0.0733333	0.926667	0	0	0.076	0.924	0	0	0.006	0.994	0	0	0.998	0.002	0	0	1	0	0	0	0.98	0.02	0	0	0.893333	0.106667	0	0	0.869333	0.130667	0	0	0.990667	0.00933333	0	0	0.986667	0.0133333	0	0	0.828667	0.171333	0	0	0.860667	0.139333	0	0	0.724	0.276	0	0	0.912	0.088	0	0	0.995333	0.00466667	0	0	0.984	0.016	0	0	0.0786667	0.921333	0	0	0.09	0.91	0	0	1	0	0	0	1	0	0	0	0.939333	0.0606667	0	0	1	0	0	0	1	0	0	0	1	0	0	0	0.895333	0.104667	0	0	0.924667	0.0753333	0	0	0.960667	0.0393333	0	0	0.996	0.004	0	0	1	0	0	0	1	0	0	0	1	0	0
57	1	0.149116	0.127961	0.525784	0	0	0	1	0	0	0	1	0	0	0	1	0	0	1	0	0	0	0.998667	0.00133333	0	0	0.982	0.018	0	0	0.943333	0.0566667	0	0	0.998667	0.00133333	0	0	1	0	0	0	1	0	0	0	0	1	0	0	0	1	0	0	0	1	0	0	0.00133333	0.998667	0	0	0.997333	0.00266667	0	0	1	0	0	0	0	1	0	0	0.0126667	0.987333	0	0	1	0	0	0	1	0	0	0	1	0	0	0	1	0	0	0	1	0	0	0	1	0	0	0	0.000666667	0.999333	0	0	0.00133333	0.998667	0	0	0.002	0.998	0	0	0.997333	0.00266667	0	0	1	0	0	0	1	0	0	0	1	0	0
40	1	0.203894	0.109191	0.504258	0	0	0.990667	0.00933333	0	0	0.920667	0.0793333	0	0	0.0793333	0.920667	0	0	0.993333	0.00666667	0	0	1	0	0	0	0.992	0.008	0	0	1	0	0	0	0.998667	0.00133333	0	0	0.995333	0.00466667	0	0	1	0	0	0	0.0246667	0.975333	0	0	0.0193333	0.980667	0	0	0	1	0	0	0	1	0	0	0.994667	0.00533333	0	0	0.98	0.02	0	0	0.990667	0.00933333	0	0	0.990667	0.00933333	0	0	1	0	0	0	1	0	0	0	1	0	0	0	1	0	0	0	1	0	0	0	1	0	0	0	0.0246667	0.975333	0	0	0.00133333	0.998667	0	0	0.0253333	0.974667	0	0	0.994667	0.00533333	0	0	1	0	0	0	1	0	0	0	1	0	0
85	1	0.0958813	0.122326	0.510564	0	0	0	1	0	0	0	1	0	0	0	1	0	0	1	0	0	0	1	0	0	0	1	0	0	0	1	0	0	0	1	0	0	0	1	0	0	0	1	0	0	0	0.000666667	0.999333	0	0	0.000666667	0.999333	0	0	0	1	0	0	0	1	0	0	1	0	0	0	1	0	0	0	0	1	0	0	0.00466667	0.995333	0	0	1	0	0	0	1	0	0	0	1	0	0	0	1	0	0	0	1	0	0	0	1	0	0	0	0.000666667	0.999333	0	0	0	1	0	0	0.000666667	0.999333	0	0	1	0	0	0	1	0	0	0	1	0	0	0	1	0	0
81	1	0.143914	0.0862909	0.49325	0	0	0.744667	0.255333	0	0	0.446667	0.553333	0	0	0.968667	0.0313333	0	0	0.998	0.002	0	0	1	0	0	0	0.996667	0.00333333	0	0	1	0	0	0	1	0	0	0	0.971333	0.0286667	0	0	0.960667	0.0393333	0	0	0.245333	0.754667	0	0	0.332	0.668	0	0	0.992667	0.00733333	0	0	1	0	0	0	1	0	0	0	1	0	0	0	0.762	0.238	0	0	0.970667	0.0293333	0	0	1	0	0	0	1	0	0	0	1	0	0	0	1	0	0	0	1	0	0	0	1	0	0	0	0.897333	0.102667	0	0	1	0	0	0	1	0	0	0	1	0	0	0	1	0	0	0	1	0	0	0	1	0	0
58	1	0.151558	0.107406	0.50735	0	0	0.878	0.122	0	0	1	0	0	0	0.120667	0.879333	0	0	1	0	0	0	1	0	0	0	1	0	0	0	1	0	0	0	1	0	0	0	1	0	0	0	1	0	0	0	0	1	0	0	0	1	0	0	0.000666667	0.999333	0	0	0.00933333	0.990667	0	0	0.997333	0.00266667	0	0	1	0	0	0	1	0	0	0	1	0	0	0	1	0	0	0	1	0	0	0	1	0	0	0	1	0	0	0	1	0	0	0	1	0	0	0	0.000666667	0.999333	0	0	0.00933333	0.990667	0	0	0.0106667	0.989333	0	0	0.997333	0.00266667	0	0	1	0	0	0	1	0	0	0	1	0	0
41	1	0.0572433	0.0233534	0.507538	0	0	1	0	0	0	1	0	0	0	0.988	0.012	0	0	0.998	0.002	0	0	0.969333	0.0306667	0	0	1	0	0	0	1	0	0	0	1	0	0	0	1	0	0	0	1	0	0	0	1	0	0	0	0.995333	0.00466667	0	0	1	0	0	0	1	0	0	0	1	0	0	0	1	0	0	0	1	0	0	0	1	0	0	0	1	0	0	0	1	0	0	0	1	0	0	0	1	0	0	0	1	0	0	0	1	0	0	0	1	0	0	0	1	0	0	0	1	0	0	0	1	0	0	0	1	0	0	0	1	0	0	0	1	0	0
86	1	0.11566	0.0314797	0.481797	0	0	0.874667	0.125333	0	0	0.981333	0.0186667	0	0	1	0	0	0	0.944	0.056	0	0	0.936667	0.0633333	0	0	0.993333	0.00666667	0	0	0.991333	0.00866667	0	0	0.995333	0.00466667	0	0	1	0	0	0	1	0	0	0	0.998667	0.00133333	0	0	0.913333	0.0866667	0	0	0.998667	0.00133333	0	0	1	0	0	0	1	0	0	0	1	0	0	0	1	0	0	0	1	0	0	0	0.988	0.012	0	0	1	0	0	0	0.999333	0.000666667	0	0	1	0	0	0	1	0	0	0	1	0	0	0	1	0	0	0	1	0	0	0	1	0	0	0	1	0	0	0	1	0	0	0	1	0	0	0	1	0	0
82	1	0.219141	0.0703342	0.505816	0	0	0.048	0.952	0	0	0.156	0.844	0	0	0.172667	0.827333	0	0	0.999333	0.000666667	0	0	1	0	0	0	1	0	0	0	1	0	0	0	1	0	0	0	1	0	0	0	1	0	0	0	0.973333	0.0266667	0	0	0.982667	0.0173333	0	0	0.822667	0.177333	0	0	0.948	0.052	0	0	0.999333	0.000666667	0	0	0.984	0.016	0	0	0.158	0.842	0	0	0.271333	0.728667	0	0	1	0	0	0	1	0	0	0	1	0	0	0	1	0	0	0	1	0	0	0	1	0	0	0	0.982667	0.0173333	0	0	0.955333	0.0446667	0	0	0.984	0.016	0	0	0.999333	0.000666667	0	0	1	0	0	0	1	0	0	0	1	0	0
59	1	0.135242	0.0368084	0.484267	0	0	1	0	0	0	0.999333	0.000666667	0	0	0.931333	0.0686667	0	0	0.974667	0.0253333	0	0	1	0	0	0	0.969333	0.0306667	0	0	1	0	0	0	1	0	0	0	1	0	0	0	1	0	0	0	0.997333	0.00266667	0	0	0.612	0.388	0	0	0.998667	0.00133333	0	0	0.981333	0.0186667	0	0	1	0	0	0	1	0	0	0	1	0	0	0	1	0	0	0	1	0	0	0	1	0	0	0	1	0	0	0	1	0	0	0	1	0	0	0	1	0	0	0	0.997333	0.00266667	0	0	1	0	0	0	1	0	0	0	1	0	0	0	1	0	0	0	1	0	0	0	1	0	0
42	1	0.233434	0.105893	0.501745	0	0	0.0473333	0.952667	0	0	0.0466667	0.953333	0	0	0	1	0	0	0.965333	0.0346667	0	0	0.988667	0.0113333	0	0	1	0	0	0	1	0	0	0	1	0	0	0	1	0	0	0	1	0	0	0	0.577333	0.422667	0	0	0.543333	0.456667	0	0	0.496	0.504	0	0	0.178667	0.821333	0	0	0.998	0.002	0	0	0.998	0.002	0	0	0.048	0.952	0	0	0.056	0.944	0	0	1	0	0	0	1	0	0	0	1	0	0	0	1	0	0	0	1	0	0	0	1	0	0	0	0.580667	0.419333	0	0	0.536	0.464	0	0	0.588667	0.411333	0	0	0.998	0.002	0	0	1	0	0	0	1	0	0	0	1	0	0
87	1	0.249627	0.0949677	0.508418	0	0	0.0146667	0.985333	0	0	0.0153333	0.984667	0	0	0.129333	0.870667	0	0	1	0	0	0	0.991333	0.00866667	0	0	0.976	0.024	0	0	1	0	0	0	1	0	0	0	1	0	0	0	1	0	0	0	0.282	0.718	0	0	0.523333	0.476667	0	0	0.898	0.102	0	0	0.998	0.002	0	0	1	0	0	0	1	0	0	0	0.024	0.976	0	0	0.141333	0.858667	0	0	1	0	0	0	1	0	0	0	1	0	0	0	1	0	0	0	1	0	0	0	1	0	0	0	0.578667	0.421333	0	0	0.998	0.002	0	0	0.998	0.002	0	0	1	0	0	0	1	0	0	0	1	0	0	0	1	0	0
83	1	0.240749	0.0840554	0.496477	0	0	0.729333	0.270667	0	0	0.992	0.008	0	0	0.792	0.208	0	0	1	0	0	0	1	0	0	0	1	0	0	0	1	0	0	0	1	0	0	0	1	0	0	0	1	0	0	0	0.044	0.956	0	0	0.04	0.96	0	0	0.0233333	0.976667	0	0	0.0233333	0.976667	0	0	1	0	0	0	0.998667	0.00133333	0	0	0.992667	0.00733333	0	0	0.992667	0.00733333	0	0	1	0	0	0	1	0	0	0	1	0	0	0	1	0	0	0	1	0	0	0	1	0	0	0	0.0446667	0.955333	0	0	0.03	0.97	0	0	0.052	0.948	0	0	1	0	0	0	1	0	0	0	1	0	0	0	1	0	0
60	1	0.183195	0.131338	0.492954	0	0	0.970667	0.0293333	0	0	0.583333	0.416667	0	0	0.006	0.994	0	0	1	0	0	0	0.968	0.032	0	0	0.999333	0.000666667	0	0	0.999333	0.000666667	0	0	0.994667	0.00533333	0	0	1	0	0	0	1	0	0	0	0.00133333	0.998667	0	0	0.00333333	0.996667	0	0	0.00266667	0.997333	0	0	0.000666667	0.999333	0	0	0.03	0.97	0	0	0.993333	0.00666667	0	0	0.970667	0.0293333	0	0	0.973333	0.0266667	0	0	1	0	0	0	1	0	0	0	1	0	0	0	1	0	0	0	1	0	0	0	1	0	0	0	0.00333333	0.996667	0	0	0.00266667	0.997333	0	0	0.00333333	0.996667	0	0	0.0453333	0.954667	0	0	1	0	0	0	1	0	0	0	1	0	0
43	1	0.1644	0.0489031	0.48926	0	0	0.91	0.09	0	0	0.973333	0.0266667	0	0	0.998667	0.00133333	0	0	1	0	0	0	1	0	0	0	1	0	0	0	1	0	0	0	1	0	0	0	1	0	0	0	1	0	0	0	0.998	0.002	0	0	0.965333	0.0346667	0	0	0.340667	0.659333	0	0	0.572667	0.427333	0	0	1	0	0	0	1	0	0	0	0.994667	0.00533333	0	0	1	0	0	0	1	0	0	0	1	0	0	0	1	0	0	0	1	0	0	0	1	0	0	0	1	0	0	0	0.998	0.002	0	0	0.618	0.382	0	0	0.998	0.002	0	0	1	0	0	0	1	0	0	0	1	0	0	0	1	0	0
88	1	0.172135	0.121324	0.499364	0	0	0	1	0	0	0	1	0	0	0	1	0	0	0.982667	0.0173333	0	0	1	0	0	0	0.988	0.012	0	0	1	0	0	0	1	0	0	0	1	0	0	0	1	0	0	0	0.308667	0.691333	0	0	0.273333	0.726667	0	0	0.22	0.78	0	0	0.048	0.952	0	0	1	0	0	0	1	0	0	0	0.00133333	0.998667	0	0	0.151333	0.848667	0	0	1	0	0	0	1	0	0	0	1	0	0	0	1	0	0	0	1	0	0	0	1	0	0	0	0.309333	0.690667	0	0	0.226	0.774	0	0	0.310667	0.689333	0	0	1	0	0	0	1	0	0	0	1	0	0	0	1	0	0
84	1	0.210341	0.0648077	0.491158	0	0	0.170667	0.829333	0	0	0.184667	0.815333	0	0	0.00133333	0.998667	0	0	0.999333	0.000666667	0	0	1	0	0	0	1	0	0	0	1	0	0	0	1	0	0	0	0.999333	0.000666667	0	0	1	0	0	0	0.964	0.036	0	0	0.999333	0.000666667	0	0	0.998667	0.00133333	0	0	0.894667	0.105333	0	0	1	0	0	0	1	0	0	0	0.186	0.814	0	0	0.194	0.806	0	0	1	0	0	0	1	0	0	0	1	0	0	0	1	0	0	0	1	0	0	0	1	0	0	0	1	0	0	0	0.998667	0.00133333	0	0	1	0	0	0	1	0	0	0	1	0	0	0	1	0	0	0	1	0	0
89	1	0.102425	0.0267238	0.506303	0	0	1	0	0	0	1	0	0	0	0.981333	0.0186667	0	0	1	0	0	0	1	0	0	0	0.996	0.004	0	0	0.986667	0.0133333	0	0	0.999333	0.000666667	0	0	1	0	0	0	1	0	0	0	0.959333	0.0406667	0	0	0.896	0.104	0	0	0.994	0.006	0	0	0.996	0.004	0	0	0.997333	0.00266667	0	0	0.998	0.002	0	0	1	0	0	0	1	0	0	0	1	0	0	0	1	0	0	0	1	0	0	0	1	0	0	0	1	0	0	0	1	0	0	0	0.980667	0.0193333	0	0	0.996	0.004	0	0	0.996	0.004	0	0	0.998	0.002	0	0	1	0	0	0	1	0	0	0	1	0	0
44	1	0.187884	0.0772944	0.487776	0	0	0.034	0.966	0	0	0.00466667	0.995333	0	0	0.026	0.974	0	0	0.922	0.078	0	0	0.998667	0.00133333	0	0	0.994	0.006	0	0	0.998	0.002	0	0	0.999333	0.000666667	0	0	1	0	0	0	1	0	0	0	0.874	0.126	0	0	0.995333	0.00466667	0	0	0.989333	0.0106667	0	0	0.986667	0.0133333	0	0	0.994	0.006	0	0	1	0	0	0	0.0346667	0.965333	0	0	0.352	0.648	0	0	1	0	0	0	1	0	0	0	1	0	0	0	1	0	0	0	1	0	0	0	1	0	0	0	0.996667	0.00333333	0	0	0.996667	0.00333333	0	0	0.997333	0.00266667	0	0	1	0	0	0	1	0	0	0	1	0	0	0	1	0	0
94	1	0.14165	0.038392	0.496525	0	0	0.998667	0.00133333	0	0	0.992667	0.00733333	0	0	0.891333	0.108667	0	0	0.997333	0.00266667	0	0	1	0	0	0	1	0	0	0	0.999333	0.000666667	0	0	0.995333	0.00466667	0	0	1	0	0	0	1	0	0	0	0.705333	0.294667	0	0	0.899333	0.100667	0	0	0.991333	0.00866667	0	0	0.755333	0.244667	0	0	1	0	0	0	1	0	0	0	0.999333	0.000666667	0	0	0.999333	0.000666667	0	0	1	0	0	0	1	0	0	0	1	0	0	0	1	0	0	0	1	0	0	0	1	0	0	0	0.902	0.098	0	0	0.991333	0.00866667	0	0	0.991333	0.00866667	0	0	1	0	0	0	1	0	0	0	1	0	0	0	1	0	0
92	1	0.216643	0.0987521	0.51014	0	0	0.142	0.858	0	0	0.298	0.702	0	0	0.00266667	0.997333	0	0	0.954667	0.0453333	0	0	0.999333	0.000666667	0	0	0.999333	0.000666667	0	0	0.996667	0.00333333	0	0	1	0	0	0	0.958667	0.0413333	0	0	0.992	0.008	0	0	0.883333	0.116667	0	0	0.636	0.364	0	0	0.418	0.582	0	0	0.878	0.122	0	0	0.982	0.018	0	0	0.999333	0.000666667	0	0	0.298	0.702	0	0	0.305333	0.694667	0	0	1	0	0	0	1	0	0	0	1	0	0	0	1	0	0	0	1	0	0	0	1	0	0	0	0.884667	0.115333	0	0	0.880667	0.119333	0	0	0.890667	0.109333	0	0	0.984	0.016	0	0	1	0	0	0	1	0	0	0	1	0	0
90	1	0.154047	0.144877	0.500273	0	0	0.000666667	0.999333	0	0	0	1	0	0	0.000666667	0.999333	0	0	0.831333	0.168667	0	0	0.814	0.186	0	0	1	0	0	0	1	0	0	0	1	0	0	0	0.998	0.002	0	0	0.959333	0.0406667	0	0	0	1	0	0	0.002	0.998	0	0	0	1	0	0	0	1	0	0	0.938	0.062	0	0	0.997333	0.00266667	0	0	0.000666667	0.999333	0	0	0.00466667	0.995333	0	0	1	0	0	0	1	0	0	0	1	0	0	0	1	0	0	0	1	0	0	0	1	0	0	0	0.00333333	0.996667	0	0	0.00266667	0.997333	0	0	0.0353333	0.964667	0	0	0.939333	0.0606667	0	0	1	0	0	0	1	0	0	0	1	0	0
45	1	0.141821	0.0907911	0.507367	0	0	0	1	0	0	0	1	0	0	0.00666667	0.993333	0	0	0.979333	0.0206667	0	0	0.888	0.112	0	0	1	0	0	0	1	0	0	0	1	0	0	0	1	0	0	0	1	0	0	0	0.933333	0.0666667	0	0	0.998667	0.00133333	0	0	0.995333	0.00466667	0	0	0.434	0.566	0	0	1	0	0	0	1	0	0	0	0	1	0	0	0.0753333	0.924667	0	0	1	0	0	0	1	0	0	0	1	0	0	0	1	0	0	0	1	0	0	0	1	0	0	0	0.998667	0.00133333	0	0	0.995333	0.00466667	0	0	0.998667	0.00133333	0	0	1	0	0	0	1	0	0	0	1	0	0	0	1	0	0
95	1	0.111938	0.0234114	0.498859	0	0	1	0	0	0	1	0	0	0	1	0	0	0	0.972667	0.0273333	0	0	1	0	0	0	0.998667	0.00133333	0	0	0.999333	0.000666667	0	0	1	0	0	0	1	0	0	0	1	0	0	0	0.998667	0.00133333	0	0	0.988667	0.0113333	0	0	0.997333	0.00266667	0	0	1	0	0	0	1	0	0	0	1	0	0	0	1	0	0	0	1	0	0	0	1	0	0	0	1	0	0	0	1	0	0	0	1	0	0	0	1	0	0	0	1	0	0	0	1	0	0	0	1	0	0	0	1	0	0	0	1	0	0	0	1	0	0	0	1	0	0	0	1	0	0
93	1	0.259093	0.134925	0.499018	0	0	0.000666667	0.999333	0	0	0.00133333	0.998667	0	0	0.002	0.998	0	0	0.999333	0.000666667	0	0	1	0	0	0	0.999333	0.000666667	0	0	1	0	0	0	1	0	0	0	1	0	0	0	1	0	0	0	0.00933333	0.990667	0	0	0.0293333	0.970667	0	0	0.0306667	0.969333	0	0	0.032	0.968	0	0	0.509333	0.490667	0	0	1	0	0	0	0.00266667	0.997333	0	0	0.0433333	0.956667	0	0	1	0	0	0	1	0	0	0	1	0	0	0	1	0	0	0	1	0	0	0	1	0	0	0	0.03	0.97	0	0	0.0353333	0.964667	0	0	0.0386667	0.961333	0	0	0.522	0.478	0	0	1	0	0	0	1	0	0	0	1	0	0
91	1	0.119301	0.0761956	0.48964	0	0	0	1	0	0	0	1	0	0	0	1	0	0	1	0	0	0	1	0	0	0	1	0	0	0	1	0	0	0	1	0	0	0	1	0	0	0	1	0	0	0	0.986	0.014	0	0	0.986	0.014	0	0	0.846	0.154	0	0	0.612	0.388	0	0	1	0	0	0	1	0	0	0	0.000666667	0.999333	0	0	0.00733333	0.992667	0	0	1	0	0	0	1	0	0	0	1	0	0	0	1	0	0	0	1	0	0	0	1	0	0	0	0.987333	0.0126667	0	0	0.866	0.134	0	0	0.987333	0.0126667	0	0	1	0	0	0	1	0	0	0	1	0	0	0	1	0	0
46	1	0.0830074	0.0250666	0.472138	0	0	0.999333	0.000666667	0	0	1	0	0	0	1	0	0	0	1	0	0	0	1	0	0	0	1	0	0	0	1	0	0	0	1	0	0	0	0.944667	0.0553333	0	0	0.948	0.052	0	0	0.999333	0.000666667	0	0	1	0	0	0	0.994	0.006	0	0	1	0	0	0	1	0	0	0	1	0	0	0	1	0	0	0	1	0	0	0	1	0	0	0	1	0	0	0	1	0	0	0	1	0	0	0	1	0	0	0	1	0	0	0	1	0	0	0	1	0	0	0	1	0	0	0	1	0	0	0	1	0	0	0	1	0	0	0	1	0	0
96	1	0.097969	0.130405	0.49221	0	0	0	1	0	0	0	1	0	0	0	1	0	0	1	0	0	0	1	0	0	0	1	0	0	0	1	0	0	0	1	0	0	0	1	0	0	0	1	0	0	0	0.00133333	0.998667	0	0	0.00133333	0.998667	0	0	0.000666667	0.999333	0	0	0	1	0	0	1	0	0	0	1	0	0	0	0	1	0	0	0.00266667	0.997333	0	0	1	0	0	0	1	0	0	0	1	0	0	0	1	0	0	0	1	0	0	0	1	0	0	0	0.00133333	0.998667	0	0	0.00133333	0.998667	0	0	0.002	0.998	0	0	1	0	0	0	1	0	0	0	1	0	0	0	1	0	0
97	1	0.119146	0.0275147	0.491038	0	0	0.999333	0.000666667	0	0	0.989333	0.0106667	0	0	0.906667	0.0933333	0	0	1	0	0	0	1	0	0	0	1	0	0	0	1	0	0	0	1	0	0	0	1	0	0	0	1	0	0	0	0.826	0.174	0	0	0.999333	0.000666667	0	0	0.998	0.002	0	0	0.952667	0.0473333	0	0	1	0	0	0	1	0	0	0	0.999333	0.000666667	0	0	0.999333	0.000666667	0	0	1	0	0	0	1	0	0	0	1	0	0	0	1	0	0	0	1	0	0	0	1	0	0	0	0.999333	0.000666667	0	0	0.998	0.002	0	0	1	0	0	0	1	0	0	0	1	0	0	0	1	0	0	0	1	0	0
98	1	0.135353	0.126537	0.500022	0	0	0.4	0.6	0	0	0.484667	0.515333	0	0	0	1	0	0	1	0	0	0	1	0	0	0	0.898	0.102	0	0	1	0	0	0	1	0	0	0	0.975333	0.0246667	0	0	0.996667	0.00333333	0	0	0.00733333	0.992667	0	0	0.00666667	0.993333	0	0	0	1	0	0	0	1	0	0	0.996667	0.00333333	0	0	1	0	0	0	0.485333	0.514667	0	0	0.501333	0.498667	0	0	1	0	0	0	1	0	0	0	1	0	0	0	1	0	0	0	1	0	0	0	1	0	0	0	0.008	0.992	0	0	0.00333333	0.996667	0	0	0.008	0.992	0	0	0.996667	0.00333333	0	0	1	0	0	0	1	0	0	0	1	0	0
47	1	0.16801	0.0734571	0.513216	0	0	0.00133333	0.998667	0	0	0	1	0	0	0.00133333	0.998667	0	0	0.886667	0.113333	0	0	0.997333	0.00266667	0	0	0.983333	0.0166667	0	0	1	0	0	0	1	0	0	0	1	0	0	0	1	0	0	0	1	0	0	0	0.998667	0.00133333	0	0	0.985333	0.0146667	0	0	0.721333	0.278667	0	0	1	0	0	0	1	0	0	0	0.00133333	0.998667	0	0	0.0106667	0.989333	0	0	1	0	0	0	1	0	0	0	1	0	0	0	1	0	0	0	1	0	0	0	1	0	0	0	1	0	0	0	0.991333	0.00866667	0	0	1	0	0	0	1	0	0	0	1	0	0	0	1	0	0	0	1	0	0
99	1	0.205582	0.0599826	0.493621	0	0	0.300667	0.699333	0	0	0.390667	0.609333	0	0	0.741333	0.258667	0	0	1	0	0	0	0.943333	0.0566667	0	0	0.944667	0.0553333	0	0	1	0	0	0	1	0	0	0	1	0	0	0	1	0	0	0	0.768667	0.231333	0	0	0.996	0.004	0	0	0.988	0.012	0	0	0.994667	0.00533333	0	0	1	0	0	0	1	0	0	0	0.422667	0.577333	0	0	0.750667	0.249333	0	0	1	0	0	0	1	0	0	0	1	0	0	0	1	0	0	0	1	0	0	0	1	0	0	0	1	0	0	0	1	0	0	0	1	0	0	0	1	0	0	0	1	0	0	0	1	0	0	0	1	0	0
