No.	n_rate	c_rate	g_rate	l_rate	l2_rate	halLeu_0	halLeu_1	halLeu_2	halLeu_3	nipNip_0	nipNip_1	nipNip_2	nipNip_3	galGal_0	galGal_1	galGal_2	galGal_3	aptHaa_0	aptHaa_1	aptHaa_2	aptHaa_3	aptOwe_0	aptOwe_1	aptOwe_2	aptOwe_3	aptRow_0	aptRow_1	aptRow_2	aptRow_3	casCas_0	casCas_1	casCas_2	casCas_3	droNov_0	droNov_1	droNov_2	droNov_3	rheAme_0	rheAme_1	rheAme_2	rheAme_3	rhePen_0	rhePen_1	rhePen_2	rhePen_3	cryCin_0	cryCin_1	cryCin_2	cryCin_3	tinGut_0	tinGut_1	tinGut_2	tinGut_3	eudEle_0	eudEle_1	eudEle_2	eudEle_3	notPer_0	notPer_1	notPer_2	notPer_3	anoDid_0	anoDid_1	anoDid_2	anoDid_3	strCam_0	strCam_1	strCam_2	strCam_3	taeGut-aptFor_0	taeGut-aptFor_1	taeGut-aptFor_2	taeGut-aptFor_3	taeGut-galGal_0	taeGut-galGal_1	taeGut-galGal_2	taeGut-galGal_3	aptHaa-aptOwe_0	aptHaa-aptOwe_1	aptHaa-aptOwe_2	aptHaa-aptOwe_3	aptHaa-aptRow_0	aptHaa-aptRow_1	aptHaa-aptRow_2	aptHaa-aptRow_3	casCas-droNov_0	casCas-droNov_1	casCas-droNov_2	casCas-droNov_3	aptHaa-casCas_0	aptHaa-casCas_1	aptHaa-casCas_2	aptHaa-casCas_3	rheAme-rhePen_0	rheAme-rhePen_1	rheAme-rhePen_2	rheAme-rhePen_3	aptHaa-rheAme_0	aptHaa-rheAme_1	aptHaa-rheAme_2	aptHaa-rheAme_3	cryCin-tinGut_0	cryCin-tinGut_1	cryCin-tinGut_2	cryCin-tinGut_3	eudEle-notPer_0	eudEle-notPer_1	eudEle-notPer_2	eudEle-notPer_3	cryCin-eudEle_0	cryCin-eudEle_1	cryCin-eudEle_2	cryCin-eudEle_3	cryCin-anoDid_0	cryCin-anoDid_1	cryCin-anoDid_2	cryCin-anoDid_3	aptHaa-cryCin_0	aptHaa-cryCin_1	aptHaa-cryCin_2	aptHaa-cryCin_3	aptHaa-strCam_0	aptHaa-strCam_1	aptHaa-strCam_2	aptHaa-strCam_3	taeGut-aptHaa_0	taeGut-aptHaa_1	taeGut-aptHaa_2	taeGut-aptHaa_3
51	3.35675	0.135612	0.509015	0.832921	0	0	0	1	0	0	0	1	0	0	0	1	0	0	0	0	1	0	0	0	1	0	0	0	1	0	0	0	1	0	0	0	1	0	0	0	1	0	0	0	1	0	0	1	0	0	0	1	0	0	0	1	0	0	0	1	0	0	0	0	1	0	0.000142857	0	0.999857	0	0	1	0	0	0.000142857	0.999857	0	0	0	0	1	0	0	0	1	0	0	0	1	0	0	0.00285714	0.997143	0	0	0	1	0	0	0.062	0.938	0	0	1	0	0	0	1	0	0	0	1	0	0	0	1	0	0	0	1	0	0	0.000142857	0.999857	0	0	0.0277143	0.972286	0
34	2.404	0.217965	0.543289	0.817205	0	0	0	1	0	0	0	1	0	0	0	1	0	0	0	0	1	0	0	0	1	0	0	0	1	0	0	0	1	0	0	0.000142857	0.999857	0	0	0	1	0	0	0	1	0	0	1	0	0	0	1	0	0	0	1	0	0	0	1	0	0	0	0.0142857	0.985714	0	0.000571429	0.00985714	0.989571	0	0	1	0	0	0.004	0.996	0	0	0	0	1	0	0	0	1	0	0	0.00314286	0.996857	0	0	0.0301429	0.969857	0	0	0	1	0	0	0.148714	0.851286	0	0	1	0	0	0	1	0	0	0	1	0	0	0	1	0	0	0	1	0	0	0.000571429	0.999429	0	0	0.111143	0.888857	0
13	3.5191	0.222334	0.542093	0.827102	0	0	0.000142857	0.999857	0	0	0.000428571	0.999571	0	0	0.000285714	0.999714	0	0	0	0	1	0	0	0	1	0	0	0	1	0	0	0	1	0	0	0	1	0	0	0	1	0	0	0	1	0	0	1	0	0	0	1	0	0	0	1	0	0	0	1	0	0	0	0	1	0	0.000571429	0.00228571	0.997143	0	0.00285714	0.997143	0	0	0.0122857	0.987714	0	0	0	0	1	0	0	0	1	0	0	0	1	0	0	0.0145714	0.985429	0	0	0	1	0	0	0.114429	0.885571	0	0	1	0	0	0	1	0	0	0	1	0	0	0	1	0	0	0.000571429	0.999429	0	0	0.000571429	0.999429	0	0	0.095	0.905	0
43	2.54665	0.278348	0.587181	0.742202	0	0	0.009	0.991	0	0	0.0164286	0.983571	0	0	0.0531429	0.946857	0	0	0	0	1	0	0	0	1	0	0	0.000142857	0.999857	0	0	0	1	0	0	0	1	0	0	0	1	0	0	0	1	0	0	1	0	0	0	1	0	0	0	1	0	0	0	1	0	0	0.000142857	0.376429	0.623429	0	0.0721429	0.000857143	0.927	0	0.042	0.958	0	0	0.141714	0.858286	0	0	0	0	1	0	0	0.00242857	0.997571	0	0	0	1	0	0	0.0397143	0.960286	0	0	0	1	0	0	0.182286	0.817714	0	0	1	0	0	0	1	0	0	0	1	0	0	0.000142857	0.999857	0	0	0.004	0.996	0	0	0.0724286	0.927571	0	0	0.389	0.611	0
58	2.04561	0.171705	0.507193	0.819472	0	0	0.0901429	0.909857	0	0	0.447571	0.552429	0	0	0.00285714	0.997143	0	0	0	0	1	0	0	0	1	0	0	0	1	0	0	0	1	0	0	0	1	0	0.000571429	0.000142857	0.999286	0	0.000571429	0.000142857	0.999286	0	0	1	0	0	0	1	0	0	0	1	0	0	0	1	0	0	0	0	1	0	0.0667143	0.004	0.929286	0	0.551143	0.448857	0	0	0.590429	0.409571	0	0	0	0	1	0	0	0	1	0	0	0	1	0	0	0.0312857	0.968714	0	0.000714286	0	0.999286	0	0.000714286	0.171	0.828286	0	0	1	0	0	0	1	0	0	0	1	0	0	0	1	0	0	0.00314286	0.996857	0	0	0.0678571	0.932143	0	0	0.636429	0.363571	0
24	4.19905	0.0822508	0.57074	0.625826	0	0	0	1	0	0	0	1	0	0	0	1	0	0	0	0	1	0	0	0	1	0	0	0	1	0	0	0	1	0	0	0.000571429	0.999429	0	0	0	1	0	0	0	1	0	0	1	0	0	0	1	0	0	0	1	0	0	0	1	0	0	0	0	1	0	0	0	1	0	0	1	0	0	0.000714286	0.999286	0	0	0	0	1	0	0	0.888429	0.111571	0	0	0.973714	0.0262857	0	0	0.978714	0.0212857	0	0	0	1	0	0	0.982143	0.0178571	0	0	1	0	0	0	1	0	0	0	1	0	0	0	1	0	0	0	1	0	0	0	1	0	0	0.147571	0.852429	0
0	4.62461	0.342646	0.365109	0.621919	0	0	0.290286	0.709714	0	0	0.851286	0.148714	0	0	0.283	0.717	0	0	0	0.000857143	0.999143	0	0	0.003	0.997	0	0	0	1	0	0	0	1	0	0	0	1	0	0.00885714	0.001	0.990143	0	0.00828571	0.00157143	0.990143	0	0.0228571	0.977143	0	0	0.0115714	0.988429	0	0	0.0148571	0.985143	0	0	0.00571429	0.994286	0	0	0.168571	0.522857	0.308571	0	0.554143	0.117571	0.328286	0	0.851714	0.148286	0	0	0.855571	0.144429	0	0	0	0.004	0.996	0	0	0.0535714	0.946429	0	0	0.410429	0.589571	0	0.00242857	0.483	0.514571	0	0.00985714	0	0.990143	0	0.00985714	0.64	0.350143	0	0.0242857	0.975714	0	0	0.018	0.982	0	0	0.0304286	0.969571	0	0	0.204143	0.795857	0	0	0.271714	0.728286	0	0	0.579286	0.420714	0	0	0.905143	0.0948571	0
64	4.79776	0.366915	0.527561	0.627642	0	0	0.352857	0.647143	0	0	0.167429	0.832571	0	0	0.02	0.98	0	0	0	0.001	0.999	0	0	0.0461429	0.953857	0	0	0	1	0	0	0	1	0	0	0	1	0	0	0	1	0	0	0	1	0	0	1	0	0	0	1	0	0	0	1	0	0	0	1	0	0	0.158571	0.0932857	0.748143	0	0.318714	0	0.681286	0	0.403714	0.596286	0	0	0.791857	0.208143	0	0	0	0.0744286	0.925571	0	0	0.759143	0.240857	0	0	0.659	0.341	0	0	0.805857	0.194143	0	0	0	1	0	0	0.844	0.156	0	0.000142857	0.999857	0	0	0.000428571	0.999571	0	0	0.00185714	0.998143	0	0	0.164	0.836	0	0	0.190286	0.809714	0	0	0.318714	0.681286	0	0	0.906	0.094	0
35	2.8415	0.124572	0.518241	0.819481	0	0	0.00128571	0.998714	0	0	0.000428571	0.999571	0	0	0	1	0	0	0	0	1	0	0	0	1	0	0	0	1	0	0	0	1	0	0	0	1	0	0	0	1	0	0	0	1	0	0	1	0	0	0	1	0	0	0	1	0	0	0	1	0	0	0	0.000142857	0.999857	0	0	0	1	0	0.00371429	0.996286	0	0	0.00757143	0.992429	0	0	0	0	1	0	0	0	1	0	0	0.00157143	0.998429	0	0	0.0482857	0.951714	0	0	0	1	0	0	0.193429	0.806571	0	0	1	0	0	0	1	0	0	0	1	0	0	0	1	0	0	0	1	0	0	0	1	0	0	0.074	0.926	0
52	5.96307	0.26237	0.411091	0.72709	0	0	0.0275714	0.972429	0	0	0.0238571	0.976143	0	0	0.00171429	0.998286	0	0	0	0	1	0	0	0	1	0	0.00214286	0.000285714	0.997571	0	0.597857	0.0392857	0.362857	0	0.414286	0.564857	0.0208571	0	0	0.000142857	0.999857	0	0	0	1	0	0	1	0	0	0	1	0	0	0	1	0	0	0	1	0	0	0.356429	0.613857	0.0297143	0	0.816286	0.183714	0	0	0.0308571	0.969143	0	0	0.0521429	0.947857	0	0	0	0.0364286	0.963571	0	0.00214286	0.994857	0.003	0	0.634571	0.365	0.000428571	0	0.729857	0.270143	0	0	0	0.999714	0.000285714	0	0.782286	0.217714	0	0	0	1	0	0	0	1	0	0	0	1	0	0	0.447	0.553	0	0	0.831857	0.168143	0	0	0.994571	0.00542857	0	0	0.995857	0.00414286	0
59	1.65693	0.296483	0.517171	0.811866	0	0	0.119857	0.880143	0	0	0.114714	0.885286	0	0	0.0104286	0.989571	0	0	0.0128571	0.00442857	0.982714	0	0.0132857	0.00385714	0.982857	0	0.0165714	0.00257143	0.980857	0	0.0112857	0.0174286	0.971286	0	0.0127143	0.004	0.983286	0	0.017	0.00828571	0.974714	0	0.0188571	0.00642857	0.974714	0	0	1	0	0	0	1	0	0	0	1	0	0	0	1	0	0	0.012	0.00385714	0.984143	0	0.101143	0.0137143	0.885143	0	0.183857	0.816143	0	0	0.229714	0.770286	0	0	0.016	0.00314286	0.980857	0	0.0188571	0.00257143	0.978571	0	0.015	0.0274286	0.957571	0	0.0195714	0.0568571	0.923571	0	0.0252857	0.000142857	0.974571	0	0.0252857	0.187	0.787714	0	0	1	0	0	0	1	0	0	0	1	0	0	0.012	0.988	0	0	0.0405714	0.959429	0	0	0.111	0.889	0	0	0.373143	0.626857	0
14	3.56818	0.265966	0.446032	0.577068	0	0	0.324714	0.675286	0	0	0.160429	0.839571	0	0	0.000857143	0.999143	0	0	0	0.0372857	0.962714	0	0	0.004	0.996	0	0	0.240571	0.759429	0	0	0	1	0	0	0.000142857	0.999857	0	0	0	1	0	0	0	1	0	0.00171429	0.998286	0	0	0.0121429	0.987857	0	0	0.00228571	0.997714	0	0	0.00228571	0.997714	0	0	0.394	0.316286	0.289714	0	0.762143	0.227286	0.0105714	0	0.63	0.37	0	0	0.752571	0.247429	0	0	0	0.276429	0.723571	0	0	0.924	0.076	0	0	0.0142857	0.985714	0	0	0.934714	0.0652857	0	0	0	1	0	0	0.964714	0.0352857	0	0.0194286	0.980571	0	0	0.0124286	0.987571	0	0	0.0598571	0.940143	0	0	0.528429	0.471571	0	0	0.658714	0.341286	0	0	0.928286	0.0717143	0	0	0.970571	0.0294286	0
44	1.63944	0.313976	0.599955	0.804086	0	0	0.000285714	0.999714	0	0	0	1	0	0	0.003	0.997	0	0	0.000428571	0.00285714	0.996714	0	0.000571429	0.00342857	0.996	0	0.000714286	0.00185714	0.997429	0	0.000571429	0.000857143	0.998571	0	0.000857143	0.000285714	0.998857	0	0.000857143	0.00242857	0.996714	0	0.000714286	0.00228571	0.997	0	0	1	0	0	0	1	0	0	0	1	0	0	0	1	0	0	0.000714286	0.0692857	0.93	0	0.016	0.0178571	0.966143	0	0.001	0.999	0	0	0.0308571	0.969143	0	0	0.000714286	0.00485714	0.994429	0	0.000857143	0.0112857	0.987857	0	0.000857143	0.00242857	0.996714	0	0.000857143	0.0394286	0.959714	0	0.00128571	0.00342857	0.995286	0	0.00142857	0.179	0.819571	0	0	1	0	0	0	1	0	0	0	1	0	0	0.000714286	0.999286	0	0	0.00285714	0.997143	0	0	0.0177143	0.982286	0	0	0.299	0.701	0
25	1.46066	0.143295	0.508819	0.804513	0	0	0.00257143	0.997429	0	0	0.00257143	0.997429	0	0	0	1	0	0	0	0.000428571	0.999571	0	0	0.000142857	0.999857	0	0.000142857	0.00885714	0.991	0	0	0.000857143	0.999143	0	0.000142857	0.000142857	0.999714	0	0.000142857	0	0.999857	0	0	0.000142857	0.999857	0	0	1	0	0	0	1	0	0	0	1	0	0	0	1	0	0	0	0.056	0.944	0	0.000142857	0	0.999857	0	0.00328571	0.996714	0	0	0.00342857	0.996571	0	0	0	0.00185714	0.998143	0	0.000142857	0.0215714	0.978286	0	0.000142857	0.00285714	0.997	0	0.000142857	0.0555714	0.944286	0	0.000142857	0.000714286	0.999143	0	0.000142857	0.189143	0.810714	0	0	1	0	0	0	1	0	0	0	1	0	0	0	1	0	0	0.000142857	0.999857	0	0	0.000142857	0.999857	0	0	0.0451429	0.954857	0
1	1.68129	0.242844	0.43055	0.752023	0	0	0.303	0.697	0	0	0.313857	0.686143	0	0	0.229714	0.770286	0	0	0.000142857	0	0.999857	0	0.000142857	0	0.999857	0	0.000285714	0	0.999714	0	0.000285714	0.000571429	0.999143	0	0.000285714	0.004	0.995714	0	0.0518571	0.081	0.867143	0	0.0528571	0.0625714	0.884571	0	0	1	0	0	0	1	0	0	0	1	0	0	0	1	0	0	0.0358571	0.00685714	0.957286	0	0.271286	0.239	0.489714	0	0.378143	0.621857	0	0	0.401571	0.598429	0	0	0.000142857	0.000142857	0.999714	0	0.000285714	0	0.999714	0	0.000285714	0.0468571	0.952857	0	0.000285714	0.153286	0.846429	0	0.0691429	0.157286	0.773571	0	0.091	0.270571	0.638429	0	0	1	0	0	0.000714286	0.999286	0	0	0.003	0.997	0	0	0.0367143	0.963286	0	0	0.125857	0.874143	0	0	0.336286	0.663714	0	0	0.568429	0.431571	0
65	4.58908	0.186677	0.519983	0.635612	0	0	0.00671429	0.993286	0	0	0.0265714	0.973429	0	0	0.221571	0.778429	0	0	0	0	1	0	0	0	1	0	0	0	1	0	0	0	1	0	0	0	1	0	0	0	1	0	0	0	1	0	0	1	0	0	0	1	0	0	0	1	0	0	0	1	0	0	0	0	1	0	0.198286	0.0104286	0.791286	0	0.138286	0.861714	0	0	0.257714	0.742286	0	0	0	0.0114286	0.988571	0	0	0.680286	0.319714	0	0	0.902714	0.0972857	0	0	0.918	0.082	0	0	0	1	0	0	0.932571	0.0674286	0	0	1	0	0	0	1	0	0	0	1	0	0	0	1	0	0	0.0302857	0.969714	0	0	0.202857	0.797143	0	0	0.449	0.551	0
53	2.38528	0.185844	0.543397	0.81973	0	0	0	1	0	0	0.000142857	0.999857	0	0	0	1	0	0	0	0	1	0	0	0	1	0	0	0	1	0	0	0	1	0	0	0	1	0	0	0	1	0	0	0	1	0	0	1	0	0	0	1	0	0	0	1	0	0	0	1	0	0	0	0	1	0	0.00285714	0	0.997143	0	0.000428571	0.999571	0	0	0.00342857	0.996571	0	0	0	0	1	0	0	0	1	0	0	0.000285714	0.999714	0	0	0.0338571	0.966143	0	0	0	1	0	0	0.178714	0.821286	0	0	1	0	0	0	1	0	0	0	1	0	0	0	1	0	0	0.000714286	0.999286	0	0	0.00285714	0.997143	0	0	0.111857	0.888143	0
36	4.63527	0.254278	0.420836	0.617929	0	0	0.0372857	0.962714	0	0	0.179	0.821	0	0	0.00428571	0.995714	0	0	0	0	1	0	0	0	1	0	0	0	1	0	0.00814286	0.00328571	0.988571	0	0.00814286	0.000571429	0.991286	0	0.507143	0.117143	0.375714	0	0.337429	0.293143	0.369429	0	0	1	0	0	0	1	0	0	0	1	0	0	0.000142857	0.999857	0	0	0.155286	0.843429	0.00128571	0	0.591857	0.405	0.00314286	0	0.179714	0.820286	0	0	0.191286	0.808714	0	0	0	0.0667143	0.933286	0	0	0.975714	0.0242857	0	0.00814286	0.988	0.00385714	0	0.433	0.565714	0.00128571	0	0.624	0.007	0.369	0	0.624429	0.374429	0.00114286	0	0.000142857	0.999857	0	0	0.000142857	0.999857	0	0	0.000285714	0.999714	0	0	0.298143	0.701857	0	0	0.655714	0.344286	0	0	0.803429	0.196571	0	0	0.846429	0.153571	0
45	3.2468	0.190436	0.524434	0.827544	0	0	0	1	0	0	0	1	0	0	0	1	0	0	0	0	1	0	0	0	1	0	0	0	1	0	0	0	1	0	0	0	1	0	0	0	1	0	0	0	1	0	0	1	0	0	0	1	0	0	0	1	0	0	0	1	0	0	0.000142857	0	0.999857	0	0.0144286	0.00428571	0.981286	0	0.000285714	0.999714	0	0	0.00557143	0.994429	0	0	0	0	1	0	0	0	1	0	0	0	1	0	0	0.0121429	0.987857	0	0	0	1	0	0	0.103714	0.896286	0	0	1	0	0	0	1	0	0	0	1	0	0	0.000142857	0.999857	0	0	0.00185714	0.998143	0	0	0.0158571	0.984143	0	0	0.098	0.902	0
60	4.62849	0.21765	0.415305	0.526705	0	0	0.757143	0.242857	0	0	0.297143	0.702857	0	0	0.0127143	0.987286	0	0	0	0	1	0	0	0.00257143	0.997429	0	0	0.000571429	0.999429	0	0.004	0.000428571	0.995571	0	0.00357143	0.164714	0.831714	0	0	0.000571429	0.999429	0	0	0.003	0.997	0	0	1	0	0	0	1	0	0	0	1	0	0	0	1	0	0	0.015	0.984429	0.000571429	0	0.680857	0.311429	0.00771429	0	0.775714	0.224286	0	0	0.808857	0.191143	0	0	0	0.0188571	0.981143	0	0	0.993286	0.00671429	0	0.004	0.994571	0.00142857	0	0.183714	0.816	0.000285714	0	0	1	0	0	0.244286	0.755714	0	0	0	1	0	0	0	1	0	0	0	1	0	0	0.0501429	0.949857	0	0	0.293429	0.706571	0	0	0.792	0.208	0	0	0.929286	0.0707143	0
15	2.20525	0.188116	0.511987	0.806267	0	0	0	1	0	0	0	1	0	0	0	1	0	0	0	0	1	0	0	0	1	0	0	0	1	0	0	0.001	0.999	0	0	0	1	0	0	0	1	0	0	0	1	0	0	1	0	0	0	1	0	0	0	1	0	0	0	1	0	0	0	0.0334286	0.966571	0	0	0	1	0	0	1	0	0	0	1	0	0	0	0	1	0	0	0	1	0	0	0.003	0.997	0	0	0.0485714	0.951429	0	0	0	1	0	0	0.211	0.789	0	0	1	0	0	0	1	0	0	0	1	0	0	0	1	0	0	0	1	0	0	0	1	0	0	0.0141429	0.985857	0
2	1.36303	0.180733	0.510177	0.713654	0	0	0	1	0	0	0	1	0	0	0	1	0	0	0	0.000142857	0.999857	0	0	0.000142857	0.999857	0	0	0.000428571	0.999571	0	0	0.00942857	0.990571	0	0	0.00157143	0.998429	0	0	0	1	0	0	0	1	0	0	1	0	0	0	1	0	0	0	1	0	0	0	1	0	0	0	0.271	0.729	0	0.004	0.289143	0.706857	0	0	1	0	0	0.000428571	0.999571	0	0	0	0.000285714	0.999714	0	0	0.00171429	0.998286	0	0	0.0227143	0.977286	0	0	0.062	0.938	0	0	0	1	0	0	0.204429	0.795571	0	0	1	0	0	0	1	0	0	0	1	0	0	0	1	0	0	0.000571429	0.999429	0	0	0.00714286	0.992857	0	0	0.0368571	0.963143	0
26	1.53729	0.288766	0.416739	0.77974	0	0	0.285714	0.714286	0	0	0.444286	0.555714	0	0	0.360143	0.639857	0	0	0.0277143	0.00642857	0.965857	0	0.0274286	0.007	0.965571	0	0.0298571	0.008	0.962143	0	0.029	0.00442857	0.966571	0	0.0241429	0.0254286	0.950429	0	0.0258571	0.0885714	0.885571	0	0.0277143	0.0322857	0.94	0	0	1	0	0	0	1	0	0	0	1	0	0	0	1	0	0	0.0152857	0.029	0.955714	0	0.0774286	0.00842857	0.914143	0	0.554571	0.445429	0	0	0.610143	0.389857	0	0	0.032	0.00528571	0.962714	0	0.0362857	0.003	0.960714	0	0.032	0.0287143	0.939286	0	0.0381429	0.0717143	0.890143	0	0.0327143	0.160429	0.806857	0	0.0412857	0.285857	0.672857	0	0	1	0	0	0	1	0	0	0	1	0	0	0.0168571	0.983143	0	0	0.0445714	0.955429	0	0	0.0787143	0.921286	0	0	0.651	0.349	0
66	3.75011	0.24607	0.293852	0.413368	0	0	0.609571	0.390429	0	0	0.601429	0.398571	0	0	0.589286	0.410714	0	0	0.000142857	0	0.999857	0	0.000142857	0	0.999857	0	0.000142857	0	0.999857	0	0.000142857	0.862714	0.137143	0	0.000142857	0.213	0.786857	0	0.000142857	0	0.999857	0	0.000142857	0.000142857	0.999714	0	0	1	0	0	0	1	0	0	0	1	0	0	0	1	0	0	0.000285714	0.999	0.000714286	0	0.856143	0.143714	0.000142857	0	0.638429	0.361571	0	0	0.668714	0.331286	0	0	0.000142857	0	0.999857	0	0.000142857	0	0.999857	0	0.000142857	0.979	0.0208571	0	0.000142857	0.983429	0.0164286	0	0.000142857	0.973714	0.0261429	0	0.0452857	0.948571	0.00614286	0	0	1	0	0	0	1	0	0	0	1	0	0	0.00342857	0.996571	0	0	0.100857	0.899143	0	0	0.987857	0.0121429	0	0	0.991429	0.00857143	0
54	2.9247	0.123681	0.52648	0.816129	0	0	0	1	0	0	0	1	0	0	0	1	0	0	0	0	1	0	0	0	1	0	0	0	1	0	0	0	1	0	0	0	1	0	0	0	1	0	0	0	1	0	0	1	0	0	0	1	0	0	0	1	0	0	0	1	0	0	0	0	1	0	0	0	1	0	0	1	0	0	0.000285714	0.999714	0	0	0	0	1	0	0	0	1	0	0	0	1	0	0	0.046	0.954	0	0	0	1	0	0	0.195	0.805	0	0	1	0	0	0	1	0	0	0	1	0	0	0	1	0	0	0	1	0	0	0	1	0	0	0.0564286	0.943571	0
37	2.19326	0.195023	0.54248	0.82429	0	0	0.000428571	0.999571	0	0	0	1	0	0	0.000142857	0.999857	0	0	0	0	1	0	0	0	1	0	0	0	1	0	0	0	1	0	0	0	1	0	0	0	1	0	0	0	1	0	0	1	0	0	0	1	0	0	0	1	0	0	0	1	0	0	0	0.000571429	0.999429	0	0.001	0	0.999	0	0.00142857	0.998571	0	0	0.00642857	0.993571	0	0	0	0	1	0	0	0	1	0	0	0.000428571	0.999571	0	0	0.015	0.985	0	0	0	1	0	0	0.130857	0.869143	0	0	1	0	0	0	1	0	0	0	1	0	0	0	1	0	0	0.000142857	0.999857	0	0	0.001	0.999	0	0	0.110286	0.889714	0
3	0.986075	0.102297	0.511185	0.779966	0	0	0.000142857	0.999857	0	0	0	1	0	0	0	1	0	0	0	0.000857143	0.999143	0	0	0.000285714	0.999714	0	0	0.000142857	0.999857	0	0	0.064	0.936	0	0	0.0128571	0.987143	0	0	0.0187143	0.981286	0	0	0.0311429	0.968857	0	0	1	0	0	0	1	0	0	0	1	0	0	0	1	0	0	0	0.0414286	0.958571	0	0	0.00871429	0.991286	0	0.000142857	0.999857	0	0	0.000142857	0.999857	0	0	0	0.00128571	0.998714	0	0	0.00514286	0.994857	0	0	0.108	0.892	0	0	0.145571	0.854429	0	0	0.0752857	0.924714	0	0	0.295571	0.704429	0	0	1	0	0	0	1	0	0	0	1	0	0	0	1	0	0	0	1	0	0	0	1	0	0	0.0275714	0.972429	0
46	4.40489	0.217495	0.179549	0.753737	0	0	0.904286	0.0957143	0	0	0.994429	0.00557143	0	0	0.998429	0.00157143	0	0	0	0	1	0	0	0	1	0	0.000714286	0.000142857	0.999143	0	0.000571429	0.000714286	0.998714	0	0.000571429	0.000142857	0.999286	0	0.572143	0.183857	0.244	0	0.564571	0.191429	0.244	0	0.676857	0.323143	0	0	0.699714	0.300286	0	0	0.0854286	0.914571	0	0	0.682143	0.317857	0	0	0.744429	0.205571	0.05	0	0.887571	0.0224286	0.09	0	0.995571	0.00442857	0	0	0.998429	0.00157143	0	0	0	0.0571429	0.942857	0	0.000714286	0.671571	0.327714	0	0.000571429	0.870429	0.129	0	0.460429	0.431571	0.108	0	0.756	0	0.244	0	0.756	0.181714	0.0622857	0	0.796286	0.203714	0	0	0.713429	0.286571	0	0	0.847714	0.152286	0	0	0.886714	0.113286	0	0	0.897571	0.102429	0	0	0.907571	0.0924286	0	0	0.998429	0.00157143	0
16	1.68435	0.0936856	0.521096	0.8045	0	0	0	1	0	0	0	1	0	0	0	1	0	0	0	0	1	0	0	0	1	0	0	0	1	0	0	0.000285714	0.999714	0	0	0.000142857	0.999857	0	0	0	1	0	0	0	1	0	0	1	0	0	0	1	0	0	0	1	0	0	0	1	0	0	0	0.000285714	0.999714	0	0.000714286	0.0451429	0.954143	0	0	1	0	0	0.002	0.998	0	0	0	0	1	0	0	0	1	0	0	0.022	0.978	0	0	0.0751429	0.924857	0	0	0	1	0	0	0.230429	0.769571	0	0	1	0	0	0	1	0	0	0	1	0	0	0	1	0	0	0	1	0	0	0.00257143	0.997429	0	0	0.0631429	0.936857	0
61	4.85413	0.212525	0.306627	0.556649	0	0	0.982714	0.0172857	0	0	1	0	0	0	0.100429	0.899571	0	0	0	0	1	0	0	0	1	0	0	0.004	0.996	0	0.000428571	0.000714286	0.998857	0	0.000428571	0.0185714	0.981	0	0	0	1	0	0	0	1	0	0	1	0	0	0	1	0	0	0	1	0	0	0	1	0	0	0.239	0.497571	0.263429	0	0.675857	0.317143	0.007	0	1	0	0	0	1	0	0	0	0	0.0324286	0.967571	0	0	0.972143	0.0278571	0	0.000428571	0.999286	0.000285714	0	0.0155714	0.984429	0	0	0	0.029	0.971	0	0.0185714	0.981429	0	0	0	1	0	0	0	1	0	0	0.000142857	0.999857	0	0	0.270714	0.729286	0	0	0.397	0.603	0	0	0.928286	0.0717143	0	0	1	0	0
27	1.60216	0.144319	0.510105	0.795751	0	0	0	1	0	0	0	1	0	0	0	1	0	0	0	0	1	0	0	0	1	0	0	0	1	0	0	0	1	0	0	0	1	0	0.000142857	0.000142857	0.999714	0	0	0.000285714	0.999714	0	0	1	0	0	0	1	0	0	0	1	0	0	0	1	0	0	0.000285714	0.121429	0.878286	0	0.00142857	0	0.998571	0	0	1	0	0	0.000142857	0.999857	0	0	0	0	1	0	0	0.00128571	0.998714	0	0	0.000285714	0.999714	0	0	0.0351429	0.964857	0	0.000285714	0	0.999714	0	0.000285714	0.177143	0.822571	0	0	1	0	0	0	1	0	0	0	1	0	0	0.000285714	0.999714	0	0	0.000285714	0.999714	0	0	0.00142857	0.998571	0	0	0.0251429	0.974857	0
67	1.79836	0.0806119	0.505589	0.807625	0	0	0	1	0	0	0	1	0	0	0	1	0	0	0	0	1	0	0	0	1	0	0	0	1	0	0	0	1	0	0	0	1	0	0	0	1	0	0	0	1	0	0	1	0	0	0	1	0	0	0	1	0	0	0	1	0	0	0	0.0225714	0.977429	0	0	0	1	0	0	1	0	0	0	1	0	0	0	0	1	0	0	0	1	0	0	0.00414286	0.995857	0	0	0.0485714	0.951429	0	0	0	1	0	0	0.210143	0.789857	0	0	1	0	0	0	1	0	0	0	1	0	0	0	1	0	0	0	1	0	0	0	1	0	0	0.000857143	0.999143	0
55	1.23739	0.301743	0.534285	0.771772	0	0	0	1	0	0	0	1	0	0	0.00214286	0.997857	0	0	0.00571429	0.0178571	0.976429	0	0.00657143	0.0167143	0.976714	0	0.0121429	0.0172857	0.970571	0	0.0114286	0.00842857	0.980143	0	0.0112857	0.0125714	0.976143	0	0.0134286	0.027	0.959571	0	0.0137143	0.0274286	0.958857	0	0	1	0	0	0	1	0	0	0	1	0	0	0	1	0	0	0.0157143	0.0607143	0.923571	0	0.0362857	0.155571	0.808143	0	0.000428571	0.999571	0	0	0.0121429	0.987857	0	0	0.00914286	0.0262857	0.964571	0	0.0158571	0.028	0.956143	0	0.0152857	0.0304286	0.954286	0	0.0218571	0.0691429	0.909	0	0.0202857	0.0472857	0.932429	0	0.0292857	0.205571	0.765143	0	0	1	0	0	0	1	0	0	0.000428571	0.999571	0	0	0.0215714	0.978429	0	0	0.0402857	0.959714	0	0	0.053	0.947	0	0	0.149143	0.850857	0
38	3.64944	0.208447	0.56377	0.763378	0	0	0.0894286	0.910571	0	0	0.00371429	0.996286	0	0	0	1	0	0	0	0	1	0	0	0	1	0	0	0	1	0	0	0	1	0	0	0	1	0	0	0	1	0	0	0	1	0	0	1	0	0	0	1	0	0	0	1	0	0	0	1	0	0	0.001	0.245286	0.753714	0	0.00771429	0	0.992286	0	0.0895714	0.910429	0	0	0.0928571	0.907143	0	0	0	0	1	0	0	0	1	0	0	0	1	0	0	0.069	0.931	0	0	0	1	0	0	0.254429	0.745571	0	0	1	0	0	0	1	0	0	0	1	0	0	0.001	0.999	0	0	0.00114286	0.998857	0	0	0.00771429	0.992286	0	0	0.301143	0.698857	0
17	2.71764	0.172439	0.583952	0.81527	0	0	0.00571429	0.994286	0	0	0.075	0.925	0	0	0.000142857	0.999857	0	0	0	0	1	0	0	0	1	0	0	0	1	0	0	0	1	0	0	0	1	0	0	0	1	0	0	0	1	0	0	1	0	0	0	1	0	0	0	1	0	0	0	1	0	0	0.000285714	0	0.999714	0	0.00542857	0.000285714	0.994286	0	0.156571	0.843429	0	0	0.250429	0.749571	0	0	0	0	1	0	0	0	1	0	0	0	1	0	0	0.0467143	0.953286	0	0	0	1	0	0	0.194714	0.805286	0	0	1	0	0	0	1	0	0	0	1	0	0	0.000285714	0.999714	0	0	0.000857143	0.999143	0	0	0.00557143	0.994429	0	0	0.395429	0.604571	0
4	1.98226	0.2495	0.512242	0.793714	0	0	0.000571429	0.999429	0	0	0.000428571	0.999571	0	0	0	1	0	0	0	0	1	0	0	0	1	0	0	0	1	0	0	0	1	0	0	0.00485714	0.995143	0	0	0	1	0	0	0	1	0	0	1	0	0	0	1	0	0	0	1	0	0	0	1	0	0	0	0.000714286	0.999286	0	0.00257143	0.104857	0.892571	0	0.00185714	0.998143	0	0	0.00728571	0.992714	0	0	0	0	1	0	0	0.000285714	0.999714	0	0	0.00871429	0.991286	0	0	0.0768571	0.923143	0	0	0	1	0	0	0.239429	0.760571	0	0	1	0	0	0	1	0	0	0	1	0	0	0	1	0	0	0	1	0	0	0.003	0.997	0	0	0.0552857	0.944714	0
28	2.43833	0.290545	0.551833	0.803903	0	0	0.0142857	0.985714	0	0	0.0651429	0.934857	0	0	0.000142857	0.999857	0	0	0	0	1	0	0	0	1	0	0	0	1	0	0	0.000142857	0.999857	0	0	0.000428571	0.999571	0	0.001	0.00357143	0.995429	0	0.001	0.00114286	0.997857	0	0	1	0	0	0	1	0	0	0	1	0	0	0	1	0	0	0	0.000857143	0.999143	0	0.00885714	0.00128571	0.989857	0	0.0907143	0.909286	0	0	0.110857	0.889143	0	0	0	0	1	0	0	0	1	0	0	0.0108571	0.989143	0	0	0.0861429	0.913857	0	0.00142857	0.021	0.977571	0	0.00157143	0.275	0.723429	0	0	1	0	0	0	1	0	0	0	1	0	0	0.000142857	0.999857	0	0	0.00185714	0.998143	0	0	0.00971429	0.990286	0	0	0.242714	0.757286	0
47	3.78435	0.235411	0.56635	0.800446	0	0	0.000142857	0.999857	0	0	0	1	0	0	0	1	0	0	0	0	1	0	0	0	1	0	0	0	1	0	0	0	1	0	0	0	1	0	0	0	1	0	0	0	1	0	0	1	0	0	0	1	0	0	0	1	0	0	0	1	0	0	0	0	1	0	0	0	1	0	0.000571429	0.999429	0	0	0.00342857	0.996571	0	0	0	0	1	0	0	0	1	0	0	0.0321429	0.967857	0	0	0.111286	0.888714	0	0	0	1	0	0	0.282714	0.717286	0	0	1	0	0	0	1	0	0	0	1	0	0	0	1	0	0	0	1	0	0	0	1	0	0	0.184143	0.815857	0
68	4.21457	0.249366	0.572026	0.707187	0	0	0.000285714	0.999714	0	0	0.00171429	0.998286	0	0	0	1	0	0	0	0	1	0	0	0	1	0	0	0	1	0	0	0	1	0	0	0	1	0	0	0	1	0	0	0	1	0	0	1	0	0	0	1	0	0	0	1	0	0	0	1	0	0	0.000714286	0.000142857	0.999143	0	0.0371429	0.00171429	0.961143	0	0.002	0.998	0	0	0.00742857	0.992571	0	0	0	0.0155714	0.984429	0	0	0.360571	0.639429	0	0	0.446429	0.553571	0	0	0.523571	0.476429	0	0	0	1	0	0	0.615286	0.384714	0	0	1	0	0	0	1	0	0	0.000142857	0.999857	0	0	0.000714286	0.999286	0	0	0.006	0.994	0	0	0.0374286	0.962571	0	0	0.244714	0.755286	0
62	3.39004	0.304316	0.264295	0.682785	0	0	0.944429	0.0555714	0	0	0.536714	0.463286	0	0	0.947	0.053	0	0	0	0	1	0	0	0	1	0	0.0675714	0.041	0.891429	0	0.309857	0.0322857	0.657857	0	0.194857	0.590571	0.214571	0	0	0	1	0	0	0	1	0	0.0111429	0.988857	0	0	0.00771429	0.992286	0	0	0.0121429	0.987857	0	0	0.00271429	0.997286	0	0	0.482	0.0922857	0.425714	0	0.586857	0.00228571	0.410857	0	0.953714	0.0462857	0	0	0.960857	0.0391429	0	0	0	0.0978571	0.902143	0	0.0795714	0.404714	0.515714	0	0.327571	0.485286	0.187143	0	0.354429	0.500286	0.145286	0	0	0.391714	0.608286	0	0.370143	0.510571	0.119286	0	0.0194286	0.980571	0	0	0.0218571	0.978143	0	0	0.075	0.925	0	0	0.544286	0.455714	0	0	0.560143	0.439857	0	0	0.589143	0.410857	0	0	0.969571	0.0304286	0
56	2.70965	0.361316	0.574914	0.812632	0	0	0.0164286	0.983571	0	0	0.0292857	0.970714	0	0	0.117714	0.882286	0	0	0	0	1	0	0	0	1	0	0	0	1	0	0	0	1	0	0	0	1	0	0.00271429	0.00228571	0.995	0	0.00257143	0.00242857	0.995	0	0	1	0	0	0	1	0	0	0	1	0	0	0	1	0	0	0	0	1	0	0.0228571	0.0487143	0.928429	0	0.0525714	0.947429	0	0	0.191714	0.808286	0	0	0	0	1	0	0	0.000142857	0.999857	0	0	0.000142857	0.999857	0	0	0.051	0.949	0	0.005	0	0.995	0	0.005	0.207429	0.787571	0	0	1	0	0	0	1	0	0	0	1	0	0	0	1	0	0	0.0121429	0.987857	0	0	0.045	0.955	0	0	0.408714	0.591286	0
39	1.88462	0.161117	0.505849	0.814121	0	0	0	1	0	0	0	1	0	0	0	1	0	0	0	0.000428571	0.999571	0	0	0.000714286	0.999286	0	0	0.00171429	0.998286	0	0	0.001	0.999	0	0	0.000142857	0.999857	0	0	0	1	0	0	0	1	0	0	1	0	0	0	1	0	0	0	1	0	0	0	1	0	0	0	0	1	0	0	0.003	0.997	0	0	1	0	0	0.000285714	0.999714	0	0	0	0.003	0.997	0	0	0.0137143	0.986286	0	0	0.00971429	0.990286	0	0	0.058	0.942	0	0	0.000142857	0.999857	0	0	0.197714	0.802286	0	0	1	0	0	0	1	0	0	0	1	0	0	0	1	0	0	0	1	0	0	0	1	0	0	0.0148571	0.985143	0
18	1.88054	0.204106	0.529122	0.758033	0	0	0.00414286	0.995857	0	0	0.00171429	0.998286	0	0	0.00314286	0.996857	0	0	0	0	1	0	0	0	1	0	0	0	1	0	0	0	1	0	0	0	1	0	0.000285714	0.000714286	0.999	0	0.000428571	0.000571429	0.999	0	0	1	0	0	0	1	0	0	0	1	0	0	0	1	0	0	0.00157143	0.00714286	0.991286	0	0.0992857	0.302143	0.598571	0	0.00957143	0.990429	0	0	0.0595714	0.940429	0	0	0	0	1	0	0	0	1	0	0	0.000285714	0.999714	0	0	0.0448571	0.955143	0	0.001	0	0.999	0	0.001	0.220857	0.778143	0	0	1	0	0	0	1	0	0	0	1	0	0	0.00171429	0.998286	0	0	0.00914286	0.990857	0	0	0.155	0.845	0	0	0.205429	0.794571	0
29	2.96554	0.213192	0.508164	0.82665	0	0	0	1	0	0	0	1	0	0	0	1	0	0	0	0	1	0	0	0	1	0	0	0	1	0	0	0	1	0	0	0	1	0	0	0	1	0	0	0	1	0	0	1	0	0	0	1	0	0	0	1	0	0	0	1	0	0	0	0.00142857	0.998571	0	0	0.013	0.987	0	0	1	0	0	0.000142857	0.999857	0	0	0	0	1	0	0	0	1	0	0	0	1	0	0	0.0117143	0.988286	0	0	0	1	0	0	0.109714	0.890286	0	0	1	0	0	0	1	0	0	0	1	0	0	0	1	0	0	0	1	0	0	0	1	0	0	0.0305714	0.969429	0
5	6.71643	0.30716	0.25252	0.632922	0	0	0.991143	0.00885714	0	0	0.954714	0.0452857	0	0	0.877571	0.122429	0	0	0	0	1	0	0	0	1	0	0	0	1	0	0.000571429	0.194429	0.805	0	0.000714286	0	0.999286	0	0	0	1	0	0	0.0597143	0.940286	0	0.00528571	0.994714	0	0	0.00614286	0.993857	0	0	0.00114286	0.998857	0	0	0.00257143	0.997429	0	0	0.306714	0.692429	0.000857143	0	0.959571	0.0402857	0.000142857	0	0.993857	0.00614286	0	0	0.994571	0.00542857	0	0	0	0	1	0	0	0.989571	0.0104286	0	0.000714286	0.998429	0.000857143	0	0.395857	0.604143	0	0	0	0.999571	0.000428571	0	0.491286	0.508714	0	0	0.00828571	0.991714	0	0	0.00514286	0.994857	0	0	0.0122857	0.987714	0	0	0.405143	0.594857	0	0	0.572857	0.427143	0	0	0.983714	0.0162857	0	0	0.997429	0.00257143	0
48	1.88396	0.386414	0.520699	0.80952	0	0	0.000142857	0.999857	0	0	0.000142857	0.999857	0	0	0	1	0	0	0	0.000142857	0.999857	0	0	0.000142857	0.999857	0	0	0.000428571	0.999571	0	0	0	1	0	0	0	1	0	0	0	1	0	0	0	1	0	0.000142857	0.999857	0	0	0	1	0	0	0.000571429	0.999429	0	0	0.000285714	0.999714	0	0	0.00214286	0.00285714	0.995	0	0.00385714	0.0337143	0.962429	0	0.000285714	0.999714	0	0	0.00114286	0.998857	0	0	0	0.000428571	0.999571	0	0	0.00257143	0.997429	0	0	0.000285714	0.999714	0	0	0.0495714	0.950429	0	0	0	1	0	0	0.200143	0.799857	0	0.000285714	0.999714	0	0	0.000571429	0.999429	0	0	0.00114286	0.998857	0	0	0.00214286	0.997857	0	0	0.00228571	0.997714	0	0	0.00442857	0.995571	0	0	0.0642857	0.935714	0
69	2.74231	0.362205	0.555881	0.678177	0	0	0.0154286	0.984571	0	0	0.00514286	0.994857	0	0	0.0298571	0.970143	0	0	0	0.000142857	0.999857	0	0	0	1	0	0	0.000428571	0.999571	0	0	0.000142857	0.999857	0	0	0.0585714	0.941429	0	0	0	1	0	0	0	1	0	0	1	0	0	0	1	0	0	0	1	0	0	0	1	0	0	0.0245714	0.356714	0.618714	0	0.182286	0.286	0.531714	0	0.0172857	0.982714	0	0	0.0474286	0.952571	0	0	0	0.000285714	0.999714	0	0	0.001	0.999	0	0	0.0961429	0.903857	0	0	0.158143	0.841857	0	0	0.000857143	0.999143	0	0	0.353286	0.646714	0	0	1	0	0	0	1	0	0	0	1	0	0	0.0337143	0.966286	0	0	0.0522857	0.947714	0	0	0.234	0.766	0	0	0.403286	0.596714	0
63	2.8958	0.210297	0.576082	0.815414	0	0	0.00442857	0.995571	0	0	0.042	0.958	0	0	0	1	0	0	0	0	1	0	0	0	1	0	0	0	1	0	0	0	1	0	0	0	1	0	0	0	1	0	0	0	1	0	0	1	0	0	0	1	0	0	0	1	0	0	0	1	0	0	0	0	1	0	0.0161429	0.00385714	0.98	0	0.0665714	0.933429	0	0	0.0995714	0.900429	0	0	0	0	1	0	0	0	1	0	0	0.000142857	0.999857	0	0	0.0334286	0.966571	0	0	0	1	0	0	0.172286	0.827714	0	0	1	0	0	0	1	0	0	0	1	0	0	0	1	0	0	0.001	0.999	0	0	0.0162857	0.983714	0	0	0.295	0.705	0
57	3.25156	0.14451	0.62161	0.766746	0	0	0	1	0	0	0	1	0	0	0	1	0	0	0	0	1	0	0	0	1	0	0	0	1	0	0	0	1	0	0	0	1	0	0	0	1	0	0	0	1	0	0	1	0	0	0	1	0	0	0	1	0	0	0	1	0	0	0.00185714	0.0114286	0.986714	0	0.0278571	0.000714286	0.971429	0	0.00142857	0.998571	0	0	0.0234286	0.976571	0	0	0	0	1	0	0	0.000285714	0.999714	0	0	0	1	0	0	0.125143	0.874857	0	0	0.296429	0.703571	0	0.00328571	0.433286	0.563429	0	0	1	0	0	0	1	0	0	0	1	0	0	0.00242857	0.997571	0	0	0.00771429	0.992286	0	0	0.0284286	0.971571	0	0	0.347	0.653	0
40	2.39549	0.17214	0.388064	0.8019	0	0	0.888143	0.111857	0	0	0.743286	0.256714	0	0	0.0197143	0.980286	0	0	0	0	1	0	0	0	1	0	0	0	1	0	0	0	1	0	0	0	1	0	0.000142857	0	0.999857	0	0.000142857	0	0.999857	0	0	1	0	0	0	1	0	0	0	1	0	0	0	1	0	0	0.000142857	0.000142857	0.999714	0	0.0321429	0.0207143	0.947143	0	0.888143	0.111857	0	0	0.888143	0.111857	0	0	0	0	1	0	0	0.00414286	0.995857	0	0	0.0331429	0.966857	0	0	0.0824286	0.917571	0	0.000142857	0.00814286	0.991714	0	0.000142857	0.238429	0.761429	0	0	1	0	0	0	1	0	0	0	1	0	0	0.000142857	0.999857	0	0	0.00228571	0.997714	0	0	0.0344286	0.965571	0	0	0.906714	0.0932857	0
19	2.84591	0.171474	0.502788	0.813572	0	0	0	1	0	0	0	1	0	0	0.000714286	0.999286	0	0	0	0	1	0	0	0	1	0	0	0	1	0	0	0	1	0	0	0	1	0	0	0	1	0	0	0	1	0	0	1	0	0	0	1	0	0	0	1	0	0	0	1	0	0	0	0	1	0	0.0267143	0	0.973286	0	0	1	0	0	0.003	0.997	0	0	0	0	1	0	0	0	1	0	0	0	1	0	0	0.0468571	0.953143	0	0	0	1	0	0	0.200143	0.799857	0	0	1	0	0	0	1	0	0	0	1	0	0	0	1	0	0	0.00228571	0.997714	0	0	0.0267143	0.973286	0	0	0.0535714	0.946429	0
30	1.62721	0.387722	0.55196	0.400483	0	0	0.00757143	0.992429	0	0	0.00857143	0.991429	0	0	0.00314286	0.996857	0	0	0.00257143	0.00657143	0.990857	0	0.003	0.00771429	0.989286	0	0.00542857	0.00828571	0.986286	0	0.00357143	0.106714	0.889714	0	0.00357143	0.0734286	0.923	0	0.00214286	0.523714	0.474143	0	0.00228571	0.562	0.435714	0	0.001	0.999	0	0	0.000571429	0.999429	0	0	0.000142857	0.999857	0	0	0.000428571	0.999571	0	0	0.00257143	0.893857	0.103571	0	0.0322857	0.31	0.657714	0	0.018	0.982	0	0	0.0554286	0.944571	0	0	0.00442857	0.00771429	0.987857	0	0.007	0.012	0.981	0	0.00428571	0.216429	0.779286	0	0.00785714	0.352714	0.639429	0	0.00342857	0.894714	0.101857	0	0.0128571	0.906143	0.081	0	0.00114286	0.998857	0	0	0.000857143	0.999143	0	0	0.00142857	0.998571	0	0	0.00928571	0.990714	0	0	0.0228571	0.977143	0	0	0.0444286	0.955571	0	0	0.210143	0.789857	0
49	1.92672	0.17115	0.511148	0.820384	0	0	0	1	0	0	0	1	0	0	0	1	0	0	0	0.000714286	0.999286	0	0	0.000142857	0.999857	0	0	0.00442857	0.995571	0	0	0	1	0	0	0	1	0	0	0	1	0	0	0	1	0	0	1	0	0	0	1	0	0	0	1	0	0	0	1	0	0	0	0.000285714	0.999714	0	0.000428571	0	0.999571	0	0	1	0	0	0	1	0	0	0	0.001	0.999	0	0	0.00885714	0.991143	0	0	0	1	0	0	0.0321429	0.967857	0	0	0.000142857	0.999857	0	0	0.166571	0.833429	0	0	1	0	0	0	1	0	0	0	1	0	0	0	1	0	0	0	1	0	0	0.000428571	0.999571	0	0	0.0157143	0.984286	0
6	1.75596	0.19989	0.570692	0.778368	0	0	0	1	0	0	0	1	0	0	0	1	0	0	0	0.00114286	0.998857	0	0	0.000714286	0.999286	0	0	0.00128571	0.998714	0	0	0	1	0	0	0.0321429	0.967857	0	0.00228571	0.000428571	0.997286	0	0.00171429	0.00428571	0.994	0	0	1	0	0	0	1	0	0	0	1	0	0	0	1	0	0	0	0	1	0	0.0122857	0.00342857	0.984286	0	0	1	0	0	0.00228571	0.997714	0	0	0	0.00657143	0.993429	0	0	0.130714	0.869286	0	0	0.124	0.876	0	0.002	0.209143	0.788857	0	0.00242857	0.0184286	0.979143	0	0.00242857	0.319714	0.677857	0	0	1	0	0	0	1	0	0	0	1	0	0	0	1	0	0	0.004	0.996	0	0	0.0137143	0.986286	0	0	0.182714	0.817286	0
73	2.94118	0.120579	0.51337	0.82268	0	0	0	1	0	0	0	1	0	0	0	1	0	0	0	0	1	0	0	0	1	0	0	0	1	0	0	0	1	0	0	0	1	0	0	0	1	0	0	0	1	0	0	1	0	0	0	1	0	0	0	1	0	0	0	1	0	0	0	0	1	0	0	0	1	0	0.000571429	0.999429	0	0	0.00271429	0.997286	0	0	0	0	1	0	0	0	1	0	0	0	1	0	0	0.0364286	0.963571	0	0	0	1	0	0	0.138571	0.861429	0	0	1	0	0	0	1	0	0	0	1	0	0	0	1	0	0	0	1	0	0	0	1	0	0	0.0377143	0.962286	0
70	1.69445	0.202932	0.550062	0.755477	0	0	0.000142857	0.999857	0	0	0.000142857	0.999857	0	0	0	1	0	0	0.000142857	0	0.999857	0	0.000142857	0	0.999857	0	0.000142857	0	0.999857	0	0.000142857	0	0.999857	0	0.000142857	0	0.999857	0	0.000285714	0.000571429	0.999143	0	0.000714286	0.000142857	0.999143	0	0	1	0	0	0	1	0	0	0	1	0	0	0	1	0	0	0.000571429	0.00142857	0.998	0	0.019	0.297571	0.683429	0	0.000571429	0.999429	0	0	0.0132857	0.986714	0	0	0.000142857	0	0.999857	0	0.000142857	0	0.999857	0	0.000142857	0.000285714	0.999571	0	0.000142857	0.048	0.951857	0	0.000857143	0	0.999143	0	0.000857143	0.211143	0.788	0	0	1	0	0	0	1	0	0	0	1	0	0	0.000571429	0.999429	0	0	0.00342857	0.996571	0	0	0.0277143	0.972286	0	0	0.157	0.843	0
77	1.75029	0.261312	0.523796	0.603376	0	0	0.00171429	0.998286	0	0	0.00371429	0.996286	0	0	0	1	0	0	0	0	1	0	0	0	1	0	0	0	1	0	0	0.000285714	0.999714	0	0	0	1	0	0	0.006	0.994	0	0	0.00971429	0.990286	0	0	1	0	0	0	1	0	0	0	1	0	0	0	1	0	0	0	0.886857	0.113143	0	0.00185714	0.112286	0.885857	0	0.00642857	0.993571	0	0	0.0102857	0.989714	0	0	0	0	1	0	0	0	1	0	0	0.000571429	0.999429	0	0	0.0247143	0.975286	0	0	0.0142857	0.985714	0	0	0.180143	0.819857	0	0	1	0	0	0	1	0	0	0	1	0	0	0	1	0	0	0.000285714	0.999714	0	0	0.00242857	0.997571	0	0	0.0562857	0.943714	0
41	2.18254	0.421258	0.49253	0.802589	0	0	0.610571	0.389429	0	0	0.201286	0.798714	0	0	0.0791429	0.920857	0	0	0.00214286	0.00714286	0.990714	0	0.00214286	0.0104286	0.987429	0	0.00242857	0.0132857	0.984286	0	0.00342857	0.00271429	0.993857	0	0.00385714	0.000857143	0.995286	0	0.00442857	0.001	0.994571	0	0.00414286	0.00128571	0.994571	0	0.0171429	0.982857	0	0	0.0152857	0.984714	0	0	0.0101429	0.989857	0	0	0.00557143	0.994429	0	0	0.0304286	0.00485714	0.964714	0	0.224857	0.0292857	0.745857	0	0.664571	0.335429	0	0	0.729571	0.270429	0	0	0.00285714	0.0171429	0.98	0	0.003	0.0372857	0.959714	0	0.004	0.00485714	0.991143	0	0.00442857	0.0725714	0.923	0	0.00542857	0.000142857	0.994429	0	0.00542857	0.22	0.774571	0	0.02	0.98	0	0	0.0134286	0.986571	0	0	0.0231429	0.976857	0	0	0.0328571	0.967143	0	0	0.0651429	0.934857	0	0	0.244286	0.755714	0	0	0.933143	0.0668571	0
20	2.33044	0.238985	0.517538	0.812184	0	0	0	1	0	0	0	1	0	0	0	1	0	0	0	0	1	0	0	0	1	0	0	0	1	0	0	0	1	0	0	0	1	0	0	0	1	0	0	0	1	0	0	1	0	0	0	1	0	0	0	1	0	0	0	1	0	0	0	0.021	0.979	0	0.00357143	0.0135714	0.982857	0	0	1	0	0	0.000714286	0.999286	0	0	0	0	1	0	0	0	1	0	0	0	1	0	0	0.0495714	0.950429	0	0	0	1	0	0	0.198143	0.801857	0	0	1	0	0	0	1	0	0	0	1	0	0	0	1	0	0	0.000714286	0.999286	0	0	0.00414286	0.995857	0	0	0.0467143	0.953286	0
31	2.22946	0.305992	0.556886	0.734356	0	0	0.0575714	0.942429	0	0	0.0881429	0.911857	0	0	0.0177143	0.982286	0	0	0	0	1	0	0	0.000714286	0.999286	0	0	0.0101429	0.989857	0	0	0.000714286	0.999286	0	0	0	1	0	0	0	1	0	0	0	1	0	0	1	0	0	0	1	0	0	0	1	0	0	0	1	0	0	0.000714286	0.0935714	0.905714	0	0.0872857	0.234	0.678714	0	0.0897143	0.910286	0	0	0.0978571	0.902143	0	0	0	0.012	0.988	0	0	0.104857	0.895143	0	0	0.116286	0.883714	0	0	0.190571	0.809429	0	0	0.00228571	0.997714	0	0	0.325714	0.674286	0	0	1	0	0	0	1	0	0	0	1	0	0	0.000857143	0.999143	0	0	0.00728571	0.992714	0	0	0.111857	0.888143	0	0	0.341286	0.658714	0
7	1.92251	0.246058	0.528186	0.813006	0	0	0.00128571	0.998714	0	0	0.00214286	0.997857	0	0	0	1	0	0	0.00128571	0.000142857	0.998571	0	0.00128571	0.000142857	0.998571	0	0.00114286	0.000428571	0.998429	0	0.00114286	0.000285714	0.998571	0	0.001	0.000428571	0.998571	0	0.00357143	0.00642857	0.99	0	0.00414286	0.00442857	0.991429	0	0	1	0	0	0	1	0	0	0	1	0	0	0	1	0	0	0.00157143	0.000142857	0.998286	0	0.037	0.0385714	0.924429	0	0.00785714	0.992143	0	0	0.0324286	0.967571	0	0	0.00142857	0	0.998571	0	0.00142857	0.000285714	0.998286	0	0.00142857	0	0.998571	0	0.00142857	0.0361429	0.962429	0	0.005	0.0267143	0.968286	0	0.00528571	0.188	0.806714	0	0	1	0	0	0	1	0	0	0	1	0	0	0.00157143	0.998429	0	0	0.0101429	0.989857	0	0	0.0408571	0.959143	0	0	0.101286	0.898714	0
50	1.02837	0.200624	0.505101	0.639008	0	0	0.00385714	0.996143	0	0	0.00471429	0.995286	0	0	0.899857	0.100143	0	0	0.00557143	0.0548571	0.939571	0	0.005	0.0505714	0.944429	0	0.006	0.106143	0.887857	0	0.008	0.0488571	0.943143	0	0.00614286	0.0924286	0.901429	0	0.0192857	0.0311429	0.949571	0	0.0187143	0.0392857	0.942	0	0	1	0	0	0	1	0	0	0	1	0	0	0	1	0	0	0.00228571	0.407286	0.590429	0	0.048	0.348429	0.603571	0	0.0245714	0.975429	0	0	0.902143	0.0978571	0	0	0.00671429	0.077	0.916286	0	0.00914286	0.139	0.851857	0	0.0105714	0.118143	0.871286	0	0.0172857	0.181714	0.801	0	0.028	0.0487143	0.923286	0	0.0282857	0.318714	0.653	0	0	1	0	0	0	1	0	0	0	1	0	0	0.00328571	0.996714	0	0	0.0308571	0.969143	0	0	0.0835714	0.916429	0	0	0.986857	0.0131429	0
74	6.14756	0.139871	0.595075	0.611043	0	0	0	1	0	0	0	1	0	0	0	1	0	0	0	0	1	0	0	0	1	0	0	0	1	0	0	0	1	0	0	0	1	0	0	0	1	0	0	0	1	0	0	1	0	0	0	1	0	0	0	1	0	0	0	1	0	0	0	0	1	0	0	0	1	0	0	1	0	0	0.00314286	0.996857	0	0	0	0.0302857	0.969714	0	0	0.577143	0.422857	0	0	0.971286	0.0287143	0	0	0.984857	0.0151429	0	0	1	0	0	0	1	0	0	0	1	0	0	0	1	0	0	0	1	0	0	0	1	0	0	0	1	0	0	0	1	0	0	0.239143	0.760857	0
71	1.23645	0.13728	0.514871	0.78924	0	0	0	1	0	0	0	1	0	0	0	1	0	0	0.000285714	0.039	0.960714	0	0.000285714	0.0378571	0.961857	0	0.000571429	0.0515714	0.947857	0	0.000571429	0.000142857	0.999286	0	0.000571429	0.000142857	0.999286	0	0.000714286	0.000428571	0.998857	0	0.000857143	0.000142857	0.999	0	0	1	0	0	0	1	0	0	0	1	0	0	0	1	0	0	0	0.00685714	0.993143	0	0.00728571	0.00742857	0.985286	0	0.000142857	0.999857	0	0	0.006	0.994	0	0	0.000428571	0.0698571	0.929714	0	0.000571429	0.115571	0.883857	0	0.000714286	0.000714286	0.998571	0	0.000714286	0.154143	0.845143	0	0.001	0.000571429	0.998429	0	0.001	0.284571	0.714429	0	0	1	0	0	0	1	0	0	0	1	0	0	0	1	0	0	0.00142857	0.998571	0	0	0.008	0.992	0	0	0.0618571	0.938143	0
78	6.65646	0.216042	0.365825	0.80439	0	0	0.791143	0.208857	0	0	0.842286	0.157714	0	0	0.00571429	0.994286	0	0	0	0	1	0	0	0	1	0	0	0	1	0	0.000142857	0.000142857	0.999714	0	0.000142857	0	0.999857	0	0	0	1	0	0	0.000142857	0.999857	0	0	1	0	0	0	1	0	0	0	1	0	0	0	1	0	0	0.503286	0.493429	0.00328571	0	0.676571	0.323429	0	0	0.845286	0.154714	0	0	0.847429	0.152571	0	0	0	0.057	0.943	0	0	0.996714	0.00328571	0	0.000142857	0.999571	0.000285714	0	0.675857	0.324143	0	0	0	1	0	0	0.728571	0.271429	0	0	0.000142857	0.999857	0	0	0.000571429	0.999429	0	0	0.002	0.998	0	0	0.599714	0.400286	0	0	0.757	0.243	0	0	0.822143	0.177857	0	0	0.901286	0.0987143	0
42	2.96439	0.258616	0.566793	0.731767	0	0	0.00157143	0.998429	0	0	0.000857143	0.999143	0	0	0	1	0	0	0	0	1	0	0	0	1	0	0	0	1	0	0	0	1	0	0	0	1	0	0	0	1	0	0	0	1	0	0	1	0	0	0	1	0	0	0	1	0	0	0	1	0	0	0	0.00185714	0.998143	0	0.00614286	0.0378571	0.956	0	0.00171429	0.998286	0	0	0.00357143	0.996429	0	0	0	0	1	0	0	0.00128571	0.998714	0	0	0.361	0.639	0	0	0.395571	0.604429	0	0	0	1	0	0	0.492714	0.507286	0	0	1	0	0	0	1	0	0	0	1	0	0	0	1	0	0	0.000142857	0.999857	0	0	0.00614286	0.993857	0	0	0.165571	0.834429	0
21	2.35058	0.253853	0.522395	0.820718	0	0	0	1	0	0	0.00185714	0.998143	0	0	0.0115714	0.988429	0	0	0	0	1	0	0	0	1	0	0	0	1	0	0	0	1	0	0	0	1	0	0	0	1	0	0	0	1	0	0	1	0	0	0	1	0	0	0	1	0	0	0	1	0	0	0	0.000571429	0.999429	0	0.00171429	0.000142857	0.998143	0	0.003	0.997	0	0	0.0257143	0.974286	0	0	0	0	1	0	0	0	1	0	0	0	1	0	0	0.0387143	0.961286	0	0	0	1	0	0	0.183	0.817	0	0	1	0	0	0	1	0	0	0	1	0	0	0	1	0	0	0	1	0	0	0.00185714	0.998143	0	0	0.0858571	0.914143	0
32	3.09116	0.203776	0.550228	0.82867	0	0	0	1	0	0	0	1	0	0	0	1	0	0	0	0	1	0	0	0	1	0	0	0	1	0	0	0	1	0	0	0	1	0	0	0	1	0	0	0	1	0	0	1	0	0	0	1	0	0	0	1	0	0	0	1	0	0	0	0	1	0	0	0	1	0	0.000142857	0.999857	0	0	0.00385714	0.996143	0	0	0	0	1	0	0	0	1	0	0	0	1	0	0	0.0115714	0.988429	0	0	0	1	0	0	0.106857	0.893143	0	0	1	0	0	0	1	0	0	0	1	0	0	0	1	0	0	0	1	0	0	0	1	0	0	0.102714	0.897286	0
80	1.57816	0.244647	0.533442	0.733881	0	0	0.000142857	0.999857	0	0	0.000142857	0.999857	0	0	0	1	0	0	0.000142857	0.000142857	0.999714	0	0.000285714	0	0.999714	0	0.000285714	0	0.999714	0	0.000142857	0.129286	0.870571	0	0.000285714	0.176429	0.823286	0	0.000285714	0.000142857	0.999571	0	0.000285714	0.000285714	0.999429	0	0	1	0	0	0	1	0	0	0	1	0	0	0	1	0	0	0.00157143	0.0161429	0.982286	0	0.00914286	0.217	0.773857	0	0.000571429	0.999429	0	0	0.00257143	0.997429	0	0	0.000285714	0	0.999714	0	0.000285714	0	0.999714	0	0.000285714	0.231	0.768714	0	0.000285714	0.252143	0.747571	0	0.000428571	0.000428571	0.999143	0	0.000571429	0.341429	0.658	0	0	1	0	0	0	1	0	0	0	1	0	0	0.00157143	0.998429	0	0	0.00457143	0.995429	0	0	0.0137143	0.986286	0	0	0.0972857	0.902714	0
8	2.79235	0.203879	0.526175	0.658041	0	0	0.000142857	0.999857	0	0	0	1	0	0	0.000142857	0.999857	0	0	0.0104286	0.00342857	0.986143	0	0.0107143	0.00328571	0.986	0	0.0467143	0.00842857	0.944857	0	0.0157143	0.00457143	0.979714	0	0.0124286	0.197429	0.790143	0	0.000285714	0.000142857	0.999571	0	0.000285714	0	0.999714	0	0.00185714	0.998143	0	0	0.000857143	0.999143	0	0	0.00128571	0.998714	0	0	0.00542857	0.994571	0	0	0.163286	0.419571	0.417143	0	0.642429	0.0348571	0.322714	0	0.00385714	0.996143	0	0	0.466857	0.533143	0	0	0.0124286	0.0438571	0.943714	0	0.0542857	0.045	0.900714	0	0.016	0.656143	0.327857	0	0.0801429	0.617286	0.302571	0	0.000285714	0.594429	0.405286	0	0.270857	0.495429	0.233714	0	0.0108571	0.989143	0	0	0.0172857	0.982714	0	0	0.0775714	0.922429	0	0	0.284571	0.715429	0	0	0.411143	0.588857	0	0	0.670286	0.329714	0	0	0.959714	0.0402857	0
75	6.72262	0.170041	0.26363	0.764663	0	0	0.993714	0.00628571	0	0	1	0	0	0	0.999143	0.000857143	0	0	0	0	1	0	0	0	1	0	0.00328571	0.018	0.978714	0	0	0.00557143	0.994429	0	0	0	1	0	0	0	1	0	0	0	1	0	0	1	0	0	0	1	0	0	0	1	0	0	0.000142857	0.999857	0	0	0.452857	0.547	0.000142857	0	0.974857	0.025	0.000142857	0	1	0	0	0	1	0	0	0	0	0.023	0.977	0	0.00371429	0.996286	0	0	0	1	0	0	0.562143	0.437857	0	0	0	1	0	0	0.694	0.306	0	0	0.000142857	0.999857	0	0	0.000428571	0.999571	0	0	0.00385714	0.996143	0	0	0.643143	0.356857	0	0	0.807714	0.192286	0	0	0.995429	0.00457143	0	0	1	0	0
72	2.06431	0.255969	0.567883	0.817864	0	0	0.001	0.999	0	0	0.00528571	0.994714	0	0	0.000571429	0.999429	0	0	0	0	1	0	0	0	1	0	0	0	1	0	0	0.00442857	0.995571	0	0	0.00114286	0.998857	0	0	0	1	0	0	0	1	0	0	1	0	0	0	1	0	0	0	1	0	0	0	1	0	0	0	0.001	0.999	0	0.0232857	0.0268571	0.949857	0	0.00942857	0.990571	0	0	0.0308571	0.969143	0	0	0	0	1	0	0	0.00157143	0.998429	0	0	0.0208571	0.979143	0	0	0.0524286	0.947571	0	0	0	1	0	0	0.176286	0.823714	0	0	1	0	0	0	1	0	0	0	1	0	0	0	1	0	0	0.00214286	0.997857	0	0	0.0251429	0.974857	0	0	0.218714	0.781286	0
79	1.72963	0.342536	0.355063	0.784402	0	0	0.440857	0.559143	0	0	0.492286	0.507714	0	0	0.399714	0.600286	0	0	0.0144286	0.00157143	0.984	0	0.0145714	0.00142857	0.984	0	0.015	0.002	0.983	0	0.0141429	0.00328571	0.982571	0	0.0157143	0.000428571	0.983857	0	0.0747143	0.0341429	0.891143	0	0.0804286	0.0247143	0.894857	0	0.000142857	0.999857	0	0	0	1	0	0	0	1	0	0	0	1	0	0	0.0764286	0.0814286	0.842143	0	0.370143	0.0638571	0.566	0	0.601143	0.398857	0	0	0.657286	0.342714	0	0	0.0158571	0.00114286	0.983	0	0.017	0	0.983	0	0.0161429	0.00471429	0.979143	0	0.017	0.134286	0.848714	0	0.100429	0.0254286	0.874143	0	0.105571	0.244	0.650429	0	0.000285714	0.999714	0	0	0.000285714	0.999714	0	0	0.000428571	0.999571	0	0	0.0857143	0.914286	0	0	0.184714	0.815286	0	0	0.423143	0.576857	0	0	0.712714	0.287286	0
83	4.62696	0.176116	0.297872	0.51148	0	0	0.906571	0.0934286	0	0	0.937	0.063	0	0	0.037	0.963	0	0	0	0	1	0	0	0	1	0	0	0.000428571	0.999571	0	0	0.000142857	0.999857	0	0	0	1	0	0	0	1	0	0	0	1	0	0	1	0	0	0	1	0	0	0	1	0	0	0	1	0	0	0.0202857	0.971286	0.00842857	0	0.993143	0.00671429	0.000142857	0	0.940286	0.0597143	0	0	0.941429	0.0585714	0	0	0	0.00571429	0.994286	0	0	0.999143	0.000857143	0	0	0.996857	0.00314286	0	0	1	0	0	0	0	1	0	0	1	0	0	0	1	0	0	0	1	0	0	0	1	0	0	0.0362857	0.963714	0	0	0.146714	0.853286	0	0	0.999857	0.000142857	0	0	0.999857	0.000142857	0
22	3.35242	0.191673	0.564693	0.78166	0	0	0.000142857	0.999857	0	0	0.000142857	0.999857	0	0	0	1	0	0	0	0	1	0	0	0	1	0	0	0	1	0	0	0	1	0	0	0	1	0	0	0	1	0	0	0	1	0	0	1	0	0	0	1	0	0	0	1	0	0	0	1	0	0	0	0	1	0	0.000571429	0	0.999429	0	0.000142857	0.999857	0	0	0.00314286	0.996857	0	0	0	0	1	0	0	0	1	0	0	0.183286	0.816714	0	0	0.219714	0.780286	0	0	0	1	0	0	0.349571	0.650429	0	0	1	0	0	0	1	0	0	0	1	0	0	0	1	0	0	0	1	0	0	0.000571429	0.999429	0	0	0.169143	0.830857	0
33	8.37176	0.231507	0.437135	0.869205	0	0	0.00285714	0.997143	0	0	0.00142857	0.998571	0	0	0	1	0	0	0	0	1	0	0	0	1	0	0	0	1	0	0	0	1	0	0	0	1	0	0	0	1	0	0	0	1	0	0.000428571	0.999571	0	0	0.000142857	0.999857	0	0	0	1	0	0	0	1	0	0	0.871714	0.0268571	0.101429	0	0.849714	0.146143	0.00414286	0	0.004	0.996	0	0	0.0174286	0.982571	0	0	0	0.0108571	0.989143	0	0	0.969857	0.0301429	0	0	1	0	0	0.772714	0.227286	0	0	0	1	0	0	0.892429	0.107571	0	0	0.000714286	0.999286	0	0	0.000857143	0.999143	0	0	0.00271429	0.997286	0	0	0.890857	0.109143	0	0	0.954	0.046	0	0	0.971429	0.0285714	0	0	0.976714	0.0232857	0
81	5.49509	0.203553	0.26454	0.691722	0	0	0.328714	0.671286	0	0	0.117143	0.882857	0	0	0.956286	0.0437143	0	0	0	0	1	0	0	0	1	0	0	0.000714286	0.999286	0	0	0	1	0	0	0	1	0	0.652857	0.247	0.100143	0	0.761429	0.0994286	0.139143	0	0	1	0	0	0	1	0	0	0.001	0.999	0	0	0.000571429	0.999429	0	0	0.762571	0.00214286	0.235286	0	0.991571	0.00842857	0	0	0.390857	0.609143	0	0	0.959571	0.0404286	0	0	0	0.0244286	0.975571	0	0	0.959143	0.0408571	0	0	0	1	0	0	0.996857	0.00314286	0	0.859857	0.139	0.00114286	0	0.939429	0.0605714	0	0	0	1	0	0	0.00142857	0.998571	0	0	0.00457143	0.995429	0	0	0.764571	0.235429	0	0	0.975286	0.0247143	0	0	1	0	0	0	1	0	0
9	1.93247	0.449897	0.403673	0.788934	0	0	0.151286	0.848714	0	0	0.123857	0.876143	0	0	0.325429	0.674571	0	0	0.0117143	0.00214286	0.986143	0	0.0127143	0.00114286	0.986143	0	0.0135714	0.000714286	0.985714	0	0.0127143	0.00157143	0.985714	0	0.0134286	0.000857143	0.985714	0	0.04	0.00757143	0.952429	0	0.0412857	0.00628571	0.952429	0	0.176429	0.823571	0	0	0.137143	0.862857	0	0	0.112571	0.887429	0	0	0.211286	0.788714	0	0	0.246	0.0718571	0.682143	0	0.343857	0.104143	0.552	0	0.242571	0.757429	0	0	0.388143	0.611857	0	0	0.0134286	0.000857143	0.985714	0	0.0142857	0	0.985714	0	0.0141429	0.00128571	0.984571	0	0.0142857	0.0924286	0.893286	0	0.0475714	0	0.952429	0	0.0475714	0.348429	0.604	0	0.205714	0.794286	0	0	0.225857	0.774143	0	0	0.265143	0.734857	0	0	0.272	0.728	0	0	0.292571	0.707429	0	0	0.369143	0.630857	0	0	0.538714	0.461286	0
86	2.69478	0.409165	0.24403	0.713094	0	0	0.545	0.455	0	0	0.735286	0.264714	0	0	0.839857	0.160143	0	0	0.181857	0.126857	0.691286	0	0.186286	0.119857	0.693857	0	0.213143	0.0801429	0.706714	0	0.226143	0.135429	0.638429	0	0.230571	0.132429	0.637	0	0	0	1	0	0	0	1	0	0.0995714	0.900429	0	0	0.0707143	0.929286	0	0	0.0831429	0.916857	0	0	0.0914286	0.908571	0	0	0.219857	0.0452857	0.734857	0	0.830714	0.00528571	0.164	0	0.915571	0.0844286	0	0	0.930571	0.0694286	0	0	0.222	0.132857	0.645143	0	0.237429	0.227857	0.534714	0	0.256	0.214	0.53	0	0.258857	0.260286	0.480857	0	0	0.261571	0.738429	0	0.259286	0.364143	0.376571	0	0.102	0.898	0	0	0.0982857	0.901714	0	0	0.109571	0.890429	0	0	0.232429	0.767571	0	0	0.372857	0.627143	0	0	0.835857	0.164143	0	0	0.955286	0.0447143	0
88	6.12365	0.159002	0.519963	0.653936	0	0	0.001	0.999	0	0	0.000428571	0.999571	0	0	0	1	0	0	0	0	1	0	0	0	1	0	0	0	1	0	0	0	1	0	0	0	1	0	0	0	1	0	0	0	1	0	0	1	0	0	0	1	0	0	0	1	0	0	0	1	0	0	0.0841429	0	0.915857	0	0.791143	0.00771429	0.201143	0	0.00871429	0.991286	0	0	0.543	0.457	0	0	0	0	1	0	0	0	1	0	0	0.859571	0.140429	0	0	0.929143	0.0708571	0	0	1	0	0	0.279286	0.720714	0	0	0	1	0	0	0	1	0	0	0	1	0	0	0.0841429	0.915857	0	0	0.388429	0.611571	0	0	0.798857	0.201143	0	0	0.992857	0.00714286	0
76	3.57324	0.252121	0.208073	0.640248	0	0	0.996429	0.00357143	0	0	0.971571	0.0284286	0	0	0.877429	0.122571	0	0	0	0	1	0	0	0.000285714	0.999714	0	0.000285714	0	0.999714	0	0	0	1	0	0	0.00114286	0.998857	0	0.158	0.00514286	0.836857	0	0.122143	0.0611429	0.816714	0	0	1	0	0	0	1	0	0	0	1	0	0	0	1	0	0	0.0181429	0	0.981857	0	0.982714	0.00328571	0.014	0	0.999714	0.000285714	0	0	1	0	0	0	0	0.0178571	0.982143	0	0.000285714	0.875143	0.124571	0	0	0.888571	0.111429	0	0.149571	0.771429	0.079	0	0.163143	0.0615714	0.775286	0	0.195	0.741714	0.0632857	0	0	1	0	0	0	1	0	0	0	1	0	0	0.0181429	0.981857	0	0	0.290714	0.709286	0	0	0.985857	0.0141429	0	0	1	0	0
84	2.96334	0.273003	0.569425	0.806497	0	0	0.000857143	0.999143	0	0	0.00142857	0.998571	0	0	0	1	0	0	0	0	1	0	0	0	1	0	0	0	1	0	0	0	1	0	0	0	1	0	0	0	1	0	0	0	1	0	0	1	0	0	0	1	0	0	0	1	0	0	0	1	0	0	0.00114286	0.01	0.988857	0	0.0855714	0.00528571	0.909143	0	0.00214286	0.997857	0	0	0.00471429	0.995286	0	0	0	0.000142857	0.999857	0	0	0.0182857	0.981714	0	0	0	1	0	0	0.0795714	0.920429	0	0	0	1	0	0	0.254714	0.745286	0	0	1	0	0	0	1	0	0	0	1	0	0	0.00114286	0.998857	0	0	0.00671429	0.993286	0	0	0.0885714	0.911429	0	0	0.269571	0.730429	0
23	3.3195	0.135463	0.56281	0.642132	0	0	0	1	0	0	0	1	0	0	0	1	0	0	0	0	1	0	0	0	1	0	0	0	1	0	0	0	1	0	0	0.00857143	0.991429	0	0	0.000857143	0.999143	0	0	0	1	0	0	1	0	0	0	1	0	0	0	1	0	0	0	1	0	0	0.00828571	0.00114286	0.990571	0	0.0267143	0.00457143	0.968714	0	0	1	0	0	0.00271429	0.997286	0	0	0	0	1	0	0	0.128857	0.871143	0	0	0.749143	0.250857	0	0.0117143	0.778571	0.209714	0	0	0.833286	0.166714	0	0.0154286	0.875429	0.109143	0	0	1	0	0	0	1	0	0	0	1	0	0	0.00871429	0.991286	0	0	0.017	0.983	0	0	0.0288571	0.971143	0	0	0.184714	0.815286	0
90	1.39742	0.0769794	0.497259	0.81498	0	0	0	1	0	0	0	1	0	0	0	1	0	0	0	0.000142857	0.999857	0	0	0.000428571	0.999571	0	0	0	1	0	0	0	1	0	0	0	1	0	0	0	1	0	0	0	1	0	0	1	0	0	0	1	0	0	0	1	0	0	0	1	0	0	0	0.0392857	0.960714	0	0	0.00128571	0.998714	0	0	1	0	0	0	1	0	0	0	0.000428571	0.999571	0	0	0.000571429	0.999429	0	0	0	1	0	0	0.0221429	0.977857	0	0	0	1	0	0	0.141429	0.858571	0	0	1	0	0	0	1	0	0	0	1	0	0	0	1	0	0	0	1	0	0	0	1	0	0	0.000571429	0.999429	0
89	1.05492	0.284659	0.515225	0.666423	0	0	0.0411429	0.958857	0	0	0.0202857	0.979714	0	0	0.0181429	0.981857	0	0	0.000285714	0.00414286	0.995571	0	0.000428571	0.004	0.995571	0	0.000571429	0.0288571	0.970571	0	0.000285714	0.0514286	0.948286	0	0.000428571	0.0154286	0.984143	0	0.000571429	0.0328571	0.966571	0	0.000428571	0.0337143	0.965857	0	0	1	0	0	0	1	0	0	0	1	0	0	0	1	0	0	0.000285714	0.361286	0.638429	0	0.00428571	0.377857	0.617857	0	0.0531429	0.946857	0	0	0.0772857	0.922714	0	0	0.000428571	0.006	0.993571	0	0.000571429	0.0367143	0.962714	0	0.000571429	0.0722857	0.927143	0	0.000571429	0.103143	0.896286	0	0.000857143	0.0552857	0.943857	0	0.000857143	0.233571	0.765571	0	0	1	0	0	0	1	0	0	0	1	0	0	0.000285714	0.999714	0	0	0.000857143	0.999143	0	0	0.00814286	0.991857	0	0	0.126	0.874	0
82	1.95736	0.260853	0.551504	0.799661	0	0	0.000285714	0.999714	0	0	0.001	0.999	0	0	0.000571429	0.999429	0	0	0	0	1	0	0	0	1	0	0	0.000142857	0.999857	0	0	0	1	0	0	0	1	0	0.000142857	0	0.999857	0	0.000142857	0	0.999857	0	0	1	0	0	0	1	0	0	0	1	0	0	0	1	0	0	0	0.021	0.979	0	0.0162857	0.117	0.866714	0	0.00142857	0.998571	0	0	0.0101429	0.989857	0	0	0	0	1	0	0	0.000142857	0.999857	0	0	0	1	0	0	0.028	0.972	0	0.000142857	0	0.999857	0	0.000142857	0.158429	0.841429	0	0	1	0	0	0	1	0	0	0	1	0	0	0	1	0	0	0.00271429	0.997286	0	0	0.024	0.976	0	0	0.145286	0.854714	0
87	2.43585	0.200459	0.511062	0.729442	0	0	0	1	0	0	0	1	0	0	0	1	0	0	0	0	1	0	0	0	1	0	0	0	1	0	0	0	1	0	0	0	1	0	0	0	1	0	0	0	1	0	0	1	0	0	0	1	0	0	0	1	0	0	0	1	0	0	0	0.446571	0.553429	0	0.000285714	0.00871429	0.991	0	0	1	0	0	0.000428571	0.999571	0	0	0	0	1	0	0	0	1	0	0	0.000857143	0.999143	0	0	0.0305714	0.969429	0	0	0	1	0	0	0.167	0.833	0	0	1	0	0	0	1	0	0	0	1	0	0	0	1	0	0	0	1	0	0	0.000285714	0.999714	0	0	0.0565714	0.943429	0
10	2.81197	0.112216	0.495953	0.819498	0	0	0	1	0	0	0	1	0	0	0	1	0	0	0	0	1	0	0	0	1	0	0	0	1	0	0	0	1	0	0	0.000285714	0.999714	0	0	0	1	0	0	0	1	0	0	1	0	0	0	1	0	0	0	1	0	0	0	1	0	0	0	0	1	0	0	0	1	0	0	1	0	0	0	1	0	0	0	0	1	0	0	0	1	0	0	0.000285714	0.999714	0	0	0.031	0.969	0	0	0	1	0	0	0.170143	0.829857	0	0	1	0	0	0	1	0	0	0	1	0	0	0	1	0	0	0	1	0	0	0	1	0	0	0.0104286	0.989571	0
92	2.18059	0.200121	0.525806	0.820236	0	0	0.00214286	0.997857	0	0	0.0144286	0.985571	0	0	0	1	0	0	0	0	1	0	0	0	1	0	0	0	1	0	0	0	1	0	0	0	1	0	0	0.00557143	0.994429	0	0	0.00228571	0.997714	0	0	1	0	0	0	1	0	0	0	1	0	0	0	1	0	0	0	0.00471429	0.995286	0	0.000714286	0.000857143	0.998429	0	0.018	0.982	0	0	0.0294286	0.970571	0	0	0	0	1	0	0	0	1	0	0	0	1	0	0	0.0267143	0.973286	0	0	0.0208571	0.979143	0	0	0.156571	0.843429	0	0	1	0	0	0	1	0	0	0	1	0	0	0	1	0	0	0	1	0	0	0.000714286	0.999286	0	0	0.110286	0.889714	0
85	4.98083	0.0857078	0.55203	0.662927	0	0	0	1	0	0	0	1	0	0	0	1	0	0	0	0	1	0	0	0	1	0	0	0	1	0	0	0	1	0	0	0	1	0	0	0	1	0	0	0	1	0	0	1	0	0	0	1	0	0	0	1	0	0	0	1	0	0	0	0	1	0	0	0	1	0	0	1	0	0	0.000714286	0.999286	0	0	0	0	1	0	0	0.863	0.137	0	0	0	1	0	0	0.876	0.124	0	0	0	1	0	0	0.897857	0.102143	0	0	1	0	0	0	1	0	0	0	1	0	0	0	1	0	0	0	1	0	0	0	1	0	0	0.144	0.856	0
93	7.2268	0.244048	0.510119	0.609828	0	0	0	1	0	0	0.000714286	0.999286	0	0	0.00157143	0.998429	0	0	0	0	1	0	0	0	1	0	0.000142857	0	0.999857	0	0	0	1	0	0	0	1	0	0	0	1	0	0	0	1	0	0	1	0	0	0	1	0	0	0	1	0	0	0	1	0	0	0.0767143	0.923286	0	0	0.866857	0.102571	0.0305714	0	0.00342857	0.996571	0	0	0.0824286	0.917571	0	0	0	0.237	0.763	0	0.000142857	0.999857	0	0	0	0.999429	0.000571429	0	0.346	0.654	0	0	0	1	0	0	0.444714	0.555286	0	0	0	1	0	0	0	1	0	0	0	1	0	0	0.167143	0.832857	0	0	0.52	0.48	0	0	0.956714	0.0432857	0	0	0.969857	0.0301429	0
91	4.82696	0.189761	0.597301	0.802112	0	0	0	1	0	0	0	1	0	0	0	1	0	0	0	0	1	0	0	0	1	0	0	0	1	0	0	0	1	0	0	0	1	0	0	0	1	0	0	0	1	0	0	1	0	0	0	1	0	0	0	1	0	0	0	1	0	0	0	0.002	0.998	0	0	0	1	0	0.000285714	0.999714	0	0	0.006	0.994	0	0	0	0	1	0	0	0	1	0	0	0.0472857	0.952714	0	0	0.106429	0.893571	0	0	0	1	0	0	0.284857	0.715143	0	0	1	0	0	0	1	0	0	0	1	0	0	0	1	0	0	0	1	0	0	0	1	0	0	0.240714	0.759286	0
94	1.71974	0.196457	0.505563	0.816718	0	0	0	1	0	0	0	1	0	0	0	1	0	0	0	0	1	0	0	0	1	0	0	0	1	0	0	0	1	0	0	0	1	0	0	0.000285714	0.999714	0	0	0.000428571	0.999571	0	0	1	0	0	0	1	0	0	0	1	0	0	0	1	0	0	0	0.0711429	0.928857	0	0.000142857	0	0.999857	0	0	1	0	0	0.000428571	0.999571	0	0	0	0	1	0	0	0	1	0	0	0	1	0	0	0.0138571	0.986143	0	0	0.00271429	0.997286	0	0	0.130286	0.869714	0	0	1	0	0	0	1	0	0	0	1	0	0	0	1	0	0	0	1	0	0	0.000142857	0.999857	0	0	0.0215714	0.978429	0
11	2.52422	0.0862627	0.5	0.819961	0	0	0	1	0	0	0	1	0	0	0	1	0	0	0	0	1	0	0	0	1	0	0	0	1	0	0	0	1	0	0	0	1	0	0	0	1	0	0	0	1	0	0	1	0	0	0	1	0	0	0	1	0	0	0	1	0	0	0	0	1	0	0.000285714	0	0.999714	0	0	1	0	0	0	1	0	0	0	0	1	0	0	0	1	0	0	0	1	0	0	0.0425714	0.957429	0	0	0	1	0	0	0.199429	0.800571	0	0	1	0	0	0	1	0	0	0	1	0	0	0	1	0	0	0	1	0	0	0.000285714	0.999714	0	0	0.0112857	0.988714	0
96	3.64474	0.0953349	0.55812	0.650315	0	0	0	1	0	0	0	1	0	0	0	1	0	0	0	0	1	0	0	0	1	0	0	0	1	0	0	0	1	0	0	0	1	0	0	0.000142857	0.999857	0	0	0	1	0	0	1	0	0	0	1	0	0	0	1	0	0	0	1	0	0	0.00957143	0.000428571	0.99	0	0.014	0	0.986	0	0	1	0	0	0.000571429	0.999429	0	0	0	0.0348571	0.965143	0	0	0.566571	0.433429	0	0	0.715429	0.284571	0	0.0102857	0.738714	0.251	0	0	0.487143	0.512857	0	0.012	0.788857	0.199143	0	0	1	0	0	0	1	0	0	0	1	0	0	0.00971429	0.990286	0	0	0.0124286	0.987571	0	0	0.014	0.986	0	0	0.154286	0.845714	0
95	6.32989	0.228755	0.223456	0.79412	0	0	1	0	0	0	0.959286	0.0407143	0	0	1	0	0	0	0	0.007	0.993	0	0	0	1	0	0.0391429	0.00271429	0.958143	0	0.472143	0.0344286	0.493429	0	0.487143	0.00542857	0.507429	0	0	0	1	0	0	0	1	0	0	1	0	0	0	1	0	0	0	1	0	0	0	1	0	0	0.659143	0.294714	0.0461429	0	0.919714	0.075	0.00528571	0	1	0	0	0	1	0	0	0	0	0.104714	0.895286	0	0.0418571	0.744286	0.213857	0	0.491	0.502429	0.00657143	0	0.685286	0.309857	0.00485714	0	0	0.996571	0.00342857	0	0.807	0.191429	0.00157143	0	0	1	0	0	0.000142857	0.999857	0	0	0.00171429	0.998286	0	0	0.713571	0.286429	0	0	0.894714	0.105286	0	0	0.994571	0.00542857	0	0	1	0	0
97	3.4202	0.314449	0.478124	0.783945	0	0	0.465	0.535	0	0	0.348429	0.651571	0	0	0.0788571	0.921143	0	0	0	0	1	0	0	0	1	0	0	0	1	0	0	0	1	0	0	0	1	0	0	0.000285714	0.999714	0	0	0	1	0	0	1	0	0	0	1	0	0	0	1	0	0	0	1	0	0	0	0	1	0	0.0105714	0	0.989429	0	0.487571	0.512429	0	0	0.551571	0.448429	0	0	0	0	1	0	0	0.001	0.999	0	0	0.141429	0.858571	0	0	0.196	0.804	0	0	0.0211429	0.978857	0	0.000285714	0.342571	0.657143	0	0	1	0	0	0	1	0	0	0	1	0	0	0	1	0	0	0.00142857	0.998571	0	0	0.0105714	0.989429	0	0	0.717571	0.282429	0
98	1.79109	0.124929	0.510858	0.819079	0	0	0.000142857	0.999857	0	0	0	1	0	0	0	1	0	0	0	0	1	0	0	0	1	0	0	0	1	0	0	0	1	0	0	0	1	0	0	0	1	0	0	0	1	0	0	1	0	0	0	1	0	0	0	1	0	0	0	1	0	0	0	0.024	0.976	0	0.000142857	0	0.999857	0	0.000142857	0.999857	0	0	0.00285714	0.997143	0	0	0	0	1	0	0	0.000142857	0.999857	0	0	0	1	0	0	0.0251429	0.974857	0	0	0	1	0	0	0.152714	0.847286	0	0	1	0	0	0	1	0	0	0	1	0	0	0	1	0	0	0	1	0	0	0.000142857	0.999857	0	0	0.034	0.966	0
99	2.14319	0.266451	0.520563	0.828706	0	0	0	1	0	0	0	1	0	0	0.000142857	0.999857	0	0	0	0	1	0	0	0	1	0	0	0	1	0	0	0	1	0	0	0	1	0	0	0	1	0	0	0	1	0	0	1	0	0	0	1	0	0	0	1	0	0	0	1	0	0	0	0.0208571	0.979143	0	0.00214286	0.00157143	0.996286	0	0	1	0	0	0.00142857	0.998571	0	0	0	0	1	0	0	0	1	0	0	0	1	0	0	0.0112857	0.988714	0	0	0	1	0	0	0.101	0.899	0	0	1	0	0	0	1	0	0	0	1	0	0	0	1	0	0	0.000142857	0.999857	0	0	0.00214286	0.997857	0	0	0.0448571	0.955143	0
12	3.36875	0.239694	0.533654	0.738726	0	0	0	1	0	0	0	1	0	0	0	1	0	0	0	0	1	0	0	0	1	0	0	0	1	0	0	0	1	0	0	0	1	0	0	0	1	0	0	0	1	0	0	1	0	0	0	1	0	0	0	1	0	0	0	1	0	0	0.001	0.349286	0.649714	0	0.057	0.136571	0.806429	0	0.000285714	0.999714	0	0	0.00385714	0.996143	0	0	0	0	1	0	0	0	1	0	0	0	1	0	0	0.00657143	0.993429	0	0	0	1	0	0	0.0961429	0.903857	0	0	1	0	0	0	1	0	0	0	1	0	0	0.00142857	0.998571	0	0	0.00414286	0.995857	0	0	0.0661429	0.933857	0	0	0.137286	0.862714	0
