No.	ID	loglik_Null_W	loglik_Acc_W	loglik_Full_W	logBF1	logBF2
4	0	-349.33338	-351.62823	-352.69084	-2.2948563	1.0626085
4	1	-287.46104	-289.34817	-290.1467	-1.8871227	0.79853057
4	2	-308.82028	-309.71486	-310.8734	-0.8945744	1.1585493
4	3	-285.40028	-287.34813	-289.27692	-1.9478504	1.9287874
4	4	-335.4528	-335.84794	-338.99925	-0.39514322	3.1513124
4	5	-181.52916	-184.95263	-188.40817	-3.4234674	3.455534
4	6	-252.91753	-254.54619	-257.61411	-1.6286556	3.067922
4	7	-266.5839	-269.15198	-270.58659	-2.5680786	1.4346099
4	8	-295.75609	-298.07211	-297.91025	-2.3160178	-0.16185532
4	9	-371.2681	-373.82529	-373.72458	-2.5571891	-0.10070835
4	10	-352.54869	-353.9435	-355.49149	-1.3948104	1.5479892
4	11	-292.98615	-295.20085	-297.3513	-2.214695	2.1504552
4	12	-287.0008	-289.38613	-291.05931	-2.3853259	1.6731882
4	13	-364.30019	-366.38714	-369.1169	-2.0869507	2.7297549
4	14	-269.74763	-272.13151	-273.242	-2.3838777	1.110497
4	15	-252.48216	-256.13372	-256.68953	-3.6515603	0.5558143
4	16	-327.41527	-329.48672	-330.11266	-2.0714555	0.6259338
4	17	-223.90733	-227.24977	-228.32614	-3.3424458	1.0763709
4	18	-232.85349	-235.13057	-237.08848	-2.277083	1.9579111
4	19	-335.77187	-337.73149	-339.56334	-1.9596223	1.8318428
4	20	-328.71934	-331.3747	-332.04134	-2.6553553	0.66664603
4	21	-290.73254	-292.32217	-294.00617	-1.5896297	1.6840011
4	22	-483.9959	-484.07331	-483.78838	-0.077411097	-0.28493082
4	23	-332.72357	-335.57115	-335.95534	-2.8475772	0.38418611
4	24	-336.19986	-335.9824	-338.84414	0.21746482	2.861743
4	25	-361.14433	-363.14974	-362.62906	-2.0054108	-0.52067714
4	26	-254.44648	-257.44019	-259.24006	-2.9937057	1.7998746
4	27	-341.18175	-343.06531	-343.00485	-1.8835556	-0.060453454
4	28	-220.24703	-223.78418	-226.78733	-3.5371464	3.0031494
4	29	-314.25959	-315.80296	-317.89196	-1.5433645	2.0890002
4	30	-264.52474	-267.37199	-269.69725	-2.8472547	2.3252635
4	31	-507.21358	-508.95953	-508.36887	-1.7459495	-0.59066654
4	32	-384.51975	-386.6557	-386.70395	-2.1359454	0.048250582
4	33	-295.2698	-298.8823	-298.59056	-3.6125057	-0.2917452
4	34	-376.40296	-378.57805	-377.9464	-2.1750814	-0.63164672
4	35	-228.2888	-229.08006	-231.13429	-0.79126334	2.0542245
4	36	-289.66382	-291.87036	-294.33203	-2.2065397	2.461677
4	37	-300.11258	-301.34759	-302.27277	-1.2350097	0.92518103
4	38	-206.0523	-208.92039	-211.01954	-2.8680861	2.0991579
4	39	-206.22778	-208.79373	-210.16973	-2.5659531	1.3760045
4	40	-448.09549	-449.49837	-450.0544	-1.4028793	0.55603181
4	41	-210.18322	-213.92383	-213.8945	-3.740606	-0.029323814
4	42	-400.21956	-400.47154	-401.52092	-0.25198519	1.0493806
4	43	-394.50921	-396.49937	-397.53552	-1.9901534	1.0361544
4	44	-273.68857	-273.15785	-274.53545	0.53071888	1.3776032
4	45	-314.43097	-317.25395	-316.51686	-2.8229772	-0.73708764
4	46	-254.87863	-257.25935	-257.60422	-2.3807221	0.34487136
4	47	-365.82569	-367.04583	-366.67631	-1.220135	-0.3695144
4	48	-470.5183	-472.25175	-470.17301	-1.7334551	-2.0787398
4	49	-342.23406	-343.10858	-345.91418	-0.87451874	2.8055985
4	50	-248.0267	-248.72605	-252.20399	-0.69935578	3.4779377
4	51	-200.33017	-204.43	-208.78103	-4.0998394	4.3510279
4	52	-265.58113	-268.76303	-269.7548	-3.1818972	0.99177491
4	53	-258.92736	-261.24393	-265.08405	-2.316565	3.8401235
4	54	-230.16625	-232.97289	-233.94304	-2.8066398	0.9701415
4	55	-282.98098	-285.19484	-286.56834	-2.2138666	1.3735017
4	56	-255.49129	-258.4163	-259.85277	-2.9250151	1.4364656
4	57	-302.72964	-305.31981	-306.48619	-2.5901624	1.1663795
4	58	-295.49772	-296.30712	-299.37521	-0.8094035	3.0680852
4	59	-334.73235	-337.21632	-336.18166	-2.4839681	-1.034656
4	60	-336.18518	-338.49992	-339.78552	-2.3147451	1.285602
4	61	-310.12433	-311.96624	-314.13419	-1.8419088	2.167954
4	62	-326.38977	-328.34874	-329.50388	-1.9589757	1.1551327
4	63	-375.66398	-378.15625	-379.78631	-2.492268	1.6300589
4	64	-343.36641	-345.68935	-346.04992	-2.3229437	0.36056778
4	65	-342.84418	-345.03969	-345.15927	-2.1955124	0.11958328
4	66	-274.43306	-276.29729	-278.15183	-1.8642323	1.8545407
4	67	-388.86885	-390.42698	-391.56628	-1.5581304	1.139298
4	68	-289.85868	-291.32182	-294.46442	-1.4631359	3.1426047
4	69	-275.12674	-278.3959	-279.11921	-3.2691639	0.72330683
4	70	-313.4931	-316.146	-316.78653	-2.6529023	0.64053151
4	71	-244.38616	-247.40856	-249.70186	-3.0223953	2.2933033
4	72	-237.41561	-238.54984	-241.92616	-1.1342307	3.3763181
4	73	-252.45394	-254.74412	-256.42765	-2.2901792	1.6835228
4	74	-328.3331	-331.40691	-331.49824	-3.0738128	0.091326847
4	75	-365.05372	-366.78157	-367.8734	-1.7278584	1.0918246
4	76	-263.2365	-265.63801	-268.50226	-2.4015129	2.8642452
4	77	-274.54607	-275.53135	-277.93151	-0.98527992	2.4001612
4	78	-374.90103	-373.56502	-376.76339	1.3360102	3.198372
4	79	-219.72632	-221.62553	-224.84918	-1.8992091	3.223653
4	80	-338.27455	-338.84543	-340.26128	-0.57087995	1.4158414
4	81	-285.41437	-289.11579	-289.46214	-3.7014158	0.34635075
4	82	-315.63696	-316.91351	-317.93356	-1.2765503	1.0200461
4	83	-252.75206	-254.96258	-257.66124	-2.2105228	2.6986599
4	84	-324.22011	-326.17718	-326.78972	-1.9570701	0.6125391
4	85	-344.78536	-347.78601	-348.65106	-3.0006545	0.86505178
4	86	-244.26567	-247.33075	-249.1109	-3.0650833	1.780155
4	87	-419.26633	-420.72236	-421.28688	-1.4560256	0.56452419
4	88	-311.57352	-313.15795	-315.30092	-1.5844305	2.1429709
4	89	-336.36847	-338.96608	-338.86689	-2.5976176	-0.09918898
4	90	-254.83486	-257.39359	-261.47272	-2.5587375	4.0791285
4	91	-268.16553	-270.31883	-273.00978	-2.1533011	2.6909425
4	92	-300.41057	-303.28641	-302.82722	-2.8758411	-0.45919411
4	93	-347.21972	-347.0934	-349.57088	0.1263188	2.4774815
4	94	-341.50862	-343.16167	-342.5035	-1.6530502	-0.65817777
4	95	-220.91011	-223.52546	-226.36617	-2.6153477	2.8407106
4	96	-424.2228	-425.48475	-426.01184	-1.2619539	0.52708782
4	97	-276.34982	-278.67835	-280.42963	-2.3285294	1.7512741
4	98	-302.58437	-303.76276	-305.04716	-1.1783897	1.2844002
4	99	-235.57378	-236.35344	-239.74205	-0.77965201	3.3886096
4	100	-248.69747	-251.43717	-253.23773	-2.7396974	1.8005606
4	101	-235.67232	-238.10621	-238.92889	-2.4338967	0.82267693
4	102	-394.31755	-397.31631	-397.74765	-2.998758	0.43133287
4	103	-307.18147	-308.6342	-310.47395	-1.4527301	1.8397561
4	104	-280.80169	-284.40335	-286.18067	-3.6016675	1.7773181
4	105	-288.83227	-290.9288	-289.94551	-2.0965371	-0.98329448
4	106	-317.77869	-319.83318	-321.12455	-2.0544874	1.2913703
4	107	-453.80612	-457.50896	-457.72745	-3.7028366	0.21849289
4	108	-337.97187	-339.66231	-340.93566	-1.6904354	1.2733538
4	109	-384.07798	-386.50828	-389.33591	-2.4303015	2.8276276
4	110	-340.23458	-342.67329	-344.63565	-2.4387112	1.9623546
4	111	-285.75297	-289.04584	-289.83207	-3.2928744	0.78622759
4	112	-336.20496	-339.24435	-340.53	-3.0393965	1.2856444
4	113	-247.6116	-250.35148	-251.57945	-2.7398823	1.2279718
4	114	-401.00567	-403.58944	-405.64641	-2.58377	2.0569716
4	115	-284.72721	-286.87314	-288.08731	-2.1459243	1.2141708
4	116	-392.68935	-392.06576	-393.9418	0.62358511	1.8760388
4	117	-310.02239	-313.13019	-314.39957	-3.1077966	1.2693799
4	118	-240.281	-243.46416	-245.53547	-3.1831602	2.0713171
4	119	-214.63005	-218.33587	-220.74291	-3.705823	2.4070436
4	120	-292.45775	-292.6089	-294.72412	-0.15114941	2.1152131
4	121	-229.49168	-231.89721	-233.94931	-2.4055343	2.0520976
4	122	-459.08994	-459.6747	-461.15952	-0.58476752	1.4848186
4	123	-337.27501	-339.70687	-340.91286	-2.4318596	1.2059854
4	124	-282.44058	-284.06619	-287.38517	-1.6256058	3.3189819
4	125	-311.96776	-313.60375	-314.75055	-1.6359933	1.1467982
4	126	-310.58845	-313.09309	-314.21469	-2.5046375	1.1216019
4	127	-293.71475	-293.65831	-296.01858	0.056439534	2.3602615
4	128	-372.29376	-374.84194	-374.07781	-2.5481806	-0.76412562
4	129	-216.27097	-218.81792	-220.96283	-2.5469522	2.1449131
4	130	-297.31676	-298.45052	-301.26687	-1.133762	2.816346
4	131	-168.21785	-171.68644	-176.38089	-3.4685926	4.6944425
4	132	-275.67643	-278.28179	-278.92797	-2.6053574	0.64617886
4	133	-322.36534	-323.78544	-325.68529	-1.4201061	1.8998421
4	134	-392.36651	-395.03305	-396.39531	-2.6665429	1.3622586
4	135	-366.25198	-366.76338	-366.4494	-0.51140294	-0.31398395
4	136	-322.33172	-325.05997	-326.67615	-2.7282513	1.6161808
4	137	-276.7864	-278.79766	-280.83516	-2.0112608	2.037503
4	138	-325.52087	-327.04726	-328.87667	-1.5263881	1.829414
4	139	-297.37814	-297.84588	-300.93285	-0.46774432	3.0869716
4	140	-289.51402	-291.21872	-292.50962	-1.7046992	1.2909006
4	141	-268.10104	-270.43676	-272.75707	-2.3357162	2.3203148
4	142	-265.9973	-268.80323	-271.8355	-2.8059287	3.0322716
4	143	-251.45277	-253.97219	-255.24729	-2.5194252	1.2751003
4	144	-337.50336	-339.87647	-342.57039	-2.3731109	2.6939253
4	145	-278.1335	-280.25133	-282.38353	-2.1178285	2.1322058
4	146	-356.63962	-356.77638	-357.99579	-0.13676547	1.2194029
4	147	-399.79833	-402.43615	-403.34573	-2.6378295	0.90957843
4	148	-364.83851	-366.21533	-366.97076	-1.3768227	0.75542175
4	149	-296.11812	-297.48023	-299.68422	-1.3621088	2.2039931
4	150	-358.28554	-359.34785	-360.33118	-1.0623113	0.98332657
4	151	-284.00342	-285.29307	-286.67787	-1.2896485	1.3847949
4	152	-344.02243	-345.84587	-349.73017	-1.8234442	3.8842983
4	153	-312.71399	-315.10458	-316.24124	-2.3905918	1.136657
4	154	-297.72367	-299.29416	-301.40683	-1.570489	2.1126654
4	155	-292.0528	-295.11592	-297.1586	-3.0631274	2.0426783
4	156	-279.94322	-282.41842	-285.58178	-2.4751999	3.1633586
4	157	-278.52434	-281.49984	-284.22957	-2.9754956	2.7297326
4	158	-327.58997	-329.96806	-331.07507	-2.3780891	1.1070107
4	159	-360.77345	-361.70464	-362.58064	-0.93118997	0.87600332
4	160	-335.11424	-337.64301	-338.00975	-2.5287697	0.36673391
4	161	-406.14597	-406.87161	-409.11201	-0.72564125	2.2403949
4	162	-282.9221	-285.57686	-286.2101	-2.6547632	0.6332384
4	163	-399.50156	-398.8601	-399.15999	0.64145734	0.2998859
4	164	-321.57965	-321.90835	-323.44572	-0.32869712	1.5373679
4	165	-307.36633	-310.86648	-310.29702	-3.5001525	-0.56945716
4	166	-290.58471	-294.392	-296.35831	-3.8072908	1.9663009
4	167	-349.42498	-351.92508	-352.54489	-2.5000975	0.61981496
4	168	-284.89585	-287.28699	-289.27094	-2.3911392	1.9839529
4	169	-305.91192	-307.94158	-307.45745	-2.0296604	-0.48412717
4	170	-220.07789	-222.99478	-225.9544	-2.9168904	2.9596183
4	171	-188.90614	-192.89378	-197.39358	-3.9876408	4.4998008
4	172	-302.79764	-305.43113	-305.58694	-2.6334824	0.15580992
4	173	-337.32566	-339.19675	-341.47084	-1.8710836	2.2740908
4	174	-251.68219	-253.65664	-256.52887	-1.9744501	2.8722282
4	175	-200.92486	-203.57901	-206.02274	-2.654152	2.4437325
4	176	-353.70914	-354.56638	-354.72736	-0.85723661	0.16098058
4	177	-305.99478	-305.34185	-307.56482	0.65292572	2.2229687
4	178	-312.68075	-315.20753	-315.69102	-2.5267816	0.48348728
4	179	-285.46292	-287.81834	-288.75415	-2.3554185	0.93581143
4	180	-362.30624	-362.56139	-364.01135	-0.25514915	1.4499547
4	181	-248.41932	-251.93271	-254.2197	-3.5133909	2.2869953
4	182	-253.80926	-257.26434	-260.53342	-3.4550816	3.2690792
4	183	-291.03299	-293.31889	-293.80831	-2.2859035	0.48942043
4	184	-204.27497	-207.12064	-209.23986	-2.8456721	2.1192189
4	185	-254.22141	-256.95887	-259.71827	-2.7374596	2.7594025
4	186	-413.4613	-413.75851	-414.57637	-0.29720929	0.81786204
4	187	-365.14331	-367.61427	-368.71726	-2.4709623	1.1029855
4	188	-401.79669	-403.16232	-401.38621	-1.3656338	-1.7761104
4	189	-323.88248	-324.17415	-326.29089	-0.29167009	2.116733
4	190	-354.86846	-357.26054	-356.67779	-2.3920824	-0.58274909
4	191	-382.30008	-383.87454	-385.16877	-1.5744618	1.2942307
4	192	-298.66296	-300.73697	-302.45653	-2.0740145	1.7195589
4	193	-236.01858	-237.68125	-239.36259	-1.6626691	1.6813348
4	194	-310.81778	-310.53593	-311.46047	0.28185069	0.92453782
4	195	-268.8822	-271.68713	-274.02447	-2.8049278	2.337339
4	196	-232.14718	-234.54843	-237.61836	-2.4012518	3.0699305
4	197	-343.15586	-345.0944	-346.71107	-1.9385388	1.6166683
4	198	-282.80194	-284.65169	-285.9174	-1.8497498	1.2657173
4	199	-334.20268	-337.62248	-337.09973	-3.4197995	-0.52274906
4	200	-243.21156	-246.80507	-247.9307	-3.5935145	1.1256259
4	201	-419.60553	-419.44751	-420.93055	0.15802173	1.4830388
4	202	-282.39182	-284.99269	-286.41625	-2.6008706	1.4235557
4	203	-316.16165	-317.79847	-319.6061	-1.6368137	1.8076356
4	204	-270.19943	-273.03465	-275.04787	-2.8352201	2.0132159
4	205	-393.75232	-394.25914	-395.71872	-0.5068213	1.4595769
4	206	-454.83371	-457.94529	-455.19539	-3.1115804	-2.7498962
4	207	-287.26876	-290.36582	-291.13576	-3.0970634	0.76993417
4	208	-277.39359	-280.55619	-280.26753	-3.1625949	-0.28866056
4	209	-340.00267	-342.68399	-343.64677	-2.6813277	0.96277249
4	210	-368.97637	-370.47013	-371.18369	-1.4937586	0.71356804
4	211	-410.92228	-413.23483	-414.08812	-2.3125502	0.85329512
4	212	-269.3276	-269.31088	-271.36758	0.016719458	2.0567058
4	213	-290.20567	-292.30639	-294.22897	-2.1007205	1.9225804
4	214	-276.13687	-278.25053	-279.0736	-2.1136662	0.82306296
4	215	-314.85765	-316.77938	-316.73105	-1.9217312	-0.048330875
4	216	-394.94584	-396.14007	-397.58036	-1.1942281	1.4402931
4	217	-252.68293	-255.02796	-259.27382	-2.3450232	4.2458603
4	218	-282.57974	-284.22438	-285.71888	-1.6446419	1.4945022
4	219	-346.6158	-349.60758	-349.82898	-2.9917882	0.22139295
4	220	-276.05697	-274.54196	-278.62497	1.5150092	4.0830105
4	221	-336.60634	-337.09744	-338.90422	-0.49109699	1.8067787
4	222	-261.38156	-262.7796	-264.63746	-1.398041	1.8578547
4	223	-274.86061	-278.26074	-279.78608	-3.4001361	1.5253366
4	224	-300.90341	-303.12246	-304.87375	-2.219045	1.7512931
4	225	-389.56276	-390.43819	-390.56365	-0.87543043	0.125466
4	226	-251.45108	-254.26403	-255.55363	-2.8129563	1.2895934
4	227	-290.41146	-292.27597	-294.00277	-1.8645111	1.7267952
4	228	-344.1482	-344.89301	-347.19494	-0.74480978	2.3019262
4	229	-302.24014	-302.97804	-306.88492	-0.73789578	3.9068758
4	230	-251.35231	-255.30697	-257.68666	-3.9546611	2.3796943
4	231	-321.54722	-321.27449	-323.67189	0.27272708	2.3974023
4	232	-310.26246	-312.49563	-313.33642	-2.2331694	0.84079232
4	233	-283.83124	-285.44625	-287.87708	-1.615007	2.4308292
4	234	-389.92641	-389.56282	-391.16529	0.36359578	1.6024773
4	235	-265.37984	-266.95364	-268.63652	-1.5737976	1.6828872
4	236	-251.42945	-253.52083	-255.84245	-2.0913759	2.3216213
4	237	-302.88223	-306.56951	-304.06819	-3.6872781	-2.5013223
4	238	-411.69547	-412.99101	-413.35709	-1.2955357	0.36607937
4	239	-226.25208	-228.0221	-229.84392	-1.7700266	1.8218165
4	240	-396.94764	-398.32015	-399.85387	-1.3725113	1.5337129
4	241	-286.78568	-288.49061	-291.3414	-1.7049267	2.8507963
4	242	-333.62437	-334.72619	-337.45869	-1.1018202	2.7325012
4	243	-376.95124	-377.39907	-378.0537	-0.44782688	0.6546295
4	244	-466.92822	-467.7687	-468.40142	-0.84048237	0.63272317
4	245	-428.8511	-427.45888	-428.16053	1.3922231	0.70165272
4	246	-321.86354	-323.51374	-324.96862	-1.6501992	1.4548781
4	247	-498.74459	-499.0012	-498.32418	-0.25660811	-0.6770235
4	248	-219.07034	-220.3938	-221.90322	-1.3234605	1.5094154
4	249	-249.85092	-252.25663	-254.75783	-2.4057033	2.5011998
4	250	-310.56214	-313.50677	-315.21648	-2.9446256	1.7097186
4	251	-295.1085	-296.52304	-297.65334	-1.4145388	1.1302947
4	252	-247.12604	-249.19693	-252.1348	-2.0708915	2.9378737
4	253	-288.31181	-291.74393	-292.16322	-3.4321205	0.41928434
4	254	-213.04729	-215.89076	-218.28207	-2.8434661	2.3913142
4	255	-306.85316	-308.56499	-309.25171	-1.7118235	0.68672671
4	256	-321.97205	-324.508	-327.28535	-2.5359574	2.7773458
4	257	-250.87071	-253.3857	-255.13456	-2.514988	1.748857
4	258	-361.11367	-361.60298	-362.41495	-0.48930919	0.81196614
4	259	-300.13269	-302.2031	-303.39248	-2.0704097	1.1893852
4	260	-249.12413	-249.26768	-251.28079	-0.14355548	2.0131069
4	261	-242.03149	-244.49372	-246.5352	-2.4622302	2.0414852
4	262	-378.83775	-379.79182	-381.48347	-0.95406604	1.6916572
4	263	-317.62381	-319.45121	-321.60639	-1.8274044	2.1551828
4	264	-484.88287	-486.73238	-486.44718	-1.8495107	-0.28519548
4	265	-287.92279	-291.78317	-293.69197	-3.8603775	1.9088068
4	266	-393.63941	-396.2983	-395.52434	-2.6588947	-0.77395789
4	267	-420.26768	-422.4653	-423.19618	-2.19762	0.73088727
4	268	-311.26833	-314.23131	-315.98949	-2.9629748	1.7581828
4	269	-284.04682	-285.92206	-287.70495	-1.875237	1.7828914
4	270	-260.85861	-263.05392	-266.10268	-2.1953128	3.0487644
4	271	-390.44645	-392.79895	-392.50143	-2.352501	-0.29751363
4	272	-334.78456	-337.48214	-336.54537	-2.6975804	-0.93677139
4	273	-345.31733	-346.69378	-348.26876	-1.376453	1.5749759
4	274	-401.32639	-403.51265	-403.89848	-2.186259	0.38582998
4	275	-259.38472	-261.08021	-263.63789	-1.6954895	2.5576797
4	276	-253.44919	-255.97746	-258.39039	-2.5282767	2.4129242
4	277	-351.72654	-353.38946	-354.27336	-1.6629194	0.88389396
4	278	-385.86594	-385.83255	-386.22258	0.033389537	0.39003367
4	279	-324.40937	-328.08997	-328.00631	-3.6806022	-0.083661142
4	280	-296.59794	-299.76223	-299.63385	-3.1642857	-0.12838066
4	281	-447.436	-449.37332	-449.50534	-1.9373196	0.13201907
4	282	-297.2189	-299.71217	-301.57958	-2.4932734	1.867407
4	283	-365.45853	-368.25137	-371.03255	-2.7928417	2.7811817
4	284	-239.84073	-242.83356	-246.63474	-2.9928319	3.8011724
4	285	-395.558	-397.77988	-400.7803	-2.2218762	3.0004216
4	286	-420.93204	-422.03124	-420.72424	-1.0991959	-1.3069995
4	287	-197.76969	-200.63409	-204.75802	-2.8643989	4.1239303
4	288	-384.32229	-386.26868	-385.80206	-1.9463905	-0.46661557
4	289	-308.37997	-311.28956	-312.93857	-2.9095889	1.6490096
4	290	-179.96989	-182.83215	-184.99065	-2.8622605	2.1585032
4	291	-248.63978	-250.73977	-252.20307	-2.099989	1.4633048
4	292	-392.27314	-393.5078	-394.30048	-1.2346641	0.79267996
4	293	-275.03101	-276.5882	-278.48127	-1.5571857	1.8930688
4	294	-269.73552	-271.65678	-273.77024	-1.9212633	2.1134536
4	295	-253.96778	-257.39482	-259.5845	-3.4270473	2.189673
4	296	-456.82228	-456.55231	-456.69087	0.2699732	0.1385663
4	297	-420.24754	-420.09734	-420.85657	0.15020251	0.75923344
4	298	-339.19868	-341.22051	-343.72671	-2.0218241	2.5062021
4	299	-248.52375	-250.90864	-254.51934	-2.3848887	3.6107056
4	300	-388.9343	-389.82426	-391.66466	-0.88995948	1.8404038
4	301	-281.91128	-282.12138	-284.04594	-0.21010179	1.9245624
4	302	-288.81769	-291.25706	-290.96333	-2.4393695	-0.29373753
4	303	-406.09384	-407.37915	-408.48503	-1.2853007	1.10588
4	304	-345.72287	-347.49253	-347.53722	-1.7696588	0.044686618
4	305	-300.69907	-303.2241	-302.62171	-2.5250285	-0.602394
4	306	-347.30637	-349.93702	-351.31253	-2.6306505	1.3755164
4	307	-270.77809	-272.59659	-275.04146	-1.8185067	2.4448644
4	308	-294.92414	-297.53044	-300.7834	-2.6063026	3.2529593
4	309	-288.25316	-291.69151	-292.22458	-3.4383438	0.53307488
4	310	-293.44713	-296.74589	-297.9397	-3.2987593	1.1938144
4	311	-297.68536	-299.95837	-302.05931	-2.2730137	2.100945
4	312	-328.26241	-330.36891	-334.34109	-2.1065013	3.9721803
4	313	-398.97209	-399.55606	-400.47509	-0.58396789	0.91903044
4	314	-285.58583	-289.38682	-291.65578	-3.8009876	2.268962
4	315	-286.15832	-288.97587	-291.79277	-2.8175465	2.8168943
4	316	-249.82685	-252.06131	-253.23922	-2.2344659	1.1779094
4	317	-253.19306	-255.57727	-258.13901	-2.3842107	2.5617395
4	318	-359.55616	-361.99623	-362.45263	-2.4400652	0.45640684
4	319	-256.91727	-259.29595	-260.49452	-2.3786787	1.198571
4	320	-288.24096	-290.8229	-290.51001	-2.5819405	-0.31288807
4	321	-479.39911	-480.74834	-478.86439	-1.3492314	-1.8839498
4	322	-216.27405	-219.10543	-221.10636	-2.8313793	2.0009365
4	323	-226.24394	-228.15843	-230.25381	-1.9144957	2.0953766
4	324	-312.97863	-315.18839	-314.42842	-2.2097602	-0.75997312
4	325	-219.51321	-222.38919	-224.29758	-2.8759832	1.908393
4	326	-452.59963	-455.54402	-453.05569	-2.94439	-2.4883335
4	327	-299.46325	-301.69599	-302.80819	-2.2327489	1.1121965
4	328	-458.49764	-460.03059	-460.53191	-1.5329506	0.50131824
4	329	-297.29934	-301.12212	-301.72726	-3.8227734	0.60514222
4	330	-287.73676	-289.69987	-291.49499	-1.9631041	1.7951216
4	331	-260.13384	-261.95088	-263.35384	-1.8170348	1.4029629
4	332	-399.43239	-402.26046	-402.16648	-2.8280754	-0.093985672
4	333	-222.06413	-225.70242	-228.47417	-3.6382931	2.7717524
4	334	-348.07205	-348.76372	-350.56518	-0.69166692	1.801457
4	335	-312.92992	-314.09083	-315.54886	-1.1609094	1.4580334
4	336	-340.35766	-342.86957	-343.61235	-2.511915	0.74277859
4	337	-249.74839	-251.8374	-254.75991	-2.0890085	2.9225078
4	338	-253.28317	-253.79266	-255.81462	-0.50948764	2.0219595
4	339	-333.26735	-335.49917	-337.91287	-2.2318178	2.4137
4	340	-375.51594	-377.85732	-378.20949	-2.3413808	0.35217505
4	341	-230.50595	-233.20568	-235.52489	-2.6997288	2.3192113
4	342	-254.60312	-257.54744	-260.10817	-2.9443217	2.5607233
4	343	-252.69483	-255.46091	-257.56647	-2.7660798	2.105555
4	344	-299.42893	-303.18731	-302.62718	-3.7583849	-0.56012971
4	345	-278.96734	-282.23238	-283.65844	-3.265034	1.4260641
4	346	-242.38756	-244.92905	-247.38638	-2.5414911	2.4573269
4	347	-336.8727	-339.48075	-341.57273	-2.6080517	2.0919726
4	348	-333.1606	-335.76896	-339.36481	-2.608357	3.5958553
4	349	-286.59776	-289.00789	-292.40264	-2.4101281	3.3947462
4	350	-305.31326	-306.22643	-307.41056	-0.91316269	1.1841312
4	351	-386.56099	-388.65059	-389.23326	-2.0895955	0.58266971
4	352	-309.3277	-309.85288	-310.20049	-0.52517621	0.34761638
4	353	-398.73432	-400.07822	-400.74534	-1.3439018	0.66711814
4	354	-278.71379	-280.73812	-283.212	-2.0243302	2.4738857
4	355	-236.14828	-239.14387	-239.56179	-2.9955843	0.41791759
4	356	-250.57647	-253.18438	-254.75272	-2.6079096	1.5683346
4	357	-224.11361	-227.62185	-231.06004	-3.5082393	3.438195
4	358	-360.42119	-362.12983	-362.49591	-1.7086365	0.36607755
4	359	-317.21696	-319.16063	-320.70794	-1.9436683	1.5473135
4	360	-239.79851	-242.42189	-243.59463	-2.6233806	1.1727418
4	361	-302.3755	-304.90676	-306.46204	-2.5312559	1.5552815
4	362	-287.8951	-290.26744	-292.28926	-2.3723395	2.0218246
4	363	-239.99048	-242.51866	-244.23405	-2.5281758	1.7153939
4	364	-238.13128	-239.66759	-242.38699	-1.5363179	2.719392
4	365	-283.83019	-286.35117	-288.98173	-2.5209739	2.6305576
4	366	-291.53553	-293.72334	-294.36063	-2.1878132	0.6372852
4	367	-272.66204	-275.09108	-274.65998	-2.4290431	-0.43110431
4	368	-328.918	-330.51073	-333.65833	-1.5927273	3.1476017
4	369	-331.14537	-332.59345	-333.06014	-1.4480787	0.4666873
4	370	-305.4433	-308.43993	-308.69187	-2.9966285	0.25194044
4	371	-296.61188	-299.311	-301.20488	-2.6991161	1.8938873
4	372	-366.918	-368.11255	-369.0581	-1.1945489	0.94555325
4	373	-369.82371	-371.76161	-373.61072	-1.9378987	1.84911
4	374	-295.05347	-294.84206	-297.67048	0.21140541	2.828413
4	375	-395.2822	-398.01048	-397.35571	-2.7282729	-0.65476334
4	376	-421.46685	-423.2525	-423.24043	-1.785657	-0.012070383
4	377	-232.31058	-234.7609	-236.1096	-2.4503132	1.3487084
4	378	-375.95817	-376.20867	-376.30535	-0.25049954	0.096682518
4	379	-234.39368	-235.67342	-239.81209	-1.2797417	4.1386753
4	380	-346.83289	-348.2648	-348.98779	-1.4319093	0.72298694
4	381	-390.84857	-392.68033	-394.07658	-1.8317646	1.3962502
4	382	-279.36578	-281.05169	-284.53384	-1.6859147	3.4821478
4	383	-213.52768	-217.32091	-220.95073	-3.7932248	3.6298236
4	384	-199.80204	-203.11842	-205.62158	-3.316382	2.5031521
4	385	-266.30447	-268.84005	-270.87815	-2.5355719	2.0381064
4	386	-288.83132	-290.39549	-293.21864	-1.564169	2.8231511
4	387	-228.77684	-231.49022	-233.29849	-2.7133845	1.8082645
4	388	-381.80039	-382.29672	-383.34139	-0.49632963	1.0446655
4	389	-324.6788	-326.56599	-327.70105	-1.8871954	1.1350578
4	390	-336.61432	-338.53286	-339.6591	-1.9185394	1.1262455
4	391	-416.90431	-418.99045	-419.8523	-2.0861433	0.86185167
4	392	-345.97828	-347.15414	-348.65129	-1.1758632	1.4971471
4	393	-213.36927	-215.55966	-218.38538	-2.1903966	2.8257152
4	394	-334.91681	-336.21246	-337.58295	-1.295642	1.3704984
4	395	-306.79965	-306.46632	-309.13214	0.3333295	2.6658215
4	396	-260.08237	-262.94952	-264.40646	-2.8671496	1.4569398
4	397	-321.79888	-322.94134	-323.82934	-1.1424645	0.88800431
4	398	-308.92356	-310.70466	-312.19342	-1.7811003	1.488762
4	399	-353.26687	-355.1995	-354.92116	-1.9326247	-0.27834013
4	400	-300.11039	-302.65848	-305.11016	-2.5480883	2.451685
4	401	-256.54153	-258.98476	-261.56955	-2.4432262	2.5847982
4	402	-284.03224	-285.6312	-286.96962	-1.5989534	1.3384265
4	403	-315.42813	-317.00243	-318.12824	-1.5742962	1.1258138
4	404	-416.02848	-416.91536	-417.22523	-0.88687149	0.30987901
4	405	-517.33645	-515.1463	-513.45894	2.1901502	-1.6873547
4	406	-344.91137	-345.01455	-347.44962	-0.10317472	2.4350663
4	407	-328.52654	-328.58783	-330.70549	-0.061287613	2.1176667
4	408	-352.34555	-352.66423	-351.02758	-0.31867537	-1.6366516
4	409	-266.80324	-269.31322	-269.1789	-2.5099832	-0.13432785
4	410	-314.84348	-316.88395	-317.18975	-2.0404645	0.30580285
4	411	-280.18365	-282.87179	-285.38859	-2.6881426	2.5167934
4	412	-432.83093	-434.2933	-433.23886	-1.4623683	-1.0544377
4	413	-379.72208	-379.57757	-380.7322	0.14450869	1.1546326
4	414	-275.51953	-275.19153	-277.08627	0.32800176	1.8947416
4	415	-272.42476	-276.79354	-279.09652	-4.3687775	2.3029783
4	416	-339.10185	-341.12153	-341.38232	-2.0196753	0.26079346
4	417	-316.90847	-317.62832	-320.94345	-0.71984297	3.3151311
4	418	-333.68812	-335.79839	-335.59592	-2.1102671	-0.20246806
4	419	-303.91614	-306.21156	-307.6274	-2.2954142	1.4158417
4	420	-330.69011	-332.3872	-334.69323	-1.6970866	2.3060369
4	421	-316.41574	-318.64306	-320.13884	-2.227315	1.4957879
4	422	-463.47277	-463.74847	-465.60084	-0.27569805	1.8523642
4	423	-271.99809	-275.82612	-276.72859	-3.8280255	0.90247944
4	424	-235.34837	-237.86792	-237.76371	-2.5195595	-0.10421493
4	425	-254.67181	-256.69661	-258.53556	-2.0248048	1.8389523
4	426	-340.33296	-341.70105	-341.27642	-1.3680928	-0.42462968
4	427	-343.35961	-343.72266	-343.84057	-0.36304663	0.11791044
4	428	-445.48869	-446.81348	-449.30439	-1.3247934	2.4909011
4	429	-213.37633	-216.03162	-218.86276	-2.655292	2.8311377
4	430	-313.81637	-314.48194	-315.46849	-0.66557421	0.98654478
4	431	-297.06928	-299.69234	-299.95479	-2.6230577	0.26244956
4	432	-338.13976	-341.35167	-341.38619	-3.2119091	0.034523251
4	433	-301.14215	-303.2658	-303.74152	-2.1236462	0.47572308
4	434	-241.24692	-244.63138	-246.94473	-3.3844587	2.3133503
4	435	-296.8584	-298.5777	-300.61681	-1.719298	2.0391097
4	436	-317.93635	-319.76183	-321.8286	-1.8254826	2.0667673
4	437	-335.11716	-337.36482	-338.21329	-2.2476541	0.84847324
4	438	-256.55088	-259.37341	-262.22718	-2.8225255	2.8537684
4	439	-397.48412	-398.93794	-397.60791	-1.4538188	-1.3300309
4	440	-355.03232	-356.92475	-356.98341	-1.8924309	0.058656189
4	441	-306.07426	-308.53167	-310.47151	-2.4574089	1.939835
4	442	-368.37511	-370.85987	-372.25729	-2.484765	1.3974185
4	443	-335.66833	-335.57548	-337.29099	0.09285317	1.715509
4	444	-208.64462	-210.50681	-212.54185	-1.8621839	2.0350406
4	445	-302.88092	-306.02495	-307.91683	-3.1440354	1.8918731
4	446	-333.19899	-335.41128	-335.99274	-2.212288	0.58145935
4	447	-297.37155	-300.0949	-301.80821	-2.7233501	1.7133074
4	448	-303.49087	-304.94961	-306.20094	-1.4587391	1.2513281
4	449	-372.64824	-374.03753	-374.26704	-1.3892838	0.22951653
4	450	-390.88103	-390.88766	-392.18251	-0.0066262036	1.2948477
4	451	-282.43444	-284.50872	-286.09215	-2.0742808	1.5834244
4	452	-337.46535	-339.06238	-340.87418	-1.597037	1.8118027
4	453	-429.06411	-432.06494	-433.34721	-3.0008356	1.2822642
4	454	-266.11588	-268.36233	-270.43637	-2.2464504	2.0740413
4	455	-308.21284	-311.48016	-311.59613	-3.2673217	0.11597386
4	456	-341.93126	-343.74281	-344.36398	-1.8115456	0.62116662
4	457	-235.34575	-237.53587	-239.23679	-2.1901241	1.7009217
4	458	-216.10177	-217.95676	-220.79086	-1.8549817	2.8341035
4	459	-338.17156	-341.03533	-342.05448	-2.8637647	1.0191569
4	460	-360.90438	-363.15222	-364.02166	-2.2478365	0.86944262
4	461	-240.68142	-243.17507	-245.91112	-2.4936558	2.7360448
4	462	-342.29792	-344.19993	-346.47697	-1.9020149	2.2770359
4	463	-381.70839	-383.51049	-385.97657	-1.8021031	2.4660746
4	464	-274.65402	-277.66057	-278.83675	-3.006548	1.1761771
4	465	-313.00286	-315.57926	-318.39285	-2.5763985	2.8135955
4	466	-429.32758	-430.15608	-429.06783	-0.82850254	-1.0882499
4	467	-317.13655	-319.1895	-320.64467	-2.0529503	1.4551706
4	468	-253.85073	-257.43738	-259.56671	-3.586657	2.1293252
4	469	-345.7759	-348.83531	-347.42308	-3.0594186	-1.4122386
4	470	-268.49037	-272.11884	-273.12026	-3.6284699	1.001422
4	471	-240.34718	-242.61626	-245.45136	-2.2690799	2.8350916
4	472	-255.88821	-257.72943	-260.32799	-1.8412121	2.598564
4	473	-322.8608	-324.48828	-328.1448	-1.6274837	3.6565136
4	474	-252.21374	-254.7247	-256.85907	-2.510963	2.1343661
4	475	-453.05236	-453.49159	-455.67032	-0.43922822	2.1787296
4	476	-393.4552	-395.29008	-396.05548	-1.8348736	0.76540612
4	477	-372.16435	-375.69919	-376.1941	-3.534837	0.49490955
4	478	-362.40312	-363.80686	-364.96528	-1.4037471	1.1584161
4	479	-252.35829	-255.76014	-255.85555	-3.4018427	0.095412656
4	480	-363.55739	-364.28513	-365.21132	-0.72773597	0.92619456
4	481	-270.06863	-272.26808	-273.16829	-2.1994502	0.90021618
4	482	-309.80439	-309.83612	-311.78486	-0.031725999	1.9487429
4	483	-339.33061	-342.1132	-342.9576	-2.7825834	0.84440708
4	484	-283.84149	-285.32023	-286.94233	-1.4787385	1.6221019
4	485	-236.53546	-239.88363	-243.0591	-3.3481694	3.1754695
4	486	-282.36793	-284.50615	-284.86829	-2.138219	0.36213576
4	487	-239.5061	-243.60518	-245.8813	-4.099077	2.2761211
4	488	-281.93177	-283.64313	-284.73253	-1.7113651	1.0893957
4	489	-308.14186	-311.46507	-310.20801	-3.3232029	-1.2570596
4	490	-308.58312	-309.72542	-311.17601	-1.1422947	1.4505962
4	491	-234.49592	-236.42778	-238.43501	-1.9318597	2.007236
4	492	-360.14367	-363.77288	-364.04092	-3.6292093	0.26804576
4	493	-266.79798	-268.73483	-270.06168	-1.9368587	1.3268433
4	494	-269.73333	-272.0634	-274.69533	-2.330073	2.6319259
4	495	-233.71318	-237.51144	-239.98228	-3.7982585	2.4708397
4	496	-310.42961	-313.2588	-314.0376	-2.8291945	0.77880155
4	497	-282.96148	-285.75361	-281.20874	-2.7921357	-4.5448766
4	498	-372.03813	-374.36996	-376.37824	-2.3318279	2.0082772
4	499	-389.80512	-393.14529	-393.25842	-3.340171	0.11312744
4	500	-325.51423	-326.25689	-326.51282	-0.74266609	0.25592335
4	501	-355.03129	-358.07891	-360.22561	-3.04762	2.1467027
4	502	-324.02938	-324.17794	-327.81074	-0.1485581	3.6328051
4	503	-316.43967	-318.48571	-319.99162	-2.0460341	1.5059153
4	504	-402.07277	-404.3785	-404.40033	-2.3057343	0.021826717
4	505	-324.91162	-327.2492	-328.56945	-2.3375798	1.3202475
4	506	-429.46204	-430.22775	-429.25484	-0.76570276	-0.97290586
4	507	-263.84319	-266.00786	-267.8455	-2.1646658	1.8376451
4	508	-282.15975	-283.19542	-286.40701	-1.0356663	3.2115933
4	509	-285.10873	-288.21831	-290.39961	-3.1095758	2.1813027
4	510	-206.41757	-209.15414	-212.63364	-2.7365765	3.479497
4	511	-313.01781	-315.02817	-315.6171	-2.0103629	0.58893011
4	512	-357.30751	-359.51743	-360.26283	-2.2099153	0.74540393
4	513	-220.74997	-223.68832	-224.24465	-2.9383537	0.55632974
4	514	-226.35023	-227.38701	-230.33683	-1.0367874	2.949815
4	515	-272.49334	-274.20163	-275.61364	-1.708284	1.4120161
4	516	-320.78957	-324.11448	-325.38868	-3.3249036	1.2742083
4	517	-456.31033	-456.99238	-458.95332	-0.68204898	1.960947
4	518	-285.6631	-287.77559	-288.72266	-2.1124974	0.94706037
4	519	-313.36097	-315.76304	-316.49322	-2.4020775	0.73017728
4	520	-380.66791	-382.07148	-384.0488	-1.4035643	1.977319
4	521	-347.66162	-350.41175	-352.62692	-2.7501347	2.2151659
4	522	-249.76715	-252.81057	-254.79556	-3.043418	1.984994
4	523	-190.04712	-192.86892	-195.62843	-2.8218012	2.7595127
4	524	-285.70967	-287.58607	-288.31665	-1.8764031	0.73057947
4	525	-273.93992	-276.40339	-278.36894	-2.4634716	1.9655516
4	526	-250.13876	-252.50087	-254.38104	-2.3621098	1.8801655
4	527	-318.66068	-320.62233	-321.09356	-1.9616456	0.47123735
4	528	-216.97978	-220.73383	-224.37232	-3.7540443	3.6384954
4	529	-360.32428	-362.31741	-363.58816	-1.9931357	1.270744
4	530	-252.29165	-254.8673	-257.11199	-2.5756541	2.244685
4	531	-323.41095	-324.52068	-326.19342	-1.1097339	1.6727408
4	532	-288.17991	-290.37684	-291.42118	-2.1969388	1.0443312
4	533	-218.28125	-222.20395	-224.57721	-3.9227006	2.3732575
4	534	-334.52306	-335.8428	-336.91782	-1.3197405	1.0750257
4	535	-257.6529	-260.66702	-263.69839	-3.0141202	3.0313661
4	536	-264.55697	-267.66717	-269.67864	-3.1102036	2.0114695
4	537	-303.61902	-306.01129	-305.31345	-2.3922637	-0.69783336
4	538	-321.74204	-324.75584	-324.5622	-3.0137956	-0.19363889
4	539	-360.71055	-361.00117	-361.54436	-0.29061196	0.54318986
4	540	-372.98034	-374.70205	-375.58511	-1.721715	0.88306101
4	541	-276.23566	-278.40608	-281.16259	-2.1704164	2.7565167
4	542	-342.68459	-343.20986	-344.21544	-0.52527251	1.0055776
4	543	-334.57619	-335.93961	-338.0013	-1.3634211	2.0616828
4	544	-273.20026	-275.75435	-278.40091	-2.5540851	2.6465661
4	545	-339.98182	-340.88233	-343.48684	-0.90051246	2.6045113
4	546	-336.8107	-337.0812	-337.87435	-0.27050194	0.79314679
4	547	-255.27531	-258.10356	-259.56769	-2.8282554	1.4641261
4	548	-251.66746	-253.49575	-255.057	-1.8282953	1.5612411
4	549	-296.39358	-299.62392	-299.75569	-3.2303446	0.13176813
4	550	-276.92339	-279.60364	-280.27735	-2.6802485	0.67371395
4	551	-317.14416	-319.38286	-319.26199	-2.2386953	-0.1208629
4	552	-244.70695	-246.71091	-248.93768	-2.0039571	2.2267696
4	553	-287.24276	-288.27851	-289.56116	-1.0357544	1.2826509
4	554	-315.14986	-317.5087	-318.14395	-2.3588319	0.63525034
4	555	-215.1103	-217.92873	-222.19802	-2.8184313	4.2692832
4	556	-246.86199	-249.27419	-249.77893	-2.4122011	0.5047424
4	557	-322.81383	-324.63314	-327.09966	-1.8193068	2.4665146
4	558	-333.09747	-334.79946	-335.70742	-1.7019854	0.90795601
4	559	-368.06155	-369.24442	-370.49288	-1.1828671	1.2484632
4	560	-305.23226	-306.48713	-308.55834	-1.2548719	2.0712106
4	561	-418.59007	-420.02602	-420.94021	-1.43595	0.91419045
4	562	-314.28076	-316.58413	-317.35531	-2.3033725	0.77117982
4	563	-328.55572	-328.97502	-329.98527	-0.419305	1.0102507
4	564	-278.40086	-280.55945	-281.14647	-2.1585962	0.58701997
4	565	-371.66364	-372.27563	-374.18715	-0.61199152	1.9115157
4	566	-270.3198	-273.07768	-274.43866	-2.7578715	1.360988
4	567	-350.75754	-351.91938	-353.6418	-1.1618381	1.7224203
4	568	-333.42857	-334.93575	-337.15954	-1.5071769	2.2237942
4	569	-294.70531	-297.30562	-301.56437	-2.6003162	4.2587453
4	570	-263.69708	-266.47411	-268.69304	-2.7770371	2.2189262
4	571	-279.78213	-282.28078	-283.07962	-2.4986494	0.79884166
4	572	-267.21001	-270.01024	-271.82848	-2.8002307	1.8182386
4	573	-278.9969	-280.20868	-281.56218	-1.2117819	1.3535004
4	574	-237.47714	-240.02236	-245.39528	-2.5452197	5.3729243
4	575	-224.85567	-226.98139	-226.6232	-2.125715	-0.35818768
4	576	-315.81168	-317.7861	-319.35538	-1.9744154	1.5692858
4	577	-319.561	-322.42429	-323.17337	-2.8632868	0.74908107
4	578	-304.12655	-306.90854	-307.99844	-2.7819869	1.0899024
4	579	-296.35649	-298.29238	-299.18392	-1.93589	0.89154064
4	580	-258.35943	-261.80855	-263.56989	-3.4491248	1.7613334
4	581	-390.91399	-391.55574	-392.27654	-0.64175116	0.72079977
4	582	-336.56388	-338.04754	-339.3641	-1.4836603	1.3165574
4	583	-292.65458	-295.84484	-298.37376	-3.1902547	2.528924
4	584	-314.96683	-317.4488	-317.84096	-2.4819707	0.39215632
4	585	-314.62153	-316.88608	-319.74168	-2.2645526	2.8555926
4	586	-228.15715	-231.69577	-235.34109	-3.5386132	3.6453228
4	587	-286.10237	-288.37895	-290.29212	-2.2765806	1.9131695
4	588	-299.3037	-301.80038	-304.25679	-2.4966813	2.4564053
4	589	-265.59795	-267.3336	-270.49166	-1.7356537	3.158063
4	590	-364.45792	-366.88139	-367.50383	-2.4234672	0.62243975
4	591	-310.12452	-311.58204	-313.73519	-1.457523	2.1531478
4	592	-315.68393	-317.78205	-318.38582	-2.0981227	0.60376423
4	593	-233.5663	-235.71214	-236.80974	-2.145842	1.0976014
4	594	-313.31056	-316.16775	-315.7853	-2.8571956	-0.38245541
4	595	-240.57743	-242.92006	-244.7915	-2.3426246	1.8714405
4	596	-258.03077	-260.40042	-261.47469	-2.3696448	1.0742745
4	597	-327.53344	-329.24999	-331.00033	-1.716551	1.7503421
4	598	-257.50273	-260.25704	-262.536	-2.7543045	2.2789654
4	599	-345.24512	-347.143	-348.85184	-1.897883	1.7088399
4	600	-282.45906	-283.79149	-285.12767	-1.3324225	1.3361855
4	601	-240.13226	-242.81753	-245.30827	-2.6852699	2.4907403
4	602	-295.62346	-299.2976	-298.82819	-3.6741395	-0.46940519
4	603	-322.81465	-325.09352	-326.2041	-2.2788709	1.1105846
4	604	-313.42414	-315.82574	-317.92671	-2.4016093	2.1009675
4	605	-318.39879	-320.05826	-321.59019	-1.6594716	1.5319314
4	606	-298.29739	-300.09557	-302.53306	-1.7981855	2.4374931
4	607	-228.47372	-231.22744	-231.70923	-2.753727	0.48178155
4	608	-226.33033	-228.25196	-231.81629	-1.9216244	3.5643323
4	609	-233.89253	-236.36726	-240.14209	-2.4747264	3.7748316
4	610	-263.25201	-266.17121	-268.2267	-2.9191983	2.0554923
4	611	-229.64379	-232.65953	-235.91088	-3.0157388	3.251355
4	612	-399.57334	-401.80929	-400.19273	-2.2359489	-1.6165617
4	613	-264.58832	-264.8805	-265.76684	-0.29217945	0.88634412
4	614	-341.53239	-344.66688	-345.77373	-3.1344906	1.1068522
4	615	-388.56211	-390.57382	-390.7312	-2.0117091	0.15738584
4	616	-258.12468	-260.87944	-262.54192	-2.7547582	1.6624813
4	617	-255.91952	-258.65899	-258.71925	-2.739475	0.060255971
4	618	-421.23347	-423.21846	-422.68906	-1.9849846	-0.52939943
4	619	-228.01358	-231.63804	-233.57102	-3.6244668	1.9329803
4	620	-429.85601	-429.70707	-431.62164	0.14893921	1.914565
4	621	-268.03375	-270.22959	-271.03829	-2.1958436	0.80869885
4	622	-216.23804	-218.8141	-220.4804	-2.5760673	1.6662997
4	623	-367.02174	-369.91742	-371.04517	-2.8956775	1.1277479
4	624	-309.03588	-311.99797	-313.22852	-2.9620813	1.2305536
4	625	-315.23653	-317.96769	-319.78383	-2.731158	1.8161387
4	626	-403.99743	-404.95786	-407.0662	-0.96042441	2.1083404
4	627	-270.04687	-272.46821	-273.85517	-2.4213392	1.3869593
4	628	-388.5124	-390.90248	-391.08323	-2.390084	0.18075306
4	629	-343.90222	-346.11918	-348.2422	-2.2169599	2.1230213
4	630	-511.36958	-510.70965	-513.25267	0.65992777	2.5430193
4	631	-338.16718	-339.27004	-341.59264	-1.1028608	2.3226015
4	632	-394.16846	-395.687	-394.70323	-1.5185353	-0.98376803
4	633	-319.08014	-321.24391	-322.37334	-2.1637756	1.1294236
4	634	-276.56516	-279.81447	-282.05599	-3.2493077	2.2415191
4	635	-379.69305	-381.49436	-380.94283	-1.8013138	-0.55153563
4	636	-279.45464	-281.67317	-282.50626	-2.2185277	0.83309212
4	637	-344.97424	-346.86369	-347.78336	-1.8894507	0.91967364
4	638	-262.82685	-266.08509	-268.13961	-3.2582352	2.0545178
4	639	-221.31461	-223.99505	-226.06312	-2.680436	2.0680729
4	640	-283.79058	-286.15706	-289.05117	-2.3664754	2.8941136
4	641	-343.93376	-346.33189	-347.86975	-2.3981278	1.5378625
4	642	-349.85342	-351.3223	-352.33119	-1.4688822	1.0088952
4	643	-395.46781	-396.67891	-397.64884	-1.2110987	0.96992283
4	644	-503.4206	-504.90034	-502.97335	-1.4797412	-1.9269952
4	645	-458.57824	-460.02985	-460.42622	-1.4516107	0.39636993
4	646	-243.40655	-246.09491	-248.36076	-2.6883539	2.2658526
4	647	-406.77527	-408.88092	-409.24891	-2.1056462	0.36799042
4	648	-307.50144	-308.25085	-309.18046	-0.7494063	0.92961167
4	649	-359.61213	-361.84324	-361.98983	-2.2311078	0.14658896
4	650	-264.68523	-267.77802	-268.5255	-3.092792	0.74747847
4	651	-307.75881	-309.48089	-312.51088	-1.7220794	3.0299836
4	652	-278.54619	-280.32352	-282.52955	-1.7773371	2.206028
4	653	-383.74709	-385.14982	-384.59891	-1.4027291	-0.55090375
4	654	-259.8086	-262.01972	-264.27638	-2.2111146	2.2566683
4	655	-284.59486	-287.13322	-288.86995	-2.5383579	1.7367336
4	656	-306.04351	-307.56443	-309.47511	-1.5209203	1.910686
4	657	-421.98101	-421.74035	-425.81014	0.2406555	4.0697844
4	658	-229.22019	-232.98383	-236.89478	-3.763642	3.9109519
4	659	-298.88416	-299.03266	-300.69295	-0.14850516	1.6602862
4	660	-317.74742	-318.01595	-319.7192	-0.26853172	1.7032534
4	661	-293.78264	-295.43505	-297.249	-1.6524053	1.8139468
4	662	-330.24715	-332.55438	-333.20855	-2.3072351	0.65416945
4	663	-358.69838	-360.29936	-361.43734	-1.6009819	1.1379769
4	664	-434.07166	-436.05712	-437.44494	-1.9854621	1.3878198
4	665	-407.6855	-409.26887	-411.22148	-1.5833759	1.9526046
4	666	-263.78194	-265.46805	-266.89449	-1.6861159	1.4264313
4	667	-406.7417	-408.26854	-408.56987	-1.5268355	0.30132907
4	668	-284.91525	-287.23958	-285.7067	-2.3243229	-1.5328792
4	669	-250.5043	-252.99549	-256.30598	-2.4911928	3.3104962
4	670	-257.84763	-260.69682	-263.24225	-2.8491885	2.5454315
4	671	-610.2443	-610.23176	-609.46935	0.012541647	-0.76240671
4	672	-249.51452	-251.67566	-253.99523	-2.1611395	2.3195688
4	673	-381.40256	-383.1859	-384.58751	-1.7833439	1.4016094
4	674	-373.25883	-376.43304	-377.19249	-3.1742151	0.75944313
4	675	-337.12369	-338.91189	-341.19953	-1.7882076	2.287632
4	676	-334.03043	-334.17786	-334.192	-0.14742604	0.01414128
4	677	-399.23353	-401.17367	-402.21376	-1.9401364	1.0400911
4	678	-296.3357	-298.73518	-299.91691	-2.3994719	1.1817381
4	679	-294.20864	-295.38337	-297.66619	-1.1747296	2.282821
4	680	-317.94885	-321.02101	-321.19322	-3.0721539	0.17221336
4	681	-474.32336	-474.58464	-476.02552	-0.26128626	1.4408815
4	682	-380.25283	-381.22392	-383.04565	-0.9710944	1.8217263
4	683	-241.8563	-244.13486	-244.9957	-2.2785594	0.86083646
4	684	-376.28127	-376.53232	-378.97034	-0.25104769	2.4380209
4	685	-345.24917	-346.37237	-346.59908	-1.1231952	0.22671324
4	686	-168.56751	-171.60997	-177.6788	-3.0424626	6.0688274
4	687	-271.64077	-274.38912	-275.5907	-2.7483496	1.2015793
4	688	-379.53725	-381.63513	-383.07369	-2.0978799	1.4385557
4	689	-337.59229	-340.27703	-340.25701	-2.6847384	-0.020020953
4	690	-401.20197	-402.68407	-403.76632	-1.4820973	1.0822488
4	691	-347.0586	-344.46861	-346.14492	2.5899981	1.6763137
4	692	-324.14423	-326.99068	-328.97641	-2.8464471	1.9857296
4	693	-536.38893	-535.88952	-534.12691	0.49940765	-1.7626105
4	694	-350.725	-352.89196	-353.57683	-2.1669604	0.68487174
4	695	-276.38233	-278.73526	-280.69273	-2.352937	1.9574666
4	696	-390.52373	-391.71644	-394.18821	-1.192713	2.4717728
4	697	-314.1797	-315.29679	-316.04045	-1.1170877	0.74365876
4	698	-271.06338	-273.60278	-274.17846	-2.5393965	0.57568548
4	699	-274.36918	-276.89493	-277.80774	-2.5257486	0.91281458
4	700	-183.01865	-185.94667	-188.5918	-2.9280228	2.6451271
4	701	-245.49779	-248.4285	-250.2532	-2.9307063	1.8247051
4	702	-278.10977	-281.2339	-282.93601	-3.1241313	1.7021066
4	703	-264.67272	-268.15145	-271.99909	-3.4787363	3.8476409
4	704	-300.72386	-303.5428	-303.95577	-2.818938	0.41297078
4	705	-379.10796	-381.44999	-381.70172	-2.3420334	0.25172421
4	706	-397.35667	-398.68461	-400.0515	-1.3279401	1.3668937
4	707	-345.89975	-348.20217	-349.03867	-2.3024264	0.83650101
4	708	-261.21194	-263.32933	-265.09614	-2.1173853	1.7668179
4	709	-219.51732	-221.7897	-223.04731	-2.2723807	1.2576031
4	710	-396.58413	-399.00296	-399.15485	-2.4188315	0.15189577
4	711	-239.03626	-242.19164	-244.28381	-3.1553849	2.0921704
4	712	-422.38952	-424.33778	-425.74973	-1.9482598	1.4119509
4	713	-277.92092	-280.47952	-282.921	-2.5585907	2.4414832
4	714	-323.46603	-325.95906	-326.55642	-2.4930292	0.5973593
4	715	-245.88737	-248.24131	-249.91846	-2.3539386	1.6771541
4	716	-237.10659	-240.62811	-241.85267	-3.5215154	1.2245585
4	717	-278.44429	-279.75053	-281.86332	-1.3062425	2.1127866
4	718	-387.50257	-389.48274	-391.42775	-1.9801647	1.9450122
4	719	-269.59554	-272.07484	-275.52663	-2.4793056	3.4517877
4	720	-379.73942	-381.1948	-381.88297	-1.4553887	0.68816334
4	721	-323.78533	-326.49917	-328.03762	-2.7138335	1.538459
4	722	-226.50579	-228.0447	-231.4749	-1.5389093	3.4301995
4	723	-303.72625	-305.78872	-305.38768	-2.0624638	-0.40103785
4	724	-294.95829	-296.80421	-298.00584	-1.8459201	1.2016351
4	725	-317.82162	-318.79366	-322.4242	-0.97203902	3.6305376
4	726	-396.62224	-394.50373	-398.07328	2.118515	3.5695494
4	727	-313.09569	-314.08007	-315.34875	-0.98438439	1.2686774
4	728	-347.43131	-345.04196	-346.8477	2.3893495	1.8057342
4	729	-303.68045	-304.56865	-307.74669	-0.88820278	3.1780359
4	730	-345.47759	-348.36534	-349.38192	-2.8877542	1.0165765
4	731	-231.929	-234.58914	-237.39535	-2.6601466	2.8062084
4	732	-332.35717	-335.32932	-334.43199	-2.9721526	-0.89733022
4	733	-330.71372	-333.4888	-334.16626	-2.7750871	0.67745944
4	734	-341.39538	-342.40242	-343.03166	-1.0070429	0.62923729
4	735	-230.62188	-232.83317	-235.70416	-2.2112838	2.87099
4	736	-350.57861	-351.989	-353.47922	-1.4103843	1.4902188
4	737	-272.44812	-275.23632	-279.2606	-2.7882031	4.0242723
4	738	-217.59986	-219.63311	-222.23741	-2.0332503	2.6042956
4	739	-325.15322	-327.36843	-327.32378	-2.2152018	-0.044646065
4	740	-266.45454	-267.24367	-268.79402	-0.78912722	1.5503574
4	741	-352.62823	-354.8241	-356.33133	-2.1958733	1.5072336
4	742	-316.4275	-318.20297	-319.05386	-1.7754715	0.85088496
4	743	-289.34425	-292.15931	-294.16213	-2.8150614	2.0028199
4	744	-357.47401	-356.3495	-356.82815	1.1245065	0.47864296
4	745	-425.48982	-427.18438	-429.44593	-1.6945617	2.2615439
4	746	-356.93296	-359.36174	-360.09849	-2.4287813	0.73674915
4	747	-309.10899	-310.6938	-313.34378	-1.5848158	2.6499779
4	748	-274.00668	-276.51659	-278.18049	-2.5099142	1.6639009
4	749	-376.94206	-376.9299	-377.64266	0.012160507	0.71275953
4	750	-279.35674	-277.63863	-281.33224	1.7181058	3.6936087
4	751	-455.0881	-455.05428	-453.14016	0.033816624	-1.9141212
4	752	-287.84733	-290.72358	-291.32129	-2.8762527	0.59770139
4	753	-320.97279	-323.79712	-324.9322	-2.8243292	1.1350849
4	754	-316.15241	-318.50971	-319.76236	-2.3572988	1.2526532
4	755	-368.86703	-368.4948	-369.98498	0.37223579	1.4901842
4	756	-330.66575	-332.65235	-333.66908	-1.9866033	1.0167279
4	757	-337.67962	-338.5125	-339.57994	-0.83287837	1.0674356
4	758	-301.31841	-303.35351	-304.34231	-2.0351031	0.98879194
4	759	-305.62921	-307.20167	-307.86221	-1.5724621	0.66053687
4	760	-363.42599	-365.11445	-366.43565	-1.688461	1.3211976
4	761	-350.45474	-351.54495	-354.21989	-1.090206	2.6749444
4	762	-306.26493	-306.41678	-307.39609	-0.15184525	0.97931156
4	763	-287.26755	-291.24958	-292.65413	-3.9820276	1.4045454
4	764	-450.08217	-451.18593	-452.30035	-1.1037589	1.1144138
4	765	-331.73445	-331.74249	-333.67682	-0.0080383158	1.934334
4	766	-292.00737	-294.36965	-296.89029	-2.36228	2.520633
4	767	-263.33547	-265.98337	-267.22991	-2.6478947	1.2465482
4	768	-350.90607	-352.95224	-354.55143	-2.0461635	1.599197
4	769	-294.08458	-297.04899	-299.53555	-2.9644112	2.4865579
4	770	-294.60518	-295.40413	-296.91242	-0.79894902	1.5082966
4	771	-321.28827	-322.77525	-325.71705	-1.4869801	2.9417911
4	772	-313.36669	-316.04089	-317.89641	-2.674197	1.8555166
4	773	-332.70411	-333.91168	-334.54756	-1.2075685	0.63587487
4	774	-408.04411	-408.67765	-410.06491	-0.63353601	1.3872626
4	775	-342.64138	-342.70418	-346.53613	-0.062794917	3.8319505
4	776	-308.95124	-310.39767	-310.62754	-1.446431	0.22986855
4	777	-291.42641	-293.46243	-294.97429	-2.0360181	1.5118674
4	778	-213.59537	-216.39028	-219.36119	-2.7949124	2.9709106
4	779	-438.98751	-439.04781	-439.87851	-0.06029928	0.83070429
4	780	-254.53689	-257.21024	-258.51861	-2.6733488	1.3083652
4	781	-196.64403	-198.0443	-199.68562	-1.4002744	1.6413203
4	782	-470.14545	-470.16891	-469.55812	-0.023460505	-0.61079234
4	783	-257.09672	-259.45729	-261.55115	-2.360572	2.0938567
4	784	-323.11974	-327.98248	-330.32968	-4.8627455	2.3471972
4	785	-331.99178	-333.67702	-335.18219	-1.68524	1.5051781
4	786	-279.70281	-280.18823	-280.37468	-0.48542774	0.18645036
4	787	-332.10861	-333.45086	-328.27892	-1.3422478	-5.1719344
4	788	-363.30865	-364.93613	-364.29944	-1.6274758	-0.63669099
4	789	-313.44876	-316.42034	-316.42168	-2.971577	0.0013380617
4	790	-365.08508	-362.97582	-364.12753	2.109256	1.1517082
4	791	-332.30337	-334.01382	-334.3407	-1.7104449	0.32687962
4	792	-318.691	-320.57146	-320.97997	-1.8804594	0.40851312
4	793	-245.99903	-249.6167	-253.08006	-3.6176647	3.4633638
4	794	-359.98092	-362.29288	-364.00281	-2.3119595	1.7099291
4	795	-309.02592	-310.44407	-311.69885	-1.4181488	1.2547826
4	796	-251.36553	-253.04769	-254.42268	-1.6821642	1.3749874
4	797	-308.90664	-310.74106	-312.60245	-1.8344174	1.8613904
4	798	-368.33827	-369.37668	-370.72995	-1.0384095	1.3532617
4	799	-375.61019	-375.20758	-377.82387	0.40260874	2.6162868
4	800	-296.2651	-297.74508	-300.25964	-1.4799787	2.5145675
4	801	-262.82123	-264.54829	-267.45289	-1.7270566	2.9046013
4	802	-341.84515	-344.15189	-346.93913	-2.306738	2.7872421
4	803	-312.18427	-314.25014	-314.21617	-2.0658737	-0.033973383
4	804	-250.38972	-253.42917	-254.43847	-3.0394541	1.0092937
4	805	-278.30799	-281.5995	-282.17498	-3.2915054	0.57548387
4	806	-303.52475	-303.75766	-307.28568	-0.23290949	3.5280269
4	807	-278.4819	-279.04317	-281.16374	-0.5612701	2.1205687
4	808	-304.00929	-306.48256	-307.72911	-2.4732723	1.2465513
4	809	-220.31427	-223.84807	-228.02534	-3.533799	4.1772694
4	810	-219.05769	-221.90061	-224.84581	-2.8429173	2.9451983
4	811	-494.77677	-494.55568	-495.5822	0.22108386	1.026516
4	812	-271.88349	-274.4028	-276.11412	-2.5193023	1.7113253
4	813	-403.97205	-406.93281	-405.4973	-2.96076	-1.4355076
4	814	-314.16574	-316.87671	-316.77185	-2.7109732	-0.10486265
4	815	-180.34124	-183.28573	-187.7778	-2.9444858	4.4920708
4	816	-386.28297	-388.10812	-389.33249	-1.8251467	1.2243735
4	817	-313.19534	-315.79304	-317.61429	-2.5976974	1.8212511
4	818	-323.08076	-326.34957	-327.10426	-3.2688032	0.7546945
4	819	-235.83991	-239.89453	-243.70436	-4.054613	3.8098295
4	820	-207.799	-210.34632	-213.8095	-2.5473241	3.463182
4	821	-460.51925	-463.315	-462.81313	-2.795748	-0.50186403
4	822	-348.88106	-350.67109	-349.55079	-1.7900227	-1.1202952
4	823	-409.09714	-409.78238	-410.52044	-0.68524879	0.73805191
4	824	-357.67376	-354.25772	-356.80189	3.4160384	2.5441666
4	825	-476.2804	-478.0344	-478.77942	-1.7539945	0.74502201
4	826	-269.89681	-273.05417	-274.74728	-3.1573615	1.6931118
4	827	-335.92533	-338.32423	-338.83525	-2.3989012	0.51102125
4	828	-267.78015	-271.15798	-273.11401	-3.3778275	1.9560274
4	829	-309.75166	-312.03843	-313.16345	-2.2867711	1.1250202
4	830	-344.61955	-345.39097	-346.63009	-0.77142318	1.2391163
4	831	-419.05175	-419.24174	-420.78623	-0.18998942	1.5444919
4	832	-345.96897	-348.05538	-350.33493	-2.086412	2.2795425
4	833	-348.4743	-350.91498	-354.20591	-2.4406823	3.2909304
4	834	-254.55623	-256.76841	-257.88628	-2.2121752	1.1178729
4	835	-306.88828	-308.67938	-310.60878	-1.7911036	1.9294057
4	836	-276.318	-279.02606	-280.46486	-2.7080689	1.4387973
4	837	-268.35281	-268.87466	-270.99292	-0.52185107	2.11826
4	838	-279.23586	-280.10583	-282.12894	-0.86996484	2.0231165
4	839	-335.29558	-337.30275	-337.54728	-2.0071677	0.24453063
4	840	-374.74393	-376.04133	-376.94754	-1.2973966	0.90621573
4	841	-435.6408	-438.59374	-438.78274	-2.9529449	0.18899373
4	842	-322.92038	-325.53994	-324.43395	-2.6195512	-1.1059823
4	843	-321.49647	-323.0197	-323.92605	-1.5232237	0.90635277
4	844	-275.46221	-277.01977	-278.65674	-1.5575584	1.6369681
4	845	-272.16743	-274.55559	-276.63064	-2.38816	2.0750457
4	846	-355.34388	-356.14714	-358.00236	-0.80325979	1.8552119
4	847	-333.79831	-336.08802	-339.02745	-2.2897027	2.9394362
4	848	-356.78359	-358.90914	-359.90427	-2.1255505	0.99513174
4	849	-320.9362	-323.3373	-325.08737	-2.4011005	1.7500643
4	850	-220.0393	-222.46632	-223.10981	-2.4270179	0.64348985
4	851	-330.61016	-332.61392	-333.85382	-2.0037652	1.2398957
4	852	-481.16901	-483.2213	-483.10392	-2.0522931	-0.11737815
4	853	-357.66989	-358.88525	-359.80961	-1.2153686	0.92435485
4	854	-267.97231	-270.43491	-270.94548	-2.4626021	0.51056499
4	855	-262.89514	-264.85793	-267.11461	-1.9627911	2.2566835
4	856	-336.77675	-339.04328	-340.08529	-2.2665365	1.042004
4	857	-274.07098	-275.73157	-277.55823	-1.6605833	1.8266637
4	858	-318.03969	-320.63622	-321.75642	-2.5965365	1.1201955
4	859	-239.206	-242.20438	-243.30779	-2.9983814	1.103408
4	860	-292.02372	-293.70952	-294.62726	-1.6858022	0.91774399
4	861	-345.61991	-346.94013	-347.80337	-1.3202163	0.86324678
4	862	-275.1226	-278.0577	-280.56542	-2.9350951	2.5077247
4	863	-291.66286	-293.88637	-295.26046	-2.2235057	1.3740923
4	864	-285.59091	-288.79475	-292.07267	-3.2038422	3.2779203
4	865	-427.4223	-429.11446	-427.41755	-1.692162	-1.6969111
4	866	-333.22682	-334.52966	-336.45316	-1.3028418	1.9235035
4	867	-312.77876	-315.16925	-316.78414	-2.3904881	1.6148957
4	868	-432.60077	-436.91509	-430.37546	-4.3143115	-6.5396302
4	869	-250.18837	-251.8206	-254.43673	-1.6322239	2.6161337
4	870	-241.85993	-245.33363	-247.95803	-3.4737005	2.6243983
4	871	-305.63198	-308.65037	-310.81879	-3.0183875	2.1684219
4	872	-252.57732	-255.20203	-256.43658	-2.6247116	1.2345454
4	873	-263.70139	-265.36747	-267.47874	-1.6660793	2.1112705
4	874	-362.1453	-364.67136	-363.10203	-2.5260639	-1.5693303
4	875	-413.74799	-414.78054	-414.35706	-1.0325531	-0.42347918
4	876	-283.96883	-286.52076	-288.20833	-2.5519288	1.6875718
4	877	-292.25393	-294.1372	-296.62422	-1.8832783	2.4870175
4	878	-255.80932	-259.12006	-260.87846	-3.3107368	1.7584057
4	879	-304.59779	-305.66093	-307.2593	-1.0631379	1.5983725
4	880	-379.64969	-382.24102	-381.61697	-2.591337	-0.62405643
4	881	-278.85728	-280.73241	-281.92357	-1.8751246	1.1911612
4	882	-263.0649	-266.83721	-271.45419	-3.772307	4.6169853
4	883	-228.35977	-231.4472	-232.38283	-3.0874253	0.93563332
4	884	-261.27987	-263.51664	-264.58791	-2.2367654	1.0712664
4	885	-222.83957	-225.95534	-229.06039	-3.1157746	3.1050452
4	886	-294.57205	-297.03494	-300.23594	-2.4628902	3.2009968
4	887	-263.0135	-265.78211	-268.72099	-2.768611	2.9388805
4	888	-312.26658	-310.16949	-313.88552	2.0970903	3.7160289
4	889	-222.14531	-224.71544	-226.34319	-2.5701214	1.6277509
4	890	-363.09109	-365.88597	-366.25682	-2.7948822	0.37085332
4	891	-417.53495	-420.07014	-419.26718	-2.5351927	-0.80296616
4	892	-248.38812	-251.75856	-255.2302	-3.370434	3.4716422
4	893	-362.98782	-365.59987	-364.16193	-2.6120486	-1.4379371
4	894	-330.97043	-330.67715	-333.07657	0.29327798	2.3994198
4	895	-408.42184	-410.35732	-411.06527	-1.9354781	0.70794835
4	896	-266.24052	-266.93741	-270.46526	-0.69688684	3.5278482
4	897	-369.0496	-369.79681	-373.21434	-0.74721134	3.4175329
4	898	-269.50517	-271.46625	-272.90941	-1.9610764	1.4431574
4	899	-254.69623	-255.09174	-261.38334	-0.39550278	6.2916057
4	900	-379.77216	-381.67103	-382.0277	-1.8988691	0.35667455
4	901	-388.57656	-390.77278	-390.91453	-2.196224	0.14174857
4	902	-369.25493	-371.38251	-370.99196	-2.1275801	-0.39055635
4	903	-400.93129	-399.44792	-402.17244	1.4833674	2.7245213
4	904	-289.49096	-291.70933	-293.99728	-2.2183665	2.2879591
4	905	-313.06766	-314.87643	-315.86134	-1.8087708	0.98491008
4	906	-374.224	-375.31031	-375.46968	-1.0863125	0.1593733
4	907	-275.79864	-278.45469	-281.17742	-2.6560447	2.7227321
4	908	-395.21653	-396.58035	-396.76413	-1.3638245	0.18377791
4	909	-391.98717	-393.59591	-394.79651	-1.6087383	1.2006025
4	910	-366.73989	-366.35577	-366.78537	0.38411925	0.4295999
4	911	-373.12034	-375.71092	-376.94613	-2.5905774	1.2352152
4	912	-321.39152	-321.05005	-324.28061	0.3414711	3.2305639
4	913	-252.817	-255.28609	-257.28582	-2.4690925	1.9997304
4	914	-320.04619	-322.24358	-323.72926	-2.1973822	1.4856858
4	915	-272.39097	-274.63784	-276.14746	-2.2468713	1.5096226
4	916	-446.59645	-448.52857	-447.54353	-1.9321189	-0.98503935
4	917	-266.87255	-269.70626	-271.13355	-2.8337062	1.4272931
4	918	-403.24393	-405.76786	-405.76689	-2.5239355	-0.00096880827
4	919	-260.75091	-262.41809	-264.61542	-1.6671722	2.1973358
4	920	-294.84849	-296.24958	-299.48004	-1.4010912	3.2304529
4	921	-254.97764	-257.44266	-258.65896	-2.4650265	1.2162965
4	922	-309.32692	-311.73987	-313.52562	-2.4129492	1.7857592
4	923	-319.27855	-320.72022	-321.97553	-1.4416627	1.2553188
4	924	-243.55639	-246.17931	-248.50258	-2.622918	2.3232695
4	925	-397.74817	-399.29527	-400.17052	-1.5471019	0.87524981
4	926	-346.98644	-348.20464	-350.35404	-1.2182042	2.149405
4	927	-354.22635	-355.73952	-357.04246	-1.5131707	1.3029384
4	928	-305.3917	-307.15324	-307.55133	-1.7615384	0.39809152
4	929	-343.54891	-343.59974	-345.52418	-0.050827947	1.9244398
4	930	-294.94822	-296.60399	-298.26326	-1.6557765	1.6592662
4	931	-371.89269	-375.31417	-375.22122	-3.4214722	-0.09294638
4	932	-329.87958	-331.26759	-333.74013	-1.3880103	2.472533
4	933	-375.46431	-377.02129	-378.31374	-1.5569748	1.2924514
4	934	-229.63541	-231.37194	-233.43604	-1.7365317	2.0641009
4	935	-279.79335	-283.26078	-284.35675	-3.4674269	1.0959669
4	936	-325.11874	-327.45636	-328.37215	-2.3376261	0.91578508
4	937	-271.89777	-274.20304	-276.88684	-2.3052683	2.6837971
4	938	-343.602	-346.30675	-347.28446	-2.7047469	0.97770981
4	939	-264.47892	-266.92729	-269.45521	-2.4483687	2.5279163
4	940	-300.32197	-303.94039	-304.23296	-3.618416	0.292567
4	941	-433.16619	-435.32054	-433.94045	-2.15435	-1.3800855
4	942	-386.2338	-387.01668	-385.4176	-0.78288124	-1.5990829
4	943	-304.76374	-305.63917	-306.5408	-0.87542661	0.90163595
4	944	-289.75134	-291.35176	-293.3596	-1.6004129	2.0078461
4	945	-284.38756	-285.46451	-286.78032	-1.0769451	1.3158174
4	946	-356.53415	-358.13469	-358.95337	-1.6005404	0.81867501
4	947	-314.69626	-314.68938	-317.49573	0.0068806149	2.8063429
4	948	-312.92128	-314.74612	-315.19976	-1.8248384	0.45364162
4	949	-349.47469	-351.14593	-352.66475	-1.671247	1.5188201
4	950	-204.11419	-207.08537	-210.01716	-2.9711782	2.9317894
4	951	-319.90169	-322.12827	-323.70731	-2.2265756	1.5790416
4	952	-352.24129	-354.80719	-354.87786	-2.5658993	0.070675352
4	953	-387.12663	-389.57568	-388.99974	-2.4490526	-0.5759401
4	954	-249.97096	-253.65262	-255.98887	-3.6816593	2.3362504
4	955	-225.25243	-227.43664	-230.32706	-2.1842139	2.8904197
4	956	-303.79702	-305.4809	-307.55699	-1.6838841	2.0760835
4	957	-240.65669	-242.2848	-244.05394	-1.6281111	1.769136
4	958	-266.94488	-270.77633	-273.65065	-3.83145	2.8743202
4	959	-365.37306	-365.24322	-365.66193	0.12984144	0.41871014
4	960	-304.35897	-306.66433	-307.60318	-2.3053547	0.93884991
4	961	-225.93304	-229.32722	-229.18898	-3.3941797	-0.13823256
4	962	-405.22331	-404.67362	-407.79436	0.54968877	3.1207388
4	963	-272.06495	-274.63765	-273.28257	-2.572701	-1.3550846
4	964	-309.65286	-310.33157	-310.92077	-0.67871015	0.58919571
4	965	-250.56593	-252.99545	-255.06375	-2.4295178	2.0683052
4	966	-283.17853	-284.31816	-285.10716	-1.1396297	0.78900487
4	967	-279.78465	-282.2875	-284.23077	-2.5028492	1.9432754
4	968	-403.88661	-406.50693	-405.87237	-2.6203242	-0.63456677
4	969	-309.27821	-311.08738	-311.81206	-1.8091658	0.72468261
4	970	-329.07588	-332.59837	-332.96014	-3.5224867	0.36177069
4	971	-238.65737	-242.02044	-244.93187	-3.3630713	2.9114292
4	972	-368.43352	-369.88514	-370.35596	-1.4516204	0.47082888
4	973	-271.27717	-274.03202	-274.24451	-2.7548455	0.21249793
4	974	-319.53045	-321.75217	-324.5261	-2.2217195	2.7739298
4	975	-381.52081	-383.01037	-383.8388	-1.4895555	0.82843207
4	976	-303.20767	-305.1705	-307.78015	-1.9628273	2.6096505
4	977	-268.0443	-270.38059	-271.24224	-2.33629	0.86165444
4	978	-267.52068	-270.01317	-272.687	-2.4924881	2.6738338
4	979	-284.91011	-287.4208	-287.57872	-2.5106908	0.15792614
4	980	-314.24751	-314.79081	-317.81311	-0.54330659	3.0222931
4	981	-270.06233	-270.38526	-272.52973	-0.32293362	2.1444682
4	982	-286.66458	-289.83296	-291.08006	-3.1683816	1.2470959
4	983	-281.79438	-284.05187	-284.73229	-2.2574916	0.68041939
4	984	-400.41341	-401.0318	-401.55134	-0.6183878	0.51953907
4	985	-296.05124	-299.19445	-300.53228	-3.1432053	1.3378369
4	986	-271.13965	-273.57584	-273.60242	-2.4361926	0.026583108
4	987	-381.64855	-381.19091	-382.70213	0.45763769	1.5112232
4	988	-270.29077	-273.27122	-273.28338	-2.9804473	0.012161541
4	989	-455.44481	-454.88385	-456.84257	0.56096011	1.9587194
4	990	-244.86642	-247.6583	-249.02476	-2.7918827	1.3664528
4	991	-410.02779	-413.5032	-410.46675	-3.4754038	-3.0364434
4	992	-264.32709	-267.44769	-270.65289	-3.1205966	3.2052029
4	993	-311.77938	-313.96325	-314.82535	-2.1838763	0.86209981
4	994	-313.08781	-313.79066	-315.66102	-0.70284225	1.8703618
4	995	-292.37713	-294.27484	-295.11126	-1.8977081	0.83642132
4	996	-356.15087	-358.53301	-360.3969	-2.382134	1.8638924
4	997	-338.47778	-340.18698	-340.69353	-1.7092061	0.50655315
4	998	-354.07952	-354.49903	-356.51299	-0.41951157	2.0139541
4	999	-469.50755	-470.1677	-471.72273	-0.66014962	1.5550293
