No.	ID	loglik_Null	loglik_Acc	loglik_Full	logBF1	logBF2	loglik_Max_M0	loglik_Max_M1	loglik_Max_M2
0	0	-381.0148	-369.94927	-364.44172	11.065527	-5.5075555	-366.80617	-363.09495	-354.52717
1	1	-455.11754	-453.37199	-434.01942	1.7455527	-19.352575	-440.58419	-436.77848	-426.55071
2	2	-605.12948	-596.57496	-559.81524	8.5545181	-36.759723	-590.65778	-580.1421	-552.86656
3	3	-417.70838	-412.78027	-404.69837	4.9281192	-8.0818976	-403.83788	-404.6276	-397.3035
4	4	-733.66947	-703.97553	-674.30999	29.693943	-29.665542	-720.28222	-691.3879	-659.79496
5	5	-463.85236	-463.72823	-444.15669	0.1241261	-19.571541	-449.41371	-448.40298	-436.45
6	6	-450.09078	-446.8231	-431.49612	3.2676758	-15.326983	-437.70424	-430.97068	-416.83916
7	7	-420.31648	-404.08372	-400.74752	16.23276	-3.3362012	-405.38724	-384.8039	-385.23741
8	8	-533.78181	-523.57208	-507.3469	10.209731	-16.225177	-519.67902	-513.20293	-499.9084
9	9	-362.26117	-362.20688	-347.1887	0.054287633	-15.01818	-347.59778	-348.01539	-337.81541
10	10	-533.42639	-533.18889	-510.52172	0.23749939	-22.667169	-520.09076	-519.25849	-495.51661
11	11	-403.69117	-403.25854	-388.92203	0.43262996	-14.336511	-390.37624	-389.32398	-381.38532
12	12	-420.59875	-409.33334	-410.29383	11.265407	0.96048952	-407.45265	-402.8314	-402.17657
13	13	-370.91988	-370.43889	-364.14374	0.48099404	-6.2951463	-358.60238	-355.71098	-351.54514
14	14	-416.11969	-415.68967	-402.0027	0.43001738	-13.686972	-402.20478	-400.64788	-391.25456
15	15	-446.92994	-440.26024	-416.86489	6.6697016	-23.395345	-431.69181	-432.16699	-402.82382
16	16	-490.89394	-485.82718	-479.03882	5.0667605	-6.788356	-474.5038	-472.15693	-466.35702
17	17	-511.55251	-499.40454	-496.03303	12.147971	-3.3715153	-497.69823	-490.98004	-485.79704
18	18	-453.92085	-451.38436	-440.77563	2.5364899	-10.608723	-440.56089	-441.05832	-432.91487
19	19	-680.5374	-657.7463	-635.45122	22.791099	-22.295082	-665.63291	-651.82002	-624.14422
20	20	-640.92671	-636.14904	-628.16833	4.7776725	-7.9807097	-627.45408	-628.04584	-620.08845
21	21	-493.08161	-492.88172	-465.13657	0.19988799	-27.745148	-478.47607	-478.6503	-457.16654
22	22	-588.26655	-582.69389	-554.05	5.5726603	-28.643897	-573.31752	-567.30518	-547.26575
23	23	-571.45507	-564.56727	-562.79323	6.8877987	-1.7740374	-557.12658	-556.73912	-551.92755
24	24	-525.54736	-517.31551	-503.04062	8.2318408	-14.274893	-511.8351	-511.13834	-495.13312
25	25	-557.72377	-556.18573	-506.88532	1.538042	-49.300408	-542.45717	-536.67289	-496.19771
26	26	-562.1261	-553.52226	-531.73387	8.6038444	-21.788391	-548.27231	-547.39453	-524.38098
27	27	-589.9724	-578.30818	-552.07369	11.664215	-26.234494	-576.51046	-562.44763	-544.25893
28	28	-509.92727	-504.05382	-492.03077	5.8734472	-12.023052	-494.96429	-492.88617	-479.83483
29	29	-548.3992	-548.44442	-528.32685	-0.045219912	-20.117572	-533.68225	-534.10616	-517.39874
30	30	-467.94912	-464.16088	-453.09278	3.7882391	-11.068101	-454.89448	-455.34404	-444.62738
31	31	-540.78764	-531.08723	-510.00871	9.700413	-21.078522	-527.08048	-524.94513	-502.46195
32	32	-463.97448	-459.85918	-445.0344	4.1152956	-14.824782	-449.7492	-447.80066	-436.54448
33	33	-549.86384	-549.95206	-521.37257	-0.088223649	-28.579499	-536.22712	-536.56743	-513.43832
34	34	-460.70562	-454.31518	-438.61649	6.390431	-15.698697	-446.05977	-440.56485	-431.48045
35	35	-496.70586	-490.48369	-490.20352	6.2221717	-0.28017152	-487.16078	-484.37842	-483.34146
36	36	-559.04232	-549.48834	-533.73023	9.5539725	-15.758113	-545.9651	-543.37827	-526.50777
37	37	-486.76072	-485.16366	-464.6875	1.5970646	-20.476159	-473.28374	-469.5453	-457.56203
38	38	-579.53384	-562.8808	-551.10916	16.653041	-11.77164	-565.95199	-548.46069	-543.46298
39	39	-499.72012	-499.69848	-487.8344	0.021637212	-11.864081	-485.18334	-486.33707	-477.68744
40	40	-478.08598	-471.49332	-453.58892	6.5926577	-17.904396	-465.39003	-460.70087	-444.04454
41	41	-639.57685	-632.68518	-629.71829	6.8916745	-2.9668872	-625.28202	-623.51545	-620.22571
42	42	-509.3695	-503.35022	-493.78379	6.019283	-9.566427	-495.14242	-492.77956	-478.98049
43	43	-526.16895	-523.437	-504.02789	2.7319508	-19.409111	-511.96557	-506.47795	-494.49999
44	44	-461.24911	-455.96118	-445.81212	5.2879344	-10.149054	-447.3333	-445.99179	-436.99244
45	45	-789.20772	-744.80018	-700.50635	44.407543	-44.293835	-773.25146	-726.59071	-684.57522
46	46	-481.2316	-477.37528	-456.12957	3.8563279	-21.245705	-466.64672	-461.13166	-442.47459
47	47	-495.39667	-490.58569	-465.87491	4.8109824	-24.710783	-481.38488	-477.83175	-458.06552
48	48	-475.27665	-469.10519	-458.86267	6.1714668	-10.242517	-461.06292	-461.24128	-447.70775
49	49	-501.76301	-498.63119	-474.66075	3.1318194	-23.970444	-487.96991	-481.32359	-466.94602
50	50	-420.17954	-417.60717	-401.9049	2.5723691	-15.702267	-405.32559	-400.87195	-388.28925
51	51	-668.81942	-642.67761	-616.84818	26.141804	-25.829428	-654.25532	-636.78907	-609.32431
52	52	-445.92355	-440.66565	-430.99594	5.257903	-9.6697099	-431.84499	-426.81552	-423.52121
53	53	-501.86595	-497.34411	-477.77309	4.5218353	-19.57102	-485.81568	-485.90695	-467.62368
54	54	-508.00678	-503.17186	-502.08041	4.8349174	-1.0914561	-498.3676	-497.32599	-493.34025
55	55	-315.2482	-312.81274	-307.21571	2.4354609	-5.5970345	-301.87942	-300.26785	-296.08853
56	56	-495.13007	-483.65627	-483.88453	11.473796	0.22825337	-480.81072	-475.74547	-471.56372
57	57	-497.37191	-492.95232	-475.65023	4.4195921	-17.302087	-483.05938	-479.63956	-468.02993
58	58	-411.71578	-407.10917	-401.79718	4.6066116	-5.3119876	-398.80267	-399.23886	-394.57581
59	59	-406.08885	-394.66369	-392.30086	11.425164	-2.3628239	-392.34988	-388.08153	-383.48678
60	60	-633.79225	-609.38537	-573.85938	24.406879	-35.525985	-618.85162	-603.31352	-564.43057
61	61	-485.7364	-485.5638	-465.28184	0.17259426	-20.281965	-471.32377	-469.72617	-448.6768
62	62	-561.93377	-551.87857	-550.35431	10.055195	-1.5242654	-544.27362	-534.03541	-534.02199
63	63	-525.00278	-517.65481	-513.0949	7.3479643	-4.5599144	-510.1955	-503.63734	-498.56598
64	64	-554.15638	-548.90037	-522.685	5.2560056	-26.21537	-540.38924	-540.98629	-507.88246
65	65	-453.02149	-444.09666	-437.20088	8.9248344	-6.8957807	-437.12728	-434.4052	-427.19922
66	66	-453.14483	-453.0927	-434.68983	0.052139289	-18.402869	-439.4531	-439.88176	-423.03367
67	67	-513.15165	-505.9066	-496.65462	7.2450436	-9.2519792	-499.96158	-497.985	-489.37166
68	68	-583.53985	-563.37577	-566.85527	20.164086	3.4794979	-570.12352	-554.80137	-554.20486
69	69	-575.09198	-554.2123	-544.40274	20.879679	-9.8095592	-561.71226	-541.04521	-527.99468
70	70	-691.48561	-664.34821	-647.76246	27.137395	-16.585747	-677.4277	-646.75783	-633.22598
71	71	-593.86505	-577.53805	-574.44698	16.327001	-3.0910635	-582.48416	-570.07977	-563.79572
72	72	-561.66132	-539.85462	-515.56559	21.806703	-24.289031	-547.25737	-521.77801	-504.44128
73	73	-618.76602	-616.35905	-595.71115	2.4069706	-20.647897	-600.28101	-595.88119	-578.9883
74	74	-370.28189	-367.89696	-358.79776	2.3849286	-9.0992016	-356.18365	-351.54265	-346.96295
75	75	-456.51684	-432.23261	-435.33993	24.284226	3.107311	-443.07304	-424.30337	-422.68579
76	76	-392.21257	-389.68475	-385.80238	2.5278156	-3.8823747	-379.19901	-378.19174	-378.42963
77	77	-487.10302	-479.27183	-462.32054	7.8311885	-16.951289	-473.6	-462.1013	-447.14085
78	78	-558.00275	-552.47108	-530.46636	5.5316705	-22.004724	-544.40698	-542.7435	-523.18451
79	79	-458.29846	-457.47378	-436.49919	0.82467752	-20.974597	-443.80676	-440.38957	-428.72437
80	80	-470.4928	-456.21635	-447.69141	14.276442	-8.5249444	-456.10678	-447.89573	-435.71086
81	81	-526.75815	-521.34403	-498.43998	5.4141174	-22.904054	-512.43661	-505.80751	-486.09542
82	82	-647.20749	-639.50618	-625.28082	7.701309	-14.225368	-632.34413	-633.65639	-616.78162
83	83	-556.30978	-556.30648	-541.47033	0.0033009844	-14.836153	-542.74698	-543.18187	-525.88053
84	84	-552.0104	-546.07578	-523.19209	5.9346147	-22.883689	-533.61919	-526.69039	-508.20336
85	85	-338.53634	-337.53242	-338.11215	1.0039186	0.57973353	-329.24726	-330.85896	-328.95571
86	86	-546.87617	-546.83172	-522.58791	0.044453051	-24.243806	-533.97721	-534.40083	-515.13558
87	87	-369.51069	-368.86754	-364.21687	0.64315499	-4.6506684	-361.98171	-362.68744	-353.58568
88	88	-411.9554	-404.90882	-399.4829	7.046577	-5.4259222	-398.08079	-397.75228	-391.57214
89	89	-484.56343	-473.35229	-466.97066	11.211145	-6.38163	-470.9704	-467.05961	-456.77494
90	90	-533.62534	-527.3328	-508.87904	6.2925368	-18.453762	-519.32007	-519.78095	-500.66985
91	91	-713.22322	-692.01689	-645.1225	21.206336	-46.894385	-698.39573	-674.28992	-638.0259
92	92	-484.76632	-484.1797	-455.33402	0.58662391	-28.845684	-469.74859	-467.10668	-438.09725
93	93	-540.41382	-540.33998	-514.80034	0.073844939	-25.539642	-527.09631	-527.53409	-502.03431
94	94	-580.24196	-573.9176	-569.16379	6.3243588	-4.7538133	-564.56614	-561.52987	-552.54134
95	95	-438.94284	-438.8547	-419.45326	0.088146424	-19.401436	-425.22107	-425.67489	-407.36855
96	96	-639.70376	-626.75148	-589.60853	12.952281	-37.14295	-625.41383	-609.32118	-581.50925
97	97	-416.64023	-399.40417	-397.87156	17.236062	-1.5326103	-402.89242	-387.82916	-385.92158
98	98	-403.4434	-402.44127	-383.76522	1.0021255	-18.676049	-388.51832	-386.88372	-370.93674
99	99	-585.78356	-568.95161	-537.28612	16.831947	-31.665495	-570.97409	-552.34503	-528.86537
