No.	ID	loglik_Null_W	loglik_Acc_W	loglik_Full_W	logBF1	logBF2
5	0	-541.87265	-525.30735	-530.55697	16.565302	5.2496167
5	1	-383.19501	-367.9294	-374.35349	15.265613	6.4240868
5	2	-456.57547	-460.29885	-462.95856	-3.723377	2.6597093
5	3	-344.70814	-334.56501	-339.71486	10.143125	5.1498482
5	4	-407.45456	-397.01547	-401.90145	10.439091	4.8859795
5	5	-411.37425	-405.43608	-411.60539	5.9381675	6.1693071
5	6	-402.56381	-383.61309	-388.72515	18.950723	5.1120634
5	7	-550.30334	-532.57023	-539.24441	17.733108	6.6741752
5	8	-529.91888	-516.15731	-520.71149	13.761573	4.5541782
5	9	-510.45987	-480.91825	-486.42738	29.541621	5.5091371
5	10	-566.44829	-553.83689	-557.50512	12.611403	3.6682282
5	11	-448.71508	-441.99903	-446.52561	6.7160481	4.5265809
5	12	-388.67012	-379.70242	-384.16728	8.967701	4.4648642
5	13	-492.60273	-474.67609	-477.51476	17.926641	2.838663
5	14	-355.05275	-339.63718	-348.36966	15.415572	8.7324855
5	15	-554.86237	-552.68236	-553.3179	2.1800062	0.63553213
5	16	-304.43744	-300.42325	-303.61207	4.0141845	3.1888112
5	17	-434.67001	-429.60014	-432.53214	5.0698703	2.9320005
5	18	-408.24106	-390.68906	-395.43548	17.552009	4.7464287
5	19	-390.79135	-374.74143	-378.3804	16.049925	3.6389745
5	20	-418.5499	-402.76202	-407.53555	15.787879	4.7735362
5	21	-442.88697	-437.34191	-440.87723	5.5450551	3.5353149
5	22	-379.05722	-371.65249	-375.98238	7.4047236	4.3298879
5	23	-530.93891	-512.35399	-516.38745	18.584917	4.0334578
5	24	-443.13829	-422.16778	-428.3748	20.97051	6.207018
5	25	-521.20508	-489.40487	-492.25347	31.800205	2.8486007
5	26	-505.88107	-492.82199	-498.51001	13.059084	5.6880231
5	27	-447.86703	-438.13595	-442.55335	9.7310811	4.4173979
5	28	-411.36575	-401.91777	-406.28277	9.4479861	4.3649996
5	29	-484.9743	-470.45493	-474.17733	14.519365	3.7223971
5	30	-595.39538	-588.04747	-592.30585	7.3479125	4.2583812
5	31	-462.31824	-462.84795	-463.53633	-0.52971548	0.68838112
5	32	-486.95518	-471.02888	-475.71872	15.926304	4.68984
5	33	-520.30291	-510.29847	-513.17612	10.004437	2.8776463
5	34	-451.2952	-440.20975	-446.16002	11.08545	5.9502676
5	35	-448.07487	-428.02613	-431.80583	20.048748	3.7797057
5	36	-421.55698	-400.97049	-406.87307	20.586495	5.9025802
5	37	-413.32622	-401.90721	-405.53514	11.419004	3.6279226
5	38	-510.45059	-500.93252	-503.8752	9.5180724	2.9426855
5	39	-480.46227	-472.39005	-476.24423	8.0722236	3.8541834
5	40	-523.57257	-510.30197	-513.93506	13.270603	3.6330863
5	41	-487.28822	-477.65572	-481.97942	9.6324959	4.3236934
5	42	-439.06125	-429.65875	-434.63229	9.4025019	4.9735401
5	43	-404.01285	-388.70705	-393.51579	15.305793	4.8087362
5	44	-430.08402	-424.33744	-427.11979	5.7465761	2.7823464
5	45	-342.70843	-333.39075	-338.758	9.3176896	5.3672544
5	46	-603.73101	-597.43532	-599.72654	6.2956922	2.2912226
5	47	-451.04676	-440.87817	-443.74437	10.168595	2.8661995
5	48	-412.27079	-405.58584	-411.46208	6.6849438	5.876238
5	49	-475.63312	-467.55687	-472.99352	8.0762453	5.4366476
5	50	-417.73394	-404.52235	-407.32936	13.211599	2.8070169
5	51	-283.67791	-275.51226	-283.11217	8.1656443	7.5999071
5	52	-514.72901	-485.60423	-491.30208	29.124782	5.6978453
5	53	-370.70249	-354.92169	-360.67875	15.7808	5.7570553
5	54	-576.33659	-556.94699	-560.19666	19.389601	3.2496711
5	55	-351.51316	-338.23761	-344.18358	13.275551	5.9459663
5	56	-387.38747	-377.32159	-382.07157	10.065882	4.749977
5	57	-429.86042	-412.64793	-418.68151	17.21249	6.0335843
5	58	-441.15672	-423.86697	-427.90062	17.289752	4.0336525
5	59	-404.89614	-397.64689	-401.25644	7.2492538	3.6095519
5	60	-475.51043	-457.21615	-462.63315	18.29428	5.4169926
5	61	-641.71716	-630.43161	-632.43496	11.285551	2.0033541
5	62	-392.768	-380.42548	-387.14606	12.342515	6.7205791
5	63	-265.76285	-257.04656	-262.92137	8.7162858	5.8748064
5	64	-525.62607	-521.89364	-525.01134	3.7324317	3.1177072
5	65	-351.60274	-340.71907	-345.84784	10.883678	5.1287716
5	66	-307.29355	-295.03132	-300.08852	12.262232	5.0571943
5	67	-358.74882	-343.71793	-349.95513	15.030885	6.2371913
5	68	-455.10617	-433.15002	-438.58815	21.956149	5.4381281
5	69	-392.2718	-377.68578	-385.21	14.586018	7.5242201
5	70	-441.04404	-428.06761	-432.57002	12.976431	4.5024136
5	71	-532.34681	-512.24391	-516.99824	20.102902	4.7543305
5	72	-435.68214	-425.88084	-428.33572	9.801308	2.454886
5	73	-477.49907	-462.72892	-468.12877	14.770151	5.3998553
5	74	-421.39409	-408.26586	-410.01696	13.128238	1.751106
5	75	-548.49322	-537.08897	-540.48362	11.404243	3.3946467
5	76	-401.00682	-385.95751	-390.99499	15.049312	5.0374846
5	77	-335.76053	-324.15621	-328.91737	11.604325	4.7611607
5	78	-632.32346	-619.57306	-622.60525	12.750403	3.0321911
5	79	-347.71069	-334.28834	-338.93291	13.422352	4.6445682
5	80	-328.30574	-313.75442	-320.53884	14.551314	6.7844148
5	81	-451.97709	-430.77015	-436.34224	21.206943	5.5720969
5	82	-498.02013	-483.24242	-489.0154	14.777703	5.7729758
5	83	-455.67318	-441.13041	-445.99613	14.54277	4.8657207
5	84	-430.94133	-414.2084	-417.94585	16.73293	3.7374507
5	85	-508.41432	-505.74213	-508.04828	2.6721903	2.3061502
5	86	-379.45676	-370.54787	-373.56476	8.908891	3.0168933
5	87	-340.44924	-324.32981	-329.62609	16.11943	5.2962826
5	88	-311.83203	-308.94625	-312.33984	2.8857849	3.3935956
5	89	-380.83432	-377.69552	-382.97696	3.1388027	5.2814429
5	90	-436.44557	-426.91216	-430.97548	9.5334084	4.0633226
5	91	-347.61641	-333.2707	-337.97422	14.34571	4.7035202
5	92	-457.0366	-450.91253	-457.29238	6.124068	6.3798457
5	93	-426.07841	-422.76471	-424.20592	3.3136989	1.4412174
5	94	-359.05464	-353.36461	-357.84205	5.6900322	4.4774422
5	95	-442.3111	-428.62906	-434.28976	13.68204	5.6606945
5	96	-604.01337	-576.11775	-580.43851	27.895627	4.3207619
5	97	-382.25948	-371.54571	-378.0729	10.713767	6.5271856
5	98	-514.02062	-497.91072	-501.37633	16.109901	3.4656131
5	99	-392.51638	-382.68728	-388.26417	9.8290989	5.5768901
