No.	ID	loglik_Null_W	loglik_Acc_W	loglik_Full_W	logBF1	logBF2	loglik_Max_M0	loglik_Max_M1	loglik_Max_M2
0	0	-337.14151	-337.76202	-339.91457	-0.62050949	2.1525515	-332.85056	-331.49771	-331.49789
1	1	-301.57139	-302.62682	-304.37784	-1.0554272	1.7510224	-298.44265	-297.30825	-296.95177
2	2	-331.58483	-332.6546	-334.74518	-1.0697705	2.0905795	-327.36666	-326.33994	-325.17844
3	3	-249.226	-251.19038	-252.94906	-1.9643856	1.7586777	-245.33848	-245.761	-245.76242
4	4	-285.26381	-286.48683	-288.07293	-1.2230199	1.5861052	-281.8832	-282.30071	-281.96689
5	5	-361.33381	-362.46639	-363.38706	-1.1325757	0.92066581	-357.72875	-356.98093	-352.6339
6	6	-222.49669	-222.19963	-224.91789	0.29705709	2.7182536	-219.82055	-216.7741	-216.78401
7	7	-284.87187	-286.46909	-288.24085	-1.5972186	1.7717558	-281.71911	-282.13663	-282.13661
8	8	-269.62916	-271.40937	-273.63718	-1.7802103	2.2278104	-266.85209	-267.26953	-267.2697
9	9	-318.66279	-311.26099	-310.47541	7.401801	-0.7855812	-314.65473	-304.29425	-296.19371
10	10	-345.91711	-347.45568	-348.96842	-1.5385726	1.5127442	-342.0056	-342.42367	-338.59792
11	11	-302.74646	-299.57293	-302.15948	3.1735306	2.5865523	-295.21126	-291.95845	-291.95825
12	12	-372.86392	-372.59347	-375.15543	0.27044113	2.5619552	-369.3436	-366.34259	-366.34237
13	13	-357.82216	-358.63106	-360.27623	-0.80890267	1.645165	-354.20972	-354.62802	-352.98129
14	14	-374.93393	-376.09533	-376.8762	-1.1613976	0.78087116	-368.84558	-369.27947	-362.71512
15	15	-246.94143	-247.93744	-249.76637	-0.99600877	1.8289252	-243.12263	-241.40565	-240.45456
16	16	-366.01078	-363.82221	-366.80751	2.1885687	2.985298	-362.38646	-356.96608	-356.96491
17	17	-274.43809	-275.0127	-276.8317	-0.57460389	1.819005	-270.68223	-268.6864	-267.85447
18	18	-392.97968	-390.20915	-392.0032	2.7705245	1.7940444	-385.9805	-382.0852	-377.02925
19	19	-302.56559	-304.45294	-305.79006	-1.8873529	1.3371186	-299.61524	-300.03651	-297.55135
20	20	-285.80562	-286.38326	-288.85798	-0.57763999	2.4747145	-282.56432	-281.55294	-281.55518
21	21	-441.99674	-440.30188	-438.89415	1.6948611	-1.4077282	-432.77438	-427.99036	-424.20132
22	22	-289.88669	-291.03084	-292.80947	-1.1441463	1.778633	-286.80261	-285.75897	-284.91213
23	23	-341.55061	-340.91428	-343.58771	0.63632947	2.6734308	-337.68317	-335.04705	-335.04912
24	24	-229.42035	-230.33386	-232.18381	-0.91351084	1.8499484	-226.84471	-225.12152	-225.12094
25	25	-488.40187	-487.64985	-487.59697	0.75201891	-0.052885848	-481.44944	-479.80394	-474.65221
26	26	-338.64023	-339.72508	-341.99668	-1.0848452	2.2715973	-334.492	-333.56154	-333.5513
27	27	-199.03918	-200.97951	-202.22934	-1.940326	1.2498304	-196.58168	-197.00151	-196.99984
28	28	-298.10404	-299.0681	-301.13269	-0.96405719	2.0645907	-294.78011	-293.16042	-292.26687
29	29	-294.40891	-295.62307	-296.7288	-1.2141515	1.1057374	-288.46205	-287.05545	-282.82346
30	30	-349.46661	-350.64321	-348.29004	-1.1766051	-2.3531711	-344.031	-343.68707	-337.78024
31	31	-441.8375	-439.65084	-441.59925	2.186663	1.9484164	-425.6545	-424.2417	-422.67182
32	32	-327.86511	-329.628	-330.89713	-1.7628928	1.2691323	-324.53767	-324.95548	-322.03556
33	33	-298.13783	-299.60002	-300.6887	-1.4621925	1.088678	-294.67566	-295.09475	-293.71003
34	34	-350.8097	-352.48846	-352.08721	-1.6787502	-0.40124779	-345.96106	-346.38676	-339.37589
35	35	-281.14902	-281.59584	-283.31056	-0.44682101	1.7147222	-278.08863	-276.48859	-273.78482
36	36	-310.68853	-311.37727	-313.47768	-0.68873082	2.1004162	-307.62431	-305.21834	-304.16164
37	37	-299.80317	-300.41077	-301.72327	-0.60759911	1.3124958	-296.51274	-294.46263	-290.58707
38	38	-397.11859	-396.0371	-397.42539	1.0814872	1.3882925	-393.31	-389.45777	-384.49839
39	39	-498.73076	-495.43367	-494.16926	3.2970874	-1.2644094	-487.83579	-480.38859	-477.04138
40	40	-378.95681	-379.0078	-380.08249	-0.050987728	1.074692	-375.14612	-372.78284	-368.62474
41	41	-347.85612	-346.94345	-349.98255	0.91266821	3.0391034	-340.19279	-337.73623	-336.40484
42	42	-325.44825	-326.90937	-326.08444	-1.4611147	-0.82492578	-321.77936	-322.19702	-316.6769
43	43	-192.86047	-194.62815	-195.89516	-1.7676738	1.2670082	-190.39424	-190.81259	-190.81211
44	44	-346.93084	-347.60224	-349.52403	-0.67140127	1.9217896	-338.3344	-338.52262	-338.23963
45	45	-311.14587	-312.32715	-314.06742	-1.1812791	1.7402705	-307.82738	-307.02597	-306.9285
46	46	-326.35356	-328.39196	-326.66124	-2.0383963	-1.7307207	-323.0974	-323.51535	-314.06035
47	47	-348.3132	-345.23119	-347.15776	3.0820132	1.9265755	-339.8906	-335.84316	-335.96282
48	48	-247.08975	-249.09258	-249.78175	-2.0028323	0.68916881	-244.60142	-245.01958	-241.98034
49	49	-305.52058	-304.71	-305.64294	0.81057919	0.932937	-297.86261	-298.18046	-292.96491
50	50	-327.17571	-327.06434	-329.01921	0.11136792	1.954867	-321.2498	-319.23147	-318.02553
51	51	-315.55312	-316.11644	-318.47993	-0.56332803	2.3634902	-310.275	-311.13329	-309.42583
52	52	-293.25997	-291.61676	-294.00129	1.6432132	2.3845346	-290.12813	-286.22737	-283.9041
53	53	-235.81647	-237.43845	-238.69379	-1.6219773	1.2553421	-232.25743	-233.38237	-232.85368
54	54	-396.44708	-393.08861	-395.77994	3.358469	2.6913315	-388.98697	-383.84744	-380.12897
55	55	-317.96516	-319.5685	-320.8285	-1.6033381	1.2600018	-314.42562	-314.84447	-312.82109
56	56	-519.31993	-511.74496	-513.03318	7.5749688	1.2882205	-508.90484	-500.56498	-499.31524
57	57	-235.10079	-236.71847	-238.43131	-1.6176817	1.7128346	-232.18505	-232.60439	-232.60245
58	58	-358.42496	-350.4316	-356.55803	7.9933574	6.126427	-351.05041	-345.02192	-345.01795
59	59	-276.62116	-275.67957	-278.08031	0.94159186	2.4007423	-273.32604	-269.69322	-267.90855
60	60	-312.77677	-314.01142	-315.84239	-1.234651	1.8309712	-309.32646	-308.36245	-308.36163
61	61	-305.21877	-305.71248	-307.51319	-0.49370896	1.8007099	-301.80851	-299.54893	-299.52425
62	62	-343.47337	-342.19546	-344.73093	1.2779116	2.5354687	-339.95794	-335.39008	-333.33886
63	63	-245.52079	-247.24988	-248.29422	-1.7290954	1.0443314	-242.60612	-243.02403	-239.65778
64	64	-403.25815	-403.83355	-405.42894	-0.57539618	1.5953882	-396.79902	-394.50972	-393.67016
65	65	-346.55427	-346.00351	-348.4163	0.55075673	2.4127879	-341.27505	-338.0814	-338.05062
66	66	-331.97511	-333.35939	-334.80656	-1.3842857	1.4471614	-328.70043	-327.83524	-325.51269
67	67	-303.77231	-304.7185	-305.94383	-0.94618976	1.2253317	-300.23259	-299.206	-296.24181
68	68	-319.75118	-320.10878	-322.04403	-0.35759345	1.9352523	-314.18258	-312.59384	-312.30164
69	69	-255.07661	-254.98686	-257.53272	0.089756239	2.5458666	-252.12648	-249.05014	-249.04855
70	70	-341.96114	-343.41164	-344.64491	-1.4505028	1.2332647	-335.2487	-334.37979	-332.24939
71	71	-322.11557	-322.77738	-325.03975	-0.66181784	2.2623658	-318.6968	-317.77059	-317.05261
72	72	-408.11202	-408.98923	-407.18554	-0.87721554	-1.8036869	-403.6076	-402.61363	-394.78752
73	73	-320.79629	-318.38845	-321.42886	2.4078392	3.0404076	-317.50711	-313.01048	-313.00235
74	74	-257.52301	-259.31936	-260.64167	-1.7963503	1.3223163	-254.58764	-255.00614	-255.00505
75	75	-374.46574	-371.94063	-374.92038	2.5251046	2.9797449	-370.59105	-365.87011	-364.46097
76	76	-279.35095	-279.59809	-282.15184	-0.24713822	2.5537476	-276.11118	-273.58781	-273.32579
77	77	-327.6817	-326.8001	-330.09045	0.88160001	3.2903474	-322.95832	-318.88725	-317.60769
78	78	-243.28578	-244.94982	-246.42425	-1.6640412	1.4744239	-239.48716	-239.91304	-239.91938
79	79	-301.98107	-302.33247	-304.05489	-0.35139958	1.7224188	-298.71297	-297.22769	-294.47715
80	80	-349.41246	-349.97953	-352.30701	-0.56706241	2.3274856	-345.30788	-344.59761	-344.62877
81	81	-437.22228	-436.84194	-435.43395	0.38034174	-1.4079901	-425.20996	-424.65276	-422.7109
82	82	-332.53531	-333.68679	-335.24577	-1.1514776	1.5589812	-329.72487	-328.22102	-325.87106
83	83	-443.49372	-437.82778	-438.3512	5.6659333	0.52341426	-435.96986	-428.84144	-423.73917
84	84	-331.16927	-332.42206	-334.1915	-1.2527908	1.7694321	-326.4787	-325.77797	-323.96675
85	85	-282.57414	-284.0987	-285.2367	-1.5245674	1.1380006	-279.32761	-279.74528	-275.88041
86	86	-424.66765	-426.68609	-425.46595	-2.0184415	-1.2201426	-416.79724	-417.82151	-411.18895
87	87	-224.06108	-224.82128	-226.93169	-0.76020084	2.1104074	-221.38951	-219.60743	-219.6079
88	88	-261.57417	-263.39678	-264.59049	-1.8226175	1.193711	-256.94561	-257.72973	-256.70134
89	89	-311.0666	-312.11372	-314.28037	-1.047119	2.166649	-307.92937	-307.02254	-307.01371
90	90	-444.01573	-443.62991	-446.51282	0.38581344	2.8829129	-438.93458	-437.96979	-437.03658
91	91	-317.20752	-318.84923	-320.6303	-1.6417093	1.7810652	-313.76804	-314.18893	-314.18577
92	92	-308.41989	-309.23966	-311.55062	-0.81976322	2.3109577	-305.17035	-303.72746	-302.03821
93	93	-265.64549	-267.48766	-269.05896	-1.8421698	1.5713037	-262.64043	-263.05875	-263.05937
94	94	-233.03749	-233.4113	-235.40137	-0.37380853	1.9900643	-230.35217	-228.15776	-227.23436
95	95	-283.2315	-283.292	-283.18771	-0.060495751	-0.10429218	-280.06416	-277.28742	-270.71123
96	96	-221.76771	-222.8675	-224.77156	-1.0997901	1.9040591	-218.73597	-218.71018	-218.30489
97	97	-340.74835	-342.1772	-343.00247	-1.4288586	0.82526594	-337.39482	-336.79481	-333.16924
98	98	-238.94605	-240.56027	-242.26664	-1.6142202	1.7063746	-236.13699	-236.55616	-236.07968
99	99	-416.26374	-412.87078	-408.84376	3.3929638	-4.0270247	-403.12891	-398.68642	-394.04434