No.	ID	loglik_Null_W	loglik_Acc_W	loglik_Full_W	logBF1	logBF2
3	0	-349.66436	-348.77425	-352.02137	0.89011076	3.2471229
3	1	-287.4558	-289.61636	-290.12865	-2.1605609	0.51228608
3	2	-308.23632	-308.85715	-311.10629	-0.62083121	2.2491369
3	3	-285.98817	-287.30021	-289.1765	-1.31204	1.8762965
3	4	-334.81877	-335.23495	-338.93787	-0.41617506	3.7029227
3	5	-182.02868	-183.62692	-187.63727	-1.5982416	4.0103526
3	6	-252.89477	-253.11368	-257.64429	-0.21891092	4.5306116
3	7	-267.05383	-268.57081	-270.07191	-1.51698	1.5011021
3	8	-296.17581	-297.56433	-299.17083	-1.3885165	1.6065057
3	9	-370.58223	-370.96118	-372.91696	-0.3789552	1.9557814
3	10	-353.42307	-354.04395	-355.80661	-0.6208792	1.7626577
3	11	-292.19643	-294.62425	-296.91403	-2.4278214	2.28978
3	12	-287.77405	-289.57675	-292.1412	-1.8026981	2.5644511
3	13	-366.22631	-368.03036	-368.71885	-1.8040488	0.6884935
3	14	-269.76772	-270.71777	-272.90865	-0.950042	2.1908828
3	15	-252.34209	-254.40965	-256.028	-2.0675601	1.6183507
3	16	-328.13795	-329.3546	-331.44721	-1.2166428	2.0926186
3	17	-223.72441	-226.33836	-231.882	-2.6139413	5.5436422
3	18	-231.54076	-233.75738	-234.77896	-2.2166208	1.0215761
3	19	-336.52597	-337.30102	-338.53836	-0.77505197	1.2373417
3	20	-328.65613	-330.01116	-332.77307	-1.3550283	2.761906
3	21	-290.59449	-290.65698	-294.36018	-0.062487599	3.7032073
3	22	-484.94111	-484.85526	-485.19806	0.085853347	0.34280556
3	23	-334.18453	-336.20169	-336.28108	-2.0171593	0.079393304
3	24	-334.51006	-334.99089	-337.30011	-0.48083617	2.3092185
3	25	-360.26507	-362.33067	-363.33426	-2.0656044	1.0035873
3	26	-253.39309	-255.34466	-258.232	-1.9515714	2.8873368
3	27	-339.34434	-340.64744	-342.41658	-1.3031001	1.7691443
3	28	-220.40743	-222.66403	-228.2121	-2.2565947	5.5480694
3	29	-315.31404	-314.76956	-316.76635	0.54447193	1.9967885
3	30	-265.24049	-266.79329	-269.61327	-1.5527929	2.8199857
3	31	-508.52685	-509.1419	-509.09277	-0.61505032	-0.049132494
3	32	-384.22101	-384.68757	-386.56627	-0.4665662	1.8787014
3	33	-296.70364	-298.07979	-299.59928	-1.3761537	1.5194825
3	34	-373.81198	-374.68198	-375.97403	-0.86999926	1.2920529
3	35	-227.65976	-229.50938	-230.44784	-1.8496209	0.93845576
3	36	-289.46755	-290.7832	-292.44855	-1.3156495	1.6653471
3	37	-300.47169	-301.89231	-302.64147	-1.420618	0.7491536
3	38	-206.14539	-208.331	-211.65975	-2.1856156	3.3287444
3	39	-206.44009	-208.40682	-211.34655	-1.9667314	2.9397303
3	40	-448.72689	-449.64096	-450.56392	-0.91406745	0.92296084
3	41	-212.59178	-213.26284	-215.51915	-0.67106965	2.2563029
3	42	-404.28673	-399.37553	-405.06319	4.9112043	5.6876675
3	43	-394.93417	-396.48967	-397.90467	-1.5555002	1.4150034
3	44	-274.23982	-273.35876	-275.84786	0.88105949	2.4891058
3	45	-311.95856	-314.29966	-315.86325	-2.3411014	1.5635868
3	46	-254.66483	-256.49681	-257.9601	-1.8319814	1.463288
3	47	-364.76389	-365.0372	-365.62613	-0.27331	0.58892586
3	48	-470.56994	-472.57628	-470.77234	-2.0063383	-1.8039399
3	49	-342.54049	-342.81554	-344.82136	-0.27504985	2.0058157
3	50	-254.35877	-254.18394	-254.59526	0.17482275	0.41131573
3	51	-200.48149	-203.18357	-209.86829	-2.7020783	6.6847215
3	52	-265.37605	-267.01673	-269.96362	-1.6406741	2.9468872
3	53	-259.29401	-259.80997	-265.00069	-0.51595558	5.1907219
3	54	-230.11763	-231.87581	-235.0147	-1.7581826	3.1388893
3	55	-283.32488	-283.28673	-285.7344	0.038145492	2.4476698
3	56	-255.52215	-257.50187	-260.0588	-1.9797204	2.5569267
3	57	-301.80543	-303.23235	-306.20817	-1.4269203	2.9758159
3	58	-293.94295	-294.6013	-298.49297	-0.65835318	3.8916667
3	59	-335.19241	-335.51688	-337.03919	-0.32446835	1.5223105
3	60	-335.5966	-336.27334	-340.5367	-0.67673972	4.2633519
3	61	-311.95441	-313.67038	-314.12448	-1.7159693	0.45410135
3	62	-327.29096	-329.24373	-330.84693	-1.95277	1.6032028
3	63	-377.8136	-379.35698	-381.42164	-1.5433753	2.0646602
3	64	-342.22354	-343.38923	-345.08959	-1.1656885	1.7003614
3	65	-343.6785	-345.31679	-345.57558	-1.6382967	0.2587833
3	66	-274.88617	-275.57419	-276.65879	-0.68801219	1.0846058
3	67	-389.28727	-389.53189	-391.72453	-0.24462275	2.1926419
3	68	-290.65468	-292.0623	-294.4004	-1.4076227	2.3380957
3	69	-274.93737	-276.71085	-279.11452	-1.77348	2.4036694
3	70	-314.77483	-315.08487	-318.23852	-0.31003891	3.1536517
3	71	-244.22567	-245.99574	-251.66598	-1.7700736	5.6702321
3	72	-236.6201	-238.30616	-239.43783	-1.6860585	1.1316796
3	73	-251.40406	-253.29025	-255.37105	-1.8861886	2.0807994
3	74	-330.00855	-332.1285	-333.62956	-2.1199454	1.5010573
3	75	-364.80856	-366.58506	-368.8717	-1.7764986	2.2866431
3	76	-264.25821	-263.71844	-266.77434	0.53976833	3.0559011
3	77	-274.67208	-275.16694	-278.13131	-0.49486431	2.9643651
3	78	-376.37057	-375.22414	-377.66957	1.1464286	2.4454288
3	79	-218.98953	-219.88087	-223.9626	-0.89134042	4.0817316
3	80	-338.86016	-338.94609	-340.1306	-0.085927472	1.184512
3	81	-284.30639	-287.1537	-289.25296	-2.8473115	2.0992527
3	82	-315.16114	-317.22458	-318.80934	-2.0634438	1.5847568
3	83	-252.48535	-253.53883	-256.82633	-1.053487	3.2874948
3	84	-324.0629	-325.34419	-327.92902	-1.2812942	2.5848292
3	85	-344.46383	-346.81797	-348.62677	-2.3541384	1.8087977
3	86	-244.59289	-246.30544	-249.08049	-1.7125504	2.7750518
3	87	-421.42975	-420.9282	-422.47998	0.50155518	1.5517796
3	88	-310.76669	-311.75643	-314.00381	-0.98974371	2.2473806
3	89	-335.3203	-336.67766	-339.6517	-1.3573586	2.974035
3	90	-255.57827	-256.54458	-260.6206	-0.96631376	4.0760189
3	91	-267.93291	-270.60861	-273.05338	-2.675694	2.4447711
3	92	-295.49249	-298.03343	-300.1297	-2.5409481	2.0962669
3	93	-344.11008	-345.84636	-346.45091	-1.7362892	0.60454079
3	94	-342.61284	-343.53306	-343.41236	-0.92022142	-0.12069607
3	95	-220.28031	-222.45353	-225.98925	-2.1732161	3.5357192
3	96	-428.66	-430.49601	-429.32878	-1.8360105	-1.1672223
3	97	-276.84076	-277.98499	-279.8613	-1.1442272	1.8763065
3	98	-302.48971	-304.47365	-304.98098	-1.983939	0.50733097
3	99	-236.97598	-237.72866	-240.74157	-0.75268602	3.0129054
3	100	-249.68312	-250.88993	-254.28895	-1.2068078	3.3990245
3	101	-235.49566	-237.5064	-239.40618	-2.010739	1.8997828
3	102	-394.71801	-396.84445	-397.39767	-2.1264403	0.55321981
3	103	-306.24719	-308.45022	-310.31802	-2.203031	1.8677995
3	104	-278.24081	-279.85244	-284.7266	-1.6116259	4.8741661
3	105	-289.4013	-291.74824	-291.04328	-2.3469403	-0.70495938
3	106	-317.86402	-319.14234	-321.23872	-1.2783148	2.0963847
3	107	-455.83085	-457.10775	-457.52613	-1.2768936	0.41838762
3	108	-338.16556	-338.07249	-342.44767	0.093072973	4.375179
3	109	-384.48487	-386.41037	-389.59782	-1.9254981	3.18745
3	110	-341.31787	-342.22192	-343.06824	-0.90404663	0.84632238
3	111	-286.31764	-288.17234	-290.20896	-1.8547004	2.0366247
3	112	-336.55801	-338.55486	-341.18035	-1.9968507	2.6254923
3	113	-247.55924	-249.75402	-251.13697	-2.1947782	1.3829541
3	114	-402.11528	-403.41273	-405.86891	-1.2974435	2.4561868
3	115	-285.10788	-286.27141	-287.93577	-1.1635305	1.6643622
3	116	-393.51355	-393.43041	-393.80539	0.083136427	0.37497244
3	117	-310.64522	-312.5548	-313.19385	-1.9095783	0.63905123
3	118	-240.17549	-242.17395	-246.76147	-1.998458	4.5875237
3	119	-214.72571	-216.99537	-221.25368	-2.2696584	4.2583146
3	120	-290.87995	-292.63127	-294.24692	-1.7513229	1.6156484
3	121	-228.94086	-231.43885	-235.11077	-2.4979923	3.671914
3	122	-460.96414	-460.74064	-461.15924	0.22349816	0.41859212
3	123	-337.67853	-339.31566	-342.32895	-1.6371236	3.0132906
3	124	-284.20815	-283.36468	-284.74454	0.8434651	1.3798621
3	125	-311.93308	-312.13155	-314.11069	-0.19846722	1.9791406
3	126	-310.688	-313.17755	-315.52175	-2.4895466	2.3442036
3	127	-294.46346	-293.04725	-297.32667	1.4162163	4.2794185
3	128	-372.92205	-375.89842	-374.30392	-2.9763734	-1.5945029
3	129	-216.09913	-217.38697	-219.65501	-1.2878373	2.2680409
3	130	-296.11424	-298.48752	-300.30953	-2.3732754	1.8220142
3	131	-168.41153	-170.53652	-174.38257	-2.1249839	3.8460514
3	132	-276.43419	-278.21815	-278.38304	-1.7839555	0.16489296
3	133	-321.58396	-321.62092	-323.84069	-0.036962439	2.2197686
3	134	-394.70924	-395.88873	-396.49631	-1.1794944	0.60757812
3	135	-364.75733	-365.89517	-368.26876	-1.1378401	2.3735894
3	136	-321.29541	-323.50473	-326.47185	-2.2093184	2.967127
3	137	-276.67659	-278.24798	-280.66188	-1.5713923	2.4138998
3	138	-325.68908	-325.76494	-329.06107	-0.075852049	3.2961324
3	139	-293.86204	-295.9141	-298.77384	-2.0520656	2.8597391
3	140	-288.06258	-290.65321	-293.31542	-2.5906278	2.6622145
3	141	-267.36434	-268.69842	-272.01534	-1.3340853	3.3169146
3	142	-267.34551	-267.84776	-270.54192	-0.50225109	2.6941631
3	143	-251.13833	-253.18513	-256.14055	-2.0467984	2.9554125
3	144	-337.33789	-338.65552	-341.77558	-1.3176288	3.1200614
3	145	-277.635	-278.90182	-282.6561	-1.2668166	3.7542743
3	146	-354.48643	-355.16057	-358.51924	-0.67413361	3.3586729
3	147	-401.46121	-403.86557	-403.57592	-2.4043632	-0.28965744
3	148	-364.89976	-367.10195	-368.51145	-2.2021879	1.4095006
3	149	-296.76681	-297.10003	-301.83501	-0.33321891	4.7349792
3	150	-359.52796	-360.70825	-361.46637	-1.1802921	0.75811181
3	151	-283.91728	-284.80755	-285.9877	-0.89026921	1.1801535
3	152	-343.74611	-345.43174	-347.92876	-1.685626	2.497016
3	153	-313.35968	-315.45472	-318.1169	-2.0950378	2.6621851
3	154	-295.64157	-295.73203	-300.04469	-0.090464694	4.3126582
3	155	-292.7404	-294.85538	-296.7696	-2.1149798	1.9142202
3	156	-280.11935	-281.45592	-284.84797	-1.3365718	3.3920494
3	157	-279.1427	-280.87703	-282.81608	-1.7343295	1.9390532
3	158	-328.8422	-330.24111	-331.82439	-1.398909	1.5832845
3	159	-359.92422	-360.94103	-362.27983	-1.0168089	1.3387976
3	160	-335.51268	-337.63926	-339.28493	-2.1265792	1.6456727
3	161	-406.59163	-408.65334	-408.13578	-2.0617069	-0.51756348
3	162	-282.88045	-284.66139	-286.48737	-1.7809373	1.8259863
3	163	-397.28589	-397.92323	-399.53488	-0.637343	1.6116458
3	164	-323.11255	-321.67302	-324.27724	1.4395239	2.6042136
3	165	-306.13047	-307.51563	-307.95418	-1.3851646	0.43854453
3	166	-291.43003	-293.22341	-295.22471	-1.7933826	2.0013048
3	167	-349.42558	-350.99181	-351.47985	-1.5662307	0.48804037
3	168	-285.00563	-287.06524	-289.32222	-2.0596006	2.2569833
3	169	-306.12001	-306.88093	-308.25659	-0.7609217	1.3756635
3	170	-219.28681	-221.40129	-225.14025	-2.114485	3.7389578
3	171	-189.225	-191.36048	-194.9886	-2.1354775	3.6281154
3	172	-302.91806	-304.48077	-305.76306	-1.5627048	1.2822909
3	173	-339.2525	-342.41576	-342.15984	-3.1632638	-0.25592152
3	174	-252.17139	-252.69015	-257.87399	-0.51875899	5.1838416
3	175	-201.1688	-202.72358	-206.0164	-1.5547757	3.2928259
3	176	-353.5228	-353.33972	-355.19573	0.18308381	1.8560113
3	177	-306.30086	-308.04232	-307.23018	-1.7414597	-0.812142
3	178	-312.64418	-315.35233	-316.15681	-2.7081483	0.80447283
3	179	-285.27318	-287.02672	-289.60584	-1.7535408	2.5791246
3	180	-362.22611	-359.9202	-365.38584	2.3059018	5.4656365
3	181	-248.15514	-250.03308	-252.8303	-1.8779402	2.7972241
3	182	-253.60891	-256.71334	-259.06382	-3.104434	2.3504821
3	183	-291.97395	-292.18727	-295.24051	-0.21332236	3.0532417
3	184	-204.02071	-206.79834	-210.0537	-2.7776335	3.2553596
3	185	-253.37976	-255.14078	-259.64366	-1.7610144	4.5028877
3	186	-413.44999	-412.87498	-416.91983	0.5750093	4.0448555
3	187	-368.34064	-368.82361	-368.58117	-0.48297631	-0.2424431
3	188	-399.38351	-400.5068	-401.09551	-1.1232916	0.5887044
3	189	-320.17618	-322.3998	-322.46526	-2.2236131	0.065465927
3	190	-353.68433	-355.59892	-356.57636	-1.9145887	0.9774372
3	191	-382.60961	-383.51349	-385.46011	-0.9038845	1.9466153
3	192	-298.62507	-300.80401	-303.8801	-2.1789479	3.0760854
3	193	-235.24243	-236.02473	-239.02445	-0.78230496	2.9997166
3	194	-316.25156	-312.70391	-315.20328	3.5476502	2.4993659
3	195	-268.86641	-269.78314	-273.60233	-0.91672956	3.8191887
3	196	-234.12653	-236.12041	-238.93305	-1.9938756	2.8126377
3	197	-344.77264	-345.75417	-347.29632	-0.98153146	1.5421481
3	198	-282.69072	-284.64259	-285.94367	-1.9518658	1.3010842
3	199	-334.65422	-336.56871	-337.02344	-1.9144852	0.45473036
3	200	-245.53587	-246.11116	-248.23804	-0.5752866	2.1268838
3	201	-419.14835	-419.35185	-421.22662	-0.20349755	1.8747674
3	202	-282.39179	-284.53137	-286.22001	-2.1395752	1.688637
3	203	-315.39162	-318.7536	-319.20827	-3.3619822	0.45467046
3	204	-270.03324	-272.78831	-275.29079	-2.7550689	2.5024869
3	205	-394.0346	-393.36733	-393.0841	0.66726359	-0.28322725
3	206	-454.2417	-454.75875	-454.91466	-0.51705452	0.15591345
3	207	-290.0394	-291.28148	-292.07184	-1.2420837	0.7903587
3	208	-278.09335	-279.54633	-280.72139	-1.4529794	1.1750606
3	209	-345.0023	-347.0724	-347.836	-2.0700968	0.76360707
3	210	-368.50361	-367.52244	-369.97747	0.98117424	2.4550318
3	211	-412.19139	-414.9529	-415.46609	-2.7615124	0.51319595
3	212	-269.73581	-271.44224	-273.79587	-1.7064335	2.3536291
3	213	-291.59337	-293.56004	-292.93233	-1.9666729	-0.62771264
3	214	-275.66874	-277.2762	-279.03453	-1.6074548	1.7583273
3	215	-314.06047	-314.60957	-315.9574	-0.54910585	1.3478307
3	216	-396.33573	-395.59134	-398.59102	0.74438828	2.9996825
3	217	-251.84664	-253.67584	-259.05059	-1.8292015	5.3747425
3	218	-282.32767	-283.549	-285.97653	-1.2213252	2.4275362
3	219	-347.37298	-348.12017	-350.01492	-0.7471905	1.8947536
3	220	-275.398	-274.75851	-278.84068	0.63949526	4.0821756
3	221	-336.4741	-335.41668	-339.0476	1.0574225	3.6309179
3	222	-261.86571	-262.88994	-264.97119	-1.0242291	2.0812426
3	223	-275.37712	-276.67278	-279.93509	-1.2956611	3.2623122
3	224	-301.19082	-302.77237	-306.24519	-1.5815562	3.4728182
3	225	-389.92187	-391.41772	-392.20699	-1.4958572	0.78926442
3	226	-251.81943	-252.84996	-255.49346	-1.0305344	2.6434974
3	227	-289.96594	-292.0845	-294.40722	-2.1185682	2.322716
3	228	-343.52301	-344.34035	-347.08318	-0.8173387	2.7428257
3	229	-299.61042	-300.95966	-304.47605	-1.3492327	3.5163965
3	230	-251.15713	-253.17158	-257.08761	-2.0144555	3.9160277
3	231	-322.2792	-320.87911	-323.68967	1.4000889	2.8105572
3	232	-310.2897	-312.2054	-313.17377	-1.9157034	0.96836913
3	233	-283.73242	-284.71856	-286.89162	-0.98614382	2.1730613
3	234	-389.04119	-387.55906	-391.19629	1.4821383	3.6372367
3	235	-264.09619	-265.18874	-267.48272	-1.0925517	2.2939822
3	236	-252.47885	-253.8347	-257.30164	-1.3558489	3.4669419
3	237	-301.95146	-303.68983	-305.32393	-1.7383638	1.6341063
3	238	-411.10785	-413.80094	-414.46957	-2.6930859	0.66863271
3	239	-225.9377	-227.51432	-230.22697	-1.5766207	2.7126495
3	240	-397.88119	-397.41725	-399.29766	0.46393994	1.8804096
3	241	-288.85236	-289.505	-291.28906	-0.65264516	1.7840558
3	242	-333.41234	-333.0779	-335.04074	0.33444526	1.9628434
3	243	-376.92147	-375.75071	-378.94614	1.1707624	3.1954246
3	244	-467.58899	-468.0012	-468.46671	-0.41220317	0.46551324
3	245	-428.70538	-430.18723	-430.15082	-1.4818433	-0.036403664
3	246	-321.82593	-323.94515	-324.36921	-2.1192189	0.42406202
3	247	-497.46828	-498.85025	-499.60181	-1.3819696	0.75155659
3	248	-218.26329	-219.9437	-221.81897	-1.6804083	1.8752711
3	249	-250.27182	-251.65495	-253.87241	-1.3831364	2.2174539
3	250	-310.66443	-312.87593	-315.26226	-2.2115036	2.3863304
3	251	-294.63905	-295.25413	-297.7576	-0.61507762	2.5034722
3	252	-248.85452	-250.85431	-252.49453	-1.9997858	1.6402231
3	253	-289.21676	-291.38157	-292.17909	-2.1648102	0.79752168
3	254	-213.21463	-215.50415	-218.25751	-2.2895234	2.7533576
3	255	-304.76245	-304.97473	-306.68973	-0.21227672	1.7150089
3	256	-322.1357	-324.27383	-326.19728	-2.1381323	1.9234476
3	257	-251.22153	-253.09244	-256.70696	-1.87091	3.6145244
3	258	-360.84297	-361.25945	-363.14024	-0.41647306	1.8807987
3	259	-299.85607	-301.09048	-302.96981	-1.2344148	1.8793281
3	260	-250.75741	-249.75787	-252.16369	0.99954524	2.4058251
3	261	-244.40646	-246.01164	-248.36883	-1.6051817	2.3571928
3	262	-377.77158	-380.39437	-380.99977	-2.6227942	0.60540415
3	263	-317.85317	-318.7996	-321.46119	-0.94642716	2.66159
3	264	-482.91452	-484.48503	-486.17722	-1.5705109	1.6921885
3	265	-288.31051	-290.36457	-293.45658	-2.0540662	3.0920084
3	266	-394.55355	-396.03988	-395.12275	-1.4863284	-0.917124
3	267	-421.65441	-423.37276	-422.93439	-1.7183417	-0.43836977
3	268	-312.49677	-314.20483	-317.18275	-1.7080622	2.9779222
3	269	-284.51502	-285.88103	-287.9038	-1.3660167	2.0227626
3	270	-260.37014	-262.46715	-266.18438	-2.0970073	3.7172287
3	271	-390.30294	-391.25872	-392.2723	-0.95578511	1.0135763
3	272	-334.70895	-336.77624	-336.69987	-2.0672936	-0.07637335
3	273	-344.98047	-346.43989	-348.74684	-1.4594178	2.3069485
3	274	-401.39522	-403.03825	-404.93987	-1.6430255	1.9016261
3	275	-257.63726	-259.76084	-261.88389	-2.1235843	2.1230468
3	276	-254.16906	-255.66238	-257.20175	-1.4933231	1.5393706
3	277	-350.19339	-351.50733	-352.52471	-1.3139431	1.0173786
3	278	-388.21971	-388.28235	-387.66787	-0.062636747	-0.61447611
3	279	-326.64595	-328.16482	-328.13397	-1.5188758	-0.030852614
3	280	-296.28815	-298.54678	-300.18882	-2.25863	1.6420309
3	281	-447.97983	-449.39505	-449.43199	-1.41522	0.036944729
3	282	-296.66581	-298.0149	-301.95419	-1.3490895	3.9392861
3	283	-370.93497	-372.30378	-373.42523	-1.3688059	1.1214484
3	284	-239.05949	-240.91275	-247.80359	-1.8532578	6.8908345
3	285	-395.2992	-398.98791	-399.49121	-3.6887076	0.50330308
3	286	-420.49036	-421.45932	-420.29348	-0.96896235	-1.1658392
3	287	-198.04658	-199.93545	-202.81633	-1.8888674	2.8808842
3	288	-385.07643	-386.79695	-384.64505	-1.7205175	-2.1519004
3	289	-307.93369	-310.03491	-312.06329	-2.1012203	2.0283824
3	290	-180.04188	-182.03992	-185.94542	-1.9980338	3.9054991
3	291	-249.78831	-251.87124	-253.33666	-2.082937	1.4654188
3	292	-393.24361	-393.74878	-394.42609	-0.50516885	0.67730486
3	293	-274.50598	-274.74173	-278.12686	-0.23575222	3.3851276
3	294	-269.49092	-271.79118	-273.91303	-2.3002633	2.1218464
3	295	-254.36235	-255.72129	-259.20731	-1.3589378	3.4860232
3	296	-455.61543	-456.0614	-457.08704	-0.44596894	1.0256391
3	297	-418.53951	-418.56618	-420.499	-0.026668594	1.9328153
3	298	-340.24997	-341.53727	-341.47323	-1.2873016	-0.064047956
3	299	-247.80222	-249.17347	-254.17817	-1.3712547	5.0046971
3	300	-390.1148	-389.29294	-390.89061	0.82185699	1.5976625
3	301	-281.64924	-283.72376	-284.49752	-2.0745205	0.77375728
3	302	-288.85015	-289.6362	-290.23487	-0.78605399	0.59866572
3	303	-405.36447	-406.7099	-408.40391	-1.3454316	1.6940102
3	304	-346.22621	-347.78434	-348.33713	-1.5581316	0.552786
3	305	-300.75143	-302.56736	-302.34244	-1.8159329	-0.22492568
3	306	-347.49751	-349.79833	-351.63616	-2.3008221	1.8378304
3	307	-269.56996	-271.14294	-274.40313	-1.5729808	3.2601934
3	308	-296.12278	-298.17136	-299.92318	-2.0485773	1.7518238
3	309	-288.37593	-290.57632	-291.97668	-2.2003824	1.4003607
3	310	-294.17327	-295.06077	-298.607	-0.88749865	3.5462321
3	311	-297.42385	-299.62968	-301.38064	-2.2058324	1.750962
3	312	-329.94679	-329.61186	-332.3174	0.3349383	2.7055415
3	313	-399.003	-398.72614	-400.03183	0.27685767	1.305687
3	314	-284.99409	-287.85079	-290.56446	-2.8567021	2.7136721
3	315	-288.04764	-289.45532	-291.61519	-1.4076846	2.1598637
3	316	-249.64828	-251.15447	-252.96441	-1.5061973	1.8099381
3	317	-252.16623	-253.47582	-256.5514	-1.3095901	3.0755842
3	318	-359.89692	-360.79591	-363.65571	-0.89898784	2.8597975
3	319	-256.31054	-258.28344	-261.06141	-1.9728988	2.7779722
3	320	-285.68685	-287.76847	-289.94145	-2.0816258	2.1729797
3	321	-481.14695	-478.00298	-478.95066	3.1439699	0.94767381
3	322	-216.24674	-218.01333	-221.08234	-1.7665887	3.0690073
3	323	-226.19848	-227.40575	-230.41529	-1.207269	3.0095337
3	324	-312.6109	-313.86953	-314.93	-1.2586296	1.0604752
3	325	-220.06002	-221.85006	-225.85533	-1.7900386	4.0052669
3	326	-452.17198	-453.68337	-453.57252	-1.5113898	-0.11085325
3	327	-301.43861	-301.90521	-305.15422	-0.46659828	3.2490129
3	328	-460.66833	-460.84627	-461.4152	-0.17794662	0.56893041
3	329	-299.64871	-300.36727	-302.7582	-0.71856132	2.3909372
3	330	-288.20385	-288.86247	-291.92346	-0.65861388	3.0609931
3	331	-259.90607	-261.29857	-263.28696	-1.3925044	1.9883929
3	332	-396.27273	-399.23496	-400.36597	-2.9622304	1.1310121
3	333	-222.24611	-223.96474	-229.11847	-1.7186296	5.1537287
3	334	-347.87505	-348.99597	-350.79988	-1.120919	1.8039159
3	335	-312.72379	-313.66152	-315.94091	-0.93773537	2.2793839
3	336	-340.37698	-341.62193	-344.15812	-1.2449449	2.536198
3	337	-259.11868	-256.15634	-260.7151	2.9623372	4.5587538
3	338	-251.718	-252.88212	-255.65838	-1.1641161	2.7762619
3	339	-331.87599	-333.12822	-335.98399	-1.2522267	2.8557738
3	340	-376.00898	-376.71918	-377.93428	-0.71020598	1.2151008
3	341	-230.39661	-232.53437	-237.51758	-2.1377623	4.9832068
3	342	-254.58324	-255.37919	-259.19904	-0.79595025	3.819854
3	343	-253.99987	-254.65717	-257.93936	-0.65730942	3.2821872
3	344	-299.59707	-301.08512	-302.37808	-1.4880592	1.2929506
3	345	-279.18178	-280.12406	-283.55539	-0.94228215	3.4313273
3	346	-242.38626	-244.87457	-246.8929	-2.4883117	2.0183245
3	347	-342.69119	-343.92673	-342.79377	-1.2355335	-1.1329586
3	348	-333.5782	-335.08792	-337.8799	-1.5097198	2.7919838
3	349	-300.04824	-301.18087	-302.58483	-1.1326333	1.4039574
3	350	-304.32079	-306.82194	-306.51484	-2.501145	-0.30709761
3	351	-386.54144	-388.38778	-389.85887	-1.8463473	1.471089
3	352	-308.0593	-309.70716	-310.17933	-1.6478599	0.47216641
3	353	-398.59957	-399.85033	-401.06538	-1.2507584	1.2150539
3	354	-279.20861	-279.75894	-282.02907	-0.55032973	2.2701313
3	355	-236.25384	-238.54458	-239.6504	-2.2907472	1.1058201
3	356	-250.4681	-252.42668	-254.50533	-1.9585744	2.0786489
3	357	-224.32915	-226.30637	-231.22916	-1.9772212	4.9227903
3	358	-361.04455	-361.11291	-362.9608	-0.068362028	1.8478828
3	359	-316.96221	-318.35606	-321.54328	-1.3938535	3.1872197
3	360	-239.86028	-241.91786	-243.69954	-2.0575766	1.7816795
3	361	-303.20926	-305.60758	-307.19338	-2.3983256	1.5858005
3	362	-288.6603	-289.34525	-291.9013	-0.68494992	2.5560489
3	363	-239.36918	-241.40545	-244.44928	-2.0362694	3.0438275
3	364	-237.56781	-239.11753	-241.56641	-1.5497187	2.4488813
3	365	-284.22911	-286.14302	-288.29955	-1.9139078	2.1565332
3	366	-290.57708	-292.35815	-293.94598	-1.7810634	1.5878269
3	367	-272.90243	-274.60361	-274.53302	-1.7011784	-0.070584886
3	368	-330.81403	-332.12774	-334.80014	-1.3137091	2.6724009
3	369	-331.4425	-331.28668	-336.57998	0.15581687	5.2932962
3	370	-304.96271	-306.78507	-308.14464	-1.8223642	1.359564
3	371	-296.99406	-298.14271	-301.05087	-1.1486544	2.9081555
3	372	-367.31087	-368.12771	-369.70879	-0.81684224	1.5810768
3	373	-371.6394	-373.42929	-374.978	-1.7898952	1.5487104
3	374	-295.10556	-292.48478	-297.92415	2.6207841	5.4393763
3	375	-394.6923	-396.14457	-397.03586	-1.4522607	0.89129098
3	376	-420.73596	-422.26114	-423.50907	-1.5251829	1.2479266
3	377	-232.50325	-234.05989	-235.32356	-1.556639	1.2636747
3	378	-375.49729	-376.24198	-376.28331	-0.74468928	0.041338216
3	379	-234.07047	-235.63031	-238.50591	-1.559847	2.8755943
3	380	-347.13968	-348.98859	-350.02301	-1.8489052	1.0344251
3	381	-391.17774	-393.57479	-394.4255	-2.3970447	0.85071144
3	382	-279.21832	-281.4843	-284.55494	-2.2659779	3.0706479
3	383	-214.00299	-215.81424	-221.14704	-1.811252	5.3327956
3	384	-199.54902	-201.52381	-205.20854	-1.974793	3.6847323
3	385	-267.70905	-271.25506	-272.87449	-3.5460177	1.6194263
3	386	-288.48301	-290.53047	-291.94703	-2.0474617	1.4165599
3	387	-228.79999	-230.16374	-232.50648	-1.3637531	2.3427361
3	388	-380.85537	-382.44899	-384.0808	-1.5936212	1.6318135
3	389	-325.54097	-326.88809	-328.56519	-1.3471271	1.6771008
3	390	-338.31234	-338.72411	-340.81958	-0.41177061	2.0954683
3	391	-422.70369	-421.16313	-422.5085	1.5405614	1.3453718
3	392	-344.91292	-346.49096	-347.94453	-1.5780402	1.4535731
3	393	-212.62532	-214.39502	-216.55086	-1.7696961	2.155842
3	394	-335.57022	-336.22383	-338.26791	-0.65361	2.0440835
3	395	-306.78011	-307.73982	-312.31082	-0.95971076	4.571006
3	396	-259.61868	-262.22306	-264.71505	-2.6043874	2.4919881
3	397	-320.78829	-321.9254	-322.80373	-1.1371082	0.87833217
3	398	-308.82833	-309.53038	-313.02187	-0.70204888	3.4914937
3	399	-352.43111	-354.30388	-355.30572	-1.8727698	1.0018406
3	400	-300.60707	-303.00033	-306.53979	-2.393254	3.5394574
3	401	-256.7475	-257.55904	-262.05818	-0.81154011	4.4991316
3	402	-282.30405	-282.98348	-286.45218	-0.67942938	3.4687022
3	403	-314.57528	-316.152	-317.88153	-1.5767232	1.7295285
3	404	-413.29681	-413.85968	-416.5467	-0.56286556	2.6870208
3	405	-517.53338	-516.79524	-513.27087	0.73814922	-3.5243658
3	406	-344.71451	-343.93356	-348.53755	0.78094838	4.6039957
3	407	-329.98996	-327.33909	-329.65986	2.65087	2.3207629
3	408	-345.21338	-346.0882	-349.091	-0.87482384	3.0027943
3	409	-266.43836	-267.22828	-269.64649	-0.78992148	2.418211
3	410	-315.71912	-316.65921	-318.58969	-0.94009092	1.9304822
3	411	-281.309	-282.99366	-285.47858	-1.6846559	2.4849209
3	412	-429.95523	-430.85509	-431.65553	-0.89986312	0.8004382
3	413	-378.78759	-377.4059	-382.12677	1.3816947	4.7208755
3	414	-274.79409	-274.75361	-278.17321	0.040480853	3.419595
3	415	-276.07562	-277.99971	-281.29476	-1.9240944	3.2950458
3	416	-339.36627	-339.84034	-342.87089	-0.47407036	3.0305518
3	417	-317.44603	-317.95608	-321.51334	-0.51005259	3.5572541
3	418	-331.309	-334.1971	-335.45269	-2.8880919	1.2555958
3	419	-302.18141	-303.69979	-308.36701	-1.5183733	4.6672185
3	420	-333.14801	-332.73476	-334.68477	0.41324068	1.9500095
3	421	-318.14513	-318.92138	-321.61901	-0.77625511	2.697625
3	422	-462.04103	-463.15726	-464.16566	-1.1162346	1.0083978
3	423	-273.59727	-274.10339	-276.71584	-0.50611108	2.6124597
3	424	-234.45265	-236.57031	-237.76761	-2.1176567	1.1972958
3	425	-255.4715	-257.39981	-258.2455	-1.9283157	0.8456917
3	426	-336.33244	-337.46169	-338.45619	-1.1292516	0.99450224
3	427	-343.21974	-342.97582	-343.26838	0.24391925	0.29256656
3	428	-446.26878	-447.8703	-447.96046	-1.6015263	0.090155483
3	429	-214.32731	-215.78939	-221.46152	-1.4620725	5.6721318
3	430	-312.98918	-312.74764	-316.13136	0.24153723	3.3837213
3	431	-297.41861	-298.54535	-301.11116	-1.126735	2.5658174
3	432	-338.39221	-340.4382	-342.80859	-2.0459831	2.3703968
3	433	-301.6293	-303.24362	-303.04296	-1.614322	-0.20066248
3	434	-241.41514	-243.62089	-246.29765	-2.2057509	2.6767675
3	435	-298.34364	-298.21014	-302.00028	0.13350588	3.7901397
3	436	-318.51945	-320.23992	-321.89915	-1.72047	1.6592271
3	437	-335.8651	-336.35843	-338.52232	-0.49333352	2.1638883
3	438	-256.48128	-258.37462	-261.51213	-1.8933443	3.137503
3	439	-396.53647	-396.75768	-397.91225	-0.22121576	1.1545714
3	440	-350.02124	-352.38538	-353.65201	-2.3641375	1.2666334
3	441	-305.95819	-307.45225	-309.36317	-1.4940603	1.9109207
3	442	-370.66937	-371.97486	-372.8449	-1.3054903	0.87003718
3	443	-337.1182	-335.79037	-337.33445	1.3278326	1.5440772
3	444	-210.14253	-211.77897	-213.21993	-1.6364403	1.4409622
3	445	-303.85439	-303.91828	-305.84998	-0.063891896	1.9317011
3	446	-333.50648	-335.48939	-336.78645	-1.9829049	1.2970665
3	447	-299.2571	-300.95255	-302.40427	-1.695443	1.4517255
3	448	-303.19403	-303.99183	-305.22069	-0.79779993	1.2288651
3	449	-373.75968	-374.57944	-375.0734	-0.81975658	0.49395724
3	450	-390.30951	-391.6907	-391.39317	-1.3811947	-0.29753734
3	451	-282.30707	-283.06048	-284.58994	-0.75341163	1.5294593
3	452	-341.52898	-342.88176	-342.76046	-1.352782	-0.12129777
3	453	-430.65695	-432.73266	-431.8707	-2.0757086	-0.86195451
3	454	-265.08474	-266.086	-269.10173	-1.0012539	3.0157369
3	455	-308.05741	-308.87798	-312.05251	-0.82057109	3.1745345
3	456	-342.10787	-344.74346	-347.14493	-2.635585	2.401469
3	457	-234.57089	-235.89475	-238.79373	-1.3238646	2.8989799
3	458	-216.21098	-217.78904	-221.23452	-1.5780661	3.4454783
3	459	-338.51695	-341.19162	-343.10564	-2.6746729	1.9140206
3	460	-360.26657	-362.46464	-364.51556	-2.1980768	2.0509164
3	461	-241.55792	-242.76661	-246.42426	-1.2086895	3.6576554
3	462	-343.5182	-344.80766	-346.99435	-1.2894553	2.1866925
3	463	-380.98655	-381.37829	-383.36934	-0.39173678	1.991058
3	464	-274.8834	-277.04367	-279.44217	-2.160271	2.3984995
3	465	-310.17902	-312.21632	-315.89525	-2.0373003	3.6789276
3	466	-429.07967	-430.40165	-430.76978	-1.3219755	0.36813748
3	467	-316.86662	-319.5348	-321.07228	-2.6681735	1.5374815
3	468	-260.50063	-262.81304	-263.43456	-2.3124137	0.62151791
3	469	-345.74939	-347.5651	-346.85274	-1.8157062	-0.71235181
3	470	-270.51329	-272.17166	-274.47593	-1.6583756	2.3042687
3	471	-240.33516	-242.13397	-243.5816	-1.7988056	1.4476293
3	472	-256.58806	-256.87012	-258.96746	-0.28206394	2.0973357
3	473	-322.62205	-324.41615	-325.70694	-1.794105	1.2907897
3	474	-252.5293	-254.39017	-256.57022	-1.8608682	2.1800494
3	475	-453.72784	-453.81139	-454.60022	-0.08354991	0.7888294
3	476	-392.8945	-395.14115	-397.22273	-2.2466538	2.0815769
3	477	-373.67588	-375.57417	-374.74946	-1.8982894	-0.82470736
3	478	-362.52126	-364.04154	-366.98068	-1.5202846	2.9391317
3	479	-251.19185	-253.56842	-255.29832	-2.3765705	1.7299022
3	480	-364.71855	-366.55762	-367.17588	-1.8390718	0.61825648
3	481	-270.66022	-272.09022	-273.62519	-1.4300042	1.5349714
3	482	-309.87543	-310.13727	-313.68946	-0.26183999	3.5521979
3	483	-339.89629	-339.87136	-342.71358	0.02493804	2.8422228
3	484	-282.77642	-285.42861	-287.01167	-2.6521912	1.583054
3	485	-236.31196	-238.91727	-242.08282	-2.6053035	3.1655509
3	486	-282.83433	-284.07776	-284.24149	-1.243429	0.16372985
3	487	-240.99617	-243.06055	-247.73088	-2.0643777	4.6703238
3	488	-282.08922	-283.44717	-284.64506	-1.3579498	1.1978944
3	489	-307.78594	-309.7988	-311.19775	-2.0128681	1.3989491
3	490	-308.81252	-308.89196	-311.1486	-0.07944422	2.2566339
3	491	-234.4452	-236.22365	-237.87765	-1.7784438	1.6540027
3	492	-360.47741	-362.32593	-364.23522	-1.8485211	1.9092924
3	493	-266.10906	-268.03204	-270.56517	-1.9229841	2.5331245
3	494	-270.39594	-272.45676	-274.64625	-2.0608235	2.1894837
3	495	-234.82801	-237.11065	-240.25975	-2.2826409	3.149106
3	496	-310.05295	-311.30001	-313.45531	-1.2470571	2.1553024
3	497	-283.14201	-285.36222	-282.62686	-2.2202185	-2.7353607
3	498	-373.07841	-374.21707	-375.62458	-1.1386523	1.4075131
3	499	-389.9028	-392.04141	-393.28591	-2.1386108	1.2444914
3	500	-325.37467	-326.51117	-325.54565	-1.1365054	-0.96552826
3	501	-355.01967	-356.57061	-359.57473	-1.5509445	3.0041155
3	502	-320.17139	-321.2322	-322.30345	-1.0608042	1.0712509
3	503	-316.53405	-316.52811	-320.5854	0.0059379029	4.057283
3	504	-401.81999	-403.81067	-405.11151	-1.9906861	1.3008365
3	505	-324.7134	-326.17059	-328.66242	-1.4571915	2.4918313
3	506	-429.22709	-430.91209	-431.01846	-1.6850017	0.10636716
3	507	-263.42169	-265.28238	-270.3673	-1.860695	5.0849167
3	508	-282.71171	-282.53475	-285.25191	0.17696565	2.7171575
3	509	-285.21881	-286.36495	-289.86579	-1.1461362	3.5008381
3	510	-206.12721	-207.89961	-212.82307	-1.7723971	4.9234618
3	511	-313.78298	-313.84922	-315.64916	-0.066238132	1.7999353
3	512	-356.83231	-358.27486	-361.1001	-1.4425488	2.8252366
3	513	-221.82153	-223.18484	-225.97105	-1.3633113	2.7862068
3	514	-226.73887	-226.95248	-230.73309	-0.21361373	3.7806049
3	515	-272.32815	-274.39943	-276.60326	-2.0712764	2.2038329
3	516	-321.40986	-323.19357	-325.39617	-1.7837096	2.2026081
3	517	-455.73714	-457.28274	-459.37229	-1.5456026	2.089547
3	518	-286.53463	-289.05603	-289.56135	-2.521401	0.50531314
3	519	-313.47056	-316.09847	-317.27649	-2.6279093	1.178015
3	520	-378.31097	-380.50899	-380.73668	-2.1980213	0.22768919
3	521	-343.90489	-346.40748	-349.07106	-2.5025909	2.6635822
3	522	-247.17909	-249.08507	-254.36193	-1.9059789	5.2768582
3	523	-190.02792	-192.34226	-195.26003	-2.3143465	2.9177657
3	524	-285.3909	-287.08993	-288.1258	-1.6990221	1.0358708
3	525	-273.5233	-275.91136	-278.33599	-2.3880588	2.4246374
3	526	-249.52583	-251.1806	-253.4558	-1.6547636	2.2752012
3	527	-319.07487	-320.13092	-322.19842	-1.0560516	2.0674969
3	528	-218.22969	-219.75236	-225.35358	-1.5226717	5.6012184
3	529	-362.77259	-363.16752	-364.38315	-0.39492964	1.21563
3	530	-252.5326	-254.2131	-256.88894	-1.6805009	2.675833
3	531	-323.45764	-324.7889	-326.65103	-1.331259	1.862123
3	532	-287.97694	-289.61816	-290.40659	-1.6412192	0.78842866
3	533	-218.96537	-220.48533	-225.59594	-1.5199618	5.1106138
3	534	-333.0884	-333.28616	-335.71685	-0.19775904	2.4306919
3	535	-257.92789	-259.9494	-263.00183	-2.0215164	3.0524294
3	536	-262.51329	-263.62341	-269.05852	-1.1101193	5.4351101
3	537	-304.04132	-305.3319	-307.4344	-1.2905833	2.102505
3	538	-322.70136	-324.62504	-326.87243	-1.9236816	2.2473885
3	539	-359.5808	-361.63668	-361.99037	-2.0558839	0.35368991
3	540	-372.71962	-373.98554	-376.18058	-1.2659264	2.1950375
3	541	-276.40658	-278.04055	-279.20181	-1.6339779	1.1612602
3	542	-340.79366	-341.82733	-344.25214	-1.033668	2.4248118
3	543	-330.62419	-331.91647	-334.914	-1.2922755	2.9975294
3	544	-276.42037	-276.44515	-279.74822	-0.024782127	3.3030677
3	545	-339.70451	-340.17868	-341.83478	-0.47417414	1.656097
3	546	-336.70338	-337.32507	-339.26391	-0.6216914	1.9388377
3	547	-256.22113	-258.48184	-260.18895	-2.2607061	1.7071094
3	548	-252.72564	-252.85905	-255.21042	-0.13340816	2.3513664
3	549	-295.12862	-295.71068	-298.63888	-0.58206531	2.9281988
3	550	-277.93007	-280.06808	-282.40202	-2.1380135	2.33394
3	551	-316.7136	-316.9663	-319.77743	-0.25270696	2.8111253
3	552	-244.46698	-246.45143	-249.00563	-1.9844489	2.554194
3	553	-287.56205	-288.45491	-289.58567	-0.89285775	1.1307648
3	554	-315.07902	-316.53433	-318.22692	-1.4553075	1.6925889
3	555	-215.16768	-217.46852	-221.23845	-2.3008465	3.769923
3	556	-246.49444	-247.69228	-249.93607	-1.1978429	2.2437953
3	557	-322.50578	-324.96277	-326.39166	-2.4569914	1.4288908
3	558	-333.16618	-334.04308	-336.66405	-0.87689576	2.6209726
3	559	-368.20053	-368.55109	-370.61563	-0.35056504	2.0645388
3	560	-304.64847	-305.55862	-309.7808	-0.91015699	4.2221747
3	561	-416.95582	-417.6446	-420.25259	-0.68877781	2.6079891
3	562	-315.94699	-315.5683	-318.56854	0.37868833	3.0002436
3	563	-328.90939	-331.33676	-331.1295	-2.4273733	-0.20726347
3	564	-281.31531	-281.69077	-284.0089	-0.37545406	2.3181377
3	565	-373.60824	-374.46244	-374.323	-0.85419729	-0.13943555
3	566	-271.12983	-271.40628	-274.1878	-0.27645216	2.7815134
3	567	-350.43348	-351.79895	-354.00789	-1.3654705	2.2089474
3	568	-335.36941	-338.03352	-337.55099	-2.6641173	-0.48253203
3	569	-299.29846	-301.30156	-302.06923	-2.0031009	0.76766308
3	570	-263.57496	-265.63093	-268.62399	-2.0559728	2.9930577
3	571	-280.12035	-281.47458	-284.29879	-1.3542284	2.8242069
3	572	-267.62625	-269.89085	-273.12248	-2.2646002	3.2316257
3	573	-278.49374	-279.67009	-281.0791	-1.17635	1.4090088
3	574	-237.06976	-238.81778	-243.71071	-1.7480234	4.8929277
3	575	-224.03849	-224.67481	-226.58432	-0.6363168	1.909516
3	576	-316.86019	-317.97124	-319.80709	-1.1110513	1.835844
3	577	-320.46213	-321.13302	-323.9878	-0.67089257	2.8547773
3	578	-306.0187	-307.31943	-308.40704	-1.3007339	1.0876057
3	579	-296.88196	-297.84964	-299.26979	-0.96768244	1.4201438
3	580	-258.54034	-259.90565	-263.69063	-1.3653107	3.7849815
3	581	-391.05765	-391.79831	-394.32596	-0.74065822	2.5276483
3	582	-336.46754	-338.27001	-339.08324	-1.8024755	0.8132256
3	583	-292.41481	-294.60292	-296.83634	-2.1881059	2.2334256
3	584	-316.2347	-316.75726	-317.34229	-0.5225535	0.5850373
3	585	-314.68812	-316.20051	-318.26578	-1.5123904	2.0652715
3	586	-228.54807	-230.71251	-233.63468	-2.1644391	2.9221725
3	587	-286.4588	-288.59919	-291.95772	-2.1403898	3.3585344
3	588	-299.53567	-300.91592	-304.1131	-1.3802469	3.1971747
3	589	-266.71732	-266.06046	-270.06347	0.65685594	4.0030076
3	590	-363.96731	-365.7056	-367.26354	-1.7382967	1.5579357
3	591	-309.9298	-310.08078	-313.10642	-0.1509796	3.0256422
3	592	-317.82393	-320.0455	-323.08921	-2.2215664	3.0437069
3	593	-233.52815	-234.79937	-237.29565	-1.2712204	2.4962755
3	594	-313.34975	-315.53481	-317.37933	-2.1850582	1.8445247
3	595	-239.8874	-242.29131	-243.98572	-2.4039124	1.6944109
3	596	-257.42685	-259.18593	-261.88968	-1.7590815	2.7037444
3	597	-328.04859	-329.68041	-332.09055	-1.6318129	2.410147
3	598	-257.75387	-258.73491	-261.41999	-0.9810343	2.6850886
3	599	-345.30264	-346.00615	-349.28349	-0.70351928	3.2773347
3	600	-282.77744	-284.56263	-285.74142	-1.7851908	1.1787855
3	601	-239.95682	-241.58785	-244.41857	-1.6310278	2.8307158
3	602	-296.01521	-297.66033	-298.20798	-1.6451184	0.54765017
3	603	-321.14086	-322.53116	-324.3238	-1.3903015	1.7926469
3	604	-314.04415	-316.25184	-318.5882	-2.207692	2.336367
3	605	-317.37609	-317.87995	-320.39288	-0.50385402	2.5129371
3	606	-300.36106	-301.78953	-302.3589	-1.4284711	0.56936753
3	607	-228.0744	-230.60489	-231.62409	-2.5304937	1.0191992
3	608	-225.90641	-227.08723	-231.65579	-1.1808294	4.5685505
3	609	-234.24315	-235.01395	-240.28532	-0.77079769	5.2713687
3	610	-263.47615	-264.3926	-266.99363	-0.91645109	2.6010305
3	611	-229.39053	-231.61346	-236.53637	-2.2229354	4.9229082
3	612	-400.38033	-401.93317	-401.92498	-1.5528435	-0.008195702
3	613	-262.83936	-261.46762	-264.28955	1.3717376	2.8219305
3	614	-341.7667	-343.88206	-345.70329	-2.1153631	1.8212329
3	615	-390.59609	-392.21927	-392.73693	-1.6231766	0.51766194
3	616	-257.14735	-259.68895	-264.34702	-2.5416091	4.6580682
3	617	-255.82745	-258.03931	-258.75445	-2.2118632	0.71513798
3	618	-422.23816	-423.03402	-423.3242	-0.7958569	0.29018155
3	619	-229.0013	-229.57547	-232.7772	-0.5741677	3.2017319
3	620	-432.09463	-429.81247	-431.3748	2.2821676	1.5623374
3	621	-266.69778	-268.48925	-271.5747	-1.7914774	3.0854476
3	622	-216.40679	-217.91538	-220.84285	-1.5085935	2.9274617
3	623	-366.71345	-368.06133	-370.16022	-1.3478763	2.0988927
3	624	-308.47187	-310.46726	-313.32729	-1.9953952	2.8600306
3	625	-320.90075	-322.08251	-320.04292	-1.1817588	-2.0395946
3	626	-404.70356	-404.44692	-407.31514	0.25664153	2.8682242
3	627	-270.26809	-272.66432	-273.25798	-2.3962278	0.59365925
3	628	-389.61843	-390.70023	-392.36958	-1.0817999	1.6693496
3	629	-346.70235	-346.01308	-348.88043	0.68927044	2.8673471
3	630	-512.22289	-512.1205	-512.65206	0.10238805	0.53155553
3	631	-336.66922	-336.92747	-339.90308	-0.25825441	2.9756104
3	632	-393.27439	-394.84923	-395.79951	-1.5748343	0.95028412
3	633	-320.02704	-321.43718	-322.57482	-1.4101437	1.1376372
3	634	-276.65762	-278.66303	-281.01012	-2.0054051	2.3470905
3	635	-379.7171	-379.04474	-381.42391	0.67236294	2.3791734
3	636	-280.26188	-281.28268	-283.97653	-1.0208063	2.693845
3	637	-345.04777	-346.30636	-349.22575	-1.2585871	2.9193986
3	638	-263.25286	-264.59051	-269.05436	-1.3376505	4.4638469
3	639	-221.7203	-223.19676	-226.3499	-1.4764626	3.1531375
3	640	-281.73289	-281.58283	-287.807	0.15005435	6.2241654
3	641	-345.25026	-347.40115	-348.08745	-2.1508895	0.68630397
3	642	-350.46736	-352.13428	-353.58232	-1.6669115	1.44804
3	643	-395.52099	-396.54702	-398.89393	-1.0260304	2.3469137
3	644	-506.40809	-507.09014	-505.45246	-0.68204509	-1.6376817
3	645	-459.56928	-459.1767	-461.90148	0.39258209	2.7247821
3	646	-243.73246	-245.77278	-248.44912	-2.0403123	2.6763431
3	647	-409.67697	-411.33263	-412.17687	-1.6556612	0.84423694
3	648	-305.45894	-306.32225	-310.49986	-0.863312	4.1776096
3	649	-358.90687	-361.41137	-364.0133	-2.5044927	2.6019318
3	650	-264.88918	-266.32558	-269.42584	-1.4364053	3.1002553
3	651	-307.87754	-310.09332	-311.19264	-2.2157786	1.0993178
3	652	-279.94704	-278.22341	-282.34677	1.7236231	4.1233559
3	653	-382.83339	-383.6515	-383.01888	-0.81810666	-0.63261297
3	654	-259.8958	-261.29691	-265.01086	-1.4011047	3.7139571
3	655	-284.43811	-286.25472	-289.7605	-1.8166065	3.5057858
3	656	-308.17249	-308.48483	-310.29012	-0.31234259	1.8052903
3	657	-421.43842	-420.59879	-423.73425	0.83962996	3.1354561
3	658	-229.10907	-231.56165	-235.49818	-2.4525808	3.9365337
3	659	-297.39865	-297.97742	-300.18189	-0.57876876	2.2044679
3	660	-317.16391	-316.89678	-319.0148	0.26713796	2.1180191
3	661	-295.64821	-297.07159	-299.90941	-1.4233854	2.8378218
3	662	-330.42982	-332.01271	-331.94979	-1.5828965	-0.062928806
3	663	-357.89325	-358.87518	-361.06369	-0.98192716	2.1885114
3	664	-436.13223	-436.96113	-438.37831	-0.82890402	1.4171803
3	665	-408.68529	-408.64998	-410.66204	0.035309265	2.0120616
3	666	-263.76163	-265.52403	-267.70238	-1.7623947	2.1783567
3	667	-405.14686	-405.27879	-407.85798	-0.13192819	2.5791935
3	668	-283.79561	-286.71808	-289.39614	-2.9224664	2.678063
3	669	-250.2188	-252.31044	-255.36775	-2.0916435	3.0573087
3	670	-260.72082	-261.91202	-264.90997	-1.191208	2.9979419
3	671	-611.73129	-610.06882	-609.2094	1.6624658	-0.85941898
3	672	-249.64854	-250.83951	-254.78102	-1.1909697	3.9415026
3	673	-380.86916	-382.28774	-383.28133	-1.4185843	0.993592
3	674	-378.38703	-379.38734	-376.56632	-1.0003105	-2.8210187
3	675	-336.93972	-335.99953	-339.68686	0.94018939	3.6873206
3	676	-333.17964	-333.28989	-334.24919	-0.11024913	0.95929733
3	677	-401.07842	-401.29373	-403.55676	-0.21531109	2.2630365
3	678	-295.65022	-296.94411	-299.08819	-1.2938895	2.1440887
3	679	-291.08057	-292.57193	-295.50776	-1.4913592	2.9358358
3	680	-320.53995	-322.31873	-322.32038	-1.7787833	0.0016538391
3	681	-473.16445	-476.6877	-476.09461	-3.5232559	-0.59309101
3	682	-379.32511	-381.02019	-383.39342	-1.6950798	2.3732344
3	683	-242.11421	-243.00111	-245.04723	-0.88690079	2.0461238
3	684	-375.75515	-375.91209	-378.42566	-0.1569361	2.513566
3	685	-344.47586	-344.99053	-348.3372	-0.51467329	3.3466708
3	686	-169.63797	-171.5273	-179.31696	-1.8893337	7.7896591
3	687	-271.47032	-273.47067	-275.45982	-2.0003508	1.9891471
3	688	-379.53643	-380.55148	-381.6885	-1.0150493	1.1370164
3	689	-337.43058	-339.69939	-341.18031	-2.2688168	1.4809188
3	690	-403.2935	-404.59263	-403.36491	-1.2991272	-1.227722
3	691	-346.83114	-343.20618	-345.56067	3.6249639	2.3544978
3	692	-322.18026	-320.90948	-323.06231	1.2707845	2.1528286
3	693	-532.71347	-533.50866	-533.0885	-0.79518526	-0.42016261
3	694	-352.219	-353.55303	-355.35454	-1.3340313	1.8015064
3	695	-275.59003	-277.62565	-280.88967	-2.0356235	3.2640143
3	696	-392.03621	-393.99495	-393.99749	-1.9587343	0.0025420798
3	697	-313.69748	-314.88856	-316.971	-1.1910727	2.0824413
3	698	-271.75811	-273.68849	-275.38903	-1.930384	1.7005346
3	699	-272.85767	-274.84584	-275.92921	-1.9881759	1.0833695
3	700	-183.26896	-185.13641	-188.03545	-1.8674478	2.8990427
3	701	-245.93774	-247.1997	-250.25196	-1.2619579	3.0522642
3	702	-279.13299	-280.8291	-283.49846	-1.6961108	2.6693567
3	703	-265.53896	-267.73033	-269.70467	-2.1913656	1.9743412
3	704	-299.52922	-301.4305	-305.28865	-1.9012773	3.8581487
3	705	-380.60731	-381.88349	-384.08961	-1.2761802	2.2061162
3	706	-400.64562	-401.81596	-401.99358	-1.1703431	0.17761456
3	707	-347.73908	-349.27397	-350.28974	-1.5348923	1.0157669
3	708	-260.39951	-262.26678	-265.87875	-1.8672723	3.6119727
3	709	-219.26127	-221.1858	-222.30498	-1.9245269	1.1191791
3	710	-396.9743	-397.82001	-398.74133	-0.84571212	0.92132085
3	711	-238.48994	-240.59193	-244.63116	-2.1019842	4.0392316
3	712	-422.6375	-424.92656	-425.62562	-2.2890549	0.69905996
3	713	-279.5039	-280.77545	-284.44103	-1.2715425	3.6655831
3	714	-325.00787	-326.00731	-328.19721	-0.99944368	2.189897
3	715	-245.95584	-247.74998	-248.77959	-1.7941409	1.0296126
3	716	-238.10999	-240.73078	-242.39238	-2.6207914	1.6616064
3	717	-278.89197	-278.83905	-281.70453	0.052920961	2.8654836
3	718	-392.40752	-392.26478	-394.25603	0.14273981	1.991245
3	719	-269.70433	-272.31004	-274.7335	-2.6057113	2.4234597
3	720	-378.20574	-380.01217	-382.80654	-1.8064327	2.794366
3	721	-325.27763	-326.04662	-328.44109	-0.76899152	2.3944626
3	722	-226.97963	-228.74483	-233.98867	-1.7651931	5.2438392
3	723	-300.2636	-301.39883	-302.96094	-1.1352283	1.5621086
3	724	-293.97665	-295.28082	-297.58157	-1.3041652	2.3007461
3	725	-318.30563	-317.70417	-321.74019	0.60146074	4.0360229
3	726	-393.48531	-392.57933	-393.69553	0.90598113	1.1161982
3	727	-309.58184	-311.62288	-312.96644	-2.0410428	1.3435555
3	728	-349.40499	-345.6413	-348.55334	3.7636847	2.9120368
3	729	-302.77682	-304.99874	-307.72678	-2.2219204	2.7280407
3	730	-346.1953	-348.71525	-350.76496	-2.5199471	2.0497042
3	731	-231.82478	-233.83285	-236.49182	-2.0080638	2.6589746
3	732	-332.71183	-335.46623	-335.48537	-2.754406	0.019143048
3	733	-330.42687	-333.36783	-334.06923	-2.9409632	0.70140072
3	734	-341.04317	-340.93877	-344.68558	0.10439816	3.7468113
3	735	-232.00106	-233.35429	-236.21138	-1.3532332	2.8570888
3	736	-351.63243	-352.68086	-354.5323	-1.0484294	1.8514409
3	737	-273.372	-273.93121	-278.80379	-0.55920939	4.872576
3	738	-217.02089	-218.43187	-220.08393	-1.4109832	1.6520568
3	739	-330.52786	-331.34786	-331.24643	-0.82000466	-0.10142705
3	740	-265.90008	-265.4384	-270.31739	0.46167578	4.8789886
3	741	-353.23685	-355.73393	-357.23763	-2.4970774	1.5036958
3	742	-318.57579	-319.82019	-321.14161	-1.244405	1.3214151
3	743	-289.20032	-290.39013	-293.98534	-1.1898031	3.5952107
3	744	-349.86779	-350.53891	-351.17952	-0.67112662	0.64060702
3	745	-424.43051	-425.66234	-428.52132	-1.2318298	2.8589817
3	746	-355.85409	-356.90256	-358.71856	-1.0484703	1.8159924
3	747	-308.50017	-310.55649	-313.04489	-2.0563151	2.4884
3	748	-273.4275	-275.8463	-278.10963	-2.4188004	2.2633345
3	749	-375.16787	-376.78373	-379.29401	-1.6158527	2.5102837
3	750	-276.01885	-275.63515	-278.87462	0.38370033	3.2394691
3	751	-451.67228	-452.03365	-451.8699	-0.36136822	-0.16374301
3	752	-286.89389	-287.93715	-290.42879	-1.0432613	2.4916424
3	753	-321.68823	-323.06187	-325.01225	-1.3736429	1.9503767
3	754	-316.28186	-317.46071	-319.36869	-1.1788465	1.9079845
3	755	-369.07829	-367.63158	-370.07282	1.4467163	2.4412414
3	756	-328.64486	-329.26232	-330.75649	-0.61746312	1.4941751
3	757	-336.95765	-338.08273	-340.23932	-1.1250769	2.1565935
3	758	-299.24684	-301.50933	-302.9428	-2.262491	1.433464
3	759	-304.72143	-304.70132	-307.81797	0.020107064	3.1166457
3	760	-362.96869	-363.58589	-365.78256	-0.61719855	2.1966654
3	761	-353.89473	-351.80382	-353.71222	2.0909039	1.9083931
3	762	-305.57988	-305.0653	-307.08207	0.51458712	2.0167758
3	763	-287.2327	-289.64365	-292.51939	-2.4109531	2.8757425
3	764	-449.42656	-449.4902	-451.38373	-0.063634937	1.8935285
3	765	-331.25698	-331.51727	-333.50104	-0.26029301	1.983773
3	766	-291.95148	-293.10214	-295.75857	-1.1506619	2.6564218
3	767	-263.84219	-265.8469	-267.18985	-2.0047069	1.342951
3	768	-350.88801	-352.65447	-354.03844	-1.7664614	1.3839679
3	769	-295.49163	-296.83111	-299.72503	-1.3394812	2.893924
3	770	-293.28174	-293.78681	-296.70179	-0.50506571	2.9149763
3	771	-320.35235	-321.26978	-323.46196	-0.91742485	2.1921822
3	772	-314.62866	-315.69629	-318.00884	-1.0676333	2.3125408
3	773	-334.22807	-335.61473	-335.70626	-1.3866617	0.091532794
3	774	-408.66456	-409.2895	-411.76774	-0.6249471	2.47824
3	775	-342.71534	-340.76514	-343.92283	1.9501989	3.1576922
3	776	-306.43344	-308.4645	-310.92111	-2.0310546	2.4566146
3	777	-292.48295	-294.44257	-295.09907	-1.9596161	0.65650238
3	778	-212.33743	-213.52684	-219.35797	-1.1894093	5.8311266
3	779	-437.97159	-437.91074	-439.95806	0.060845398	2.0473156
3	780	-256.43995	-257.95021	-258.56973	-1.510262	0.61952352
3	781	-196.83463	-198.49568	-199.96953	-1.6610566	1.4738438
3	782	-470.11382	-470.16079	-468.85256	-0.046973494	-1.3082264
3	783	-257.52049	-259.37382	-261.53015	-1.8533259	2.1563359
3	784	-327.02614	-327.64442	-328.46646	-0.61828472	0.8220313
3	785	-330.18129	-331.09982	-332.46161	-0.91853233	1.3617953
3	786	-277.55766	-277.83275	-279.83184	-0.27509109	1.999093
3	787	-330.29232	-333.61774	-334.33226	-3.3254227	0.71451252
3	788	-364.12889	-364.63068	-365.59261	-0.50178953	0.96193213
3	789	-313.18928	-314.87642	-316.16996	-1.6871442	1.2935406
3	790	-363.67299	-363.10722	-365.90026	0.56577626	2.7930437
3	791	-332.43765	-334.84938	-335.16232	-2.4117286	0.31293716
3	792	-319.71734	-320.44334	-321.6984	-0.72600381	1.2550592
3	793	-244.50251	-247.34022	-251.32512	-2.8377079	3.9848937
3	794	-365.32154	-365.82358	-367.46306	-0.50204091	1.6394765
3	795	-307.55054	-309.50414	-311.95896	-1.953595	2.4548192
3	796	-251.96061	-254.4763	-255.29603	-2.5156891	0.81973507
3	797	-308.56638	-309.84981	-311.50542	-1.2834282	1.6556187
3	798	-369.21826	-368.9367	-371.52308	0.28156248	2.5863815
3	799	-375.71112	-375.00673	-378.0878	0.70439248	3.0810668
3	800	-291.58583	-291.99524	-297.00013	-0.40940748	5.0048908
3	801	-262.45058	-264.08673	-267.29151	-1.6361488	3.2047757
3	802	-341.56369	-343.11704	-344.62061	-1.5533459	1.503577
3	803	-311.10899	-312.69308	-315.10557	-1.5840868	2.4124956
3	804	-250.81239	-252.76488	-254.87425	-1.9524908	2.1093694
3	805	-278.56691	-280.20381	-282.48107	-1.6369008	2.2772556
3	806	-303.41638	-304.13152	-305.66088	-0.71513926	1.5293641
3	807	-278.39056	-280.35552	-280.45404	-1.9649654	0.098513065
3	808	-303.66469	-306.10062	-307.53685	-2.4359282	1.4362277
3	809	-220.2392	-221.483	-226.86917	-1.2437988	5.386178
3	810	-219.61284	-220.85057	-224.47068	-1.237724	3.6201114
3	811	-496.75525	-495.65092	-496.66721	1.1043249	1.0162885
3	812	-272.14091	-273.87929	-275.74268	-1.7383837	1.8633921
3	813	-404.67376	-407.04477	-406.2515	-2.3710117	-0.79326982
3	814	-314.10166	-315.69494	-316.67593	-1.5932797	0.98099015
3	815	-180.40942	-181.83656	-187.48901	-1.4271425	5.6524531
3	816	-385.55463	-386.21331	-388.9333	-0.65868152	2.7199888
3	817	-312.449	-314.09711	-318.32244	-1.6481184	4.2253273
3	818	-324.67046	-323.90001	-326.46493	0.77044791	2.5649211
3	819	-236.08876	-238.24987	-242.8687	-2.1611124	4.618833
3	820	-208.01092	-209.93052	-213.18736	-1.9196027	3.2568384
3	821	-460.27854	-462.87426	-462.90585	-2.5957186	0.031595567
3	822	-348.92343	-349.88673	-350.13678	-0.96330117	0.25004764
3	823	-409.14789	-410.25573	-409.74544	-1.1078461	-0.51029907
3	824	-356.87509	-353.86792	-357.24603	3.0071746	3.3781109
3	825	-478.23081	-478.77949	-478.49791	-0.54868502	-0.28157864
3	826	-269.27325	-272.05178	-274.29006	-2.7785298	2.238276
3	827	-335.20385	-337.10591	-338.62551	-1.9020644	1.5196011
3	828	-267.86996	-269.52417	-272.63471	-1.6542146	3.1105339
3	829	-309.92715	-311.23211	-313.49735	-1.3049637	2.2652378
3	830	-343.9732	-344.83281	-346.05342	-0.85961749	1.2206034
3	831	-417.68169	-417.79269	-419.8764	-0.11100085	2.0837016
3	832	-350.27541	-350.9443	-352.20329	-0.66889154	1.2589887
3	833	-348.24403	-350.45089	-353.27105	-2.206858	2.8201651
3	834	-254.02992	-256.2131	-258.06134	-2.1831816	1.8482423
3	835	-306.46214	-307.77414	-310.00613	-1.3119941	2.2319934
3	836	-276.598	-277.86446	-280.17687	-1.2664644	2.3124115
3	837	-268.45199	-267.46294	-270.78933	0.98905258	3.3263903
3	838	-278.69219	-279.20382	-282.73673	-0.51163837	3.532906
3	839	-334.46185	-334.79791	-337.97992	-0.33605191	3.1820176
3	840	-374.14178	-374.46431	-377.18969	-0.32253384	2.7253745
3	841	-436.80702	-437.72631	-439.63941	-0.91928429	1.9131068
3	842	-322.21657	-324.25444	-325.71962	-2.0378736	1.4651729
3	843	-321.32129	-321.90388	-323.79887	-0.58258728	1.8949918
3	844	-274.87756	-277.36951	-279.34184	-2.491946	1.9723268
3	845	-270.92094	-273.23848	-277.40696	-2.3175416	4.168477
3	846	-356.20759	-356.55034	-358.03137	-0.34274793	1.4810299
3	847	-334.45903	-335.2944	-337.78923	-0.83536614	2.4948318
3	848	-356.95792	-358.69587	-360.12589	-1.7379458	1.4300183
3	849	-321.37166	-322.20408	-325.10831	-0.83241966	2.9042296
3	850	-220.44425	-221.59727	-223.74273	-1.1530235	2.1454523
3	851	-329.80217	-331.20563	-333.5802	-1.4034595	2.3745709
3	852	-480.8105	-482.15004	-482.98862	-1.3395444	0.8385799
3	853	-356.19736	-358.14701	-360.98844	-1.9496475	2.8414325
3	854	-264.77648	-267.50391	-268.311	-2.727422	0.80709273
3	855	-261.59706	-264.0621	-268.05769	-2.4650391	3.9955919
3	856	-337.30434	-338.66304	-340.07908	-1.3587012	1.4160341
3	857	-274.07564	-275.4368	-277.30231	-1.3611648	1.8655024
3	858	-317.74308	-319.62441	-321.20956	-1.8813207	1.5851564
3	859	-239.79174	-241.44519	-243.74145	-1.6534587	2.2962506
3	860	-290.64281	-292.33376	-295.53868	-1.6909492	3.2049165
3	861	-344.34608	-345.04966	-347.94398	-0.70357677	2.8943178
3	862	-275.21913	-277.01554	-279.64714	-1.7964072	2.631594
3	863	-291.73967	-292.9289	-295.63635	-1.1892295	2.7074541
3	864	-283.76339	-285.95909	-289.31119	-2.1957058	3.3520966
3	865	-427.29292	-427.66131	-427.53809	-0.36838688	-0.12321403
3	866	-333.09515	-334.7933	-335.76721	-1.6981438	0.97391638
3	867	-312.19447	-313.51388	-315.55617	-1.3194031	2.0422949
3	868	-431.89668	-434.38616	-432.19514	-2.4894804	-2.1910255
3	869	-251.1128	-251.18787	-253.81812	-0.075070874	2.6302508
3	870	-242.1551	-244.64615	-249.15965	-2.4910488	4.5135009
3	871	-305.55885	-307.67537	-311.78078	-2.1165241	4.1054102
3	872	-252.19385	-254.42043	-256.86552	-2.2265862	2.4450925
3	873	-264.18614	-264.81272	-267.60955	-0.62657688	2.7968352
3	874	-360.04692	-362.66112	-362.40602	-2.614199	-0.25509941
3	875	-412.63298	-414.29766	-414.11508	-1.6646817	-0.18257596
3	876	-283.74586	-286.41528	-287.69484	-2.6694261	1.2795539
3	877	-291.93624	-294.2784	-295.89239	-2.3421656	1.6139832
3	878	-256.10743	-258.34649	-260.64371	-2.2390568	2.2972235
3	879	-305.97322	-308.76047	-307.84277	-2.7872578	-0.91770821
3	880	-380.46136	-382.92387	-381.02154	-2.4625075	-1.9023264
3	881	-278.92257	-279.89431	-281.91444	-0.97173538	2.0201279
3	882	-264.11442	-266.56396	-268.99068	-2.449545	2.426718
3	883	-229.09719	-230.29832	-232.00534	-1.2011315	1.7070222
3	884	-260.58215	-261.59843	-263.86439	-1.0162831	2.26596
3	885	-223.85232	-224.63408	-228.52614	-0.7817645	3.8920545
3	886	-293.68181	-297.50956	-299.48095	-3.8277524	1.9713889
3	887	-263.11251	-265.25972	-269.28004	-2.1472158	4.0203215
3	888	-311.46397	-309.95295	-314.11834	1.5110228	4.1653894
3	889	-222.14827	-223.58981	-226.60555	-1.4415423	3.0157404
3	890	-365.04179	-366.91942	-368.48568	-1.8776299	1.5662547
3	891	-418.78716	-419.78306	-419.68222	-0.99589724	-0.10084186
3	892	-248.63123	-249.99663	-255.12828	-1.3654022	5.1316517
3	893	-363.27452	-364.4695	-364.39132	-1.19498	-0.07817636
3	894	-331.15364	-329.47046	-332.16388	1.6831815	2.6934175
3	895	-410.34496	-411.90039	-414.3769	-1.5554247	2.4765113
3	896	-265.71095	-265.90889	-269.67892	-0.19793666	3.7700271
3	897	-368.73286	-370.2582	-372.40635	-1.5253435	2.1481499
3	898	-269.89407	-271.73935	-274.26978	-1.8452795	2.5304337
3	899	-253.5558	-254.82683	-260.65962	-1.2710318	5.8327893
3	900	-379.6529	-380.35387	-381.33179	-0.70097008	0.97792156
3	901	-387.95242	-389.72848	-390.32721	-1.7760603	0.59873042
3	902	-369.0557	-369.26522	-370.68079	-0.20951818	1.4155631
3	903	-397.84586	-398.03991	-399.66135	-0.1940526	1.6214425
3	904	-289.54284	-291.35435	-296.2644	-1.8115079	4.9100567
3	905	-313.35072	-314.07586	-316.93825	-0.72513499	2.8623888
3	906	-372.12768	-373.41476	-373.93531	-1.2870785	0.52055345
3	907	-276.39056	-276.12086	-280.22225	0.2696922	4.1013817
3	908	-395.49472	-396.98452	-395.4165	-1.4898017	-1.5680199
3	909	-394.44304	-393.57462	-395.51864	0.86842695	1.9440202
3	910	-366.14626	-365.75045	-368.32328	0.39581249	2.5728285
3	911	-373.99453	-374.0086	-377.2185	-0.014073543	3.2098978
3	912	-320.39581	-321.87648	-323.62334	-1.4806747	1.7468541
3	913	-252.15163	-254.10134	-258.52447	-1.9497106	4.4231292
3	914	-319.94483	-322.10015	-324.84948	-2.1553122	2.749336
3	915	-272.4552	-274.02619	-276.56976	-1.5709864	2.5435735
3	916	-446.13327	-446.94309	-447.27963	-0.80981989	0.3365371
3	917	-269.3927	-271.03416	-272.36936	-1.641468	1.3351934
3	918	-403.27343	-404.59299	-405.73217	-1.3195581	1.1391823
3	919	-260.85155	-260.58282	-264.99333	0.26873261	4.4105175
3	920	-294.68344	-295.85084	-298.95922	-1.1673982	3.1083789
3	921	-255.09858	-256.22945	-257.86364	-1.1308715	1.6341867
3	922	-309.09539	-310.52899	-313.96976	-1.4336076	3.4407673
3	923	-319.30625	-320.99774	-322.43224	-1.6914907	1.4344987
3	924	-243.54697	-245.2196	-248.34064	-1.6726324	3.1210416
3	925	-398.00338	-399.16554	-400.03533	-1.1621609	0.86978552
3	926	-347.96915	-348.58462	-351.15199	-0.61546835	2.5673715
3	927	-354.09034	-354.93263	-356.92234	-0.84228614	1.989713
3	928	-304.02412	-307.52142	-306.69832	-3.4973039	-0.823108
3	929	-343.4454	-345.08956	-345.6864	-1.6441603	0.59684057
3	930	-294.2209	-296.78266	-297.89748	-2.5617617	1.1148213
3	931	-372.70617	-374.11002	-375.84144	-1.4038523	1.7314229
3	932	-329.4106	-330.68982	-334.16736	-1.2792207	3.4775389
3	933	-377.17824	-377.23062	-378.97265	-0.052383556	1.7420337
3	934	-229.35759	-230.87784	-233.85411	-1.5202478	2.9762722
3	935	-279.87884	-281.15108	-284.88661	-1.2722464	3.735529
3	936	-325.04273	-325.97039	-327.57379	-0.92766312	1.6033919
3	937	-271.98837	-273.52385	-275.97749	-1.5354806	2.4536372
3	938	-347.71719	-347.84895	-346.76384	-0.13175836	-1.0851052
3	939	-264.55854	-266.18194	-267.94141	-1.6234033	1.759475
3	940	-301.65916	-302.35615	-304.1477	-0.6969974	1.7915432
3	941	-435.05922	-436.75523	-436.33945	-1.6960151	-0.41578288
3	942	-384.67715	-387.26301	-385.92713	-2.5858581	-1.3358744
3	943	-304.75168	-306.10937	-309.71946	-1.3576857	3.6100975
3	944	-289.79655	-291.42452	-293.26982	-1.6279736	1.8452934
3	945	-284.33376	-284.416	-286.95942	-0.082247563	2.5434118
3	946	-357.17374	-357.9824	-358.265	-0.80866212	0.28260368
3	947	-313.07561	-313.64338	-316.47334	-0.56776856	2.8299595
3	948	-313.48592	-314.69711	-315.76471	-1.2111889	1.0675945
3	949	-349.81851	-350.73569	-352.6751	-0.91717384	1.9394151
3	950	-204.34382	-206.84321	-210.32346	-2.4993836	3.480254
3	951	-319.90459	-321.03047	-324.63657	-1.1258839	3.6060914
3	952	-352.53084	-353.86364	-355.26856	-1.3327974	1.4049219
3	953	-385.68168	-386.25717	-386.91582	-0.57548965	0.65864906
3	954	-250.32591	-252.91756	-256.28183	-2.5916549	3.3642698
3	955	-225.01863	-226.6892	-229.27028	-1.6705706	2.5810866
3	956	-304.06535	-305.12217	-307.2069	-1.0568171	2.0847274
3	957	-241.13172	-242.39417	-244.34555	-1.2624439	1.9513811
3	958	-269.9892	-270.94367	-273.68688	-0.95446715	2.7432086
3	959	-365.07396	-364.18978	-366.75352	0.88418498	2.5637434
3	960	-303.29473	-306.13638	-307.3485	-2.8416576	1.2121122
3	961	-225.11425	-229.13238	-230.17253	-4.0181331	1.0401502
3	962	-405.63895	-405.85736	-408.03603	-0.21841405	2.178666
3	963	-271.86361	-273.71672	-273.56966	-1.8531115	-0.14706252
3	964	-309.04234	-308.64981	-312.23213	0.39253038	3.5823271
3	965	-250.66044	-252.17628	-256.2906	-1.5158419	4.1143253
3	966	-283.0801	-284.58814	-287.93863	-1.5080345	3.3504885
3	967	-279.59531	-281.318	-283.38667	-1.7226977	2.0686689
3	968	-404.75008	-405.97209	-406.91543	-1.2220125	0.9433362
3	969	-309.4441	-309.96915	-312.24818	-0.52504696	2.2790286
3	970	-329.5228	-331.36796	-333.07327	-1.845163	1.7053064
3	971	-239.64828	-241.42252	-245.9688	-1.7742421	4.5462809
3	972	-367.91771	-368.91617	-371.77936	-0.9984545	2.8631875
3	973	-272.77901	-272.08139	-275.16357	0.69762043	3.0821843
3	974	-320.23043	-322.06377	-324.21074	-1.8333359	2.1469712
3	975	-382.417	-383.00075	-383.73874	-0.58375233	0.73798932
3	976	-303.49136	-304.25664	-307.4041	-0.76527299	3.1474666
3	977	-268.17657	-269.79164	-272.73051	-1.6150708	2.9388686
3	978	-267.13289	-267.96853	-273.87868	-0.83563949	5.9101471
3	979	-285.48028	-287.17861	-286.63645	-1.6983288	-0.54215761
3	980	-313.81909	-315.35014	-316.68031	-1.5310532	1.3301731
3	981	-268.33569	-269.53563	-271.43308	-1.1999367	1.8974501
3	982	-287.86384	-289.6624	-291.1805	-1.7985553	1.5180963
3	983	-281.52147	-283.83261	-285.31883	-2.3111465	1.4862221
3	984	-400.27732	-400.26645	-401.78038	0.010865473	1.5139302
3	985	-297.11508	-299.44798	-300.30307	-2.3329019	0.85509188
3	986	-272.11685	-273.30468	-274.92087	-1.1878339	1.6161868
3	987	-380.60641	-379.24893	-383.21871	1.3574864	3.9697857
3	988	-269.38079	-270.10597	-273.85897	-0.72518449	3.752998
3	989	-455.85791	-456.39754	-456.38495	-0.53962543	-0.012591219
3	990	-245.30175	-247.15413	-249.5474	-1.8523843	2.3932707
3	991	-407.223	-409.31241	-409.334	-2.0894094	0.021592185
3	992	-264.37348	-265.95436	-268.13969	-1.5808828	2.1853306
3	993	-313.82495	-314.4594	-317.56926	-0.63444902	3.1098577
3	994	-313.20072	-313.10702	-315.26741	0.093697342	2.1603873
3	995	-292.53798	-293.65875	-295.55685	-1.1207646	1.8981016
3	996	-355.98862	-357.39089	-360.01321	-1.4022667	2.6223198
3	997	-338.27293	-341.05799	-341.54972	-2.7850601	0.4917277
3	998	-353.90552	-355.26603	-356.73124	-1.3605148	1.465204
3	999	-469.72193	-470.07262	-471.30851	-0.35069402	1.235892
