No.	ID	loglik_Null	loglik_Acc	loglik_Full	logBF1	logBF2
4	0	-350.95819	-350.25548	-350.97295	0.70271289	0.71746632
4	1	-293.26843	-293.47085	-293.98889	-0.20242563	0.51803828
4	2	-321.30181	-321.64974	-322.1312	-0.34793268	0.48145451
4	3	-269.38219	-270.07416	-270.43305	-0.69196044	0.35889015
4	4	-326.92553	-324.41527	-325.6963	2.5102553	1.2810326
4	5	-160.55899	-161.27901	-161.85291	-0.72002121	0.57389515
4	6	-235.22445	-235.69188	-235.78631	-0.46743034	0.09442946
4	7	-270.4461	-271.31356	-271.56492	-0.86745946	0.25136548
4	8	-289.44822	-288.92283	-289.48327	0.52539098	0.56043853
4	9	-376.96108	-377.40726	-377.87921	-0.44617182	0.47195348
4	10	-364.22329	-364.54469	-365.0767	-0.32140489	0.53200352
4	11	-287.46057	-287.7936	-288.29003	-0.33303465	0.49642171
4	12	-275.21963	-275.94527	-276.21816	-0.725646	0.27289002
4	13	-370.14807	-370.77375	-371.01935	-0.6256774	0.24560807
4	14	-265.19066	-265.73859	-266.32904	-0.54793846	0.59044591
4	15	-245.57574	-246.22644	-246.7499	-0.65069266	0.52345966
4	16	-332.07129	-332.63063	-332.81281	-0.559339	0.18218515
4	17	-213.96144	-215.14856	-215.16529	-1.1871235	0.016727835
4	18	-222.16966	-221.72636	-221.90288	0.44330064	0.17652406
4	19	-353.2139	-352.57311	-353.40308	0.64078903	0.82997774
4	20	-332.22941	-332.98679	-333.39977	-0.75738067	0.41297612
4	21	-303.54197	-303.86032	-302.37517	-0.31834974	-1.4851452
4	22	-490.71582	-488.45083	-487.1698	2.2649865	-1.281032
4	23	-329.39766	-329.95156	-330.41073	-0.55390247	0.45917227
4	24	-335.12424	-331.96447	-332.94691	3.1597678	0.98244032
4	25	-381.7906	-382.34389	-381.98268	-0.55329463	-0.36120607
4	26	-259.14507	-260.04006	-260.39285	-0.89499258	0.35278562
4	27	-345.3844	-345.2088	-345.7666	0.17560314	0.55780442
4	28	-202.04457	-202.74453	-202.92328	-0.69996857	0.17874312
4	29	-301.1554	-300.06124	-300.54058	1.0941662	0.47934692
4	30	-256.72418	-257.36223	-257.92538	-0.63805337	0.56315139
4	31	-543.08873	-541.86794	-541.65365	1.2207903	-0.21428683
4	32	-375.66417	-375.05659	-375.71739	0.60758865	0.66080396
4	33	-314.95433	-315.53339	-315.93688	-0.57906176	0.40348801
4	34	-377.17691	-377.68776	-372.8038	-0.51085014	-4.883963
4	35	-230.33853	-230.88138	-231.24289	-0.54285778	0.36150272
4	36	-270.0455	-270.64173	-271.15147	-0.5962302	0.50973857
4	37	-291.58111	-291.78451	-292.26892	-0.20340771	0.48440489
4	38	-186.26395	-187.64704	-187.56941	-1.3830867	-0.077629569
4	39	-190.76425	-191.87104	-191.93278	-1.1067888	0.061743847
4	40	-455.20551	-454.30481	-455.97126	0.90069474	1.6664475
4	41	-210.7899	-211.12631	-211.78957	-0.33641173	0.66326525
4	42	-411.72164	-409.72767	-408.36249	1.9939659	-1.3651778
4	43	-401.6636	-401.97694	-402.47324	-0.31334113	0.49629962
4	44	-263.70855	-263.14854	-263.91863	0.56000739	0.77008351
4	45	-307.68655	-308.28896	-308.43481	-0.6024026	0.14585724
4	46	-257.64466	-258.51918	-258.99175	-0.87451633	0.47257832
4	47	-380.2341	-380.55694	-380.3726	-0.32283833	-0.18433549
4	48	-490.69384	-490.57858	-489.33766	0.11525774	-1.2409196
4	49	-357.72348	-357.46385	-358.24076	0.25963325	0.77691454
4	50	-234.75179	-235.03526	-235.66716	-0.2834694	0.63190104
4	51	-184.04851	-184.5487	-184.86883	-0.5001903	0.32012993
4	52	-263.66563	-264.04438	-264.20907	-0.37875519	0.16468542
4	53	-256.61253	-256.69741	-257.24	-0.084885931	0.54259059
4	54	-239.09276	-239.67544	-240.06658	-0.58268759	0.39113756
4	55	-280.11693	-279.13862	-280.39329	0.97831215	1.2546774
4	56	-240.86402	-241.50461	-242.21466	-0.64059134	0.71005778
4	57	-294.46725	-294.86497	-295.4153	-0.39771527	0.55033306
4	58	-288.1186	-284.80773	-285.42389	3.3108643	0.61615328
4	59	-336.36693	-336.13863	-336.76511	0.2283013	0.62647447
4	60	-349.5176	-349.78527	-350.36231	-0.26767051	0.57703414
4	61	-306.95759	-306.77415	-307.33798	0.18343934	0.5638327
4	62	-330.99198	-331.75003	-332.15675	-0.75804734	0.40672655
4	63	-369.67957	-370.01491	-370.41334	-0.33533883	0.39842366
4	64	-327.28726	-327.93512	-328.34981	-0.64786198	0.41468803
4	65	-340.28563	-340.60975	-340.20099	-0.32412164	-0.40876552
4	66	-269.41197	-269.06742	-269.67202	0.34455416	0.60460133
4	67	-397.77417	-397.13455	-396.82065	0.63961461	-0.31390139
4	68	-288.02762	-287.91368	-288.59858	0.1139482	0.68489929
4	69	-268.58207	-269.21517	-269.48788	-0.63309566	0.27271447
4	70	-308.63327	-306.68411	-307.73022	1.9491614	1.0461096
4	71	-234.02337	-234.57412	-235.23743	-0.55074654	0.66331004
4	72	-235.52087	-236.26076	-236.58833	-0.73989623	0.32756899
4	73	-239.53102	-240.35397	-240.51382	-0.82295515	0.15985062
4	74	-326.74018	-327.39713	-327.73754	-0.65694985	0.34040456
4	75	-375.35435	-374.80566	-375.51916	0.54869848	0.71350808
4	76	-250.32787	-249.97638	-251.87354	0.35149126	1.897159
4	77	-256.27821	-256.96328	-257.18433	-0.68506744	0.22105125
4	78	-399.20564	-395.57766	-396.68778	3.627979	1.1101184
4	79	-199.97118	-200.04186	-200.5815	-0.07068146	0.53963627
4	80	-346.48628	-340.09899	-341.47857	6.3872934	1.3795797
4	81	-285.84674	-285.85535	-285.68655	-0.0086091052	-0.16879736
4	82	-320.06458	-320.94912	-321.1688	-0.88453915	0.21968718
4	83	-237.65475	-237.84045	-237.95593	-0.1857005	0.1154787
4	84	-321.84442	-321.44838	-321.88783	0.39604387	0.43945682
4	85	-343.262	-343.53362	-344.15266	-0.27161614	0.61903976
4	86	-219.18279	-219.90559	-220.311	-0.7227951	0.40541194
4	87	-425.69918	-424.50661	-425.06319	1.1925783	0.55658822
4	88	-301.20534	-301.60839	-302.25476	-0.40305081	0.64636889
4	89	-338.2471	-338.92229	-339.17802	-0.67519322	0.25573047
4	90	-236.21343	-236.50942	-236.68004	-0.29598818	0.17061949
4	91	-258.38352	-259.02044	-259.41259	-0.63691322	0.39215329
4	92	-300.6996	-301.51789	-298.58289	-0.81829662	-2.9350014
4	93	-376.99817	-377.40304	-365.70722	-0.40487196	-11.695817
4	94	-347.13288	-347.371	-346.32153	-0.23812021	-1.0494772
4	95	-205.06413	-205.32858	-205.88583	-0.26444575	0.55724872
4	96	-444.88911	-445.39063	-442.32544	-0.50151923	-3.0651908
4	97	-273.36087	-273.70398	-274.00092	-0.34310988	0.29693756
4	98	-337.3315	-335.4454	-336.06745	1.8860972	0.62204385
4	99	-219.13996	-216.84785	-217.65412	2.2921114	0.80626959
4	100	-236.00995	-236.94541	-236.84183	-0.93545139	-0.10357394
4	101	-229.40131	-230.29495	-230.66372	-0.89364021	0.36876435
4	102	-410.98979	-411.74022	-411.72779	-0.75042464	-0.012424905
4	103	-296.2572	-295.67206	-296.37277	0.58514299	0.70070863
4	104	-273.80295	-274.52516	-274.52702	-0.7222057	0.0018596534
4	105	-293.06988	-293.79639	-293.42247	-0.72650369	-0.37391396
4	106	-310.17479	-309.55703	-309.79353	0.61775388	0.23649118
4	107	-474.52395	-475.0241	-476.1955	-0.50015483	1.1713999
4	108	-337.67126	-337.80691	-338.26119	-0.1356494	0.45427981
4	109	-372.62157	-373.12931	-373.5118	-0.50773762	0.38249123
4	110	-344.05634	-344.12247	-344.63237	-0.066133348	0.50989914
4	111	-289.66	-290.19198	-290.69479	-0.5319796	0.50280598
4	112	-338.7133	-339.41993	-339.79939	-0.70662885	0.37946506
4	113	-231.35261	-232.34432	-232.98975	-0.99171177	0.64542472
4	114	-414.11352	-414.03418	-414.56976	0.079337475	0.53557336
4	115	-278.41648	-279.08557	-279.42777	-0.6690969	0.34220185
4	116	-404.27066	-400.35852	-401.59681	3.9121405	1.2382924
4	117	-296.77144	-297.45767	-297.93417	-0.68623375	0.47649863
4	118	-229.75215	-230.11928	-230.44185	-0.36712857	0.32256892
4	119	-199.50755	-200.16589	-200.90006	-0.65833815	0.73417155
4	120	-332.34758	-331.98762	-332.58634	0.35996746	0.59872221
4	121	-224.76251	-225.47709	-226.05957	-0.71458627	0.58247802
4	122	-499.24032	-499.63901	-499.72133	-0.39868273	0.082328305
4	123	-338.76999	-339.14554	-339.69087	-0.37555055	0.54533217
4	124	-282.93414	-283.47651	-283.96589	-0.54236378	0.48937955
4	125	-318.66446	-319.22492	-319.72761	-0.56045118	0.50269084
4	126	-305.2096	-305.69773	-306.01317	-0.48813634	0.31543485
4	127	-306.28395	-302.78793	-303.64553	3.4960226	0.85759335
4	128	-389.88681	-390.47099	-390.1483	-0.58418278	-0.32269462
4	129	-198.01946	-198.68999	-198.98096	-0.67053505	0.29096457
4	130	-289.25606	-289.01633	-289.68325	0.23972964	0.6669212
4	131	-144.99105	-146.17738	-146.20621	-1.1863321	0.028833345
4	132	-268.60558	-269.12264	-269.49442	-0.51705304	0.37177976
4	133	-322.31551	-322.05707	-322.63853	0.2584379	0.58146346
4	134	-408.71852	-409.24185	-409.14869	-0.52332741	-0.093161789
4	135	-358.97664	-359.08386	-359.49138	-0.10721815	0.40751775
4	136	-310.70465	-311.50504	-310.50642	-0.80038836	-0.9986222
4	137	-262.78467	-263.18437	-263.56184	-0.39970574	0.37746555
4	138	-332.53073	-332.76908	-333.26605	-0.23834617	0.49696925
4	139	-292.36375	-293.09454	-293.59812	-0.73079028	0.50358091
4	140	-275.13397	-275.50936	-276.08191	-0.37538749	0.57255252
4	141	-256.96716	-257.34239	-257.70268	-0.37523287	0.36029389
4	142	-258.39935	-258.90461	-259.27161	-0.50525972	0.36699927
4	143	-241.07425	-241.85714	-242.22796	-0.78289051	0.37082429
4	144	-329.47284	-329.95856	-330.11485	-0.48572061	0.156283
4	145	-268.60779	-267.91207	-268.68673	0.69572298	0.77466521
4	146	-358.44939	-356.56589	-357.24745	1.8835027	0.68155837
4	147	-409.3988	-407.87774	-408.60861	1.5210577	0.7308685
4	148	-381.79527	-381.51451	-381.85773	0.28075143	0.34321338
4	149	-289.38126	-288.26999	-289.20682	1.1112666	0.93683114
4	150	-364.50424	-364.83687	-365.26151	-0.33263404	0.42464092
4	151	-281.98982	-282.80375	-283.01897	-0.81392634	0.21521788
4	152	-341.64227	-342.11259	-342.62092	-0.47031943	0.50833266
4	153	-316.5532	-317.12071	-317.6303	-0.56750771	0.50959244
4	154	-295.55633	-295.52244	-296.30181	0.033895644	0.77936964
4	155	-285.82709	-286.35904	-286.68974	-0.53194091	0.33070468
4	156	-269.95924	-270.68599	-271.07339	-0.72675711	0.38740157
4	157	-263.39362	-264.12394	-264.51532	-0.73031557	0.39137945
4	158	-325.09409	-325.80215	-326.17252	-0.70805655	0.37037703
4	159	-365.12704	-364.71074	-363.78069	0.41630839	-0.93005026
4	160	-336.55445	-337.10486	-337.555	-0.55041734	0.45013156
4	161	-427.08448	-427.13944	-427.69507	-0.05495698	0.55562491
4	162	-272.11198	-272.78897	-273.32116	-0.67699485	0.53219174
4	163	-417.85634	-413.67423	-414.69651	4.1821099	1.0222795
4	164	-317.39607	-314.59265	-315.61633	2.8034206	1.0236879
4	165	-310.79821	-311.34552	-310.98173	-0.54731278	-0.36379304
4	166	-306.56852	-307.39324	-305.56914	-0.8247125	-1.8241
4	167	-361.61737	-362.38442	-362.68762	-0.76705254	0.30319731
4	168	-283.14182	-282.54308	-283.11178	0.59874281	0.56869637
4	169	-307.3616	-308.06907	-308.0424	-0.70747458	-0.026673838
4	170	-197.55935	-197.57198	-198.04958	-0.012630964	0.47760022
4	171	-169.0695	-169.86742	-170.12808	-0.79791786	0.26066725
4	172	-301.67568	-302.35498	-302.8579	-0.67930493	0.50291279
4	173	-347.37535	-345.40649	-346.25753	1.9688524	0.85103856
4	174	-242.37375	-242.53041	-242.99611	-0.15666437	0.46570089
4	175	-186.24229	-186.50744	-186.93847	-0.26515927	0.43102612
4	176	-367.14907	-367.87326	-367.93807	-0.72418731	0.064814548
4	177	-301.19942	-298.18369	-298.8959	3.0157287	0.71221123
4	178	-318.63939	-319.42844	-319.78257	-0.78904974	0.35413257
4	179	-274.57144	-275.22667	-275.59034	-0.65523113	0.36367446
4	180	-363.2518	-360.1899	-361.45844	3.0618977	1.2685409
4	181	-232.51604	-233.19539	-233.59893	-0.67935023	0.40354267
4	182	-242.68133	-242.56874	-243.15457	0.11259631	0.58583103
4	183	-289.41446	-289.75295	-290.02352	-0.33848996	0.27056539
4	184	-187.00856	-187.40116	-187.9138	-0.3925993	0.51263721
4	185	-239.35566	-239.61557	-240.28948	-0.25990623	0.67391156
4	186	-406.34442	-405.55039	-406.36153	0.79402483	0.81114424
4	187	-373.31523	-373.30387	-373.6593	0.011362929	0.35543317
4	188	-391.24339	-391.78218	-390.08242	-0.53878689	-1.6997596
4	189	-322.74299	-320.60625	-321.36709	2.1367324	0.76083674
4	190	-357.34439	-357.82778	-357.75436	-0.48339428	-0.073422606
4	191	-375.5561	-375.32111	-375.8958	0.23499493	0.57468877
4	192	-288.12155	-288.75829	-289.02186	-0.63673247	0.26357553
4	193	-226.06684	-225.97156	-226.48604	0.095281614	0.5144877
4	194	-312.68539	-310.99504	-311.93438	1.6903557	0.939339
4	195	-257.96027	-258.04803	-258.54357	-0.08775648	0.4955396
4	196	-223.6012	-223.90402	-224.60582	-0.30282467	0.70179439
4	197	-346.23684	-346.57385	-347.01921	-0.33701965	0.44535671
4	198	-279.6829	-280.24916	-280.52077	-0.5662579	0.27160636
4	199	-318.73493	-319.14599	-319.61337	-0.41106387	0.46738445
4	200	-241.37708	-242.04391	-242.65622	-0.66682824	0.61231051
4	201	-436.68848	-435.797	-436.77417	0.89147996	0.97717068
4	202	-266.24888	-266.86604	-267.20416	-0.61716524	0.33811991
4	203	-323.14137	-322.92639	-323.54753	0.21498053	0.62113592
4	204	-261.9227	-262.4713	-262.7454	-0.54859703	0.27409534
4	205	-413.46862	-413.3686	-413.93887	0.10001345	0.57026555
4	206	-463.27235	-462.27351	-463.01566	0.99883537	0.74214825
4	207	-286.95053	-287.46928	-287.9493	-0.51875295	0.48001493
4	208	-283.66428	-283.78404	-284.24785	-0.11975951	0.46380439
4	209	-354.71241	-355.39408	-355.87134	-0.68166926	0.47725562
4	210	-383.0318	-381.62682	-382.4957	1.404979	0.86888158
4	211	-432.46679	-433.0366	-433.11873	-0.56980575	0.082131079
4	212	-263.26691	-260.41697	-261.18386	2.8499467	0.76689533
4	213	-276.58829	-277.11239	-277.23153	-0.52409333	0.11914526
4	214	-267.46746	-267.54911	-268.27245	-0.081643049	0.72334777
4	215	-318.90604	-319.0143	-319.51546	-0.10825452	0.50116702
4	216	-392.34572	-392.93112	-392.98826	-0.58539669	0.057145398
4	217	-232.04823	-232.07666	-232.93144	-0.028431533	0.85478093
4	218	-279.87341	-280.48446	-280.77045	-0.61104733	0.28599287
4	219	-348.00497	-348.51997	-348.6827	-0.51500279	0.16273401
4	220	-266.37757	-262.22073	-262.86618	4.1568395	0.6454568
4	221	-330.50057	-329.3943	-329.72395	1.1062792	0.32965753
4	222	-268.9939	-269.60199	-269.95739	-0.60809394	0.35539419
4	223	-261.97769	-262.51062	-262.76459	-0.53292929	0.25397353
4	224	-290.78961	-291.08521	-291.65166	-0.29560298	0.56644384
4	225	-426.45012	-426.19782	-421.52103	0.25230118	-4.6767918
4	226	-237.28403	-237.96848	-238.52827	-0.68444941	0.55979029
4	227	-276.56426	-277.23076	-277.81192	-0.6665055	0.58116104
4	228	-339.79493	-340.23576	-340.72711	-0.44082679	0.49134547
4	229	-310.31212	-311.13206	-311.13064	-0.81994343	-0.0014213353
4	230	-235.91771	-236.64174	-237.12899	-0.72402791	0.48725423
4	231	-321.59779	-314.05565	-315.24578	7.5421357	1.1901212
4	232	-306.32778	-307.08264	-307.44168	-0.75486519	0.35903775
4	233	-266.58411	-266.52177	-266.99407	0.062335507	0.47229639
4	234	-379.95285	-378.48195	-378.80925	1.4708974	0.32730364
4	235	-259.56358	-260.23631	-260.56761	-0.6727314	0.3312956
4	236	-233.91011	-234.5192	-234.84058	-0.60909249	0.32138357
4	237	-288.72044	-289.28923	-289.55743	-0.56879539	0.26819662
4	238	-422.76579	-423.22281	-422.67271	-0.45702377	-0.55009677
4	239	-209.2695	-210.06869	-210.57939	-0.7991882	0.51070588
4	240	-413.44082	-412.52828	-413.12475	0.91253417	0.59647137
4	241	-275.75531	-276.41806	-276.80157	-0.66275017	0.38351576
4	242	-328.7844	-328.89739	-329.27951	-0.11299077	0.38212158
4	243	-373.70519	-373.82228	-374.27544	-0.11708222	0.45316195
4	244	-485.43277	-484.32005	-485.19694	1.1127224	0.87688536
4	245	-435.92037	-431.22189	-431.74458	4.6984889	0.52268962
4	246	-320.33325	-321.13347	-319.4166	-0.800224	-1.7168701
4	247	-536.75815	-535.39562	-537.29441	1.3625354	1.8987871
4	248	-220.35179	-222.39416	-221.57895	-2.0423664	-0.81521045
4	249	-239.66068	-240.15085	-240.72378	-0.49016967	0.57293433
4	250	-307.48898	-307.70386	-308.09247	-0.21487874	0.38861288
4	251	-294.72835	-295.29621	-295.49221	-0.56785904	0.19599818
4	252	-236.31175	-237.27123	-237.19863	-0.95948217	-0.072595735
4	253	-277.15275	-277.98279	-278.24289	-0.8300427	0.26010142
4	254	-198.67576	-199.09168	-199.8024	-0.4159128	0.71072045
4	255	-293.70781	-293.00043	-293.71885	0.70738166	0.71842106
4	256	-311.83238	-312.15641	-312.58886	-0.32402694	0.43245024
4	257	-239.92912	-240.34488	-240.94267	-0.41575995	0.59778807
4	258	-351.63464	-350.49351	-351.39212	1.1411311	0.89861472
4	259	-287.9298	-288.53159	-288.95714	-0.60178892	0.42555664
4	260	-240.76464	-239.56855	-240.01834	1.196088	0.4497951
4	261	-229.7327	-230.22837	-230.83933	-0.49567671	0.61095975
4	262	-410.34413	-410.74988	-408.76419	-0.40575073	-1.9856872
4	263	-309.92099	-310.39209	-310.83325	-0.47109013	0.4411694
4	264	-511.26885	-512.08309	-513.11802	-0.81423633	1.0349265
4	265	-273.48612	-273.93561	-274.41587	-0.44948704	0.48026072
4	266	-402.3507	-402.29199	-402.31084	0.058714324	0.018852296
4	267	-423.88382	-421.967	-422.67705	1.9168216	0.71004393
4	268	-305.35049	-306.02482	-305.96675	-0.67432507	-0.058065718
4	269	-291.46857	-291.22057	-291.79157	0.24800992	0.57100902
4	270	-250.55608	-250.78914	-251.19884	-0.23305538	0.40970777
4	271	-400.71214	-401.35509	-401.35392	-0.64295018	-0.0011705909
4	272	-331.68236	-331.97821	-332.10067	-0.29585294	0.12246259
4	273	-355.92701	-355.55682	-356.20913	0.37018934	0.65230212
4	274	-414.29319	-414.89879	-415.08727	-0.60559878	0.18848745
4	275	-238.15993	-238.56159	-239.19372	-0.40166086	0.63212806
4	276	-245.65085	-246.29115	-246.69181	-0.64029869	0.40065818
4	277	-379.8887	-379.82393	-380.44457	0.064771199	0.62064123
4	278	-388.86124	-387.64115	-385.8834	1.2200952	-1.7577429
4	279	-330.11197	-329.38757	-329.00961	0.72440184	-0.37795687
4	280	-287.08931	-287.71981	-287.53233	-0.63049785	-0.18748123
4	281	-466.93204	-466.47231	-464.15899	0.45972858	-2.3133225
4	282	-271.62383	-272.16417	-272.61844	-0.54033825	0.45426645
4	283	-366.43013	-366.81642	-366.49468	-0.38628281	-0.32173589
4	284	-227.05675	-227.66056	-228.21551	-0.60380325	0.55495044
4	285	-412.81653	-413.09314	-412.47685	-0.27660933	-0.61629049
4	286	-450.52027	-450.29833	-447.7669	0.22193713	-2.5314371
4	287	-176.72655	-177.37516	-177.92439	-0.64861414	0.54923117
4	288	-391.87011	-392.54637	-389.29137	-0.67625293	-3.2549992
4	289	-308.02059	-308.60157	-309.09362	-0.58098404	0.49205214
4	290	-167.29544	-168.27269	-168.95149	-0.9772488	0.67880211
4	291	-243.00222	-243.42934	-244.00179	-0.42712855	0.57244694
4	292	-415.94999	-414.47397	-413.91829	1.4760134	-0.55568467
4	293	-274.42242	-274.79922	-275.17328	-0.37679823	0.37406186
4	294	-253.93973	-254.34901	-254.84296	-0.40928221	0.49394496
4	295	-249.90557	-250.28087	-250.72546	-0.37530423	0.44458909
4	296	-470.68635	-469.54579	-469.2201	1.1405583	-0.32569084
4	297	-417.84598	-417.43302	-417.97903	0.41296392	0.54601621
4	298	-327.3373	-327.30001	-327.7769	0.037293966	0.47689093
4	299	-240.82494	-240.95926	-241.37766	-0.13431953	0.41840143
4	300	-406.67998	-404.51906	-405.38979	2.1609224	0.87073218
4	301	-273.03924	-270.19689	-271.37841	2.8423509	1.1815251
4	302	-278.9444	-279.36752	-279.13486	-0.42312176	-0.23265413
4	303	-388.27436	-388.46069	-389.06477	-0.18632859	0.60408238
4	304	-340.75043	-341.26708	-340.18915	-0.51665371	-1.0779305
4	305	-296.05923	-296.78107	-297.02069	-0.72183819	0.23961954
4	306	-345.73735	-346.52104	-346.7271	-0.7836924	0.20606434
4	307	-251.7537	-251.95922	-252.46213	-0.20551781	0.50291493
4	308	-290.80382	-291.52207	-291.97561	-0.71825428	0.45353598
4	309	-285.21801	-285.08877	-285.31799	0.12923674	0.22922104
4	310	-289.74574	-290.71643	-290.92394	-0.97069405	0.2075047
4	311	-284.23602	-284.50268	-284.89478	-0.26665884	0.39209739
4	312	-326.46317	-326.74028	-327.14868	-0.27711362	0.40839832
4	313	-423.44994	-420.28963	-421.19386	3.1603148	0.90423005
4	314	-283.49899	-283.9403	-284.51863	-0.44130961	0.57832819
4	315	-282.49822	-282.87707	-283.04176	-0.37885627	0.16468947
4	316	-241.82644	-242.4951	-242.78268	-0.66865892	0.28757934
4	317	-245.55816	-246.32218	-246.64565	-0.76401708	0.32347398
4	318	-346.50153	-347.30965	-347.6136	-0.80811544	0.30395646
4	319	-244.5676	-245.66112	-245.74855	-1.0935193	0.08742879
4	320	-276.11084	-276.86106	-277.05546	-0.75021212	0.19439942
4	321	-505.2807	-500.58895	-493.02042	4.6917471	-7.5685288
4	322	-194.21649	-196.06452	-195.40168	-1.8480296	-0.6628413
4	323	-209.30274	-208.90604	-209.44668	0.3966964	0.54064295
4	324	-300.47608	-301.26424	-298.36818	-0.78816055	-2.8960626
4	325	-196.94158	-197.49535	-198.33891	-0.55377709	0.84355176
4	326	-463.29012	-463.79653	-462.71699	-0.50640793	-1.0795347
4	327	-303.28431	-303.55667	-303.98537	-0.27236033	0.4287064
4	328	-489.42695	-487.21637	-484.37863	2.2105845	-2.8377351
4	329	-286.23462	-286.69025	-287.04078	-0.45563339	0.35052614
4	330	-284.2919	-283.76855	-284.09822	0.52335081	0.32967007
4	331	-248.67482	-248.97547	-249.50639	-0.30065137	0.53092496
4	332	-411.58496	-412.09367	-411.65783	-0.50871067	-0.43584432
4	333	-210.04364	-210.68807	-211.19967	-0.64442403	0.51159748
4	334	-344.04287	-343.95706	-344.45329	0.085809187	0.49623042
4	335	-297.98791	-298.14167	-298.56579	-0.1537598	0.42411936
4	336	-333.94391	-334.14672	-334.75568	-0.20280871	0.60896159
4	337	-242.96709	-238.37255	-239.41595	4.5945368	1.0434003
4	338	-247.44749	-247.84951	-248.28246	-0.40201336	0.43295823
4	339	-335.80685	-334.71484	-335.28695	1.0920125	0.57210783
4	340	-377.54872	-377.5821	-377.39179	-0.033376594	-0.19030972
4	341	-211.76628	-212.66039	-212.93555	-0.89411609	0.27516084
4	342	-241.72276	-241.81537	-242.39297	-0.092610516	0.57760672
4	343	-244.08789	-241.06226	-241.40068	3.0256314	0.33842049
4	344	-300.20999	-300.89467	-301.15746	-0.68468072	0.26279315
4	345	-271.48194	-272.02122	-272.34298	-0.5392852	0.32175714
4	346	-239.24756	-239.79567	-240.24385	-0.54811278	0.44817756
4	347	-333.32221	-331.4153	-332.50526	1.9069094	1.0899579
4	348	-337.98654	-335.45591	-336.10373	2.5306267	0.64782348
4	349	-288.71987	-289.51007	-289.84607	-0.79020366	0.33599566
4	350	-306.55198	-305.28025	-306.02455	1.2717279	0.74430214
4	351	-393.89406	-393.85052	-394.31343	0.043532309	0.46290225
4	352	-297.97769	-298.45769	-298.68031	-0.48000188	0.22261623
4	353	-418.31818	-414.48006	-413.38127	3.838125	-1.0987887
4	354	-267.72979	-266.99672	-267.49235	0.73307261	0.49563261
4	355	-227.13874	-227.72591	-228.18709	-0.58716791	0.46118598
4	356	-234.12051	-234.85713	-235.27114	-0.73661934	0.41400955
4	357	-209.10165	-210.51372	-210.24648	-1.4120704	-0.26724085
4	358	-359.54842	-358.75896	-359.65228	0.7894579	0.8933169
4	359	-315.92865	-316.34236	-316.77436	-0.41370387	0.43199903
4	360	-230.86235	-231.5146	-231.84459	-0.65225248	0.32999437
4	361	-290.34827	-290.8026	-290.56998	-0.4543257	-0.23261585
4	362	-289.32893	-289.74599	-290.24563	-0.41705787	0.49963733
4	363	-221.89834	-222.19341	-222.84593	-0.29506711	0.65252151
4	364	-232.99992	-233.15977	-233.33573	-0.15985507	0.17595958
4	365	-273.45652	-274.08582	-274.40086	-0.62929947	0.31504294
4	366	-279.4892	-279.95034	-280.21146	-0.46113861	0.26111587
4	367	-282.36974	-283.06096	-283.37868	-0.69122512	0.31771507
4	368	-324.116	-324.18506	-324.77593	-0.069062788	0.59086796
4	369	-327.74172	-326.36133	-327.33905	1.3803925	0.97772675
4	370	-296.43662	-297.37492	-297.65931	-0.93830394	0.28438637
4	371	-299.042	-299.86888	-300.17677	-0.82688244	0.30789057
4	372	-416.45506	-416.62331	-417.15643	-0.16824674	0.53311982
4	373	-364.76213	-365.20512	-365.84342	-0.44298489	0.63830713
4	374	-291.25844	-287.39758	-288.32878	3.8608624	0.93119529
4	375	-396.63641	-397.22257	-394.72052	-0.58615805	-2.5020417
4	376	-425.50981	-426.00595	-426.19514	-0.49614088	0.18918819
4	377	-235.24138	-236.07824	-236.93456	-0.83686906	0.8563118
4	378	-368.76764	-368.41267	-368.28743	0.35497908	-0.12524025
4	379	-224.78688	-222.4883	-223.81509	2.2985789	1.3267904
4	380	-346.81769	-347.28354	-346.37573	-0.46585251	-0.90780435
4	381	-401.90445	-401.32919	-401.40329	0.57525279	0.074094268
4	382	-279.98923	-280.34354	-280.26101	-0.35430811	-0.082526737
4	383	-197.60713	-197.6015	-198.91759	0.0056372433	1.3160951
4	384	-181.00413	-181.85964	-182.18067	-0.85550387	0.3210331
4	385	-270.62506	-271.42649	-271.54623	-0.80143703	0.11973315
4	386	-266.91071	-267.78063	-268.01414	-0.8699201	0.23351303
4	387	-211.6983	-212.25945	-212.92041	-0.56115215	0.6609653
4	388	-384.15554	-384.70259	-384.96977	-0.54704612	0.26718346
4	389	-330.2196	-330.32099	-326.70212	-0.10138962	-3.6188732
4	390	-332.54701	-332.31514	-332.88873	0.23186882	0.57358986
4	391	-451.11458	-451.37097	-448.90872	-0.25639242	-2.4622526
4	392	-350.14404	-347.35232	-348.47372	2.7917238	1.1214051
4	393	-198.1086	-198.28964	-198.9181	-0.18104024	0.62846184
4	394	-324.95892	-324.20574	-324.88646	0.75317818	0.68072585
4	395	-289.9697	-288.44398	-289.23681	1.5257189	0.79283077
4	396	-242.88725	-243.6864	-244.09308	-0.7991579	0.40667523
4	397	-335.8003	-333.78055	-334.82585	2.0197489	1.0453027
4	398	-297.03002	-296.11031	-296.86108	0.91971069	0.75077665
4	399	-355.68709	-355.44354	-355.93517	0.24354619	0.49163449
4	400	-290.67029	-291.11455	-291.44096	-0.44426208	0.3264047
4	401	-241.75398	-241.35101	-241.93355	0.40297387	0.58254559
4	402	-278.16217	-278.12734	-278.82593	0.034835597	0.69858992
4	403	-320.82474	-320.72274	-321.29126	0.10199225	0.56852145
4	404	-425.61806	-423.83112	-423.73013	1.7869456	-0.10099213
4	405	-565.09711	-564.96342	-555.18461	0.13368334	-9.7788171
4	406	-342.18398	-340.93321	-342.12503	1.2507694	1.1918241
4	407	-341.48169	-338.79442	-339.4598	2.6872612	0.66537277
4	408	-351.98316	-352.52938	-352.80498	-0.54621805	0.27559807
4	409	-280.82882	-281.43323	-281.17224	-0.60440235	-0.260985
4	410	-311.79051	-312.52281	-312.87163	-0.73230347	0.34882036
4	411	-270.40039	-271.0622	-271.46102	-0.66180345	0.39881858
4	412	-438.89752	-439.19077	-437.06267	-0.29324495	-2.1281002
4	413	-398.51123	-393.90539	-395.05351	4.6058443	1.1481211
4	414	-275.31445	-272.04576	-272.84343	3.268686	0.79767212
4	415	-257.15822	-257.61992	-258.26655	-0.4616992	0.646628
4	416	-336.56624	-334.97656	-335.752	1.5896856	0.77544194
4	417	-313.91392	-312.11229	-313.10673	1.801623	0.99443407
4	418	-341.16381	-341.51467	-339.04755	-0.35085305	-2.4671186
4	419	-302.07252	-302.51454	-302.94619	-0.44202178	0.43164899
4	420	-340.69483	-337.60555	-339.19444	3.089279	1.588882
4	421	-309.9558	-310.50296	-310.84261	-0.54716767	0.33964438
4	422	-497.42958	-489.90576	-491.51936	7.5238191	1.6136043
4	423	-265.53633	-265.55692	-266.15712	-0.020590323	0.60020071
4	424	-244.66685	-245.179	-245.36599	-0.51214901	0.18698939
4	425	-265.91096	-265.32763	-266.05929	0.58332589	0.7316632
4	426	-346.91002	-347.2883	-344.94804	-0.37827905	-2.3402576
4	427	-345.82687	-343.9762	-344.16874	1.8506683	0.19253173
4	428	-455.51895	-454.15959	-454.69163	1.3593558	0.5320377
4	429	-201.05864	-201.35308	-201.81807	-0.29443878	0.46498426
4	430	-328.11721	-328.27305	-328.52372	-0.15583649	0.2506712
4	431	-285.38436	-286.18231	-286.77264	-0.79794967	0.59032483
4	432	-331.79045	-332.35405	-332.89526	-0.5636059	0.54120584
4	433	-298.33041	-297.91008	-298.52562	0.42033414	0.61554343
4	434	-220.22682	-220.9177	-221.41453	-0.69087448	0.49683223
4	435	-306.05351	-302.18154	-303.08969	3.8719768	0.90815605
4	436	-313.32201	-313.66091	-314.29824	-0.33889718	0.63733538
4	437	-340.56744	-341.41197	-341.67716	-0.84453208	0.26518872
4	438	-253.11041	-253.00576	-253.64628	0.10465704	0.6405268
4	439	-423.4887	-422.78377	-415.92003	0.70492704	-6.8637472
4	440	-341.66446	-342.37914	-342.72475	-0.71468401	0.34560996
4	441	-300.06507	-300.77328	-300.80831	-0.7082081	0.035028596
4	442	-377.72014	-376.79079	-377.42233	0.92934609	0.6315379
4	443	-341.69111	-332.65531	-334.03519	9.0358038	1.3798874
4	444	-211.02291	-211.1777	-211.94298	-0.15479119	0.76528185
4	445	-296.72169	-297.21634	-296.84472	-0.49465032	-0.37161561
4	446	-342.68154	-342.89516	-343.45507	-0.21361941	0.55991195
4	447	-296.12149	-296.39343	-296.93315	-0.27193674	0.53971627
4	448	-319.14571	-318.03253	-318.88616	1.1131822	0.85363392
4	449	-382.39981	-382.15956	-381.72598	0.24025616	-0.43357733
4	450	-383.97317	-382.76389	-382.62712	1.2092738	-0.13677333
4	451	-278.54706	-278.92886	-279.39258	-0.38180077	0.46372638
4	452	-344.74335	-345.13843	-344.6475	-0.39508307	-0.49092599
4	453	-433.79673	-434.3499	-433.98382	-0.55317935	-0.36608565
4	454	-260.72286	-261.13271	-261.3577	-0.40984684	0.22498898
4	455	-295.70477	-296.44592	-296.83838	-0.74115017	0.39246031
4	456	-338.31375	-339.03974	-339.34813	-0.72598154	0.30838976
4	457	-217.65304	-217.94233	-218.26648	-0.28929354	0.32414496
4	458	-217.77911	-218.24699	-218.51415	-0.46787944	0.26715149
4	459	-344.59443	-345.22941	-345.50914	-0.63497679	0.27972899
4	460	-360.32628	-361.03202	-361.3608	-0.70574456	0.32877793
4	461	-227.73086	-227.81898	-228.55298	-0.088124131	0.73399474
4	462	-342.27889	-342.6146	-343.16204	-0.33571219	0.54743074
4	463	-399.50031	-397.5122	-398.51418	1.9881079	1.0019793
4	464	-268.55994	-269.0953	-269.37361	-0.53535337	0.27830993
4	465	-306.45176	-306.77647	-307.31268	-0.32471024	0.53620232
4	466	-434.15242	-434.40078	-434.81316	-0.24836519	0.41237314
4	467	-316.05154	-316.53332	-317.01516	-0.48177888	0.48184
4	468	-252.57973	-253.02249	-252.99594	-0.44276234	-0.026552704
4	469	-378.06774	-378.42896	-373.98359	-0.36122318	-4.445375
4	470	-262.94768	-263.71085	-264.06491	-0.76317283	0.35406256
4	471	-225.14085	-225.69148	-226.59788	-0.55062858	0.90639633
4	472	-245.57581	-244.62377	-245.30357	0.95203784	0.67980274
4	473	-323.70116	-324.28309	-324.71199	-0.5819304	0.42889815
4	474	-245.23276	-245.78925	-246.36205	-0.55648489	0.57280451
4	475	-469.42784	-468.81746	-469.4132	0.61037841	0.59573667
4	476	-388.28467	-388.16194	-387.9948	0.1227242	-0.16714251
4	477	-382.60938	-383.36237	-383.21218	-0.75298675	-0.1501915
4	478	-366.45497	-366.52222	-366.96076	-0.067248112	0.43853482
4	479	-243.65756	-244.37163	-244.75566	-0.71407164	0.38402574
4	480	-357.36064	-357.92503	-358.30206	-0.56439193	0.37703364
4	481	-260.79512	-260.2666	-261.0708	0.52852023	0.80420092
4	482	-299.59723	-298.69457	-299.40467	0.90265932	0.71010271
4	483	-345.83784	-346.24684	-346.33807	-0.40900423	0.091222824
4	484	-290.35217	-291.04461	-291.5209	-0.69244299	0.47629072
4	485	-209.24062	-209.96738	-210.44772	-0.7267579	0.48033861
4	486	-286.15483	-286.70176	-287.11911	-0.54693692	0.41734567
4	487	-232.39943	-233.37618	-233.46116	-0.97675158	0.084978699
4	488	-294.48811	-295.34826	-295.56467	-0.86014539	0.21641696
4	489	-317.49762	-318.05369	-318.74492	-0.55607715	0.6912273
4	490	-304.9475	-303.80473	-304.61605	1.1427727	0.81132423
4	491	-229.47249	-229.36567	-229.92344	0.10681905	0.55776914
4	492	-372.1556	-373.001	-373.2521	-0.84540516	0.25109441
4	493	-254.00238	-254.76429	-255.34963	-0.76191273	0.58533798
4	494	-262.48141	-261.97269	-262.73379	0.50871984	0.76109749
4	495	-216.35478	-217.17473	-217.97271	-0.81995835	0.79797865
4	496	-300.52202	-301.36256	-301.71128	-0.84053577	0.34871884
4	497	-278.78835	-279.45005	-273.59777	-0.66169869	-5.8522788
4	498	-358.78776	-359.02029	-359.53308	-0.23252922	0.5127933
4	499	-402.10398	-402.37338	-402.81407	-0.26940032	0.44069117
4	500	-328.24797	-328.68055	-328.86639	-0.43257777	0.18583937
4	501	-361.71009	-362.34961	-362.49841	-0.63952862	0.14879228
4	502	-321.06092	-321.05857	-321.831	0.0023565293	0.77243819
4	503	-314.5724	-314.83554	-315.30389	-0.26314502	0.4683522
4	504	-399.65499	-400.15261	-400.57723	-0.49762735	0.42461203
4	505	-329.51341	-330.0984	-330.53276	-0.58499142	0.43436318
4	506	-437.04398	-436.38076	-433.50238	0.66322595	-2.8783749
4	507	-260.8787	-261.16306	-261.57957	-0.28436051	0.41650822
4	508	-277.12413	-276.50194	-277.21028	0.62218658	0.70833907
4	509	-287.35547	-288.05228	-288.13736	-0.69680817	0.085081731
4	510	-187.58363	-188.46601	-188.93376	-0.88238124	0.46775218
4	511	-315.34124	-315.75408	-316.83918	-0.41283816	1.0851
4	512	-358.78244	-359.4398	-359.70131	-0.65735518	0.26151448
4	513	-203.66693	-204.3009	-204.69346	-0.63397383	0.3925587
4	514	-221.16511	-221.18808	-221.84081	-0.022970742	0.65273635
4	515	-257.65679	-257.85027	-258.40261	-0.19348759	0.55233745
4	516	-312.58889	-313.45007	-313.70462	-0.86118081	0.25455142
4	517	-459.37013	-457.78409	-458.72447	1.5860391	0.94037812
4	518	-282.81373	-283.54269	-283.91342	-0.72895914	0.37073571
4	519	-307.73156	-307.44939	-307.95235	0.28216826	0.50296164
4	520	-373.62601	-373.47501	-373.93748	0.15099616	0.46247275
4	521	-346.28357	-346.98919	-347.31746	-0.70562377	0.32826903
4	522	-236.0149	-235.67062	-236.12778	0.34428557	0.45715964
4	523	-170.17467	-170.90745	-171.3082	-0.73277998	0.40075495
4	524	-285.85549	-286.00758	-286.57781	-0.15208552	0.57023578
4	525	-251.76048	-252.20437	-252.57991	-0.44389567	0.37553779
4	526	-236.35896	-237.10372	-237.61884	-0.74476141	0.51511846
4	527	-326.23774	-326.02998	-326.77551	0.20776397	0.7455285
4	528	-206.44874	-207.39698	-207.52583	-0.94823795	0.12884727
4	529	-372.57122	-373.03332	-372.96191	-0.46209781	-0.071405905
4	530	-241.05292	-241.24969	-241.85025	-0.19676973	0.6005588
4	531	-320.93453	-320.9244	-321.27892	0.010138787	0.35452111
4	532	-292.044	-292.82725	-293.27581	-0.78324561	0.44856398
4	533	-209.41524	-209.4026	-210.24126	0.012646615	0.83866109
4	534	-329.39295	-327.99191	-327.67661	1.4010492	-0.31529936
4	535	-245.52147	-246.39827	-246.57215	-0.87679544	0.17387934
4	536	-261.69363	-262.38631	-262.36143	-0.6926787	-0.024875062
4	537	-297.71403	-298.46865	-298.81646	-0.75461435	0.34781576
4	538	-334.57895	-335.30932	-335.59905	-0.73037238	0.28973188
4	539	-372.18028	-369.70611	-370.72126	2.4741661	1.0151458
4	540	-385.40809	-385.86259	-384.36477	-0.45450046	-1.4978142
4	541	-290.88395	-291.42456	-291.97178	-0.54061181	0.54721981
4	542	-340.21803	-340.36804	-340.66454	-0.15000325	0.29650402
4	543	-332.15375	-332.73206	-333.08174	-0.57831285	0.34967921
4	544	-278.75737	-279.27627	-279.62377	-0.5189029	0.34750171
4	545	-345.86963	-345.30126	-344.99479	0.56837015	-0.30647424
4	546	-325.58428	-324.72463	-325.4169	0.85965122	0.69227144
4	547	-242.57135	-243.18214	-243.61193	-0.6107911	0.42978975
4	548	-239.25546	-239.53951	-240.15817	-0.28405099	0.6186578
4	549	-287.3381	-288.03008	-288.12666	-0.69197459	0.096587587
4	550	-267.96348	-268.35006	-268.96502	-0.38657822	0.61496458
4	551	-309.99934	-309.89603	-310.57117	0.10331343	0.6751399
4	552	-231.77256	-232.86523	-233.1264	-1.0926672	0.26117752
4	553	-317.16503	-317.23628	-317.83544	-0.071248887	0.59915662
4	554	-300.5661	-301.00479	-301.39336	-0.4386851	0.38857011
4	555	-199.55778	-200.26002	-200.36049	-0.70223907	0.10047117
4	556	-255.00901	-255.60192	-255.78936	-0.59291711	0.18743285
4	557	-315.62773	-316.05609	-316.51498	-0.42836447	0.45888629
4	558	-331.64847	-331.58907	-332.22315	0.059402063	0.63408196
4	559	-382.99391	-382.58516	-382.41127	0.40874856	-0.17388993
4	560	-301.06833	-301.31619	-301.99904	-0.24786333	0.68285297
4	561	-442.36015	-441.74763	-441.88207	0.612516	0.13443713
4	562	-297.43091	-297.69209	-298.20511	-0.26117152	0.51302249
4	563	-338.92597	-339.35261	-336.42526	-0.42664851	-2.9273533
4	564	-284.25306	-284.91062	-285.35937	-0.6575679	0.44874841
4	565	-357.72629	-356.45816	-357.21096	1.2681322	0.75279866
4	566	-256.02166	-256.08714	-256.68598	-0.06547834	0.59884395
4	567	-353.65655	-354.39006	-352.86136	-0.73350843	-1.5287016
4	568	-342.78566	-343.28058	-343.77849	-0.49491726	0.49791097
4	569	-296.39627	-297.12091	-297.31979	-0.72463256	0.19888148
4	570	-253.58148	-254.13774	-254.59306	-0.55626721	0.45531248
4	571	-280.9497	-281.84538	-282.22023	-0.89567386	0.37485504
4	572	-255.09374	-255.07954	-255.60407	0.01419876	0.52452639
4	573	-276.05451	-276.7534	-276.52661	-0.69889223	-0.22678924
4	574	-219.08993	-219.93601	-220.33324	-0.84607798	0.39723294
4	575	-219.58214	-219.36698	-219.82026	0.21516341	0.4532864
4	576	-303.66383	-304.36748	-304.83076	-0.703651	0.46328312
4	577	-310.16974	-310.28968	-310.74248	-0.11993961	0.45280616
4	578	-308.64425	-309.08609	-309.50565	-0.44183636	0.41955741
4	579	-295.34135	-295.54191	-295.87465	-0.20056229	0.33273855
4	580	-246.06102	-247.0395	-246.91648	-0.9784842	-0.12302724
4	581	-405.40748	-400.82534	-401.90606	4.5821416	1.0807176
4	582	-339.57704	-337.74744	-338.33742	1.8296008	0.58997338
4	583	-291.05499	-291.80198	-292.00369	-0.74698729	0.20171161
4	584	-308.48261	-308.99752	-309.1662	-0.51491167	0.16868553
4	585	-320.57795	-321.05441	-321.47631	-0.47646838	0.42189895
4	586	-223.22573	-223.98338	-224.21995	-0.75764384	0.2365732
4	587	-276.90767	-277.53072	-277.87751	-0.62304932	0.34679157
4	588	-278.88819	-279.12906	-279.7057	-0.24087669	0.57663777
4	589	-263.18714	-262.13733	-262.85069	1.0498162	0.71336224
4	590	-360.25149	-360.87841	-361.27587	-0.62692391	0.39746254
4	591	-310.50372	-309.87221	-310.35137	0.63151254	0.47916088
4	592	-307.07667	-307.70993	-308.03987	-0.63326226	0.32993546
4	593	-231.37749	-231.34104	-232.16917	0.036452459	0.82812641
4	594	-300.42833	-301.22462	-301.52279	-0.7962911	0.29816953
4	595	-232.9873	-233.55634	-233.97965	-0.56904158	0.42331614
4	596	-247.73713	-247.96359	-248.40585	-0.22645737	0.4422565
4	597	-318.34754	-318.67352	-319.22063	-0.32597414	0.54710991
4	598	-246.43459	-246.72607	-247.03696	-0.29148853	0.3108869
4	599	-343.13415	-343.42076	-343.72561	-0.2866162	0.30484895
4	600	-279.5744	-279.4936	-280.13294	0.080795997	0.63933975
4	601	-224.03906	-224.72131	-224.84191	-0.68225239	0.12059852
4	602	-292.11356	-292.92557	-293.20945	-0.81201334	0.28387957
4	603	-308.22443	-308.34508	-308.59835	-0.12065243	0.2532698
4	604	-303.19493	-303.62006	-304.13554	-0.42513232	0.51547878
4	605	-317.14486	-316.00113	-316.37079	1.1437359	0.36966419
4	606	-291.8077	-292.79855	-293.01035	-0.99084527	0.21180559
4	607	-228.30913	-229.04243	-229.23468	-0.73329697	0.19224943
4	608	-212.41087	-212.73625	-211.82516	-0.32538194	-0.91108568
4	609	-218.94886	-218.62162	-219.10974	0.32724149	0.48812525
4	610	-240.78615	-241.42061	-241.37802	-0.63446448	-0.042594477
4	611	-215.54389	-215.78272	-216.33754	-0.23882936	0.55481746
4	612	-383.64508	-384.20182	-382.67616	-0.55673696	-1.5256566
4	613	-275.84379	-275.06832	-275.40877	0.77546753	0.34044259
4	614	-342.12527	-342.55698	-342.91904	-0.43170101	0.36206706
4	615	-396.97546	-397.66709	-397.9412	-0.69162748	0.27411086
4	616	-264.70425	-265.52595	-265.82806	-0.82170478	0.30211051
4	617	-260.61693	-259.83326	-260.74252	0.78366385	0.90925788
4	618	-440.23266	-440.2277	-441.34258	0.0049673016	1.114884
4	619	-213.866	-214.00072	-214.60824	-0.1347211	0.60752319
4	620	-437.43787	-433.54991	-433.92221	3.8879568	0.3722998
4	621	-261.37709	-261.50396	-262.31191	-0.12687058	0.80794931
4	622	-216.88133	-217.6711	-217.89647	-0.78976902	0.22537075
4	623	-353.09294	-353.48081	-354.00769	-0.3878747	0.52687379
4	624	-286.10483	-286.94668	-287.31943	-0.84184365	0.37275543
4	625	-335.39308	-335.38741	-331.14731	0.0056680314	-4.2400993
4	626	-400.59007	-398.5795	-399.66124	2.0105778	1.0817421
4	627	-264.06755	-264.7543	-265.0785	-0.68675744	0.32419812
4	628	-400.6568	-400.95971	-401.33746	-0.30290969	0.37774791
4	629	-349.24827	-349.49068	-349.89035	-0.24241065	0.39966794
4	630	-549.6517	-545.39901	-544.73926	4.252692	-0.6597555
4	631	-360.6101	-359.62232	-360.24598	0.98777735	0.62365885
4	632	-401.41427	-400.68357	-396.94061	0.73069608	-3.7429652
4	633	-318.60901	-318.29481	-318.95819	0.31419948	0.66337396
4	634	-275.086	-275.73776	-276.05199	-0.65176716	0.3142277
4	635	-379.9632	-379.90841	-380.49418	0.054785161	0.58576784
4	636	-273.74149	-273.89965	-274.50508	-0.15815344	0.60543002
4	637	-339.63812	-339.45261	-339.88304	0.18551139	0.43043012
4	638	-255.2041	-255.96889	-256.322	-0.76478602	0.3531164
4	639	-203.07505	-203.62176	-204.03305	-0.54670444	0.41129211
4	640	-269.99666	-270.15366	-270.70251	-0.15699217	0.54885279
4	641	-340.69268	-341.30762	-341.39634	-0.61493356	0.088725159
4	642	-346.71493	-346.49109	-347.15503	0.22383838	0.66393423
4	643	-410.41882	-410.7342	-411.37367	-0.3153763	0.63947287
4	644	-533.91571	-529.8859	-529.01621	4.0298103	-0.8696828
4	645	-492.98374	-493.16987	-492.76765	-0.18613356	-0.40222121
4	646	-236.31064	-237.34838	-237.52047	-1.0377342	0.17209127
4	647	-424.90534	-425.24701	-424.67619	-0.34167552	-0.57082647
4	648	-306.54092	-304.41665	-305.41455	2.1242678	0.99790017
4	649	-350.0358	-350.75604	-350.87535	-0.7202399	0.1193035
4	650	-251.46411	-252.24924	-252.45767	-0.78512117	0.20843879
4	651	-290.5556	-290.46283	-290.93811	0.092765073	0.47527375
4	652	-284.98026	-285.54066	-285.95739	-0.56040349	0.41672403
4	653	-396.24504	-396.59154	-395.52059	-0.34649837	-1.0709512
4	654	-249.17638	-249.82813	-250.1037	-0.6517475	0.27556766
4	655	-278.56905	-279.01424	-279.59185	-0.4451891	0.57761517
4	656	-299.47661	-300.049	-300.28978	-0.57239221	0.24078131
4	657	-424.83245	-423.80322	-424.48978	1.0292279	0.68655239
4	658	-205.7052	-205.44447	-206.02013	0.2607261	0.57565821
4	659	-285.22605	-285.39902	-285.56594	-0.17297848	0.16691694
4	660	-310.48184	-310.26371	-310.01329	0.21813292	-0.25041826
4	661	-279.87719	-280.27915	-280.85357	-0.4019604	0.57441183
4	662	-337.95127	-337.75218	-338.34905	0.1990823	0.5968666
4	663	-365.59503	-362.77823	-363.25959	2.8167999	0.48136531
4	664	-446.27224	-446.50332	-446.29041	-0.23107582	-0.21290906
4	665	-427.55505	-427.33331	-427.42723	0.22174029	0.093913114
4	666	-256.7296	-257.64682	-257.80088	-0.91722276	0.15406146
4	667	-414.53702	-414.45301	-414.32224	0.084002375	-0.13077649
4	668	-280.06095	-280.008	-280.58937	0.052951755	0.58136586
4	669	-226.00733	-226.54813	-227.03944	-0.54080072	0.49131338
4	670	-236.03846	-236.73765	-237.12406	-0.6991901	0.38641553
4	671	-653.92926	-653.46382	-653.11026	0.46544212	-0.35356118
4	672	-244.51767	-244.60372	-245.0193	-0.086050109	0.41558256
4	673	-395.72337	-395.66369	-396.18454	0.059679277	0.52085682
4	674	-383.35114	-383.84124	-383.15877	-0.49009505	-0.682465
4	675	-342.52122	-342.6473	-343.18144	-0.12607119	0.5341411
4	676	-326.39019	-326.52259	-327.04241	-0.13239911	0.51981936
4	677	-420.39	-420.51432	-420.45248	-0.12431861	-0.061844931
4	678	-288.61841	-288.85999	-288.90639	-0.24157984	0.046394718
4	679	-286.29113	-287.03797	-287.40947	-0.74684382	0.37149843
4	680	-320.32811	-321.0178	-321.17275	-0.68969052	0.15494757
4	681	-501.37763	-500.83282	-501.04779	0.54481438	0.2149704
4	682	-383.20845	-383.6997	-384.23338	-0.49124298	0.53368224
4	683	-238.74418	-238.46276	-239.64736	0.28142917	1.1846028
4	684	-379.85443	-377.64655	-378.60905	2.2078745	0.96249522
4	685	-353.95284	-352.69902	-353.22963	1.2538197	0.53060492
4	686	-149.80292	-150.62046	-151.00892	-0.81754077	0.38845659
4	687	-254.94429	-255.58634	-255.70127	-0.64204903	0.11492966
4	688	-379.24172	-379.42818	-379.37485	-0.18646445	-0.0533273
4	689	-338.83078	-339.45968	-339.82545	-0.62890556	0.36577279
4	690	-414.98605	-415.37541	-410.79138	-0.38936456	-4.5840342
4	691	-364.27195	-360.15282	-361.05096	4.1191355	0.89813965
4	692	-330.21932	-329.40262	-330.06476	0.81670544	0.66214551
4	693	-559.13434	-556.324	-552.89362	2.8103404	-3.4303812
4	694	-349.06167	-349.61867	-350.08197	-0.55700524	0.46329843
4	695	-271.73709	-271.88801	-272.51774	-0.15091511	0.62972669
4	696	-394.07742	-393.16661	-393.84317	0.91080904	0.67656217
4	697	-301.03633	-301.79021	-302.07747	-0.75388638	0.2872563
4	698	-266.18232	-266.41429	-267.12981	-0.23196637	0.7155154
4	699	-271.57198	-272.33692	-272.5887	-0.7649453	0.25177557
4	700	-167.37988	-168.10912	-168.30961	-0.72924058	0.20049234
4	701	-235.71613	-236.42949	-236.89351	-0.71335372	0.46402389
4	702	-270.23957	-270.71637	-271.28266	-0.47679506	0.56629287
4	703	-256.11201	-256.62804	-257.37306	-0.51603267	0.74502195
4	704	-288.29561	-289.05803	-289.19459	-0.76242022	0.1365612
4	705	-382.13482	-381.95505	-381.49582	0.17976611	-0.45923383
4	706	-402.28296	-401.50819	-401.87722	0.77476941	0.36903046
4	707	-342.69115	-343.13735	-343.63849	-0.4462037	0.50114161
4	708	-254.75298	-255.51994	-255.65859	-0.76695998	0.13865136
4	709	-229.27537	-229.54296	-229.97519	-0.26759612	0.43222493
4	710	-396.93602	-397.10951	-397.48209	-0.17348945	0.37257568
4	711	-224.60831	-225.09157	-225.59949	-0.48326309	0.50791757
4	712	-439.02124	-439.61449	-439.97979	-0.59325205	0.36529795
4	713	-272.55421	-273.08555	-273.56533	-0.53134567	0.4797781
4	714	-318.26807	-318.60593	-318.99464	-0.33786096	0.38870929
4	715	-232.10688	-232.58436	-233.10518	-0.47748122	0.52081938
4	716	-249.90054	-250.43723	-251.10245	-0.53669098	0.665223
4	717	-281.83713	-280.93484	-281.73972	0.90228422	0.80487727
4	718	-403.89064	-399.77292	-400.58143	4.1177223	0.80851341
4	719	-267.82395	-268.68587	-269.23352	-0.86191418	0.54765007
4	720	-395.2628	-392.37423	-392.6459	2.8885752	0.27167011
4	721	-309.66548	-309.4419	-310.09256	0.22357402	0.65066131
4	722	-212.56341	-213.43394	-213.67107	-0.87053309	0.23713335
4	723	-277.77652	-278.38482	-278.26205	-0.60829357	-0.12276531
4	724	-292.7054	-292.91718	-293.46397	-0.21177683	0.54679627
4	725	-300.04015	-299.388	-300.16229	0.65215104	0.77428287
4	726	-406.82982	-403.09809	-402.69652	3.7317282	-0.40156977
4	727	-308.08401	-308.49881	-309.01206	-0.41480196	0.51325122
4	728	-353.50453	-347.46327	-348.3669	6.041259	0.90362215
4	729	-297.08408	-297.47715	-297.89078	-0.39307249	0.413626
4	730	-333.56992	-334.39098	-334.6878	-0.82106073	0.29681743
4	731	-211.59152	-212.50944	-212.69843	-0.91791735	0.18899151
4	732	-351.77011	-352.49298	-352.70223	-0.72287016	0.20925654
4	733	-335.42927	-335.95371	-336.33878	-0.52443733	0.38507316
4	734	-346.45959	-346.36182	-346.77199	0.097764753	0.41016695
4	735	-217.25231	-218.15569	-218.11304	-0.90337972	-0.042651577
4	736	-345.61452	-345.52243	-345.839	0.092090443	0.3165731
4	737	-258.65629	-257.50368	-258.1416	1.1526101	0.63791796
4	738	-202.04515	-203.29359	-203.1816	-1.2484326	-0.11198716
4	739	-313.69233	-314.34573	-312.3759	-0.65339998	-1.9698363
4	740	-255.36935	-254.47839	-255.10918	0.89095498	0.63079093
4	741	-350.27727	-350.69324	-350.61636	-0.41597057	-0.076884789
4	742	-329.02175	-329.48525	-329.97102	-0.46349798	0.48576902
4	743	-269.05167	-270.45262	-270.28851	-1.4009523	-0.16410561
4	744	-377.27808	-373.51821	-374.14993	3.7598788	0.63172632
4	745	-447.77494	-446.11693	-446.64021	1.6580135	0.5232827
4	746	-358.09263	-358.72708	-359.17561	-0.63445659	0.44852961
4	747	-307.01311	-307.66659	-308.09347	-0.65348106	0.42687405
4	748	-259.86283	-260.63388	-260.85751	-0.77105303	0.22362439
4	749	-381.27634	-377.3205	-377.72873	3.9558402	0.4082342
4	750	-268.21142	-262.06071	-263.13762	6.1507097	1.0769077
4	751	-466.13477	-465.16777	-461.81292	0.96700031	-3.3548544
4	752	-279.2113	-279.65368	-280.19495	-0.44237267	0.54126892
4	753	-319.93388	-320.76057	-320.91465	-0.826682	0.15408056
4	754	-321.37731	-321.96334	-322.35909	-0.58602594	0.39575142
4	755	-377.33941	-374.4197	-373.34549	2.9197116	-1.0742168
4	756	-318.29955	-318.89269	-319.16235	-0.59313293	0.26965935
4	757	-338.98691	-339.60507	-340.02258	-0.61816457	0.41750875
4	758	-298.77835	-299.44528	-299.41982	-0.66693182	-0.025466106
4	759	-311.47739	-311.49023	-312.09665	-0.012836054	0.60642454
4	760	-365.51654	-366.07226	-366.43276	-0.55571778	0.36049518
4	761	-367.8305	-363.86962	-364.65106	3.960885	0.78144145
4	762	-295.87272	-294.36054	-293.97005	1.5121817	-0.39048916
4	763	-280.39125	-281.19209	-281.57244	-0.80083635	0.38034825
4	764	-467.18697	-467.0874	-468.18913	0.099566427	1.1017316
4	765	-324.39515	-321.39547	-322.65339	2.9996859	1.2579271
4	766	-284.61296	-285.11955	-285.56902	-0.5065966	0.44946753
4	767	-259.46577	-260.00784	-260.48984	-0.54206944	0.48199911
4	768	-344.01033	-344.21588	-344.65598	-0.20555097	0.44009837
4	769	-284.73719	-285.41458	-285.62514	-0.67739518	0.21055523
4	770	-290.64129	-290.28235	-290.59885	0.35894067	0.3164977
4	771	-328.09861	-327.48905	-328.20827	0.60955838	0.71921743
4	772	-299.90361	-299.36355	-299.96941	0.54006503	0.60586427
4	773	-336.44367	-337.10345	-336.4672	-0.65977445	-0.63624448
4	774	-423.42226	-423.43164	-423.89463	-0.0093797951	0.46299416
4	775	-334.35377	-332.22293	-332.60527	2.1308385	0.38233566
4	776	-308.27718	-308.35111	-309.02151	-0.073923769	0.6704061
4	777	-293.94539	-294.64437	-295.01059	-0.6989798	0.36622187
4	778	-203.95544	-204.74497	-205.16759	-0.78953318	0.42262302
4	779	-463.71383	-463.24054	-462.4917	0.47328147	-0.74884417
4	780	-263.91149	-264.39368	-264.69656	-0.48219068	0.30288023
4	781	-193.99887	-193.45194	-194.15378	0.54692699	0.70183653
4	782	-502.51189	-502.33682	-497.35966	0.17506438	-4.9771595
4	783	-250.87167	-250.45856	-250.91478	0.41310628	0.4562239
4	784	-333.53157	-334.05973	-334.01583	-0.52816439	-0.043903564
4	785	-332.02446	-332.37181	-330.23657	-0.34735041	-2.1352449
4	786	-280.10753	-278.99808	-279.86584	1.1094476	0.86776108
4	787	-328.91713	-329.10623	-329.62918	-0.18909613	0.5229533
4	788	-372.53419	-371.88749	-372.21236	0.64669837	0.32486602
4	789	-303.54283	-304.22505	-304.62031	-0.68222717	0.39525416
4	790	-373.34105	-370.48699	-371.56277	2.8540565	1.0757717
4	791	-347.89478	-348.54663	-346.5943	-0.65184746	-1.9523294
4	792	-313.91228	-313.44644	-314.07964	0.46584422	0.63319913
4	793	-239.24411	-239.74989	-240.26079	-0.50577661	0.51090234
4	794	-360.88588	-359.59356	-360.54843	1.2923227	0.95487358
4	795	-286.30795	-286.99652	-287.49704	-0.68856937	0.50052066
4	796	-246.00447	-242.61457	-243.57332	3.3898986	0.95875296
4	797	-293.05338	-293.20024	-293.83766	-0.1468554	0.63742419
4	798	-367.65368	-366.93159	-366.04761	0.72209034	-0.88397786
4	799	-390.65598	-386.60207	-388.28939	4.0539044	1.6873142
4	800	-289.48601	-287.68727	-288.44883	1.7987435	0.7615606
4	801	-252.44779	-252.97127	-253.42231	-0.52348166	0.45104252
4	802	-345.95146	-346.3872	-346.82806	-0.43573637	0.44085624
4	803	-304.97374	-305.69525	-306.05871	-0.7215106	0.36345385
4	804	-242.44839	-243.38611	-243.73281	-0.93772143	0.34670468
4	805	-275.54545	-276.09328	-276.445	-0.54783066	0.35171791
4	806	-298.92337	-298.54732	-299.11056	0.37604612	0.56323823
4	807	-320.14161	-320.65582	-321.05666	-0.51421441	0.40083689
4	808	-285.95475	-286.63208	-286.98208	-0.67733263	0.3499965
4	809	-214.19004	-215.05941	-215.16028	-0.86937079	0.10086982
4	810	-204.75373	-205.77637	-205.5818	-1.0226316	-0.19456316
4	811	-517.8663	-516.0437	-518.44537	1.8226053	2.4016698
4	812	-256.95015	-257.72332	-258.10002	-0.77317677	0.37669315
4	813	-410.81238	-411.58605	-411.53125	-0.7736713	-0.054798219
4	814	-304.89851	-305.43793	-302.64184	-0.53942557	-2.7960942
4	815	-156.93449	-157.49809	-158.01638	-0.5636019	0.51828409
4	816	-420.53033	-420.95519	-421.2874	-0.42485712	0.33221488
4	817	-322.26543	-322.9446	-318.07623	-0.67916931	-4.8683692
4	818	-319.19576	-319.97249	-320.18869	-0.77673014	0.21620282
4	819	-225.66779	-226.3898	-226.8895	-0.72201815	0.49970014
4	820	-189.73089	-190.3721	-190.2413	-0.64121527	-0.13080818
4	821	-461.86027	-462.01692	-462.48296	-0.15664901	0.46604049
4	822	-348.8412	-349.32261	-349.73598	-0.48141013	0.41337091
4	823	-450.32627	-449.62574	-448.76238	0.70052521	-0.86336481
4	824	-351.85348	-349.44018	-350.98057	2.4132998	1.5403955
4	825	-528.3006	-526.149	-520.76543	2.151596	-5.3835745
4	826	-259.13164	-259.97774	-259.19066	-0.84610726	-0.7870873
4	827	-333.80979	-334.70856	-333.41725	-0.89877078	-1.2913064
4	828	-251.71633	-252.82472	-252.92866	-1.1083857	0.10394002
4	829	-286.32601	-286.72116	-287.22821	-0.39514784	0.50704942
4	830	-347.75866	-345.78509	-346.48735	1.9735708	0.70225397
4	831	-421.35907	-420.65715	-421.37996	0.70191736	0.72280393
4	832	-346.79436	-346.47407	-347.03424	0.3202903	0.5601695
4	833	-334.70167	-335.2671	-335.73026	-0.56542741	0.46316244
4	834	-241.90644	-242.93698	-243.01743	-1.030534	0.080456397
4	835	-299.31484	-298.69739	-298.97929	0.61744701	0.28189324
4	836	-279.39821	-279.61812	-279.91916	-0.21990378	0.30104325
4	837	-258.8062	-258.28013	-258.92993	0.52607109	0.64979657
4	838	-267.49188	-267.33585	-267.84292	0.15602841	0.50707393
4	839	-331.46265	-327.75127	-328.68327	3.7113835	0.93200139
4	840	-393.62298	-391.05475	-392.18965	2.5682288	1.1348985
4	841	-454.04918	-453.29674	-452.91704	0.75243761	-0.37970563
4	842	-319.98483	-319.93769	-320.37031	0.047146606	0.43261944
4	843	-335.30042	-335.13687	-335.72682	0.1635422	0.58995047
4	844	-268.67883	-269.19888	-269.86362	-0.52004724	0.66474649
4	845	-254.9359	-255.75889	-255.93162	-0.82299186	0.17273138
4	846	-363.99095	-364.13875	-364.70635	-0.14780301	0.56759444
4	847	-325.15103	-325.2051	-325.93569	-0.054071637	0.73059135
4	848	-351.95919	-352.38823	-352.48578	-0.42904625	0.097549066
4	849	-334.84951	-333.64447	-334.41577	1.2050419	0.77130388
4	850	-224.14504	-225.30543	-225.25955	-1.1603872	-0.04587872
4	851	-331.41678	-331.95907	-332.2595	-0.54228863	0.30043094
4	852	-505.98006	-506.16306	-503.07196	-0.18300019	-3.0910955
4	853	-353.15095	-353.90385	-354.2465	-0.75289171	0.34265798
4	854	-265.05945	-265.89683	-266.1779	-0.83738319	0.28106448
4	855	-245.1632	-245.88004	-246.37994	-0.71684432	0.49989796
4	856	-345.47821	-345.91364	-346.31391	-0.43542598	0.40026757
4	857	-271.48346	-271.4509	-271.44202	0.032562126	-0.0088759827
4	858	-301.98212	-302.56592	-302.94711	-0.58379677	0.38118821
4	859	-226.62111	-227.50846	-227.96287	-0.8873522	0.45440957
4	860	-274.54524	-275.03105	-275.66225	-0.48580974	0.63120533
4	861	-352.76814	-352.32344	-352.85882	0.44470196	0.53538437
4	862	-256.41649	-256.96985	-257.29073	-0.55335895	0.32088597
4	863	-291.504	-290.73494	-290.97017	0.76906556	0.23523237
4	864	-270.74952	-271.67069	-271.95595	-0.92117084	0.28525826
4	865	-431.12007	-430.40309	-430.49497	0.7169774	0.091874777
4	866	-339.87329	-339.54441	-340.2786	0.32888848	0.73419508
4	867	-312.95928	-313.29797	-313.52877	-0.33868676	0.23079796
4	868	-492.88557	-491.84565	-488.94425	1.0399202	-2.9013943
4	869	-242.61883	-243.3806	-243.58661	-0.76176501	0.20601217
4	870	-235.23777	-236.03514	-236.2895	-0.79737075	0.25436226
4	871	-309.16347	-309.79248	-309.93861	-0.62901303	0.14613158
4	872	-242.54231	-243.29038	-243.59308	-0.74806163	0.30270897
4	873	-247.5052	-246.76845	-247.29633	0.73675177	0.52788143
4	874	-371.40922	-371.91273	-371.3872	-0.50350587	-0.52552625
4	875	-423.37484	-422.96288	-423.4622	0.4119599	0.49931243
4	876	-281.24145	-281.84925	-281.91072	-0.60779148	0.061475892
4	877	-284.12114	-284.36657	-284.84783	-0.24543291	0.48125801
4	878	-250.63765	-251.44167	-251.7177	-0.80401809	0.27602583
4	879	-315.83113	-316.2741	-314.21159	-0.44297272	-2.0625071
4	880	-383.03287	-383.60767	-380.39029	-0.57479909	-3.2173817
4	881	-301.7682	-302.47618	-302.77623	-0.70798552	0.3000444
4	882	-251.9992	-252.71885	-253.09674	-0.71964848	0.37788997
4	883	-226.9008	-227.72775	-228.40364	-0.82695018	0.67588861
4	884	-247.65714	-248.28835	-248.73592	-0.63120559	0.44757477
4	885	-201.58617	-201.70478	-202.86041	-0.11861526	1.155628
4	886	-293.49163	-294.18028	-294.39206	-0.68864617	0.21178197
4	887	-241.11318	-241.96094	-242.20237	-0.84775658	0.24142533
4	888	-301.5463	-297.30768	-298.12914	4.2386144	0.8214572
4	889	-205.02146	-205.6415	-206.39797	-0.62004401	0.7564696
4	890	-367.04772	-367.39518	-367.94851	-0.34745464	0.55333511
4	891	-415.81865	-416.23418	-416.22667	-0.4155317	-0.0075113782
4	892	-237.61173	-238.34211	-238.86926	-0.73037897	0.52714581
4	893	-367.97489	-368.44795	-366.98653	-0.47305941	-1.4614225
4	894	-339.97865	-337.68194	-338.43814	2.29671	0.75619184
4	895	-422.18553	-421.66365	-422.37366	0.52188355	0.71001093
4	896	-262.03747	-260.91435	-261.61689	1.1231192	0.70254201
4	897	-374.42806	-373.38374	-374.22726	1.0443282	0.84352128
4	898	-277.50737	-278.41971	-278.67967	-0.91234083	0.2599553
4	899	-242.16288	-242.18746	-242.67688	-0.024581619	0.48942073
4	900	-374.86442	-374.74778	-374.31456	0.11664368	-0.43322215
4	901	-395.25901	-395.03868	-394.93287	0.22032422	-0.1058094
4	902	-362.66795	-362.06219	-362.6902	0.60576158	0.62800956
4	903	-397.28069	-395.64364	-395.619	1.6370541	-0.024642644
4	904	-284.26021	-284.79334	-285.27884	-0.53313076	0.48549424
4	905	-307.11699	-307.37605	-307.86872	-0.25905647	0.4926729
4	906	-372.35458	-371.3273	-367.81715	1.0272705	-3.5101563
4	907	-264.99073	-264.93229	-265.49711	0.058438665	0.56481302
4	908	-404.91655	-405.44635	-406.09856	-0.52979434	0.65221329
4	909	-427.84307	-425.92809	-426.63446	1.914983	0.70636531
4	910	-370.51992	-366.46882	-367.3634	4.0511058	0.89457946
4	911	-374.11082	-373.33409	-373.87271	0.77672229	0.5386118
4	912	-308.09723	-306.86009	-308.07113	1.237141	1.2110395
4	913	-236.64117	-237.66216	-238.04307	-1.0209929	0.38090183
4	914	-312.31779	-312.90958	-312.91151	-0.59179291	0.0019255861
4	915	-256.96158	-257.16236	-257.54185	-0.20078066	0.37948503
4	916	-462.60948	-462.41684	-460.69802	0.19263744	-1.7188223
4	917	-269.75733	-269.18936	-270.17427	0.56797474	0.98490976
4	918	-417.86726	-417.8262	-418.17353	0.041063184	0.34732771
4	919	-243.15779	-243.78145	-244.18153	-0.62366355	0.40007898
4	920	-296.60792	-297.12069	-297.60669	-0.5127711	0.4860037
4	921	-238.06307	-238.19755	-238.78433	-0.13448424	0.58677809
4	922	-304.88804	-305.29141	-305.78224	-0.40337056	0.49083303
4	923	-315.23186	-315.96379	-316.36602	-0.73192121	0.40223477
4	924	-226.77594	-227.36896	-227.97409	-0.59302408	0.60512282
4	925	-398.6177	-398.49791	-399.16828	0.11978244	0.67036891
4	926	-340.80667	-340.77554	-341.31769	0.031129461	0.54215369
4	927	-349.28987	-348.9069	-349.65564	0.38296301	0.74873483
4	928	-302.95569	-303.4198	-303.73406	-0.46410751	0.31426019
4	929	-355.94272	-350.49964	-351.58487	5.4430801	1.0852284
4	930	-290.87535	-291.55439	-291.78693	-0.6790382	0.23253613
4	931	-385.82504	-386.44551	-386.87367	-0.62046678	0.42816163
4	932	-329.25482	-329.71639	-330.18455	-0.46157435	0.46815494
4	933	-387.56208	-386.61336	-387.52162	0.94871593	0.90826246
4	934	-214.65928	-214.78762	-215.59568	-0.12833678	0.80806185
4	935	-278.56664	-279.46515	-279.77912	-0.89851598	0.31396691
4	936	-340.9747	-341.32794	-341.28861	-0.35323581	-0.039325996
4	937	-265.87497	-266.34838	-266.87551	-0.47341195	0.52712407
4	938	-372.97738	-372.59872	-369.82883	0.37865967	-2.7698886
4	939	-261.35155	-261.87982	-262.28527	-0.52827365	0.40545271
4	940	-291.36217	-292.23801	-292.16855	-0.8758441	-0.069458518
4	941	-437.66139	-440.54725	-435.44308	-2.8858613	-5.1041682
4	942	-391.11374	-391.89046	-388.83702	-0.77672259	-3.0534406
4	943	-304.78982	-305.01451	-305.49851	-0.22468602	0.48400739
4	944	-282.57554	-281.82105	-282.83204	0.75449001	1.0109939
4	945	-279.187	-278.12297	-279.56107	1.0640325	1.4381038
4	946	-350.63281	-350.31991	-350.90685	0.31290286	0.58693756
4	947	-298.23542	-298.56763	-299.01934	-0.33220502	0.45171228
4	948	-310.19533	-310.06175	-310.82428	0.13357347	0.76252518
4	949	-350.03711	-349.97003	-350.59205	0.067078431	0.62201947
4	950	-189.66406	-190.6398	-191.01498	-0.97573718	0.37518118
4	951	-310.65167	-311.03498	-311.51652	-0.38331015	0.48154017
4	952	-358.21796	-358.18067	-358.61875	0.037294644	0.43808159
4	953	-386.25661	-386.8307	-386.66919	-0.57408805	-0.16151214
4	954	-239.01105	-239.95644	-240.17488	-0.94538908	0.21844042
4	955	-207.95016	-208.55577	-209.25987	-0.60561151	0.70410543
4	956	-301.9233	-301.05634	-301.96333	0.86696314	0.90699134
4	957	-226.14628	-225.81872	-226.59893	0.32755608	0.78021048
4	958	-275.96529	-275.89126	-276.54337	0.07403576	0.65210748
4	959	-364.11987	-362.10869	-363.06383	2.0111858	0.95514113
4	960	-312.02902	-312.54552	-312.98227	-0.51649526	0.43674922
4	961	-221.4734	-222.54661	-222.68382	-1.0732067	0.13721555
4	962	-421.79156	-421.37284	-421.63973	0.41872061	0.26689749
4	963	-263.38222	-263.92004	-259.46452	-0.53782346	-4.4555215
4	964	-306.13026	-303.08654	-304.24649	3.0437169	1.1599545
4	965	-237.13259	-238.21438	-238.14531	-1.081795	-0.069071308
4	966	-277.63169	-278.23622	-278.73425	-0.60452762	0.49803492
4	967	-268.10422	-268.98679	-269.33526	-0.88256685	0.34847629
4	968	-398.52325	-398.95088	-399.40251	-0.42762648	0.45163317
4	969	-304.98087	-304.5486	-305.25517	0.43226369	0.70656407
4	970	-322.64475	-323.31927	-323.7672	-0.67451633	0.44793763
4	971	-215.18346	-215.80452	-216.73237	-0.62105687	0.92785213
4	972	-380.29617	-379.7502	-379.94422	0.54597671	0.19402549
4	973	-277.19869	-277.8502	-278.24764	-0.65150777	0.39744971
4	974	-326.10983	-326.65316	-327.12794	-0.54332873	0.47477251
4	975	-379.01859	-379.12194	-379.23153	-0.10334853	0.10959668
4	976	-291.82788	-291.61072	-292.2516	0.21716039	0.64088954
4	977	-272.62867	-273.38898	-273.5352	-0.76030852	0.14622079
4	978	-261.35603	-260.57619	-261.52144	0.77983632	0.94524812
4	979	-284.29508	-284.93744	-285.31281	-0.64236622	0.37536578
4	980	-323.75378	-321.38111	-322.17542	2.3726714	0.79431231
4	981	-262.67672	-263.40417	-263.6662	-0.72744778	0.26202801
4	982	-276.03988	-276.40023	-275.98376	-0.3603508	-0.41647217
4	983	-272.95028	-273.25703	-273.82092	-0.3067486	0.56389622
4	984	-419.42628	-417.27108	-417.63606	2.1552061	0.36498034
4	985	-300.00014	-300.0323	-300.14383	-0.032168086	0.11152914
4	986	-271.74288	-271.94379	-272.38503	-0.20091058	0.44124151
4	987	-401.29992	-392.91046	-394.42383	8.389453	1.5133618
4	988	-281.27795	-281.24036	-281.77967	0.037591873	0.53930748
4	989	-505.15654	-490.41168	-492.1426	14.744857	1.7309196
4	990	-231.3098	-232.44395	-232.70707	-1.1341556	0.26311781
4	991	-410.85832	-411.52147	-409.5454	-0.66314665	-1.9760652
4	992	-259.06452	-259.21412	-259.97851	-0.14959447	0.76439374
4	993	-314.28899	-314.86406	-314.56028	-0.57506494	-0.30377992
4	994	-314.86649	-314.37008	-314.95163	0.49641105	0.58154627
4	995	-286.53958	-287.11491	-287.48829	-0.57532348	0.373388
4	996	-348.23416	-348.31495	-348.59236	-0.08078412	0.27741926
4	997	-344.58317	-340.96921	-342.05008	3.6139583	1.0808638
4	998	-356.03194	-356.07778	-356.76162	-0.045835292	0.68384728
4	999	-484.88854	-484.53995	-484.51927	0.34859104	-0.020676769
