No.	ID	loglik_Null_W	loglik_Acc_W	loglik_Full_W	logBF1	logBF2	loglik_Max_M0	loglik_Max_M1	loglik_Max_M2
0	0	-539.6547	-540.97305	-516.98366	-1.3183506	-23.989394	-527.21047	-527.6305	-503.46343
1	1	-372.11723	-373.83514	-358.6353	-1.7179128	-15.199839	-359.74534	-360.16772	-348.79639
2	2	-451.12535	-452.26767	-453.02243	-1.1423211	0.75475507	-443.00685	-442.98064	-444.19913
3	3	-334.3293	-335.5645	-330.46423	-1.2351965	-5.1002734	-321.39167	-321.81909	-320.06001
4	4	-393.74467	-394.78791	-382.5248	-1.0432385	-12.263108	-381.53558	-381.95966	-369.46519
5	5	-415.50315	-416.73454	-410.11629	-1.2313818	-6.6182421	-403.23841	-403.67012	-394.72837
6	6	-383.81442	-384.98551	-369.43158	-1.1710914	-15.553934	-370.81328	-371.2316	-357.45365
7	7	-550.468	-551.11088	-526.28303	-0.64288179	-24.827855	-537.67656	-538.10706	-514.48537
8	8	-529.46119	-530.22745	-506.49369	-0.76626364	-23.733769	-517.53357	-516.77884	-491.07158
9	9	-555.25164	-556.83972	-511.43851	-1.5880806	-45.401207	-542.39505	-542.81307	-503.49758
10	10	-564.43499	-564.87895	-545.29467	-0.44395838	-19.584273	-552.39319	-552.85715	-532.37848
11	11	-453.38181	-453.72677	-439.86896	-0.34495338	-13.857807	-438.06598	-438.65126	-422.25901
12	12	-387.33747	-388.3229	-373.50336	-0.98543188	-14.819541	-372.67859	-373.1981	-359.36568
13	13	-475.53281	-476.15396	-453.64347	-0.62115034	-22.510488	-462.41278	-462.83516	-442.16531
14	14	-330.43956	-330.63438	-319.5667	-0.19482704	-11.067681	-317.73252	-316.28493	-309.5143
15	15	-549.34964	-549.84874	-545.55445	-0.49910775	-4.2942896	-538.79255	-539.18551	-532.20108
16	16	-294.29919	-295.56085	-291.40942	-1.2616587	-4.1514284	-283.81934	-284.28287	-280.82518
17	17	-435.87081	-436.27755	-430.01098	-0.40673552	-6.2665673	-427.01292	-426.94281	-415.87898
18	18	-402.09985	-402.29143	-389.43768	-0.19157947	-12.853757	-388.93844	-387.92242	-376.90633
19	19	-417.88964	-416.77634	-400.35768	1.1133036	-16.418652	-405.63633	-402.18139	-389.15058
20	20	-405.55537	-406.68111	-393.59091	-1.1257449	-13.090208	-392.24078	-392.65931	-383.87701
21	21	-482.7903	-482.78084	-472.45236	0.0094687218	-10.328477	-467.35455	-467.88762	-459.20122
22	22	-389.37735	-390.91812	-385.47261	-1.5407624	-5.4455099	-379.52717	-380.06049	-376.54871
23	23	-511.76425	-510.60592	-489.15968	1.1583277	-21.446244	-499.34719	-495.99932	-475.96685
24	24	-428.69415	-429.26907	-408.25186	-0.57491724	-21.017208	-415.40752	-415.83478	-399.04239
25	25	-561.92873	-561.1939	-513.05983	0.73483161	-48.134069	-549.55134	-546.74584	-499.47181
26	26	-481.6083	-481.90124	-467.46941	-0.29294179	-14.431839	-469.05017	-468.56613	-457.74176
27	27	-429.65708	-428.76559	-421.69807	0.89148451	-7.0675216	-416.29999	-414.51509	-410.6546
28	28	-405.74675	-406.76754	-396.85926	-1.0207985	-9.9082874	-392.44949	-392.90749	-387.41037
29	29	-494.0818	-493.5457	-474.89912	0.53609574	-18.646583	-482.04326	-478.97647	-460.98921
30	30	-583.01904	-583.5345	-573.8382	-0.51546249	-9.6962961	-569.99997	-570.61909	-559.81728
31	31	-435.8006	-436.73568	-437.57249	-0.93507991	0.8368049	-428.46573	-427.52214	-426.6088
32	32	-474.52179	-472.28078	-452.82289	2.2410054	-19.457895	-462.56094	-458.67085	-437.43442
33	33	-516.71683	-517.48042	-504.04181	-0.76358911	-13.438605	-504.50503	-504.92321	-489.04
34	34	-431.75006	-432.31418	-419.47694	-0.56412248	-12.837244	-419.7335	-420.15166	-408.30058
35	35	-450.29428	-450.18397	-427.35057	0.11031386	-22.833404	-437.50454	-436.27431	-417.09665
36	36	-439.75541	-440.64824	-411.41834	-0.89283169	-29.229903	-426.42914	-426.84802	-398.77157
37	37	-402.22461	-401.26428	-391.68896	0.96032887	-9.5753247	-389.17563	-385.65867	-379.12956
38	38	-506.74099	-504.14639	-493.34601	2.5946036	-10.800377	-494.33742	-488.20047	-478.3056
39	39	-479.49109	-479.23712	-467.22345	0.25396252	-12.013672	-466.22706	-466.63304	-455.14401
40	40	-507.28777	-503.27909	-489.17544	4.0086786	-14.103645	-495.58998	-489.85185	-475.35007
41	41	-493.25588	-493.97408	-483.15701	-0.71819714	-10.817066	-479.98742	-480.40486	-465.28703
42	42	-439.80063	-440.27362	-428.10259	-0.47298912	-12.171025	-428.33411	-426.2963	-413.17182
43	43	-387.37238	-388.39722	-372.54049	-1.0248414	-15.856732	-375.174	-375.62398	-363.52706
44	44	-426.08518	-426.68023	-418.49351	-0.59504828	-8.1867227	-415.17962	-415.60211	-406.22226
45	45	-332.84084	-334.53818	-326.65415	-1.6973396	-7.8840313	-321.87514	-322.29475	-315.08965
46	46	-605.45017	-605.37846	-591.18205	0.071707604	-14.196414	-593.82491	-593.4008	-576.68576
47	47	-432.32836	-431.79767	-421.20017	0.5306932	-10.597501	-418.17482	-416.80092	-408.6534
48	48	-391.01102	-392.97362	-387.03677	-1.9625984	-5.9368446	-380.34305	-380.76631	-376.20906
49	49	-459.2786	-459.85774	-445.7527	-0.57913328	-14.105041	-448.57342	-449.00195	-431.43868
50	50	-399.815	-401.13119	-384.79613	-1.3161853	-16.335057	-387.26309	-387.70956	-376.21646
51	51	-276.6347	-276.79918	-272.15121	-0.16448	-4.6479677	-265.90466	-264.09751	-262.21584
52	52	-483.32932	-483.40313	-455.34943	-0.073805315	-28.053703	-469.44655	-468.64117	-444.72519
53	53	-363.85842	-365.18055	-351.64684	-1.3221273	-13.533706	-351.23869	-351.65903	-342.6142
54	54	-576.17783	-576.50778	-544.30507	-0.32994329	-32.202708	-562.41001	-563.03582	-527.89828
55	55	-339.90843	-341.14938	-330.66544	-1.2409515	-10.483944	-327.00663	-327.42527	-321.34432
56	56	-384.26089	-384.62031	-374.18863	-0.35941841	-10.431682	-371.60568	-370.56695	-360.16688
57	57	-444.44469	-445.49166	-424.64369	-1.0469752	-20.847968	-430.44734	-430.86489	-411.52533
58	58	-474.6994	-475.19208	-455.53881	-0.49268561	-19.653269	-460.38046	-460.79796	-445.0464
59	59	-399.60184	-400.72918	-391.89728	-1.1273438	-8.8319061	-386.93765	-387.356	-379.90923
60	60	-457.38384	-458.70142	-437.20735	-1.3175714	-21.494063	-443.74611	-444.18731	-427.4079
61	61	-615.98145	-615.10315	-601.93901	0.87830474	-13.164139	-606.72192	-601.01181	-587.30486
62	62	-403.6739	-404.56401	-395.59265	-0.89010161	-8.9713568	-391.46764	-391.88385	-386.51697
63	63	-262.05098	-263.08598	-258.95402	-1.0350014	-4.1319612	-251.05897	-251.48395	-248.97502
64	64	-505.74922	-506.96082	-502.55137	-1.2115998	-4.4094496	-498.28385	-498.54492	-491.13169
65	65	-347.55178	-347.68513	-340.82522	-0.13335339	-6.8599137	-335.24344	-333.91206	-330.3214
66	66	-314.01212	-315.08305	-308.51469	-1.0709342	-6.568358	-301.77425	-302.19202	-299.60114
67	67	-341.86256	-343.06461	-330.03443	-1.2020441	-13.030172	-329.92846	-330.34808	-321.30028
68	68	-443.72956	-444.92133	-420.08587	-1.1917647	-24.835459	-431.01477	-431.44159	-411.25346
69	69	-390.83783	-391.0886	-377.41968	-0.2507721	-13.66892	-378.04531	-376.82642	-363.82992
70	70	-434.26633	-434.34641	-422.274	-0.080083791	-12.072415	-421.27315	-420.22404	-410.28421
71	71	-547.15623	-548.08329	-510.18596	-0.92706019	-37.897332	-534.14917	-534.57849	-494.68666
72	72	-404.45667	-405.56935	-395.47222	-1.1126758	-10.097128	-390.92443	-391.34666	-381.52449
73	73	-467.55549	-467.62914	-453.80441	-0.073655543	-13.824729	-454.14709	-453.42656	-443.36218
74	74	-416.31872	-417.10802	-403.34977	-0.78930797	-13.758253	-404.84364	-405.3657	-393.02104
75	75	-555.36572	-555.69396	-531.22473	-0.32823919	-24.469232	-542.86959	-542.21845	-516.41999
76	76	-417.31277	-418.35927	-404.66508	-1.0464949	-13.694187	-404.98993	-405.42114	-394.95465
77	77	-339.59494	-340.39613	-332.31406	-0.80119308	-8.0820689	-327.59613	-328.02132	-321.946
78	78	-688.96471	-688.69732	-666.79427	0.26739236	-21.903048	-677.03344	-677.65301	-653.99614
79	79	-364.13661	-364.10799	-351.23824	0.028616802	-12.86975	-351.7666	-350.15494	-337.47995
80	80	-319.59166	-321.0506	-309.25747	-1.4589437	-11.793131	-306.76959	-307.18864	-300.62071
81	81	-463.79728	-461.90531	-429.91745	1.8919682	-31.987859	-450.63175	-446.98819	-415.63859
82	82	-487.02064	-487.58973	-473.32399	-0.56909725	-14.265742	-475.27548	-475.69956	-458.72369
83	83	-457.72959	-457.99155	-430.42491	-0.26196098	-27.56664	-444.20925	-444.63162	-415.31509
84	84	-433.1021	-434.33552	-418.73453	-1.233428	-15.600991	-417.56991	-417.99254	-409.4194
85	85	-513.958	-514.20468	-509.95039	-0.24668137	-4.2542858	-502.22309	-502.654	-498.23568
86	86	-395.12081	-395.94788	-388.7198	-0.82707076	-7.2280858	-382.93674	-383.39027	-378.52132
87	87	-329.05878	-330.30486	-316.31645	-1.2460778	-13.988404	-316.37079	-316.79223	-308.01899
88	88	-319.38116	-320.92649	-316.38516	-1.5453258	-4.541328	-311.87261	-312.57993	-306.10202
89	89	-374.0773	-370.02794	-369.80395	4.0493572	-0.22399052	-363.79678	-357.15835	-357.58344
90	90	-432.20735	-432.95951	-423.45263	-0.75216124	-9.5068834	-420.1427	-419.5457	-408.95693
91	91	-337.56863	-338.49159	-329.66267	-0.92295622	-8.8289177	-324.86444	-325.28234	-320.46218
92	92	-431.28413	-432.20837	-425.46975	-0.92423866	-6.738623	-419.39694	-419.8317	-411.90442
93	93	-417.65266	-417.76249	-416.08451	-0.10982213	-1.6779801	-405.76453	-406.36535	-404.38642
94	94	-359.24472	-360.04982	-352.44192	-0.80510337	-7.6079006	-348.01476	-348.44427	-338.78951
95	95	-444.77704	-445.238	-432.43846	-0.46095634	-12.799539	-431.58703	-432.0097	-419.90085
96	96	-706.26006	-702.55338	-633.74152	3.7066781	-68.811853	-692.25391	-687.83325	-620.71365
97	97	-368.41905	-369.62577	-360.21873	-1.2067235	-9.4070357	-356.81046	-357.26248	-351.15179
98	98	-521.71664	-522.75987	-500.72392	-1.0432238	-22.035943	-509.11277	-508.30892	-485.43808
99	99	-372.88222	-373.9617	-364.91683	-1.0794726	-9.0448688	-361.00187	-361.3848	-355.20908
