No.	ID	loglik_Null_W	loglik_Acc_W	loglik_Full_W	logBF1	logBF2
0	0	-613.19244	-611.87307	-607.71185	1.3193698	-4.1612186
1	1	-393.97486	-394.23681	-391.2264	-0.26195503	-3.0104136
2	2	-686.00288	-682.62475	-654.67316	3.3781282	-27.95159
3	3	-529.17609	-527.2688	-523.47762	1.9072956	-3.7911766
4	4	-430.63226	-430.59693	-428.31347	0.035324926	-2.2834608
5	5	-583.74061	-582.29978	-562.52314	1.4408223	-19.776648
6	6	-554.30022	-553.72645	-537.69777	0.57376408	-16.028679
7	7	-383.46424	-382.44167	-380.52455	1.0225693	-1.9171193
8	8	-420.40131	-416.9452	-414.23865	3.4561098	-2.7065492
9	9	-527.55478	-527.04548	-525.07787	0.50930106	-1.9676086
10	10	-641.98235	-642.00056	-624.48923	-0.018210121	-17.511328
11	11	-662.36718	-662.12839	-656.05324	0.23879223	-6.0751445
12	12	-432.046	-430.51063	-426.52058	1.5353789	-3.9900453
13	13	-430.76739	-429.61024	-419.94641	1.1571536	-9.6638237
14	14	-572.32918	-571.53717	-558.55771	0.79201156	-12.979456
15	15	-472.07319	-472.13034	-466.121	-0.057149672	-6.0093394
16	16	-504.40085	-504.19491	-493.68843	0.20593991	-10.506479
17	17	-584.98713	-581.08714	-581.01284	3.8999839	-0.074303502
18	18	-641.31239	-637.04311	-602.35821	4.2692796	-34.684897
19	19	-677.87425	-673.34788	-660.96628	4.526365	-12.381607
20	20	-339.28604	-339.1449	-337.68771	0.14114479	-1.4571901
21	21	-612.37855	-611.71777	-604.35658	0.66077529	-7.3611919
22	22	-641.40378	-640.41453	-624.81251	0.98924912	-15.60202
23	23	-641.41191	-640.85943	-628.8943	0.55248277	-11.965133
24	24	-434.85122	-434.86536	-436.41764	-0.014141674	1.5522751
25	25	-485.61541	-480.24726	-480.16729	5.3681452	-0.079973921
26	26	-533.33191	-527.30829	-524.2872	6.0236205	-3.0210828
27	27	-532.77885	-532.73466	-523.20131	0.044187015	-9.5333578
28	28	-455.8075	-452.50671	-453.53009	3.3007878	1.0233799
29	29	-574.37223	-575.1643	-554.70833	-0.79207697	-20.45597
30	30	-486.73151	-485.91151	-485.84904	0.82000253	-0.062464409
31	31	-470.73587	-469.90554	-464.4608	0.83033773	-5.4447411
32	32	-731.48049	-729.11045	-708.8855	2.3700454	-20.224947
33	33	-487.09605	-486.49617	-479.72648	0.59988135	-6.7696837
34	34	-401.72268	-397.71201	-398.7538	4.0106671	1.0417917
35	35	-684.67123	-683.67234	-655.95342	0.99889688	-27.718913
36	36	-697.54461	-693.46194	-685.36396	4.0826691	-8.0979858
37	37	-721.44465	-720.29731	-706.46897	1.1473459	-13.828339
38	38	-377.62439	-376.73927	-377.2471	0.885126	0.50783108
39	39	-640.72885	-640.23531	-624.90167	0.49354314	-15.333645
40	40	-526.02988	-524.93666	-524.4847	1.0932148	-0.45196569
41	41	-543.58511	-543.4116	-531.80626	0.17350996	-11.605335
42	42	-553.94104	-552.57571	-549.81106	1.3653252	-2.7646487
43	43	-656.84187	-655.3076	-641.07898	1.5342722	-14.228624
44	44	-555.44951	-553.75154	-548.44695	1.6979695	-5.3045875
45	45	-432.67007	-431.71183	-425.38046	0.95823592	-6.3313697
46	46	-577.47178	-576.53773	-574.75474	0.93404442	-1.7829907
47	47	-479.61947	-479.52675	-478.55896	0.092723664	-0.96778701
48	48	-518.05297	-519.71234	-508.19325	-1.6593692	-11.519088
49	49	-717.1694	-698.92829	-689.2086	18.24111	-9.7196862
50	50	-658.51115	-655.9347	-631.06277	2.5764522	-24.87192
51	51	-489.85518	-488.85214	-478.1788	1.0030436	-10.673342
52	52	-740.15074	-739.40909	-702.74816	0.74165158	-36.660933
53	53	-559.04187	-558.66315	-552.91995	0.37872419	-5.7431962
54	54	-701.47392	-700.96193	-670.28022	0.51198523	-30.681713
55	55	-588.70848	-585.6038	-557.92543	3.1046798	-27.67837
56	56	-645.5934	-645.90446	-634.9825	-0.31105724	-10.921956
57	57	-502.23739	-502.00189	-504.14274	0.23549619	2.1408519
58	58	-471.28635	-469.85614	-469.5027	1.4302184	-0.35343051
59	59	-586.1054	-585.31511	-567.75236	0.7902894	-17.562748
60	60	-562.04561	-560.98582	-548.17126	1.0597863	-12.814565
61	61	-657.65757	-657.26915	-636.90625	0.38841174	-20.362903
62	62	-493.46848	-493.22248	-490.80314	0.24600211	-2.4193457
63	63	-569.26387	-567.74549	-550.19778	1.5183768	-17.547706
64	64	-569.99186	-568.7095	-559.18316	1.2823565	-9.5263399
65	65	-567.56364	-566.52648	-553.30706	1.0371519	-13.219427
66	66	-510.92318	-510.36625	-495.88078	0.55693848	-14.485471
67	67	-482.08233	-482.44037	-474.39772	-0.35803874	-8.0426545
68	68	-710.84629	-709.22003	-688.30622	1.626259	-20.913815
69	69	-521.72562	-521.50252	-512.52871	0.22309474	-8.9738162
70	70	-445.37725	-441.79879	-442.55793	3.5784677	0.75914154
71	71	-564.90507	-566.33648	-544.97689	-1.4314089	-21.359594
72	72	-455.75741	-454.74738	-450.21335	1.0100284	-4.5340332
73	73	-655.08509	-654.51494	-644.50657	0.57015555	-10.00837
74	74	-482.87631	-482.58515	-474.93537	0.29116239	-7.6497753
75	75	-646.79148	-646.00498	-643.38517	0.78650229	-2.619817
76	76	-583.39254	-581.70409	-556.91421	1.6884519	-24.789875
77	77	-692.63703	-691.21897	-669.74404	1.4180543	-21.474932
78	78	-706.06003	-702.66976	-682.13971	3.3902729	-20.530044
79	79	-605.61617	-603.74763	-597.4927	1.8685404	-6.2549296
80	80	-661.79341	-662.04079	-645.67637	-0.24737668	-16.364419
81	81	-679.08664	-677.60992	-659.34833	1.4767251	-18.26159
82	82	-497.56515	-497.60037	-494.01152	-0.035213713	-3.5888501
83	83	-554.02045	-553.62278	-547.5274	0.39766437	-6.0953877
84	84	-401.52502	-400.50215	-397.58366	1.0228687	-2.9184908
85	85	-441.12836	-440.33401	-434.57927	0.79435027	-5.7547408
86	86	-531.99535	-529.84631	-526.72158	2.1490427	-3.1247272
87	87	-723.31413	-722.0027	-699.71268	1.3114247	-22.290017
88	88	-600.9567	-600.77828	-578.81511	0.17842548	-21.963166
89	89	-496.66384	-495.02356	-494.97647	1.6402812	-0.04708879
90	90	-706.21292	-707.43237	-676.93524	-1.2194543	-30.497133
91	91	-505.83759	-506.14023	-503.78528	-0.30263378	-2.3549481
92	92	-520.38429	-519.03504	-512.35504	1.3492545	-6.6799931
93	93	-571.81103	-571.42589	-556.25981	0.38514056	-15.166083
94	94	-549.95039	-549.24325	-536.90765	0.70714421	-12.335598
95	95	-514.59656	-514.52987	-511.03085	0.066685289	-3.4990272
96	96	-500.47852	-500.6122	-493.4591	-0.13367885	-7.1530957
97	97	-558.13789	-558.51582	-555.81643	-0.37793545	-2.6993973
98	98	-499.57266	-497.13172	-495.31908	2.4409408	-1.8126424
99	99	-640.41702	-640.21454	-624.00941	0.202481	-16.205129
