No.	ID	loglik_Null_W	loglik_Acc_W	loglik_Full_W	logBF1	logBF2
0	0	-604.75796	-588.7011	-593.81965	16.056866	5.1185497
1	1	-576.59091	-561.42044	-563.81158	15.170472	2.3911372
2	2	-468.8753	-460.191	-466.36935	8.6842987	6.1783539
3	3	-513.06867	-494.16507	-500.55758	18.903603	6.3925144
4	4	-568.96893	-555.5641	-558.81421	13.404832	3.250112
5	5	-569.06902	-557.11602	-560.22329	11.953	3.1072744
6	6	-472.37481	-461.42257	-468.70052	10.952233	7.2779486
7	7	-631.52464	-609.01165	-616.12889	22.512988	7.1172422
8	8	-439.61899	-423.24036	-428.42186	16.378635	5.181497
9	9	-404.88955	-394.12862	-396.357	10.760925	2.2283792
10	10	-673.95463	-646.29926	-652.836	27.655376	6.536744
11	11	-409.94367	-396.11325	-402.5052	13.830417	6.3919541
12	12	-319.19387	-308.21775	-317.7917	10.976118	9.5739442
13	13	-525.87512	-506.89322	-514.46561	18.981899	7.5723961
14	14	-443.72299	-433.49	-438.88312	10.232989	5.3931109
15	15	-538.84101	-527.69568	-528.40678	11.145329	0.71110614
16	16	-625.4291	-604.26713	-612.43157	21.161968	8.164433
17	17	-448.09415	-434.72329	-443.49161	13.370867	8.7683214
18	18	-468.79018	-458.57403	-464.60946	10.216149	6.0354278
19	19	-484.85018	-468.2018	-472.80529	16.648372	4.6034866
20	20	-418.54146	-406.33004	-412.48348	12.21142	6.1534349
21	21	-358.34119	-350.74542	-358.93755	7.5957769	8.1921369
22	22	-383.39696	-366.75445	-375.35076	16.642509	8.5963109
23	23	-497.99743	-483.14623	-487.95351	14.851202	4.8072877
24	24	-342.12308	-335.37055	-342.23621	6.7525234	6.8656521
25	25	-444.17501	-421.71267	-427.92215	22.46234	6.2094801
26	26	-453.62284	-439.79154	-443.55569	13.831295	3.7641449
27	27	-567.00878	-547.39196	-553.06861	19.61682	5.6766508
28	28	-571.43429	-551.48204	-558.01983	19.952242	6.5377892
29	29	-450.0446	-439.4725	-446.45052	10.572093	6.9780205
30	30	-616.6298	-596.29999	-601.78267	20.329812	5.4826777
31	31	-391.1257	-377.33285	-384.44478	13.792858	7.1119347
32	32	-662.73644	-641.52591	-647.76121	21.210525	6.2352965
33	33	-671.60302	-656.65402	-662.6961	14.948995	6.0420767
34	34	-491.50194	-473.77604	-479.37576	17.725896	5.5997162
35	35	-669.13934	-666.64586	-667.24929	2.4934748	0.60342234
36	36	-493.43943	-484.67253	-490.03483	8.7668932	5.3622948
37	37	-484.07056	-477.81454	-480.27788	6.2560196	2.4633371
38	38	-515.9783	-504.03304	-507.40138	11.945261	3.3683476
39	39	-373.11896	-352.57263	-360.62275	20.546328	8.050123
40	40	-528.7151	-519.34274	-523.81343	9.3723588	4.4706914
41	41	-442.87059	-427.69987	-436.36554	15.17072	8.6656638
42	42	-610.79867	-601.23378	-607.19336	9.5648852	5.9595781
43	43	-526.84327	-517.04273	-522.0176	9.8005369	4.9748672
44	44	-417.95655	-407.98051	-412.92183	9.9760367	4.9413168
45	45	-608.28429	-600.29446	-604.92552	7.9898375	4.6310644
46	46	-479.12298	-474.81721	-475.99277	4.3057783	1.1755608
47	47	-517.9531	-504.49033	-508.57073	13.462772	4.0803993
48	48	-408.68826	-398.23549	-404.74551	10.452769	6.5100197
49	49	-459.18317	-439.45639	-445.79255	19.726781	6.3361589
50	50	-606.09081	-583.39703	-589.82209	22.693775	6.4250556
51	51	-500.84792	-485.97003	-491.2958	14.877885	5.3257688
52	52	-450.21721	-436.84068	-444.43543	13.376531	7.5947499
53	53	-416.69997	-391.5611	-397.98268	25.138871	6.4215734
54	54	-393.80233	-378.48503	-388.23827	15.317295	9.7532342
55	55	-474.86509	-454.9364	-460.91481	19.928691	5.9784092
56	56	-402.41238	-394.31417	-399.70729	8.0982086	5.3931156
57	57	-544.09005	-528.59449	-534.09646	15.49556	5.5019736
58	58	-463.69138	-448.09784	-455.45982	15.593537	7.361976
59	59	-446.57737	-424.58488	-431.84458	21.992488	7.2597017
60	60	-533.69135	-521.35649	-524.5362	12.334862	3.1797111
61	61	-359.54359	-342.42933	-348.74871	17.11426	6.3193793
62	62	-599.82255	-579.16754	-586.42142	20.655017	7.2538808
63	63	-497.83103	-475.00074	-481.50938	22.830294	6.5086434
64	64	-520.25544	-507.41047	-510.60315	12.844971	3.1926798
65	65	-461.41247	-456.52352	-457.16941	4.8889517	0.64588813
66	66	-475.91099	-446.22719	-454.67984	29.683803	8.4526514
67	67	-569.54038	-558.016	-560.58505	11.524372	2.5690494
68	68	-704.20224	-695.78781	-691.55357	8.4144268	-4.2342394
69	69	-378.0336	-357.91886	-365.45156	20.114743	7.5327035
70	70	-565.75116	-558.8035	-563.52766	6.9476655	4.7241587
71	71	-435.87919	-424.14152	-430.42527	11.737666	6.2837428
72	72	-482.98887	-475.03745	-477.99445	7.9514134	2.9569987
73	73	-379.1262	-360.67437	-367.29014	18.451837	6.6157757
74	74	-456.08321	-454.2547	-454.71596	1.8285136	0.46126338
75	75	-550.38671	-540.48738	-543.84321	9.8993215	3.3558284
76	76	-543.80654	-532.15198	-536.36563	11.654553	4.2136452
77	77	-465.15868	-451.98501	-454.20257	13.173669	2.2175603
78	78	-439.42578	-429.40719	-431.23267	10.018594	1.8254778
79	79	-481.68211	-467.59463	-476.00375	14.087479	8.4091189
80	80	-564.02128	-555.6178	-556.73023	8.4034765	1.1124308
81	81	-360.20095	-344.10699	-346.7033	16.093959	2.5963081
82	82	-442.02435	-427.7688	-434.4746	14.255548	6.7058038
83	83	-375.07783	-353.09825	-361.79694	21.979586	8.6986871
84	84	-604.17788	-602.96474	-600.57019	1.2131404	-2.3945562
85	85	-400.82273	-383.63306	-391.95491	17.189664	8.3218478
86	86	-365.67428	-360.33027	-363.94293	5.3440158	3.6126637
87	87	-362.96394	-355.29675	-362.90369	7.6671867	7.6069329
88	88	-379.30733	-370.05124	-377.56409	9.2560849	7.5128432
89	89	-731.58091	-702.41078	-710.60293	29.170133	8.1921492
90	90	-538.75085	-518.25727	-525.75117	20.493582	7.4938963
91	91	-449.94254	-434.12879	-438.37363	15.813752	4.2448378
92	92	-516.51145	-491.75205	-497.82804	24.759397	6.075988
93	93	-551.84013	-540.83307	-545.44578	11.007061	4.6127149
94	94	-495.39242	-474.81943	-483.96037	20.572989	9.1409323
95	95	-386.62507	-365.33231	-373.76114	21.292761	8.428829
96	96	-447.09021	-433.41293	-439.724	13.677281	6.3110741
97	97	-556.46203	-531.55543	-537.18199	24.906599	5.6265611
98	98	-662.82139	-653.71767	-652.82851	9.1037148	-0.88916665
99	99	-394.58328	-383.37267	-388.66157	11.210603	5.2888992
