No.	ID	loglik_Null_W	loglik_Acc_W	loglik_Full_W	logBF1	logBF2
0	0	-386.97128	-388.22859	-388.78631	-1.2573068	0.55772161
1	1	-315.17781	-316.3172	-318.39483	-1.1393888	2.0776306
2	2	-397.61388	-399.0127	-396.78871	-1.3988228	-2.2239956
3	3	-441.33666	-439.45924	-440.3924	1.8774252	0.93316521
4	4	-321.55027	-322.60471	-325.00194	-1.054432	2.3972376
5	5	-482.78963	-481.69888	-483.60548	1.0907517	1.9065965
6	6	-530.63779	-528.65545	-530.2357	1.9823383	1.5802523
7	7	-331.48625	-331.90623	-334.46927	-0.41997667	2.5630473
8	8	-282.7445	-283.27555	-286.80435	-0.53105298	3.5288041
9	9	-280.79858	-283.07031	-284.14193	-2.271729	1.0716233
10	10	-324.79102	-324.79568	-330.41196	-0.0046615655	5.6162716
11	11	-260.94301	-261.90415	-267.01445	-0.96113992	5.1103052
12	12	-256.2278	-258.29257	-260.32866	-2.064772	2.0360893
13	13	-382.95603	-385.4531	-387.18901	-2.4970701	1.7359105
14	14	-249.12007	-249.3044	-251.71174	-0.18432588	2.4073403
15	15	-393.07819	-391.74638	-392.77663	1.331803	1.0302469
16	16	-304.61541	-306.02654	-308.51417	-1.4111265	2.4876364
17	17	-372.94037	-373.11448	-373.73996	-0.17410494	0.62548469
18	18	-304.93374	-306.33721	-309.26244	-1.4034643	2.9252361
19	19	-273.99094	-276.12175	-278.39783	-2.1308168	2.2760823
20	20	-490.22407	-492.72394	-493.73633	-2.4998678	1.0123981
21	21	-409.55714	-409.26199	-408.99756	0.29515403	-0.2644323
22	22	-321.3117	-319.75764	-321.65104	1.5540544	1.8933962
23	23	-423.5343	-426.37636	-426.17128	-2.8420585	-0.20507812
24	24	-444.32633	-443.58504	-443.87549	0.74129125	0.29045024
25	25	-408.12826	-409.08137	-410.46283	-0.95310976	1.3814621
26	26	-308.35696	-308.44353	-310.86317	-0.086571161	2.4196391
27	27	-374.28159	-372.94779	-376.48109	1.3337929	3.5332985
28	28	-295.77638	-296.64557	-298.00452	-0.86918607	1.3589566
29	29	-414.35561	-412.92349	-415.31362	1.4321256	2.3901304
30	30	-211.55593	-213.05478	-217.58228	-1.4988567	4.5274969
31	31	-453.18137	-453.91916	-455.46348	-0.7377888	1.5443227
32	32	-346.4836	-346.24617	-348.82313	0.23742728	2.576965
33	33	-364.41711	-365.76229	-363.342	-1.345189	-2.420292
34	34	-269.63478	-270.11754	-271.3746	-0.48275737	1.2570636
35	35	-338.85367	-344.44519	-345.43242	-5.5915252	0.98723013
36	36	-383.15265	-383.14313	-385.61085	0.0095200964	2.4677209
37	37	-354.97947	-357.73844	-359.17105	-2.7589666	1.4326058
38	38	-429.82929	-428.51033	-422.54429	1.3189678	-5.9660394
39	39	-333.4491	-334.53648	-336.89763	-1.0873835	2.361151
40	40	-383.42408	-383.65734	-383.78349	-0.23325884	0.12615383
41	41	-275.81228	-278.03648	-279.99844	-2.2241969	1.96196
42	42	-316.51892	-317.77945	-319.3103	-1.2605364	1.5308527
43	43	-364.12265	-364.16983	-365.29816	-0.047180022	1.128325
44	44	-417.7073	-419.50265	-419.67707	-1.7953453	0.1744195
45	45	-447.13408	-445.77043	-447.27362	1.3636477	1.503195
46	46	-366.86151	-366.7168	-368.4294	0.14471035	1.7125944
47	47	-240.08723	-241.10639	-244.18825	-1.0191638	3.0818651
48	48	-305.36275	-303.9071	-306.71467	1.4556458	2.8075667
49	49	-301.7073	-303.49721	-306.52267	-1.7899058	3.0254603
50	50	-267.51481	-268.73646	-269.77544	-1.2216529	1.0389811
51	51	-351.35401	-353.22685	-356.05471	-1.8728325	2.8278601
52	52	-394.00858	-394.62368	-395.69347	-0.61509557	1.069792
53	53	-431.43474	-433.28369	-432.58116	-1.848956	-0.70253314
54	54	-285.52116	-285.33751	-288.42639	0.18364275	3.0888767
55	55	-408.47729	-407.82761	-409.41745	0.64968106	1.5898326
56	56	-374.10765	-374.06319	-377.23279	0.044460272	3.1695989
57	57	-488.54365	-490.43092	-489.24559	-1.8872698	-1.1853285
58	58	-551.34358	-552.45262	-550.42582	-1.1090418	-2.0268023
59	59	-421.6983	-423.53741	-421.61297	-1.8391082	-1.9244412
60	60	-602.49111	-603.92167	-602.10304	-1.4305659	-1.8186298
61	61	-414.96249	-415.58706	-417.15024	-0.6245748	1.5631835
62	62	-338.8709	-340.4809	-343.4808	-1.6099961	2.9998975
63	63	-336.65462	-337.00639	-338.8899	-0.35176522	1.8835121
64	64	-355.02217	-356.34862	-358.66163	-1.3264503	2.3130142
65	65	-414.73428	-414.95522	-414.37835	-0.22093321	-0.57687056
66	66	-328.46663	-330.83101	-333.11384	-2.3643816	2.2828277
67	67	-429.71162	-430.7097	-429.69925	-0.99808913	-1.0104591
68	68	-331.85835	-331.57456	-333.59712	0.28378988	2.0225638
69	69	-316.03064	-317.69634	-319.23992	-1.665696	1.5435849
70	70	-249.57771	-251.62909	-254.01612	-2.0513812	2.3870373
71	71	-290.56531	-291.11932	-295.59967	-0.5540131	4.4803483
72	72	-427.8703	-429.45463	-426.38105	-1.5843296	-3.0735739
73	73	-312.89062	-311.75195	-312.3589	1.1386761	0.60694644
74	74	-354.78673	-357.84136	-358.63265	-3.0546231	0.79129184
75	75	-381.28895	-382.46688	-382.78297	-1.177927	0.3160899
76	76	-370.80182	-372.71251	-374.35096	-1.9106855	1.6384518
77	77	-417.11328	-417.81593	-418.13964	-0.70264848	0.32371458
78	78	-365.15086	-365.97019	-365.99853	-0.81932185	0.028349512
79	79	-335.53139	-338.21759	-334.08252	-2.6862023	-4.1350734
80	80	-450.92275	-452.6513	-452.65912	-1.7285473	0.0078269675
81	81	-319.70388	-319.06548	-321.13344	0.63839496	2.0679553
82	82	-454.58123	-454.6544	-457.77791	-0.073166063	3.1235092
83	83	-280.6642	-282.00199	-283.26706	-1.3377949	1.265062
84	84	-233.24534	-234.56038	-236.7928	-1.3150396	2.232427
85	85	-357.43297	-357.48627	-359.99416	-0.053296904	2.5078863
86	86	-294.32149	-295.07563	-296.28587	-0.75413279	1.2102395
87	87	-494.08755	-493.82176	-493.1241	0.26579341	-0.69766022
88	88	-338.55768	-337.06381	-340.75847	1.4938721	3.6946532
89	89	-380.33244	-380.12342	-381.34808	0.20902321	1.2246629
90	90	-405.16878	-405.40144	-405.85303	-0.23265591	0.45159564
91	91	-373.90506	-374.85152	-376.76825	-0.94646448	1.9167295
92	92	-459.0296	-458.3501	-456.08923	0.67950108	-2.260868
93	93	-643.45371	-638.9869	-632.37889	4.4668115	-6.6080053
94	94	-317.0746	-317.85408	-318.85461	-0.77948733	1.0005275
95	95	-454.16209	-456.51588	-458.10695	-2.3537906	1.5910688
96	96	-372.05681	-370.37802	-372.77842	1.6787906	2.4004021
97	97	-322.16033	-324.01628	-324.88349	-1.8559493	0.86720793
98	98	-309.95395	-312.31074	-315.12737	-2.3567853	2.8166335
99	99	-389.62705	-391.69072	-389.30913	-2.0636697	-2.3815842
100	100	-312.0669	-313.04189	-314.50895	-0.97498961	1.4670656
101	101	-343.81453	-344.07681	-343.89476	-0.26227108	-0.18204505
102	102	-357.0344	-359.38812	-360.79135	-2.3537213	1.4032355
103	103	-259.50976	-262.06361	-264.02839	-2.553849	1.964776
104	104	-355.10695	-355.89917	-355.43706	-0.7922194	-0.46211194
105	105	-393.96597	-396.04979	-394.74648	-2.0838178	-1.3033119
106	106	-307.6392	-308.49172	-311.39224	-0.85251594	2.9005242
107	107	-355.92937	-355.59315	-360.09347	0.33622034	4.5003136
108	108	-312.59396	-314.27585	-315.52483	-1.6818876	1.2489808
109	109	-397.13669	-396.93769	-399.07428	0.19899656	2.136582
110	110	-393.34263	-395.60385	-396.09072	-2.2612145	0.4868707
111	111	-355.36377	-356.69204	-356.28865	-1.3282648	-0.40338047
112	112	-324.83502	-325.75562	-327.90249	-0.92060505	2.1468707
113	113	-400.13296	-399.69693	-401.90749	0.43603353	2.2105583
114	114	-255.14939	-257.31968	-260.00182	-2.1702969	2.682137
115	115	-380.88392	-382.78206	-384.05632	-1.8981321	1.2742646
116	116	-451.97285	-454.42514	-456.4761	-2.4522876	2.0509555
117	117	-265.41611	-265.78935	-268.35301	-0.37324437	2.5636603
118	118	-289.85209	-291.55007	-291.5703	-1.6979747	0.020234687
119	119	-250.13296	-252.32332	-253.42307	-2.1903641	1.0997491
120	120	-447.87608	-446.93182	-448.7656	0.94426377	1.8337841
121	121	-253.87768	-256.20414	-263.31756	-2.3264675	7.1134176
122	122	-300.67469	-301.7269	-304.75701	-1.0522104	3.0301101
123	123	-276.38229	-278.69202	-280.25439	-2.3097306	1.5623671
124	124	-373.59968	-374.26294	-372.43882	-0.66325995	-1.8241126
125	125	-282.82231	-284.7743	-286.33767	-1.9519914	1.563371
126	126	-318.29064	-324.80255	-320.82415	-6.5119177	-3.9784
127	127	-380.40929	-380.23503	-383.03994	0.17426265	2.8049114
128	128	-356.99672	-357.57971	-358.53085	-0.58299104	0.95113924
129	129	-387.90011	-389.61085	-390.00992	-1.7107394	0.39907637
130	130	-416.0465	-413.74502	-413.32056	2.3014806	-0.42445814
131	131	-553.03856	-551.0898	-548.8913	1.9487665	-2.1984905
132	132	-234.51901	-235.3963	-240.04461	-0.87728545	4.6483162
133	133	-346.34391	-345.9156	-347.46633	0.42831312	1.5507243
134	134	-202.6468	-204.20061	-210.80456	-1.5538174	6.6039477
135	135	-340.99757	-341.54597	-342.21336	-0.5484044	0.66739374
136	136	-403.07741	-403.53621	-405.95924	-0.45879264	2.4230336
137	137	-391.61828	-391.75427	-390.50263	-0.13598426	-1.2516386
138	138	-311.89512	-313.66792	-317.395	-1.7727999	3.7270808
139	139	-361.16471	-361.75273	-363.19534	-0.58802597	1.4426093
140	140	-398.24561	-399.27912	-399.51225	-1.0335154	0.23312513
141	141	-326.15231	-325.98063	-329.15356	0.17167813	3.1729278
142	142	-451.20934	-449.97798	-451.65814	1.2313679	1.6801615
143	143	-321.36721	-323.24696	-324.12104	-1.8797504	0.87408336
144	144	-235.33198	-236.58175	-239.80884	-1.2497679	3.2270873
145	145	-327.35743	-326.83771	-328.96585	0.51971628	2.128142
146	146	-296.26697	-299.24447	-300.53272	-2.9774964	1.2882517
147	147	-346.94903	-346.93139	-351.59924	0.017647298	4.6678495
148	148	-286.67643	-287.66705	-289.65594	-0.99062473	1.9888885
149	149	-447.87417	-448.57478	-447.97875	-0.70060674	-0.59602602
150	150	-394.24176	-394.82482	-395.73887	-0.58306155	0.91404881
151	151	-262.605	-264.20894	-266.35277	-1.6039451	2.1438281
152	152	-361.24706	-362.89207	-363.15183	-1.6450065	0.25976118
153	153	-219.13452	-218.30005	-223.52325	0.83447306	5.2232035
154	154	-415.49416	-417.21743	-417.22223	-1.7232608	0.004809456
155	155	-285.4602	-287.64997	-289.29872	-2.1897701	1.6487481
156	156	-360.61435	-362.42422	-363.75472	-1.809869	1.3305021
157	157	-442.15099	-442.49661	-442.03542	-0.34561281	-0.46118509
158	158	-254.27793	-256.26158	-259.46132	-1.983645	3.1997407
159	159	-542.4109	-540.78411	-543.16619	1.6267962	2.3820786
160	160	-292.1968	-293.86841	-295.90104	-1.6716041	2.0326371
161	161	-284.49386	-281.79959	-287.17813	2.694274	5.3785382
162	162	-391.90606	-393.08467	-392.86799	-1.1786187	-0.21668798
163	163	-313.33188	-314.83075	-315.01075	-1.49887	0.18000092
164	164	-532.52174	-532.17169	-531.81252	0.35004692	-0.35917336
165	165	-394.88386	-395.65858	-397.3065	-0.77472344	1.6479159
166	166	-427.66247	-430.10241	-429.63095	-2.4399343	-0.47145657
167	167	-242.95005	-244.19405	-246.8055	-1.2439943	2.611455
168	168	-391.9976	-392.40195	-390.89445	-0.40434905	-1.5075035
169	169	-287.05833	-287.71472	-290.22396	-0.65638291	2.5092486
170	170	-432.07342	-433.97725	-434.70836	-1.9038322	0.73110801
171	171	-365.52154	-367.52316	-369.48173	-2.0016245	1.9585653
172	172	-282.82323	-283.71893	-288.37064	-0.89570528	4.6517089
173	173	-311.22848	-312.3136	-314.85038	-1.0851246	2.5367847
174	174	-429.68315	-433.31895	-432.33177	-3.635799	-0.98718691
175	175	-346.37882	-352.1028	-351.31312	-5.7239796	-0.78968506
176	176	-460.85733	-460.16949	-459.0736	0.68783845	-1.0958843
177	177	-271.24377	-273.0607	-276.6124	-1.8169348	3.5517001
178	178	-241.72085	-243.76039	-247.36175	-2.0395351	3.6013649
179	179	-352.84897	-354.77471	-355.12688	-1.9257376	0.35217654
180	180	-399.94483	-399.97194	-399.8227	-0.027109572	-0.14923932
181	181	-268.96114	-269.86095	-270.87115	-0.89981402	1.0101982
182	182	-384.85442	-386.59834	-388.02552	-1.7439163	1.4271821
183	183	-502.61289	-504.73405	-503.49669	-2.1211653	-1.2373614
184	184	-382.02033	-383.31392	-384.46064	-1.2935886	1.1467247
185	185	-401.94386	-400.74417	-400.24754	1.1996889	-0.4966283
186	186	-257.30076	-259.1908	-260.47029	-1.8900417	1.2794949
187	187	-359.99938	-361.29228	-363.45271	-1.292904	2.1604231
188	188	-458.79102	-459.00164	-457.11737	-0.2106168	-1.8842684
189	189	-373.74461	-374.91674	-374.17673	-1.1721249	-0.7400065
190	190	-403.48055	-405.67007	-405.71807	-2.1895218	0.048003402
191	191	-265.51406	-266.85743	-268.92538	-1.3433657	2.0679474
192	192	-282.92953	-284.17527	-289.01668	-1.2457362	4.8414088
193	193	-297.9912	-299.64959	-300.57884	-1.6583887	0.92924439
194	194	-337.79591	-339.55257	-336.69123	-1.756657	-2.8613417
195	195	-299.55745	-300.10753	-303.34623	-0.55008527	3.2386958
196	196	-431.01299	-430.21474	-434.05666	0.79824874	3.8419182
197	197	-455.08585	-453.18128	-454.54082	1.9045764	1.3595429
198	198	-298.37929	-299.58273	-301.43738	-1.2034348	1.8546557
199	199	-383.20956	-384.79762	-386.35414	-1.5880573	1.5565237
