No.	ID	loglik_Null	loglik_Acc	loglik_Full	logBF1	logBF2	loglik_Max_M0	loglik_Max_M1	loglik_Max_M2
6	0	-393.58909	-393.40468	-392.291	0.18440537	-1.1136789	-390.31947	-385.23218	-376.71908
6	1	-384.59569	-381.99058	-383.32368	2.6051127	1.3331043	-382.16236	-371.2839	-371.45727
6	2	-418.2078	-412.84339	-416.54691	5.3644104	3.7035179	-415.93607	-400.99	-395.60952
6	3	-436.67115	-422.56862	-422.73242	14.102534	0.16380285	-422.51168	-409.11649	-406.41499
6	4	-326.47378	-325.53427	-325.64212	0.93950427	0.10784548	-323.45356	-318.93421	-314.52454
6	5	-475.34211	-468.2188	-468.31149	7.1233125	0.092687183	-465.4629	-458.958	-453.78147
6	6	-1472.4019	-1322.8583	-1323.1819	149.54361	0.32360624	-1458.9185	-1303.2766	-1303.2846
6	7	-480.48286	-476.76775	-476.44372	3.7151023	-0.32403135	-471.69839	-463.33582	-459.3285
6	8	-963.91942	-911.30845	-911.16232	52.610973	-0.14612729	-951.24667	-890.53748	-890.54117
6	9	-437.75399	-429.62102	-430.95875	8.1329746	1.3377346	-428.32921	-416.59995	-416.12846
6	10	-713.6361	-697.12914	-694.92169	16.506955	-2.2074515	-699.17444	-675.28312	-671.67739
6	11	-343.20535	-342.34604	-341.27603	0.85930236	-1.0700124	-340.68504	-335.01332	-328.53129
6	12	-265.41949	-265.99228	-266.35393	-0.57278488	0.3616512	-262.58632	-260.00122	-259.98922
6	13	-506.67452	-499.8935	-499.87855	6.7810214	-0.014950067	-495.29826	-485.83606	-485.77048
6	14	-345.16093	-345.62285	-343.57608	-0.4619166	-2.0467681	-342.7641	-340.95314	-333.36506
6	15	-337.84817	-336.53674	-333.51008	1.311431	-3.026659	-335.2676	-329.4777	-322.12018
6	16	-562.7135	-557.06646	-551.60631	5.6470417	-5.4601461	-549.24401	-533.87668	-527.63673
6	17	-321.12654	-321.51971	-319.94492	-0.39316754	-1.5747863	-318.51484	-316.60439	-307.84999
6	18	-495.74325	-495.18214	-471.123	0.56110213	-24.05914	-478.23976	-473.97329	-456.17967
6	19	-362.91208	-356.17479	-358.02107	6.737292	1.8462839	-358.26223	-344.73735	-344.7735
6	20	-430.2849	-425.50585	-426.77772	4.7790484	1.2718698	-427.82281	-415.70362	-415.70123
6	21	-391.90274	-389.35119	-390.05915	2.5515447	0.70795604	-389.47358	-382.03303	-382.22377
6	22	-681.87069	-608.9661	-610.15524	72.904594	1.1891471	-666.61463	-597.70247	-597.70229
6	23	-525.68929	-505.56722	-506.44265	20.122063	0.87542749	-517.28213	-496.11916	-493.52358
6	24	-577.24195	-558.11627	-550.87042	19.125679	-7.2458513	-561.44073	-534.58133	-532.06771
6	25	-486.70511	-473.25748	-474.48425	13.447633	1.2267728	-472.89952	-457.95553	-458.06102
6	26	-361.7185	-361.02115	-361.24861	0.69734808	0.22746272	-353.54156	-348.68367	-344.27343
6	27	-467.80085	-454.0201	-455.58876	13.780754	1.5686594	-460.23021	-443.76349	-443.79649
6	28	-401.8076	-401.58445	-402.19892	0.22315276	0.61447417	-399.4571	-394.7726	-394.80979
6	29	-454.86122	-453.21501	-453.74303	1.6462124	0.52801557	-447.79067	-437.04247	-434.20005
6	30	-430.33555	-408.21454	-410.02297	22.121004	1.808424	-415.45378	-393.52085	-393.52242
6	31	-244.83671	-245.53453	-245.68759	-0.69782817	0.1530552	-241.67081	-239.84565	-239.91147
6	32	-526.47431	-515.93643	-511.6759	10.537885	-4.2605261	-509.50292	-497.63914	-497.08478
6	33	-479.99486	-470.26779	-471.82542	9.7270719	1.5576327	-468.00478	-457.69269	-456.15071
6	34	-495.85	-487.28282	-489.46766	8.5671823	2.1848418	-486.33742	-474.70947	-473.96226
6	35	-518.80854	-507.94708	-508.97004	10.861459	1.0229568	-506.23407	-496.50888	-496.76967
6	36	-364.69039	-361.25626	-362.09972	3.4341283	0.84346286	-361.48844	-353.34217	-353.23913
6	37	-281.91605	-280.62546	-281.46892	1.2905814	0.84345095	-279.12455	-271.68236	-271.68364
6	38	-602.93582	-580.7597	-553.97749	22.176125	-26.782207	-585.20426	-561.33287	-534.01832
6	39	-252.98838	-253.66236	-254.136	-0.67398108	0.47364175	-250.0203	-250.20291	-250.36684
6	40	-210.74089	-210.06311	-210.35547	0.67777641	0.29235898	-207.31355	-199.85441	-199.87497
6	41	-304.03939	-302.90457	-303.65766	1.1348166	0.75308339	-301.23335	-294.36382	-293.48679
6	42	-534.81945	-530.35385	-522.20342	4.4656078	-8.1504231	-521.74246	-509.88569	-501.3717
6	43	-717.94834	-714.91097	-707.61252	3.0373751	-7.2984529	-704.97179	-698.58558	-687.97798
6	44	-288.31469	-289.22008	-289.45486	-0.90538732	0.23478034	-284.85346	-284.75984	-283.75177
6	45	-512.34564	-508.00717	-508.67617	4.3384713	0.66900004	-503.63547	-498.34054	-491.50182
6	46	-321.02032	-320.60091	-321.1334	0.41940163	0.53248202	-318.42435	-312.72997	-312.73259
6	47	-643.53568	-628.11015	-602.56962	15.425533	-25.540528	-625.58676	-609.80801	-585.32777
6	48	-683.98584	-663.46828	-645.5328	20.517555	-17.935485	-667.7438	-640.57963	-621.83786
6	49	-689.74236	-662.97478	-662.96784	26.76758	-0.0069412826	-672.41382	-641.1711	-641.17102
6	50	-443.69089	-422.3514	-423.31192	21.339483	0.96051018	-427.99273	-405.26877	-405.49451
6	51	-577.39756	-560.11415	-555.22176	17.283412	-4.8923874	-560.14895	-538.00651	-532.99478
6	52	-359.01081	-352.04091	-352.87479	6.9699022	0.83388103	-351.96073	-339.84138	-337.63656
6	53	-712.76251	-696.9159	-687.64146	15.846606	-9.2744442	-699.98474	-676.31817	-666.52972
6	54	-478.79173	-465.26635	-465.88723	13.525382	0.6208814	-465.03784	-446.50196	-446.53661
6	55	-602.34311	-578.21519	-579.2137	24.127928	0.99851191	-583.98881	-559.92417	-559.86301
6	56	-469.94238	-451.01138	-451.81369	18.931	0.80230615	-453.55028	-439.62414	-438.7929
6	57	-615.3214	-585.31402	-561.87147	30.007381	-23.442546	-598.66588	-575.79635	-548.02332
6	58	-469.19046	-461.301	-443.82937	7.8894594	-17.471627	-451.75339	-442.03222	-425.27429
6	59	-340.48299	-339.59911	-340.46485	0.8838776	0.86574183	-336.84694	-331.56872	-331.54112
6	60	-481.43818	-474.87596	-476.92469	6.5622236	2.0487268	-468.69569	-457.89339	-457.62558
6	61	-483.97951	-461.0229	-458.36878	22.956614	-2.654113	-465.44585	-449.48081	-438.92477
6	62	-338.11127	-333.01028	-333.89535	5.1009892	0.88506895	-332.33205	-326.21968	-326.23245
6	63	-412.9604	-396.47348	-398.31249	16.486919	1.8390153	-399.9208	-382.65328	-382.6562
6	64	-339.46939	-335.86637	-337.25681	3.6030268	1.3904472	-336.89789	-324.52167	-324.91588
6	65	-296.67348	-296.56421	-296.95033	0.10927289	0.38611943	-294.01467	-290.49873	-290.49474
6	66	-375.02865	-372.85546	-372.68929	2.1731963	-0.16616843	-372.48227	-364.87587	-360.93311
6	67	-519.88581	-518.63375	-518.23147	1.2520599	-0.40227819	-515.06783	-507.26325	-496.7063
6	68	-185.38066	-185.11738	-185.94855	0.26327465	0.83116642	-181.54879	-177.80247	-177.80016
6	69	-363.77455	-360.83051	-361.65762	2.9440404	0.82711108	-360.88113	-349.13351	-346.91359
6	70	-315.32584	-315.60141	-311.32394	-0.2755657	-4.2774662	-303.89566	-300.25316	-299.3514
6	71	-371.62116	-370.24795	-371.01761	1.3732155	0.76966662	-368.9975	-363.42589	-362.53219
6	72	-569.44494	-569.48442	-567.18503	-0.039487847	-2.2993932	-555.8062	-552.70902	-549.35133
6	73	-430.86565	-412.03294	-411.06545	18.83271	-0.96749077	-416.68856	-400.00144	-394.95101
6	74	-489.34099	-475.13058	-475.70199	14.210409	0.57140823	-472.48533	-458.72024	-458.71535
6	75	-673.02675	-651.90583	-652.56669	21.120917	0.66085931	-659.12915	-636.27089	-635.20846
6	76	-540.88921	-530.70939	-532.01945	10.179814	1.3100537	-527.40933	-512.72805	-512.46565
6	77	-371.4735	-367.60092	-361.341	3.8725816	-6.2599238	-359.19903	-354.94688	-344.72376
6	78	-373.93662	-372.93964	-373.11425	0.99698637	0.1746112	-369.44034	-363.5923	-360.94035
6	79	-633.04724	-621.6179	-621.17799	11.429336	-0.43990839	-618.52013	-601.56765	-599.1301
6	80	-475.86918	-469.54164	-470.13453	6.3275386	0.59289197	-465.30209	-458.73766	-458.74364
6	81	-400.31998	-400.27712	-400.80718	0.042858837	0.53006083	-395.30152	-385.0825	-383.55794
6	82	-472.16074	-470.18023	-468.45993	1.9805082	-1.7203059	-456.60517	-454.79642	-453.42805
6	83	-378.83325	-372.59023	-373.70303	6.2430189	1.1127965	-373.92903	-361.13495	-361.2572
6	84	-438.78311	-434.87741	-435.83211	3.9056993	0.9546975	-431.10343	-427.03486	-426.22288
6	85	-589.70744	-575.83565	-569.80916	13.871784	-6.0264899	-572.48359	-552.96829	-547.27485
6	86	-275.71501	-273.66763	-274.43129	2.0473728	0.76365169	-272.64556	-263.48326	-263.18041
6	87	-698.42012	-683.00953	-665.08685	15.410589	-17.92268	-681.60194	-661.7858	-651.03267
6	88	-307.7509	-306.21071	-307.06896	1.5401856	0.85825481	-304.82204	-295.87041	-295.91137
6	89	-417.20823	-417.19849	-416.4422	0.0097487529	-0.75629015	-413.96966	-409.80508	-404.40586
6	90	-434.01881	-428.8406	-422.41068	5.1782123	-6.4299179	-415.81547	-408.05497	-407.37925
6	91	-395.2241	-388.26704	-388.42336	6.9570609	0.15632569	-390.82128	-379.46931	-376.19458
6	92	-410.43727	-405.7126	-407.6759	4.724667	1.9632936	-405.72703	-389.50016	-387.06432
6	93	-243.13162	-243.8528	-244.19482	-0.72117885	0.34201999	-234.8814	-233.01279	-233.01814
6	94	-350.68984	-351.07125	-351.37349	-0.38141116	0.3022375	-347.7135	-346.41222	-343.86359
6	95	-377.14001	-374.94046	-370.35572	2.1995454	-4.5847402	-374.10683	-368.92422	-358.91932
6	96	-699.77762	-667.80295	-637.65471	31.974671	-30.148239	-683.3964	-648.58131	-619.51816
6	97	-322.62092	-322.48176	-322.86451	0.13916244	0.38275264	-318.37618	-313.25899	-310.97691
6	98	-305.7778	-304.81861	-306.80557	0.95919176	1.9869584	-299.0322	-293.95803	-293.98278
6	99	-463.01754	-443.27343	-438.51331	19.744112	-4.7601255	-448.46744	-430.60291	-423.47077
6	100	-534.45092	-521.78833	-514.39813	12.662584	-7.390198	-518.77623	-501.6726	-495.49476
6	101	-444.35437	-442.26834	-442.84491	2.0860283	0.5765681	-437.83507	-430.68124	-430.67493
6	102	-559.35161	-554.60608	-540.73118	4.7455275	-13.874902	-540.29016	-536.40014	-521.67476
6	103	-401.54287	-390.44846	-392.28318	11.094413	1.834726	-394.13809	-379.04464	-379.0458
6	104	-472.05867	-470.35346	-470.41087	1.7052035	0.05740324	-462.33454	-460.32126	-455.39673
6	105	-361.95959	-362.53615	-361.30438	-0.57655853	-1.2317716	-359.42241	-358.25045	-351.66185
6	106	-508.76715	-500.31051	-502.34869	8.4566401	2.0381857	-500.4818	-483.56528	-483.46387
6	107	-476.44734	-465.50944	-467.61935	10.937897	2.109912	-464.88619	-447.91468	-447.93409
6	108	-525.82469	-520.22371	-512.23612	5.6009736	-7.9875943	-513.39023	-498.1038	-488.51058
6	109	-444.69008	-439.32826	-433.8639	5.3618248	-5.4643603	-435.70355	-424.70853	-417.15376
6	110	-433.52416	-429.40376	-427.36487	4.120406	-2.0388898	-430.09864	-419.31412	-411.60581
6	111	-743.393	-704.15199	-684.16254	39.241006	-19.989452	-725.65847	-682.90481	-664.44364
6	112	-631.0317	-615.34166	-618.33092	15.690035	2.9892505	-614.11934	-599.21123	-596.04913
6	113	-405.22553	-396.13544	-396.25911	9.0900888	0.12366375	-394.93986	-383.91496	-380.80205
6	114	-378.46585	-374.20601	-375.28265	4.2598384	1.0766327	-371.75409	-365.94189	-365.94313
6	115	-647.07042	-634.79319	-634.363	12.277224	-0.43019415	-628.81884	-610.81516	-610.81197
6	116	-717.84276	-699.659	-700.93696	18.183763	1.2779628	-706.33521	-681.03539	-677.10665
6	117	-395.77791	-395.22765	-393.65872	0.55025681	-1.5689297	-392.80398	-388.0947	-379.32914
6	118	-386.50317	-384.44999	-384.85787	2.0531744	0.40788326	-384.06337	-375.14221	-373.70008
6	119	-284.37832	-284.41001	-284.94119	-0.031691361	0.53118592	-281.59696	-277.83978	-277.84684
6	120	-827.71788	-786.10457	-785.96003	41.613305	-0.14453991	-813.54453	-764.61749	-764.62252
6	121	-606.27467	-588.13023	-556.43895	18.14444	-31.691277	-591.47832	-577.53805	-541.44261
6	122	-416.08937	-413.57173	-409.0894	2.5176359	-4.4823286	-405.95634	-399.6787	-391.97392
6	123	-370.55906	-364.90468	-365.37687	5.6543802	0.47219413	-365.56888	-358.20766	-356.31458
6	124	-306.9549	-294.76134	-295.94	12.193556	1.1786603	-296.94099	-285.18155	-285.18293
6	125	-515.31451	-489.84484	-491.86795	25.469675	2.0231178	-501.77075	-478.13926	-478.14349
6	126	-370.18941	-361.44571	-362.37873	8.7436982	0.93302391	-362.14727	-349.74416	-346.79674
6	127	-405.12686	-405.77463	-405.08154	-0.647764	-0.69308397	-398.47034	-397.92629	-392.44733
6	128	-280.066	-279.6614	-280.45257	0.40459764	0.79117295	-277.16454	-272.55078	-272.37809
6	129	-196.9316	-196.0907	-196.8353	0.84090214	0.74460805	-193.38099	-188.2436	-188.24745
6	130	-302.38068	-300.34793	-301.11866	2.0327494	0.77073366	-297.31723	-289.80041	-290.15937
6	131	-341.01189	-336.51156	-337.65353	4.5003308	1.1419645	-336.90015	-327.74699	-327.74885
6	132	-592.19071	-578.17336	-582.21079	14.017353	4.0374354	-577.63267	-560.8993	-560.89293
6	133	-279.18613	-279.17232	-279.813	0.013812103	0.64068019	-276.36112	-271.73319	-271.4235
6	134	-522.79158	-519.52708	-512.52512	3.2645004	-7.0019555	-507.44551	-501.56245	-493.99923
6	135	-794.28816	-748.3927	-747.81575	45.895454	-0.5769498	-779.54862	-724.69683	-723.2778
6	136	-491.88397	-488.99717	-485.39345	2.8868013	-3.6037226	-489.75646	-481.19358	-472.44037
6	137	-421.10676	-416.95545	-417.71794	4.1513149	0.76249533	-417.00267	-405.74012	-397.25743
6	138	-362.71376	-359.21948	-360.6228	3.4942756	1.4033145	-355.17729	-347.93877	-347.50372
6	139	-1362.2658	-1200.7145	-1200.1081	161.55128	-0.60634288	-1350.4398	-1181.8243	-1181.8295
6	140	-663.76342	-659.22126	-649.3222	4.5421664	-9.8990502	-651.39008	-637.37068	-630.15558
6	141	-408.47379	-387.13684	-388.62367	21.336954	1.4868346	-391.65358	-370.4519	-370.48927
6	142	-326.06644	-319.02431	-319.92715	7.0421321	0.90283818	-322.22264	-310.05135	-310.05206
6	143	-482.319	-465.12996	-466.40331	17.189041	1.2733523	-469.14519	-453.20508	-453.20344
6	144	-599.03258	-572.05308	-573.01185	26.979509	0.95877114	-584.18677	-561.17342	-554.53772
6	145	-356.24668	-355.25208	-355.98972	0.99459952	0.7376361	-353.71706	-348.60341	-348.60203
6	146	-383.81595	-382.90144	-384.20408	0.9145151	1.3026402	-377.5928	-369.06832	-366.17296
6	147	-578.37071	-572.91215	-572.83513	5.4585578	-0.0770164	-563.25476	-553.04757	-553.03624
6	148	-364.9658	-364.63523	-365.0895	0.33057605	0.4542759	-362.43227	-358.93539	-358.59875
6	149	-641.91916	-623.41317	-624.51699	18.505991	1.1038223	-627.75692	-606.49549	-606.43046
6	150	-524.90363	-517.02919	-506.89567	7.8744379	-10.133526	-511.25781	-499.47733	-487.89339
6	151	-447.14639	-421.28408	-422.83856	25.86231	1.5544873	-434.12211	-408.70209	-408.566
6	152	-248.68002	-249.77683	-250.06982	-1.0968124	0.29298467	-243.44302	-243.86124	-243.86043
6	153	-496.78888	-467.72991	-470.41665	29.058971	2.6867384	-482.68829	-453.95679	-453.96218
6	154	-432.06928	-415.81984	-416.34348	16.249441	0.52363225	-416.13207	-396.19187	-396.11773
6	155	-629.95516	-609.73239	-612.08749	20.222772	2.3550931	-617.22627	-597.77473	-597.76337
6	156	-595.86166	-574.65935	-575.20935	21.20231	0.54999761	-581.02594	-552.79056	-552.78553
6	157	-209.34084	-209.79405	-210.17803	-0.45321067	0.38397644	-205.8006	-206.21825	-206.2187
6	158	-404.75622	-404.40178	-404.96452	0.35444188	0.56273366	-402.53896	-397.99942	-397.91304
6	159	-279.31526	-274.31526	-273.83968	5.0000032	-0.47557858	-276.34664	-264.14509	-260.17416
6	160	-285.10464	-281.62869	-282.36716	3.475945	0.73846822	-282.22611	-275.02189	-275.0218
6	161	-517.68607	-513.4742	-502.61589	4.2118692	-10.858304	-499.55674	-495.52754	-485.86661
6	162	-625.27059	-602.15406	-594.46139	23.116529	-7.6926746	-606.19105	-578.84152	-572.54604
6	163	-404.37619	-404.24963	-404.75887	0.12655302	0.50923834	-401.98624	-397.81814	-393.97153
6	164	-792.78198	-766.09737	-753.33884	26.684605	-12.758529	-776.32699	-748.10105	-738.52858
6	165	-648.90953	-632.1243	-634.22767	16.785226	2.1033717	-635.89306	-610.3172	-610.31649
6	166	-799.34097	-739.8453	-714.00504	59.495672	-25.840262	-781.76375	-717.56133	-693.70137
6	167	-413.08235	-412.71046	-412.95461	0.3718883	0.24414694	-405.97441	-401.1587	-401.13868
6	168	-386.38512	-384.83081	-379.74544	1.554315	-5.0853646	-383.75128	-376.19244	-366.36955
6	169	-314.88748	-311.42309	-312.4824	3.4643843	1.0593062	-312.18729	-304.74503	-304.73573
6	170	-491.61508	-476.09976	-476.76956	15.51532	0.66979265	-476.14546	-463.90822	-463.89989
6	171	-326.50282	-323.07935	-324.36623	3.4234705	1.2868861	-323.82269	-313.69883	-313.87825
6	172	-476.20141	-472.20011	-473.15431	4.0012981	0.95419266	-471.59157	-462.82491	-462.31225
6	173	-530.9956	-509.6142	-511.15545	21.381399	1.541251	-517.88532	-496.32344	-496.32393
6	174	-616.05784	-598.45312	-599.19072	17.604727	0.73760115	-599.21127	-579.7166	-579.69247
6	175	-365.07945	-359.21101	-354.81573	5.8684411	-4.3952768	-360.77954	-348.36363	-339.58043
6	176	-499.97444	-481.56119	-482.81314	18.413245	1.2519442	-487.21289	-467.52438	-467.15089
6	177	-340.48955	-339.65855	-339.93114	0.83100398	0.27258534	-337.95155	-329.93015	-326.86843
6	178	-446.29895	-443.73543	-444.85354	2.5635166	1.1181089	-435.15577	-428.03559	-428.5804
6	179	-421.04088	-415.99701	-416.4549	5.0438718	0.45789572	-418.66709	-406.42214	-403.27307
6	180	-597.72832	-575.68013	-576.64304	22.04819	0.96291435	-580.81981	-556.44028	-556.41014
6	181	-652.07021	-628.39158	-627.98616	23.67863	-0.40541547	-636.97385	-609.62511	-609.62165
6	182	-529.38365	-519.9597	-521.16951	9.4239561	1.2098101	-520.68059	-504.99499	-503.51189
6	183	-250.71524	-250.95223	-251.95601	-0.23699615	1.0037719	-247.44085	-244.25858	-244.26486
6	184	-618.72543	-593.78108	-594.14556	24.944353	0.36447694	-600.67737	-570.32573	-570.31001
6	185	-281.82345	-281.3774	-281.49102	0.44605113	0.11361251	-273.39957	-270.24142	-267.0482
6	186	-502.23346	-487.48809	-488.15536	14.74537	0.66726442	-489.78374	-480.44397	-476.62053
6	187	-600.80446	-594.48768	-574.88835	6.3167805	-19.599335	-584.27147	-576.10872	-554.62016
6	188	-463.80522	-433.63541	-435.14187	30.169818	1.5064606	-450.38839	-417.64389	-417.64836
6	189	-484.06014	-475.14597	-467.9889	8.9141652	-7.1570702	-469.08673	-467.66433	-455.68889
6	190	-269.07047	-264.7618	-265.83032	4.3086664	1.0685221	-264.0887	-257.38305	-257.22795
6	191	-549.12718	-509.46527	-511.70642	39.661917	2.2411515	-535.6087	-497.79208	-497.79703
6	192	-652.50225	-642.13868	-641.48067	10.363566	-0.65801715	-637.3462	-620.5368	-619.91756
6	193	-550.68593	-543.05342	-544.14526	7.6325058	1.0918425	-538.29562	-525.90536	-521.84685
6	194	-345.19004	-334.59465	-335.61229	10.595393	1.0176462	-337.90259	-326.84084	-326.84211
6	195	-647.84958	-637.22368	-631.04289	10.625902	-6.1807935	-632.45087	-615.56882	-608.47375
6	196	-422.38639	-406.50199	-407.99392	15.884404	1.4919312	-413.40026	-395.76874	-395.83734
6	197	-579.54947	-561.89472	-560.06501	17.654753	-1.8297094	-563.43676	-544.28125	-538.70902
6	198	-620.02179	-608.77228	-597.00097	11.249514	-11.771307	-602.04081	-588.23892	-575.36976
6	199	-526.67758	-522.38666	-522.81343	4.2909274	0.42677115	-517.80844	-507.4259	-503.02804
6	200	-412.92836	-413.02662	-413.13472	-0.0982611	0.10809457	-398.53737	-396.50465	-396.51454
6	201	-297.48501	-295.26267	-295.40107	2.2223364	0.13839182	-290.03765	-284.52163	-281.17885
6	202	-338.17821	-328.57042	-329.86264	9.607783	1.29222	-330.23782	-318.87029	-318.43894
6	203	-460.30389	-435.3012	-435.90867	25.002688	0.60746824	-445.9453	-422.49949	-418.24409
6	204	-343.08309	-343.81329	-344.18561	-0.7301944	0.37232091	-339.44888	-340.26399	-340.11532
6	205	-236.32747	-236.41732	-236.70604	-0.089853557	0.28871242	-233.16054	-230.25118	-227.61536
6	206	-489.51807	-475.91717	-476.69379	13.600894	0.77662223	-475.47948	-463.54279	-461.9557
6	207	-517.88336	-503.15981	-484.64421	14.723551	-18.515603	-502.13522	-488.6581	-468.89995
6	208	-505.78494	-497.04458	-498.64355	8.7403556	1.5989644	-498.01291	-484.07699	-482.75867
6	209	-542.81872	-534.73489	-536.83815	8.083827	2.1032582	-529.29524	-525.1828	-523.76066
6	210	-564.40616	-534.59557	-536.00482	29.810596	1.4092537	-549.97495	-518.17284	-518.18838
6	211	-429.25382	-416.09233	-417.17539	13.161482	1.0830541	-422.25721	-406.52449	-404.8589
6	212	-805.71529	-774.82951	-773.46191	30.885779	-1.3675969	-793.53612	-752.28374	-748.6712
6	213	-555.16301	-544.43614	-540.06493	10.726867	-4.3712115	-539.74182	-528.11956	-518.80976
6	214	-488.33754	-488.80444	-489.49181	-0.4668993	0.68736919	-480.83964	-479.60007	-470.68346
6	215	-277.95858	-277.24418	-277.86717	0.7144004	0.62299815	-275.14122	-269.09221	-269.09625
6	216	-278.20533	-276.9457	-277.70036	1.259634	0.75466359	-275.26602	-268.42362	-268.41004
6	217	-316.84852	-316.72785	-317.42219	0.12066431	0.69434122	-314.1686	-310.29315	-310.32373
6	218	-422.87838	-419.57544	-419.71649	3.3029405	0.14105352	-415.71709	-411.39888	-397.41597
6	219	-744.93033	-733.93196	-724.15651	10.99837	-9.7754587	-729.49339	-712.26944	-700.51041
6	220	-337.94837	-338.03426	-338.44763	-0.085891735	0.41337073	-330.68405	-327.78843	-328.0248
6	221	-479.251	-469.14299	-470.94937	10.10801	1.8063791	-472.72982	-457.17525	-456.51597
6	222	-264.34559	-263.38227	-264.29472	0.9633213	0.91245204	-261.37481	-255.97736	-255.87689
6	223	-386.73919	-377.71995	-378.93479	9.0192352	1.21484	-378.00645	-368.39016	-366.85957
6	224	-605.59667	-584.24619	-583.98502	21.350482	-0.26116745	-587.90547	-562.57919	-562.50127
6	225	-373.88597	-374.25665	-373.46489	-0.37068081	-0.79175645	-371.38858	-369.09309	-364.98785
6	226	-632.94207	-612.27372	-610.90721	20.668352	-1.3665147	-616.81825	-595.45252	-593.70092
6	227	-406.07191	-401.01207	-403.01614	5.0598384	2.0040689	-402.40996	-385.51622	-385.3747
6	228	-1046.8059	-1027.0812	-974.644	19.724721	-52.437176	-1033.9422	-1004.6019	-948.5633
6	229	-304.7111	-304.89652	-305.38785	-0.18542121	0.49133732	-301.88653	-298.99008	-299.02684
6	230	-400.61977	-400.77675	-400.09885	-0.15697401	-0.67789701	-392.41916	-389.58434	-385.64201
6	231	-405.76598	-403.53136	-403.46227	2.2346259	-0.06908632	-403.36802	-393.1844	-385.96199
6	232	-475.84364	-461.55217	-462.28223	14.29147	0.73005938	-465.68096	-454.6273	-454.58779
6	233	-442.4516	-437.74055	-438.32934	4.7110522	0.58878608	-440.28352	-428.36404	-425.83642
6	234	-340.40075	-337.555	-338.31183	2.8457502	0.75683524	-332.64037	-328.59868	-328.53675
6	235	-460.98173	-457.32278	-458.36606	3.6589504	1.0432781	-450.65578	-446.49976	-445.90883
6	236	-275.00557	-275.4257	-275.68306	-0.42012604	0.25736107	-272.24732	-270.58431	-267.07794
6	237	-434.95436	-430.92984	-431.20545	4.0245277	0.2756088	-427.36929	-420.35242	-415.31605
6	238	-532.77211	-523.16068	-524.49852	9.6114275	1.3378435	-525.5774	-514.04902	-514.0844
6	239	-574.5573	-552.66521	-552.57887	21.892086	-0.086343062	-559.50818	-535.41383	-529.23069
6	240	-402.83408	-402.72566	-403.24859	0.10841878	0.52292392	-399.39461	-397.47402	-397.31712
6	241	-308.96799	-309.49411	-309.75512	-0.52611966	0.26100577	-301.34181	-297.5423	-296.74241
6	242	-478.50589	-476.14538	-475.92698	2.3605096	-0.21840361	-473.89655	-465.72693	-459.95032
6	243	-531.59502	-528.96084	-522.80017	2.6341785	-6.160671	-520.4046	-512.79437	-504.06337
6	244	-564.21833	-551.01093	-553.01824	13.207402	2.0073132	-544.97394	-532.37835	-532.05571
6	245	-416.31796	-409.59051	-411.52368	6.7274542	1.9331743	-409.1256	-397.43045	-396.16476
6	246	-623.28932	-613.53863	-613.42648	9.7506922	-0.11214142	-608.75959	-591.85197	-591.84194
6	247	-460.95028	-452.66795	-453.54505	8.282327	0.87709728	-449.78536	-441.59699	-438.59169
6	248	-457.30099	-457.25499	-458.12301	0.04599554	0.86801149	-447.89048	-444.13828	-441.0162
6	249	-246.85672	-247.32206	-247.99433	-0.46533598	0.67227553	-243.62632	-241.57698	-241.57845
6	250	-560.76885	-552.55173	-549.20722	8.2171183	-3.3445112	-545.0233	-532.40584	-526.90966
6	251	-273.89834	-272.20821	-272.75426	1.6901342	0.54605055	-270.93511	-264.99675	-264.05888
6	252	-405.3666	-397.88858	-398.97982	7.4780175	1.0912348	-390.87592	-383.87164	-383.70997
6	253	-322.60121	-318.68823	-319.61501	3.9129837	0.92678674	-319.83624	-309.97506	-310.00729
6	254	-533.56466	-531.50157	-528.44723	2.0630911	-3.0543415	-521.37448	-516.41798	-508.7063
6	255	-393.70493	-387.23446	-388.09523	6.4704737	0.86077623	-391.26891	-380.27552	-380.27707
6	256	-283.70821	-284.19932	-284.56105	-0.49111495	0.36172596	-280.84898	-279.35529	-278.98544
6	257	-383.23817	-380.47364	-381.5376	2.7645263	1.0639609	-379.76872	-371.72731	-371.73076
6	258	-533.07538	-525.30464	-526.69972	7.7707405	1.3950792	-518.71883	-508.37629	-507.65631
6	259	-258.48368	-258.73503	-259.37816	-0.25134695	0.643133	-255.44589	-252.95984	-252.93391
6	260	-317.49344	-316.31617	-316.90747	1.1772689	0.59130006	-310.75727	-303.57193	-303.82333
6	261	-1201.1509	-1151.3028	-1073.4145	49.848091	-77.888302	-1189.2856	-1130.8573	-1050.1256
6	262	-401.36615	-400.8567	-401.1902	0.50945073	0.33349294	-395.1698	-391.10163	-390.78079
6	263	-567.53891	-567.69663	-566.77448	-0.15771695	-0.92215167	-552.04018	-552.55006	-546.63134
6	264	-363.26774	-360.54157	-361.27571	2.7261695	0.734138	-356.25102	-349.84821	-348.77102
6	265	-420.66098	-419.36144	-420.36165	1.2995358	1.0002097	-417.86465	-410.71512	-410.20549
6	266	-326.82897	-326.11132	-326.79385	0.71765294	0.68253322	-321.85429	-314.77757	-313.4771
6	267	-336.54876	-328.75409	-330.21978	7.7946702	1.4656906	-333.85826	-317.84072	-317.75962
6	268	-262.82266	-263.30575	-263.68569	-0.4830852	0.37994541	-259.73992	-258.58996	-258.57262
6	269	-310.46676	-310.87034	-311.51323	-0.40357487	0.64289512	-307.73642	-306.39609	-306.40609
6	270	-296.18191	-294.95897	-295.408	1.2229485	0.44903123	-293.26165	-284.97396	-279.56956
6	271	-336.55065	-333.525	-334.37192	3.0256495	0.84692324	-333.79984	-324.96125	-324.20863
6	272	-335.1953	-335.47459	-335.78767	-0.27929205	0.31307723	-332.34873	-328.95356	-326.59
6	273	-549.58978	-545.29526	-538.88906	4.2945246	-6.4062003	-540.74711	-532.33107	-522.08371
6	274	-381.06405	-378.57544	-371.37156	2.4886039	-7.2038877	-372.23357	-363.45776	-354.20521
6	275	-437.78661	-433.23464	-433.37723	4.5519649	0.14259356	-428.86476	-418.18968	-418.06026
6	276	-598.14294	-591.44601	-591.16805	6.6969245	-0.27796155	-585.53958	-571.34456	-567.62028
6	277	-358.30042	-357.9761	-356.63645	0.32431802	-1.3396543	-354.93348	-350.8173	-344.28493
6	278	-336.26749	-334.7086	-335.0592	1.5588874	0.35060367	-333.67072	-325.80847	-322.04138
6	279	-316.6901	-313.6705	-314.92053	3.0196056	1.2500292	-314.02921	-303.76985	-303.79084
6	280	-358.63086	-351.18316	-352.79532	7.4476978	1.6121561	-349.33507	-338.68997	-338.31609
6	281	-495.68487	-484.63053	-485.39842	11.05434	0.76789125	-482.73433	-471.24394	-471.21652
6	282	-451.6864	-445.76605	-441.81023	5.920356	-3.9558157	-440.26938	-431.38224	-428.05421
6	283	-422.23352	-414.78481	-414.62386	7.4487064	-0.16095041	-418.57175	-405.50799	-399.13694
6	284	-655.70912	-629.61734	-606.39901	26.091775	-23.218336	-637.66103	-610.91127	-592.51603
6	285	-587.702	-585.90301	-583.63844	1.798984	-2.2645731	-573.8078	-565.43604	-561.55068
6	286	-423.99713	-414.96418	-416.5818	9.0329493	1.6176209	-418.78638	-402.71741	-402.80484
6	287	-449.04957	-445.65957	-446.98059	3.3899971	1.3210174	-446.83409	-436.39908	-436.40534
6	288	-365.66983	-362.99003	-362.94683	2.6797936	-0.043206654	-363.11691	-355.21302	-351.70713
6	289	-433.55162	-426.35843	-427.33931	7.1931892	0.9808738	-426.00461	-408.76793	-405.482
6	290	-243.38189	-243.99177	-244.67107	-0.60988146	0.67929931	-240.31372	-239.01822	-239.01054
6	291	-391.10052	-389.70477	-389.85767	1.3957508	0.15289333	-388.70297	-381.64025	-377.0925
6	292	-609.39682	-593.47432	-594.54454	15.922507	1.0702286	-595.89976	-578.30123	-575.82113
6	293	-696.34343	-663.17175	-663.27925	33.171676	0.10749443	-680.65768	-645.28951	-645.03183
6	294	-352.95941	-350.55415	-350.80281	2.4052637	0.248659	-341.97441	-336.23899	-335.28327
6	295	-300.61437	-295.25992	-296.34188	5.3544563	1.0819591	-297.74736	-285.64949	-285.74372
6	296	-478.40155	-472.44627	-469.34186	5.9552713	-3.1044117	-470.39998	-461.75745	-454.55157
6	297	-284.68125	-284.52853	-285.01796	0.15272052	0.48942881	-277.67705	-273.28398	-272.11637
6	298	-251.02636	-251.19033	-251.1392	-0.16396416	-0.051131424	-247.91761	-246.02804	-241.97354
6	299	-450.23593	-438.02624	-435.6011	12.209695	-2.4251401	-437.86913	-428.07528	-421.10716
6	300	-646.56724	-627.08275	-626.84945	19.484489	-0.23329271	-631.78796	-604.28408	-604.09667
6	301	-548.90455	-537.75018	-526.48527	11.154378	-11.264902	-532.67285	-517.34887	-507.26122
6	302	-400.28594	-397.65428	-396.32538	2.6316612	-1.3288982	-397.56698	-389.38027	-382.94698
6	303	-451.10422	-444.53798	-445.53071	6.5662339	0.99272738	-440.63838	-433.44849	-434.6925
6	304	-282.62903	-282.081	-282.39419	0.54803242	0.3131903	-279.63885	-274.72609	-273.40048
6	305	-641.90865	-622.55098	-611.83691	19.35767	-10.714067	-623.04132	-597.42819	-587.61969
6	306	-279.49841	-279.57816	-279.57379	-0.079750964	-0.0043682766	-276.63444	-273.32376	-269.65621
6	307	-361.66949	-362.12263	-361.60317	-0.45313234	-0.51945632	-356.68338	-356.1424	-352.02169
6	308	-320.67293	-320.98899	-320.6209	-0.31605727	-0.36808968	-317.9588	-315.4027	-307.15846
6	309	-528.78709	-515.74781	-514.65223	13.039273	-1.0955795	-514.42815	-501.42927	-499.23186
6	310	-602.56648	-588.86119	-589.83709	13.705291	0.97590254	-588.36416	-578.47601	-574.51038
6	311	-549.40786	-539.01504	-540.45325	10.392815	1.438209	-537.1019	-522.95352	-522.96449
6	312	-381.36084	-381.70423	-380.27666	-0.34338767	-1.4275678	-375.42101	-374.72286	-368.05121
6	313	-587.63451	-577.06612	-579.01749	10.568393	1.9513724	-572.7224	-556.87474	-556.9382
6	314	-333.40016	-334.01479	-334.35776	-0.61462158	0.34297826	-325.21767	-323.28173	-323.28239
6	315	-384.19683	-384.09599	-384.66671	0.10083557	0.57071458	-376.5221	-373.17206	-373.32431
6	316	-457.24715	-457.3202	-454.45445	-0.073040688	-2.8657416	-442.81569	-442.96225	-442.71722
6	317	-753.33899	-727.63374	-727.5365	25.705249	-0.097241088	-739.10064	-708.41209	-708.41226
6	318	-580.17003	-578.41237	-578.1092	1.7576627	-0.30316307	-571.24816	-567.30869	-561.59802
6	319	-229.41144	-230.28159	-230.84141	-0.87014239	0.55982052	-222.70053	-223.11809	-223.12238
6	320	-345.90541	-342.31762	-343.21253	3.5877895	0.89490676	-341.45263	-331.02652	-331.00566
6	321	-540.72937	-531.12508	-528.26971	9.6042872	-2.8553725	-528.5954	-516.67233	-510.05758
6	322	-378.3187	-377.63537	-377.2472	0.68333188	-0.38816465	-372.11675	-364.57058	-361.11258
6	323	-543.04916	-533.16002	-528.31171	9.8891376	-4.848312	-525.4438	-510.17561	-504.13047
6	324	-302.45979	-299.19556	-298.68002	3.2642311	-0.51553784	-294.42244	-292.91553	-288.10913
6	325	-314.2616	-313.99338	-312.59541	0.26821948	-1.3979727	-311.60581	-307.14589	-298.34427
6	326	-476.92634	-472.90593	-470.06865	4.020413	-2.8372827	-471.06884	-464.23049	-457.27808
6	327	-505.37954	-502.47897	-502.35405	2.9005665	-0.12492483	-500.56472	-491.54415	-486.0708
6	328	-784.60354	-778.48652	-700.71045	6.117023	-77.77607	-770.06147	-761.15227	-684.67994
6	329	-416.88384	-411.91864	-407.90669	4.9652024	-4.0119537	-410.9323	-402.76215	-394.00599
6	330	-421.19139	-420.40428	-420.8105	0.78710931	0.40621368	-412.65409	-407.35225	-405.82104
6	331	-507.15883	-495.218	-497.14681	11.940836	1.9288127	-494.83312	-477.88424	-477.91974
6	332	-389.68242	-383.6642	-378.09826	6.0182136	-5.5659418	-381.16882	-371.17018	-364.3239
6	333	-500.34065	-494.03973	-490.67954	6.3009238	-3.3601831	-488.61065	-477.93362	-478.00023
6	334	-499.06112	-492.01206	-493.62199	7.0490655	1.6099315	-482.58872	-474.14511	-474.10583
6	335	-492.8091	-484.06487	-483.75561	8.744229	-0.3092624	-479.86886	-471.96314	-469.81272
6	336	-294.08752	-292.69334	-293.27767	1.3941762	0.58433156	-291.50789	-284.79598	-284.06769
6	337	-445.19684	-441.9743	-433.46825	3.2225343	-8.5060567	-435.05883	-428.88004	-417.97315
6	338	-455.38186	-447.33661	-447.98783	8.0452574	0.65122725	-441.22146	-437.56823	-437.11378
6	339	-441.16039	-426.08301	-425.3372	15.077377	-0.74580569	-433.55422	-415.46951	-410.68125
6	340	-947.00992	-848.10679	-849.52834	98.903134	1.421552	-931.63814	-833.53126	-833.53131
6	341	-653.47924	-627.2886	-628.96587	26.190647	1.6772692	-637.20791	-606.95449	-606.95553
6	342	-601.92912	-582.44738	-584.38826	19.481737	1.9408753	-589.44468	-570.55153	-570.69759
6	343	-473.92701	-452.64467	-454.08883	21.282334	1.4441583	-457.87996	-435.87199	-435.20422
6	344	-276.55646	-274.5784	-275.99067	1.9780559	1.4122626	-273.71505	-265.24575	-262.061
6	345	-403.33713	-393.39923	-395.23601	9.9379076	1.8367814	-389.68028	-379.71223	-378.05176
6	346	-417.78788	-415.47172	-412.5969	2.3161597	-2.8748259	-412.02292	-405.7455	-397.74197
6	347	-266.27888	-265.07614	-265.76224	1.2027398	0.6861024	-262.96653	-256.46337	-257.55758
6	348	-736.36715	-704.57311	-701.22189	31.79404	-3.3512211	-723.09793	-684.1522	-678.79628
6	349	-500.78573	-492.38874	-493.34672	8.3969913	0.9579778	-496.06906	-484.17874	-482.10043
6	350	-485.09745	-482.68158	-484.48072	2.4158691	1.7991431	-478.31324	-469.34676	-469.12111
6	351	-781.8611	-722.40125	-706.22257	59.459848	-16.178676	-767.99392	-703.6269	-692.33284
6	352	-213.01584	-213.7126	-213.79552	-0.69675742	0.082923561	-209.57756	-209.46478	-209.43004
6	353	-498.23236	-483.5845	-472.97966	14.647857	-10.604842	-481.65357	-466.58874	-459.70452
6	354	-394.66028	-382.76307	-383.74527	11.897217	0.98220663	-382.21728	-373.98755	-373.7139
6	355	-401.96817	-402.11908	-397.63004	-0.15090687	-4.4890398	-398.92929	-395.9951	-386.24877
6	356	-334.67114	-330.06035	-330.90153	4.6107926	0.84118308	-332.08395	-320.41571	-320.32378
6	357	-467.83852	-465.42446	-464.62115	2.4140538	-0.80331123	-459.9679	-451.95927	-447.94957
6	358	-411.31626	-409.52628	-409.35056	1.7899701	-0.17572548	-408.76602	-403.26564	-396.88628
6	359	-256.20969	-254.80441	-256.07083	1.4052844	1.2664212	-253.21656	-245.94219	-245.94316
6	360	-821.17399	-790.55447	-791.91084	30.619521	1.3563761	-808.039	-774.56682	-774.78577
6	361	-328.70192	-326.50958	-327.38055	2.1923362	0.870971	-324.36617	-316.87964	-313.75323
6	362	-450.96816	-449.8432	-451.2794	1.124961	1.4361972	-447.76559	-439.86291	-435.06403
6	363	-616.07365	-594.48546	-594.30803	21.588189	-0.17743385	-605.04212	-580.05964	-579.64726
6	364	-450.00547	-450.173	-447.69823	-0.16753282	-2.4747713	-437.13651	-436.26485	-433.03174
6	365	-355.66833	-355.89177	-353.25058	-0.22343226	-2.6411838	-353.06368	-350.42056	-342.11023
6	366	-494.52747	-486.79353	-484.66858	7.7339423	-2.124948	-478.50177	-471.95084	-467.11735
6	367	-499.93181	-496.57803	-496.80862	3.3537817	0.23059037	-486.68864	-485.5209	-484.72108
6	368	-492.11846	-482.10888	-484.0082	10.009588	1.8993273	-481.39235	-470.2869	-470.02104
6	369	-374.18254	-364.93807	-366.51203	9.2444697	1.573954	-367.22704	-353.50431	-353.51708
6	370	-324.89781	-325.16224	-325.51614	-0.26443248	0.35389235	-322.26541	-319.67188	-319.09269
6	371	-473.54606	-467.7378	-470.52689	5.8082534	2.7890898	-467.4565	-453.24639	-451.30954
6	372	-227.41856	-227.41166	-227.92608	0.0069013643	0.51442226	-224.23711	-220.94563	-220.94695
6	373	-347.09419	-345.37258	-337.90268	1.7216089	-7.4699065	-339.01671	-332.62578	-322.16302
6	374	-359.80281	-359.83696	-359.92113	-0.034146802	0.084177151	-355.85233	-352.51739	-347.39882
6	375	-339.84143	-338.06126	-338.64806	1.7801747	0.58680316	-336.2227	-326.05366	-326.03041
6	376	-1165.102	-1059.1972	-1036.8405	105.90489	-22.356629	-1149.7767	-1045.0357	-1016.9562
6	377	-714.44193	-687.36273	-688.82576	27.079203	1.4630309	-701.20384	-669.24458	-669.28587
6	378	-553.09277	-533.57392	-527.62743	19.518848	-5.9464853	-536.06582	-512.2384	-508.99361
6	379	-478.70142	-476.59179	-473.94645	2.1096372	-2.6453347	-476.57254	-469.71488	-459.46689
6	380	-324.89169	-320.11041	-321.87228	4.7812798	1.7618668	-322.19321	-308.2362	-308.22461
6	381	-650.54282	-623.33883	-624.78818	27.203986	1.4493506	-636.44949	-604.24698	-604.21962
6	382	-293.38627	-289.25965	-290.24068	4.1266162	0.98102305	-288.65818	-275.43413	-275.43596
6	383	-825.56656	-812.43971	-805.67326	13.126852	-6.7664535	-813.37344	-790.34669	-779.84749
6	384	-491.94302	-483.10334	-477.77034	8.8396867	-5.3329978	-475.45507	-464.34068	-461.76463
6	385	-409.91319	-398.44506	-399.61589	11.468133	1.1708275	-399.63221	-386.79886	-385.77886
6	386	-504.18882	-495.59449	-496.79863	8.5943362	1.2041469	-493.30599	-479.97118	-479.42392
6	387	-437.49275	-423.33316	-424.41783	14.159595	1.0846738	-427.51699	-411.53952	-409.42822
6	388	-460.2459	-452.01196	-453.32985	8.2339362	1.3178888	-448.5885	-439.53407	-439.53734
6	389	-462.70242	-461.86158	-457.93636	0.84083868	-3.9252238	-453.95849	-454.94729	-441.52241
6	390	-284.11846	-281.97508	-282.88424	2.1433811	0.90915788	-281.39537	-272.95457	-271.61854
6	391	-337.43988	-337.52464	-338.29855	-0.084765384	0.77390371	-334.74918	-331.87883	-331.89286
6	392	-439.50357	-439.71704	-436.0221	-0.21346231	-3.6949366	-431.20035	-429.04544	-420.07974
6	393	-542.3095	-515.03262	-516.56434	27.276882	1.5317255	-529.10568	-499.81429	-499.81357
6	394	-679.44883	-644.94112	-646.54009	34.507708	1.5989652	-664.78419	-627.13122	-627.13135
6	395	-523.31839	-519.75207	-514.05411	3.5663192	-5.6979607	-509.78838	-502.58091	-495.34457
6	396	-491.4534	-485.81212	-478.20297	5.6412749	-7.6091515	-483.92483	-469.44834	-456.56919
6	397	-471.63742	-468.04499	-468.69476	3.5924328	0.64976695	-459.79377	-452.10927	-449.93245
6	398	-248.44246	-248.93642	-249.04907	-0.49395028	0.11265953	-245.27724	-242.20555	-242.21035
6	399	-315.25294	-315.22359	-315.53984	0.029348901	0.31625268	-307.27473	-303.50747	-302.8558
6	400	-848.74847	-820.55945	-806.16881	28.189021	-14.390635	-834.32199	-801.07291	-783.47298
6	401	-405.10615	-403.12743	-401.88555	1.9787224	-1.2418811	-402.69968	-395.52106	-390.04042
6	402	-541.24467	-533.37327	-534.49181	7.8714008	1.1185381	-532.13636	-515.98215	-512.20766
6	403	-384.09594	-369.80805	-371.68026	14.287887	1.872207	-370.37864	-350.9375	-350.94587
6	404	-368.30676	-366.66937	-367.20753	1.6373868	0.53815967	-365.79514	-359.47943	-357.69315
6	405	-535.38064	-526.03622	-527.00979	9.3444125	0.97356595	-525.39953	-511.12508	-509.20688
6	406	-460.7104	-436.97891	-431.29672	23.731489	-5.6821904	-445.86559	-426.38341	-416.67344
6	407	-723.04404	-697.69008	-697.66049	25.353961	-0.029592373	-708.64877	-676.82209	-676.83911
6	408	-599.46011	-594.15306	-588.37129	5.3070493	-5.7817759	-586.55292	-572.05692	-566.29832
6	409	-334.05061	-314.66383	-316.76583	19.386777	2.1019982	-321.33917	-302.72853	-302.72928
6	410	-653.26459	-616.10932	-601.67304	37.155272	-14.436283	-637.18775	-596.04347	-582.34404
6	411	-413.95738	-414.11594	-411.44723	-0.15856344	-2.6687154	-411.71276	-408.83826	-395.6866
6	412	-536.58452	-531.31645	-531.4382	5.2680771	0.12175782	-525.69385	-515.31906	-510.06977
6	413	-311.74286	-311.0723	-311.46627	0.67056472	0.39397206	-308.78613	-305.00714	-302.22503
6	414	-359.32454	-359.42859	-359.9589	-0.10404718	0.53031384	-356.84619	-352.86199	-352.66933
6	415	-652.42004	-635.16462	-634.96481	17.255419	-0.19981276	-638.26053	-614.01838	-613.98826
6	416	-343.40035	-341.72833	-340.8729	1.6720213	-0.85542369	-340.7828	-332.5457	-327.73829
6	417	-1040.8652	-905.84721	-907.34737	135.01798	1.5001579	-1024.8223	-892.60612	-892.60492
6	418	-615.33392	-602.59751	-599.87522	12.736408	-2.7222831	-601.70858	-584.95359	-578.13718
6	419	-235.07063	-235.70128	-236.09153	-0.63065434	0.39025319	-231.93933	-229.70812	-229.70973
6	420	-451.83807	-443.64763	-444.48046	8.1904392	0.83282194	-443.04016	-435.29918	-435.69715
6	421	-350.33214	-346.59994	-346.94852	3.7321985	0.34857985	-346.275	-339.02296	-337.92798
6	422	-554.23742	-543.85044	-547.58946	10.386976	3.7390114	-541.89568	-527.93356	-525.08333
6	423	-405.40058	-406.06172	-403.292	-0.66113807	-2.7697181	-396.72017	-397.16366	-388.93869
6	424	-668.85024	-647.87338	-647.60419	20.976855	-0.26918865	-651.31729	-624.40914	-624.44465
6	425	-623.92597	-598.01356	-600.20437	25.912408	2.1908135	-611.05893	-579.77245	-579.78127
6	426	-307.46027	-294.34435	-296.08635	13.115928	1.7420027	-293.23369	-284.97214	-285.09247
6	427	-828.24705	-811.59154	-778.13122	16.655515	-33.460317	-815.76982	-791.01394	-755.14184
6	428	-317.2694	-316.76047	-317.36629	0.50892936	0.60582694	-314.49045	-309.80095	-309.08345
6	429	-443.44277	-428.80958	-429.98134	14.633188	1.1717594	-430.55956	-415.39601	-415.4069
6	430	-494.51196	-479.76176	-475.31124	14.750194	-4.4505232	-485.13359	-467.98215	-459.00172
6	431	-605.06983	-557.65213	-559.04082	47.417708	1.3886961	-589.11239	-543.09121	-543.08384
6	432	-361.22411	-360.40342	-360.71758	0.82069437	0.31416685	-354.73583	-349.20005	-347.97035
6	433	-253.07153	-252.77187	-253.13903	0.29965221	0.36715883	-243.74054	-244.15807	-244.15893
6	434	-600.36743	-594.07454	-577.49613	6.29289	-16.578403	-583.92141	-570.40851	-557.57243
6	435	-342.9621	-337.62708	-338.64964	5.3350197	1.0225648	-340.43823	-330.96986	-330.48605
6	436	-496.19615	-491.44006	-488.86572	4.7560946	-2.5743331	-484.77857	-476.38784	-469.70605
6	437	-529.30642	-513.9388	-509.22066	15.367616	-4.7181491	-512.48263	-495.8445	-488.50206
6	438	-387.32893	-387.31684	-387.87845	0.01208642	0.5616025	-381.4534	-378.06973	-374.63796
6	439	-429.10633	-428.9087	-429.1308	0.19763245	0.22209854	-426.83104	-422.19009	-419.96046
6	440	-318.83804	-316.89066	-315.88005	1.947376	-1.0106079	-316.24558	-309.86729	-305.26659
6	441	-498.77493	-487.09241	-474.38257	11.682517	-12.709843	-483.22022	-466.22744	-456.15752
6	442	-401.48048	-400.85754	-401.42848	0.62293568	0.5709361	-396.18843	-391.12286	-390.80725
6	443	-568.83503	-545.12299	-545.33696	23.712038	0.21397547	-551.05996	-525.63878	-525.40511
6	444	-366.72321	-360.39519	-358.9094	6.3280221	-1.4857841	-357.92773	-352.67459	-347.211
6	445	-339.14745	-339.1894	-339.61547	-0.041949876	0.42607315	-336.48018	-333.54073	-332.62896
6	446	-464.22745	-456.99697	-451.88163	7.2304783	-5.1153376	-458.65705	-446.66214	-437.57957
6	447	-265.04616	-264.19829	-264.91501	0.84786659	0.71672225	-261.94454	-256.42404	-256.42902
6	448	-216.74526	-216.81183	-217.26854	-0.066563987	0.45671567	-213.25318	-210.55491	-210.57993
6	449	-346.48521	-340.43365	-341.44072	6.0515644	1.0070753	-336.90643	-331.81018	-331.85208
6	450	-259.48886	-259.94194	-260.41892	-0.45307664	0.47698164	-256.52896	-255.1466	-255.15782
6	451	-442.89441	-443.4538	-443.3788	-0.55939001	-0.075000218	-435.63106	-434.90763	-430.46698
6	452	-420.48303	-417.62881	-418.50209	2.8542225	0.87328241	-413.21461	-407.3657	-407.99607
6	453	-301.26104	-296.58246	-297.41807	4.6785804	0.83560757	-298.25113	-285.46851	-285.56589
6	454	-432.50686	-426.65154	-422.92981	5.8553204	-3.7217244	-418.4139	-413.02013	-406.82766
6	455	-401.10151	-395.75129	-396.40856	5.3502154	0.65727086	-397.51325	-384.76272	-383.78539
6	456	-819.60224	-755.03564	-757.5139	64.5666	2.4782601	-804.97857	-737.62316	-737.65516
6	457	-290.50356	-290.6294	-288.74153	-0.12583699	-1.8878723	-287.58266	-284.85	-278.40111
6	458	-777.15482	-706.90144	-679.20103	70.253375	-27.700413	-762.24328	-688.22111	-661.5234
6	459	-358.59601	-354.70529	-355.66829	3.8907165	0.96299872	-353.14751	-343.15503	-342.70955
6	460	-505.35248	-503.47793	-498.64568	1.8745518	-4.8322509	-495.71198	-486.69183	-479.98496
6	461	-468.6367	-464.21677	-463.42837	4.4199309	-0.78839638	-454.86166	-451.14318	-451.60055
6	462	-409.23648	-399.78588	-398.24732	9.4506069	-1.5385598	-394.76894	-386.46114	-381.34505
6	463	-254.53916	-254.49745	-255.22684	0.041706817	0.72938692	-248.63907	-246.20175	-247.02883
6	464	-881.86367	-848.85327	-817.52828	33.010403	-31.324984	-866.14649	-826.49146	-794.73674
6	465	-500.00085	-498.69812	-495.83187	1.302735	-2.866244	-492.38136	-481.93068	-474.16572
6	466	-651.31185	-644.72026	-636.69789	6.5915947	-8.022371	-636.53746	-623.28271	-613.95691
6	467	-512.94379	-507.26998	-498.73907	5.6738086	-8.5309049	-496.77549	-487.79208	-479.97483
6	468	-511.69295	-508.28455	-505.35785	3.4084037	-2.9266923	-503.03689	-495.38267	-492.12434
6	469	-291.36087	-291.66071	-292.16043	-0.29984007	0.49972108	-288.44654	-286.73963	-286.70603
6	470	-542.29655	-533.81076	-534.22866	8.4857836	0.41789588	-531.59991	-519.02218	-517.05863
6	471	-688.49948	-669.0608	-659.3576	19.438675	-9.7031995	-670.45631	-647.42834	-637.98616
6	472	-220.5465	-221.10499	-222.52188	-0.55848744	1.4168947	-217.34445	-215.63972	-215.63867
6	473	-379.05499	-367.61455	-369.21718	11.440439	1.6026322	-369.12519	-356.18247	-355.30519
6	474	-305.02924	-304.18354	-304.27423	0.84570148	0.090686649	-302.26615	-297.62493	-295.11316
6	475	-508.04861	-495.46027	-495.98459	12.588344	0.52432275	-494.54865	-483.75993	-479.66249
6	476	-437.79482	-415.29181	-417.36598	22.503011	2.0741707	-427.62324	-402.58016	-402.56665
6	477	-330.17775	-329.73284	-329.88403	0.44491559	0.15119397	-327.53852	-322.784	-319.22249
6	478	-412.94854	-408.52568	-408.35535	4.422859	-0.17033392	-408.66154	-397.58641	-395.62461
6	479	-507.47199	-491.66277	-493.13651	15.809228	1.4737441	-498.55873	-482.06503	-482.06467
6	480	-352.2302	-349.53082	-349.63765	2.6993781	0.10682175	-345.56128	-341.38911	-337.57991
6	481	-504.36612	-495.89733	-497.24348	8.4687943	1.3461535	-489.06296	-480.29781	-479.81017
6	482	-488.51126	-483.0034	-479.65021	5.5078667	-3.3531902	-480.46331	-469.67637	-460.8212
6	483	-376.71832	-357.35299	-359.47707	19.365325	2.1240779	-363.32674	-343.17156	-343.17398
6	484	-466.18918	-455.16945	-455.77522	11.019727	0.60576992	-453.90724	-449.37634	-446.98931
6	485	-359.9106	-356.28462	-353.62639	3.6259873	-2.6582319	-357.27664	-346.93983	-340.12151
6	486	-509.29361	-499.3408	-499.00843	9.952805	-0.3323745	-498.2695	-483.16495	-477.15751
6	487	-382.2132	-378.45891	-379.34076	3.7542951	0.88185417	-379.41528	-370.51086	-370.52909
6	488	-354.79526	-353.92758	-351.44301	0.86767775	-2.4845732	-352.22634	-344.9076	-338.10823
6	489	-402.5214	-400.7996	-396.04944	1.7218024	-4.7501616	-400.20946	-388.64054	-381.61527
6	490	-392.73857	-388.99976	-390.53234	3.7388108	1.5325783	-386.15828	-373.61742	-373.63034
6	491	-566.30409	-556.18288	-557.38061	10.121214	1.1977335	-555.5271	-540.88289	-540.92336
6	492	-514.19985	-514.41639	-509.79123	-0.2165421	-4.6251584	-504.61945	-493.82567	-486.21575
6	493	-468.511	-461.14877	-462.27519	7.3622295	1.1264172	-457.22623	-445.42835	-443.58796
6	494	-401.97406	-385.9272	-387.257	16.046859	1.3297933	-390.59583	-375.89729	-373.86682
6	495	-328.38689	-316.13482	-317.16313	12.252067	1.0283039	-317.98408	-308.63339	-308.68432
6	496	-460.72303	-449.74719	-447.77742	10.975836	-1.9697765	-455.57166	-440.64741	-434.88558
6	497	-362.24982	-358.26241	-359.48175	3.9874135	1.2193419	-359.26413	-346.86964	-346.84328
6	498	-597.34571	-586.76264	-589.61753	10.583075	2.8548925	-584.03958	-569.2526	-569.25541
6	499	-409.45983	-397.10442	-399.48468	12.355418	2.3802614	-401.26513	-383.6217	-383.56237
6	500	-420.61428	-416.06357	-412.88696	4.5507115	-3.1766079	-412.16514	-408.46087	-402.92086
6	501	-340.20847	-338.58128	-339.23236	1.6271879	0.65107318	-337.45767	-330.42659	-329.5375
6	502	-451.29018	-451.42497	-451.36475	-0.13478699	-0.060214994	-444.66979	-442.90025	-435.64949
6	503	-273.51934	-273.36555	-274.48274	0.1537899	1.1171902	-265.96799	-259.92208	-259.93203
6	504	-372.7449	-371.54539	-371.2651	1.1995089	-0.28029122	-370.3385	-363.44672	-361.91581
6	505	-901.17213	-796.05342	-798.53771	105.11871	2.4842892	-886.58415	-778.67344	-778.66387
6	506	-386.41629	-381.31484	-382.74779	5.101458	1.4329503	-379.04862	-370.30816	-369.53794
6	507	-401.90565	-401.86097	-398.68677	0.044686952	-3.1741937	-399.2166	-395.11505	-387.31303
6	508	-428.787	-421.58855	-422.84924	7.1984497	1.2606908	-423.46134	-410.26511	-410.53494
6	509	-332.66066	-331.39246	-332.12962	1.2682033	0.73716605	-327.06712	-319.60585	-319.66412
6	510	-327.92342	-328.73546	-327.36872	-0.81203789	-1.366735	-324.95936	-325.64738	-319.47547
6	511	-235.74634	-236.21556	-236.44148	-0.46922149	0.22592399	-232.36208	-231.17227	-230.66815
6	512	-515.52247	-507.10517	-501.8208	8.4173067	-5.2843663	-501.20084	-493.62461	-485.80692
6	513	-689.07641	-673.14104	-673.01046	15.935371	-0.1305785	-677.51324	-652.09446	-652.09524
6	514	-531.63747	-528.10372	-527.1359	3.5337473	-0.9678184	-522.82663	-510.36414	-506.27548
6	515	-381.70093	-380.77344	-380.87464	0.92748458	0.10119574	-375.09813	-371.53946	-369.3307
6	516	-544.92676	-537.75239	-538.14097	7.17437	0.38857451	-535.32432	-527.46093	-525.97178
6	517	-668.31748	-658.52556	-656.77274	9.7919179	-1.7528228	-655.06101	-637.46789	-630.91633
6	518	-289.81203	-289.79412	-290.49183	0.017908508	0.69771074	-287.05457	-282.5355	-282.37784
6	519	-375.02313	-369.54742	-370.30259	5.4757177	0.75517313	-372.36592	-360.08201	-358.2546
6	520	-355.21407	-353.60825	-354.00861	1.6058202	0.40035982	-351.1448	-347.38065	-345.39342
6	521	-523.29838	-523.37527	-518.34492	-0.076882821	-5.0303492	-514.27467	-510.0598	-500.12931
6	522	-572.67181	-562.43164	-555.86692	10.240176	-6.5647213	-556.221	-543.24856	-534.73012
6	523	-559.95136	-551.11619	-548.02632	8.8351717	-3.0898711	-546.90344	-534.45146	-531.59335
6	524	-294.32684	-290.9311	-291.97885	3.3957396	1.0477547	-291.54084	-283.46645	-283.46524
6	525	-537.53866	-525.98605	-526.54388	11.552605	0.55782368	-525.52404	-513.64745	-513.16221
6	526	-448.95898	-443.35954	-435.83959	5.5994354	-7.5199566	-443.55261	-429.18892	-419.38854
6	527	-570.44322	-538.82891	-539.96882	31.61431	1.1399071	-556.35489	-526.22137	-526.0053
6	528	-323.23586	-318.15835	-318.95847	5.0775102	0.80012248	-320.68384	-312.37951	-312.38254
6	529	-807.52408	-793.34981	-784.74226	14.17427	-8.6075496	-796.0612	-772.95419	-760.18957
6	530	-900.42797	-863.05028	-860.63285	37.37769	-2.4174258	-885.23988	-839.91831	-836.59969
6	531	-257.44349	-258.65178	-258.35614	-1.2082935	-0.29563506	-250.83373	-250.46342	-250.43759
6	532	-467.92935	-460.01577	-459.96476	7.9135741	-0.051018539	-451.2272	-441.17157	-440.82045
6	533	-557.43808	-554.22204	-554.41553	3.2160411	0.19349549	-555.35668	-544.85046	-534.13602
6	534	-910.38755	-842.73441	-842.49988	67.653144	-0.23452809	-893.72477	-819.56598	-819.56955
6	535	-296.89057	-295.3323	-296.24251	1.558276	0.91021139	-294.07586	-286.9737	-286.77269
6	536	-325.96181	-324.9213	-325.70594	1.0405074	0.78463859	-323.33956	-316.21073	-314.62848
6	537	-266.41952	-264.67922	-265.3183	1.7402976	0.63907654	-263.36271	-255.18136	-255.17932
6	538	-573.029	-557.05267	-558.61813	15.976329	1.5654631	-558.45033	-540.03416	-539.27503
6	539	-465.29045	-450.02423	-447.78088	15.266217	-2.2433538	-449.53597	-432.32529	-426.0761
6	540	-544.76689	-539.80989	-537.7473	4.9569993	-2.0625963	-532.19064	-518.72732	-518.29816
6	541	-740.27111	-713.73029	-708.34061	26.540821	-5.3896848	-723.67002	-695.81815	-688.26624
6	542	-321.28882	-312.46636	-314.34199	8.8224594	1.8756286	-318.47785	-302.16881	-302.17116
6	543	-247.82153	-247.65833	-248.49366	0.16320281	0.83533244	-244.66746	-240.88137	-241.01725
6	544	-347.10922	-345.59733	-346.4776	1.5118868	0.88026592	-341.57184	-335.27094	-335.25234
6	545	-493.2469	-481.91411	-479.70715	11.332788	-2.206965	-484.18768	-470.71399	-466.36014
6	546	-564.65496	-560.10789	-550.21307	4.5470651	-9.8948246	-549.04983	-537.6114	-528.78898
6	547	-435.80247	-428.99917	-430.57198	6.8033006	1.5728154	-427.80406	-417.32061	-416.8656
6	548	-387.12243	-383.4314	-384.46957	3.6910287	1.0381714	-381.49359	-373.21705	-371.59734
6	549	-374.51357	-365.72605	-367.11052	8.7875233	1.3844678	-365.19925	-354.73206	-354.34797
6	550	-606.08986	-601.72951	-594.67092	4.3603521	-7.058592	-592.60183	-581.62869	-571.50291
6	551	-471.4478	-463.45614	-462.2989	7.9916542	-1.157237	-461.12169	-455.25247	-451.35609
6	552	-454.89816	-454.0817	-447.32028	0.81645799	-6.7614213	-442.11443	-440.19194	-432.5164
6	553	-341.01024	-336.43713	-337.84116	4.5731135	1.4040353	-338.28489	-325.60395	-325.59132
6	554	-346.23184	-345.39606	-344.28383	0.83578434	-1.1122299	-343.60498	-338.4722	-329.52237
6	555	-426.42659	-425.54925	-426.1431	0.87733653	0.59384552	-423.30531	-415.10527	-412.95245
6	556	-532.41986	-517.10634	-511.08369	15.313522	-6.0226515	-520.53513	-507.92947	-497.51382
6	557	-407.25374	-403.68192	-404.96496	3.5718145	1.2830416	-404.96344	-394.31686	-394.37106
6	558	-420.25615	-419.29172	-420.00678	0.96443425	0.71506753	-413.78465	-407.5408	-400.90199
6	559	-720.4962	-708.71089	-708.82036	11.785305	0.10946691	-705.79378	-689.68478	-690.00919
6	560	-460.11973	-449.67858	-450.55769	10.441145	0.87910511	-447.97051	-437.78674	-435.93782
6	561	-280.67472	-280.07411	-280.9336	0.6006054	0.85949104	-277.69501	-272.16348	-272.64731
6	562	-521.42786	-509.5862	-505.92779	11.841661	-3.658411	-502.13072	-489.84366	-485.57503
6	563	-796.65066	-774.15929	-768.18816	22.49137	-5.9711224	-783.09041	-753.75162	-744.79017
6	564	-854.3348	-837.4057	-805.22011	16.9291	-32.185584	-840.52399	-818.84718	-787.13384
6	565	-292.20011	-291.44925	-291.92142	0.75086423	0.47217817	-287.30154	-282.23042	-281.7958
6	566	-623.03054	-599.82215	-599.41421	23.208395	-0.4079379	-608.11749	-581.67528	-577.11994
6	567	-435.52683	-419.98386	-421.56108	15.542976	1.5772199	-422.49122	-409.54644	-409.54785
6	568	-316.56782	-316.8157	-316.29295	-0.24787992	-0.52274446	-313.81531	-311.15383	-306.26266
6	569	-427.58717	-423.95118	-425.34273	3.6359917	1.3915533	-423.44503	-409.94183	-409.12652
6	570	-424.70766	-425.12249	-424.3912	-0.41483048	-0.73129832	-416.21106	-413.30053	-408.7045
6	571	-401.26646	-388.48851	-390.06493	12.777949	1.5764262	-389.14734	-377.16892	-377.20784
6	572	-617.26262	-610.54502	-605.12242	6.7176047	-5.4225985	-602.63766	-589.37466	-584.25165
6	573	-404.04766	-397.71623	-398.16147	6.3314332	0.44523908	-397.20622	-386.08744	-379.64457
6	574	-343.77597	-342.72752	-343.42223	1.0484586	0.69470972	-340.22975	-334.2725	-334.04843
6	575	-467.85384	-456.5723	-455.00424	11.281537	-1.56806	-453.73648	-440.40703	-437.36466
6	576	-490.92303	-484.99552	-470.22047	5.9275054	-14.775058	-471.99591	-464.21601	-451.45713
6	577	-368.92926	-363.21101	-364.06374	5.7182561	0.85273048	-359.96181	-349.94678	-349.96088
6	578	-433.87486	-431.84867	-428.82284	2.026188	-3.0258306	-425.16399	-419.31062	-416.3134
6	579	-723.90935	-719.50424	-715.38116	4.4051135	-4.1230786	-711.8174	-702.68381	-694.41557
6	580	-418.50687	-408.80181	-410.536	9.7050624	1.7341905	-404.51762	-392.57678	-392.7239
6	581	-629.07863	-604.99478	-605.31839	24.08385	0.32360877	-613.10778	-584.6601	-584.66167
6	582	-339.82795	-340.3532	-339.93088	-0.52524967	-0.42231718	-337.41883	-336.36554	-332.51436
6	583	-415.62923	-409.66597	-410.94712	5.9632565	1.2811455	-408.25541	-393.62419	-392.87625
6	584	-299.56939	-299.96283	-299.59517	-0.3934388	-0.36765697	-296.64806	-293.34469	-289.13715
6	585	-330.01512	-329.95515	-330.61279	0.05996809	0.65763346	-324.4423	-320.96574	-321.15301
6	586	-401.55416	-394.51325	-392.95424	7.0409143	-1.5590086	-381.35852	-373.54608	-373.52132
6	587	-668.70211	-656.60442	-655.76699	12.097688	-0.83742728	-653.22392	-634.37548	-634.3761
6	588	-596.80324	-573.08085	-574.17876	23.72239	1.0979058	-583.47517	-556.40245	-555.40128
6	589	-425.12317	-425.15398	-422.36654	-0.030806184	-2.7874355	-422.7906	-419.97291	-410.60151
6	590	-696.92843	-659.47938	-660.22829	37.449056	0.74890853	-680.14677	-645.47058	-645.123
6	591	-384.95713	-385.09834	-385.0514	-0.14120194	-0.04693767	-382.51599	-379.23203	-375.13226
6	592	-283.36362	-275.66811	-276.9295	7.6955035	1.2613861	-275.35464	-264.69988	-264.67849
6	593	-457.12697	-454.39569	-454.45959	2.7312794	0.063901017	-452.02845	-445.50434	-441.41516
6	594	-243.70176	-242.2162	-242.91508	1.4855622	0.69888186	-240.81205	-236.07424	-236.33279
6	595	-538.19506	-537.75855	-536.27629	0.43650961	-1.482261	-529.96772	-523.74634	-518.74435
6	596	-416.65704	-417.45941	-419.63442	-0.80237182	2.1750115	-406.91617	-398.22165	-398.41101
6	597	-524.73861	-510.53936	-512.58604	14.199255	2.0466797	-513.57099	-496.49038	-495.18896
6	598	-221.9789	-222.34542	-222.77899	-0.36652804	0.43356191	-218.72618	-217.08596	-217.08527
6	599	-619.06974	-606.49393	-600.36704	12.575812	-6.1268898	-604.03835	-585.76998	-580.65509
6	600	-870.13167	-865.38342	-845.4226	4.7482424	-19.960822	-858.6665	-845.77204	-822.3621
6	601	-535.62946	-526.54145	-521.42709	9.0880104	-5.1143613	-522.78239	-508.02238	-501.89033
6	602	-535.78041	-514.9627	-516.49001	20.81771	1.5273032	-523.68105	-499.93	-499.87019
6	603	-557.54735	-556.26584	-553.30587	1.2815098	-2.95997	-540.77603	-535.51822	-532.27862
6	604	-340.95392	-341.01597	-341.19262	-0.062042384	0.17665429	-338.4459	-335.03647	-333.08639
6	605	-486.04582	-481.64222	-479.20097	4.4036043	-2.4412421	-472.96245	-468.45271	-461.05326
6	606	-315.88656	-314.82819	-315.80767	1.058366	0.97947865	-309.80009	-304.73706	-304.82687
6	607	-293.26815	-292.19877	-290.6481	1.0693753	-1.5506783	-290.41939	-286.45416	-279.01611
6	608	-713.7814	-702.40571	-689.7097	11.37569	-12.696014	-699.9645	-680.57326	-667.18241
6	609	-317.31657	-317.95731	-318.33221	-0.6407378	0.37489763	-314.70154	-313.53332	-313.49265
6	610	-487.54031	-485.33049	-474.05013	2.2098209	-11.280358	-468.88642	-462.88012	-453.11183
6	611	-399.88992	-394.95918	-395.9106	4.9307396	0.95141603	-394.839	-387.48067	-387.60179
6	612	-406.30113	-399.78118	-400.81242	6.5199547	1.0312447	-398.78098	-390.54063	-389.58003
6	613	-336.8223	-335.4646	-336.47425	1.3576972	1.0096508	-334.26019	-327.90288	-327.88605
6	614	-198.68652	-197.67715	-198.4106	1.0093697	0.73344909	-193.84186	-192.18166	-192.18936
6	615	-372.00914	-371.61018	-371.91834	0.39895655	0.30815131	-364.93098	-360.00699	-360.06956
6	616	-364.40592	-364.43146	-362.58127	-0.025535916	-1.8501881	-361.94633	-357.27948	-350.77459
6	617	-296.84945	-294.43136	-295.51523	2.4180923	1.083873	-293.89998	-286.31032	-286.48498
6	618	-250.28964	-250.58048	-250.95304	-0.2908379	0.37255894	-247.25929	-245.11555	-242.77887
6	619	-579.52467	-563.5382	-563.08274	15.986467	-0.45546265	-564.74934	-556.225	-551.28482
6	620	-571.07099	-533.99317	-523.38758	37.077824	-10.605586	-554.53033	-515.69914	-506.10017
6	621	-366.2051	-360.7201	-361.93043	5.4849959	1.2103258	-353.2662	-346.61176	-346.63856
6	622	-531.12587	-526.53171	-508.64711	4.5941605	-17.8846	-517.08574	-512.46984	-492.72011
6	623	-548.9055	-542.19816	-540.87938	6.7073408	-1.3187828	-534.81114	-521.35151	-518.37987
6	624	-789.30812	-752.52847	-730.6908	36.779651	-21.837673	-773.39882	-735.08037	-707.60645
6	625	-308.93563	-305.55447	-306.63863	3.3811552	1.0841564	-306.00959	-295.50958	-295.50179
6	626	-411.17568	-407.3357	-408.44424	3.8399821	1.1085412	-407.54619	-393.37686	-392.52033
6	627	-464.60685	-460.63572	-461.39193	3.9711367	0.75621355	-457.70776	-449.7019	-446.96209
6	628	-560.90707	-553.7713	-549.03217	7.1357721	-4.7391344	-548.20064	-532.7221	-529.64608
6	629	-491.21621	-475.19444	-471.72068	16.021778	-3.4737596	-475.34793	-456.03944	-456.08897
6	630	-479.70926	-471.11858	-472.26653	8.5906868	1.1479541	-469.81918	-456.82365	-456.35499
6	631	-472.86163	-471.46876	-470.15915	1.392872	-1.3096082	-457.24795	-451.66438	-451.69042
6	632	-585.15019	-582.4485	-581.51058	2.7016987	-0.93791919	-573.36781	-571.59115	-563.05117
6	633	-360.50822	-352.96999	-352.15221	7.538228	-0.8177849	-354.91627	-337.65043	-331.46572
6	634	-430.15323	-426.31163	-427.2293	3.8415975	0.91766761	-420.22	-412.4468	-411.35297
6	635	-450.09699	-446.62602	-447.36083	3.470963	0.73480227	-445.21697	-438.67661	-438.09393
6	636	-574.66319	-558.25456	-553.69059	16.408626	-4.5639719	-560.1886	-539.53039	-533.20727
6	637	-323.50777	-323.58602	-323.27491	-0.078247738	-0.31111472	-320.90218	-317.25515	-311.13532
6	638	-268.43828	-269.17597	-269.39642	-0.73768785	0.22045771	-265.61041	-264.73219	-264.72633
6	639	-364.60516	-357.96662	-360.40998	6.6385496	2.4433619	-360.9334	-345.08965	-342.46048
6	640	-546.35129	-546.0358	-544.83393	0.31549158	-1.2018601	-536.3097	-532.91187	-523.62152
6	641	-519.02751	-513.6072	-514.46571	5.4203072	0.85850882	-511.70217	-500.38237	-500.42262
6	642	-499.64348	-484.27266	-485.29893	15.370813	1.0262683	-488.31109	-471.17087	-471.17043
6	643	-892.43477	-866.92308	-866.93141	25.511687	0.0083330832	-880.61159	-844.67763	-844.87153
6	644	-352.67253	-352.4652	-352.34141	0.2073338	-0.12378808	-349.1052	-343.91604	-338.8049
6	645	-849.08224	-814.58608	-781.64165	34.496167	-32.944424	-831.25106	-794.91512	-761.51956
6	646	-312.91763	-306.31455	-307.20672	6.603079	0.89216905	-310.27804	-296.52407	-295.25099
6	647	-629.70219	-615.88391	-602.42736	13.81828	-13.456548	-613.20741	-595.95839	-585.4898
6	648	-641.96195	-631.03474	-632.3301	10.927213	1.295361	-627.88892	-609.91722	-609.92292
6	649	-310.32847	-306.63136	-308.46137	3.6971126	1.8300079	-307.63559	-295.94448	-290.26944
6	650	-347.59363	-346.83218	-347.28232	0.76145671	0.45014505	-343.2061	-338.36765	-338.05405
6	651	-470.23821	-468.93386	-472.38955	1.3043451	3.4556881	-462.99208	-453.27301	-451.82792
6	652	-254.46257	-254.29813	-254.19393	0.16443882	-0.10419827	-251.13325	-248.11146	-244.449
6	653	-492.92605	-481.88256	-484.09892	11.043482	2.2163502	-480.48573	-465.50854	-466.05577
6	654	-495.43582	-488.10432	-488.09709	7.3314994	-0.0072333982	-491.74552	-477.53968	-474.83851
6	655	-252.34437	-251.12219	-252.11694	1.2221782	0.99474878	-249.45502	-242.91627	-242.93836
6	656	-348.38186	-347.31278	-348.17747	1.0690879	0.86469646	-345.86152	-340.11634	-340.12984
6	657	-459.34108	-456.42101	-457.15789	2.9200679	0.73687929	-451.22319	-442.9422	-442.32134
6	658	-376.50898	-365.03439	-366.62903	11.474589	1.594639	-364.58865	-355.54014	-355.4793
6	659	-493.53407	-491.27424	-492.06161	2.2598293	0.78737088	-486.38912	-479.55397	-479.54903
6	660	-675.6635	-659.83374	-648.29312	15.829754	-11.540621	-659.48141	-640.91758	-633.46824
6	661	-421.79032	-391.26783	-392.65704	30.522488	1.3892121	-409.03401	-382.96053	-382.9602
6	662	-615.77198	-609.52817	-605.81674	6.2438097	-3.7114233	-599.13615	-588.86954	-584.33585
6	663	-807.98189	-792.38657	-779.95987	15.595325	-12.426698	-793.05502	-774.55594	-764.21421
6	664	-321.95284	-321.67778	-322.22129	0.27506614	0.54351439	-313.3929	-308.26142	-308.55223
6	665	-605.39542	-600.14135	-595.32006	5.2540705	-4.8212959	-589.3881	-580.98714	-574.95754
6	666	-431.35191	-431.16702	-431.5669	0.18488673	0.39987939	-428.97769	-424.6707	-423.16342
6	667	-571.25627	-553.01243	-555.09145	18.243847	2.0790192	-562.17973	-539.88086	-539.90515
6	668	-506.49058	-499.32649	-500.0523	7.1640914	0.72580983	-496.23435	-480.83658	-480.76175
6	669	-318.73808	-315.71042	-316.90811	3.0276596	1.1976825	-316.06402	-305.82741	-304.65072
6	670	-305.04064	-303.6726	-304.43166	1.3680412	0.75905723	-302.40764	-295.97313	-295.98968
6	671	-337.78247	-337.27051	-335.98533	0.51196198	-1.2851799	-335.19181	-328.61564	-322.9284
6	672	-540.1432	-521.20921	-522.87161	18.933987	1.662404	-527.84353	-508.72783	-508.77966
6	673	-619.65911	-600.57426	-600.32422	19.084843	-0.25004536	-603.79397	-577.79413	-577.06557
6	674	-607.0252	-604.2832	-599.06774	2.7419989	-5.2154626	-594.29279	-586.18473	-579.47341
6	675	-386.08356	-380.1572	-381.19755	5.9263664	1.0403548	-379.29931	-371.11081	-370.10176
6	676	-386.16759	-378.1815	-379.43198	7.9860883	1.2504837	-377.35981	-365.44018	-365.79976
6	677	-283.42494	-282.54028	-283.07303	0.88466115	0.53275111	-280.61088	-274.2282	-271.85086
6	678	-322.5587	-321.63008	-322.13595	0.92862016	0.50586572	-319.7568	-313.58249	-313.38196
6	679	-408.92489	-409.30943	-408.9684	-0.38454382	-0.34102722	-400.79956	-399.48654	-395.99855
6	680	-286.24879	-284.39876	-285.25345	1.8500252	0.8546886	-283.22651	-275.56519	-275.57239
6	681	-466.04877	-439.20288	-440.73647	26.845883	1.5335907	-450.85267	-426.81051	-426.76696
6	682	-520.73598	-479.73714	-481.22181	40.998837	1.4846721	-502.42464	-463.35308	-463.35178
6	683	-471.05843	-465.07053	-466.33721	5.9878967	1.2666723	-461.9979	-451.10886	-451.0406
6	684	-517.36928	-498.92487	-499.88892	18.444413	0.9640534	-504.42968	-486.502	-486.51802
6	685	-563.44961	-560.24016	-546.42642	3.2094513	-13.813738	-549.4917	-541.84517	-531.84715
6	686	-291.64934	-292.3303	-286.77996	-0.68096249	-5.5503431	-288.85636	-288.01191	-277.97642
6	687	-815.4944	-756.75392	-756.43455	58.74048	-0.31936755	-799.25995	-740.97441	-737.08951
6	688	-208.02265	-206.57244	-206.94442	1.4502117	0.37198146	-204.38905	-199.57664	-199.57112
6	689	-242.03114	-239.41485	-240.48029	2.6162914	1.065439	-236.89818	-230.54857	-230.3577
6	690	-436.31241	-417.18269	-418.32057	19.12971	1.1378801	-424.9711	-407.56641	-406.6819
6	691	-434.64802	-421.66389	-423.85784	12.984134	2.1939524	-422.14252	-410.56451	-410.2224
6	692	-553.5866	-549.68494	-525.26283	3.9016516	-24.422115	-538.99554	-532.46984	-505.67988
6	693	-649.75595	-645.5019	-634.24619	4.2540484	-11.255711	-635.70334	-625.07875	-617.51782
6	694	-263.1266	-263.37977	-263.44994	-0.25316881	0.070165829	-259.59878	-257.209	-254.61313
6	695	-224.31208	-224.42223	-224.7807	-0.11015483	0.35847018	-220.85605	-218.69815	-218.69678
6	696	-735.07484	-734.05001	-723.2681	1.0248295	-10.781912	-721.07799	-715.9944	-701.41039
6	697	-544.24365	-542.46114	-537.77124	1.7825068	-4.6899033	-529.08669	-524.75325	-517.03115
6	698	-611.40924	-608.99035	-602.21937	2.4188854	-6.7709817	-597.19252	-590.54875	-580.70688
6	699	-481.61192	-476.60163	-477.35366	5.0102874	0.75202877	-471.95225	-468.63908	-467.61692
6	700	-414.63301	-411.21623	-404.17207	3.4167874	-7.0441527	-407.23041	-396.86904	-387.74318
6	701	-431.20264	-427.26523	-428.02483	3.937418	0.75960344	-428.7443	-418.59503	-415.68296
6	702	-403.05779	-399.87642	-401.37304	3.1813636	1.4966201	-400.3766	-390.80794	-390.8157
6	703	-649.51274	-635.54395	-634.91673	13.96879	-0.62721957	-637.36	-615.72955	-613.36414
6	704	-375.75279	-363.3678	-363.91325	12.384987	0.5454469	-362.37981	-353.57766	-353.57448
6	705	-462.5497	-455.39598	-456.85042	7.153718	1.4544359	-451.88148	-437.95171	-435.83076
6	706	-557.3032	-551.07417	-552.08395	6.2290229	1.0097716	-545.81708	-536.05496	-534.65294
6	707	-391.98495	-388.97508	-390.0786	3.0098679	1.1035189	-389.5095	-379.21246	-377.8431
6	708	-341.40951	-340.46383	-340.73476	0.94567844	0.27093242	-338.69058	-332.84351	-327.71631
6	709	-434.02506	-431.29322	-432.47175	2.7318386	1.1785283	-425.38909	-422.33535	-421.99
6	710	-459.00812	-435.56495	-437.61771	23.443174	2.0527666	-449.66933	-422.95195	-422.95084
6	711	-424.2955	-424.41797	-424.90853	-0.12247468	0.49056156	-416.80706	-414.50371	-414.50015
6	712	-683.9608	-643.78374	-645.38132	40.177062	1.5975816	-668.15953	-629.30837	-627.39072
6	713	-577.93302	-568.17133	-567.92552	9.76169	-0.24581286	-562.13676	-546.59223	-546.60513
6	714	-522.58407	-499.88763	-500.73566	22.696438	0.8480291	-508.55417	-489.65883	-488.9769
6	715	-573.28186	-552.48694	-538.38271	20.794918	-14.104234	-556.66027	-535.58292	-515.52284
6	716	-594.49849	-591.01272	-592.30485	3.4857681	1.2921272	-580.8843	-574.83388	-571.03423
6	717	-818.57166	-804.13916	-794.60273	14.4325	-9.5364283	-805.32455	-794.53193	-772.87555
6	718	-468.64019	-461.55436	-462.4222	7.0858275	0.86784107	-463.28701	-451.53588	-448.12878
6	719	-471.72069	-466.59773	-466.16006	5.122962	-0.43767286	-467.87546	-457.38729	-452.08005
6	720	-415.64362	-408.16597	-408.92559	7.4776533	0.75961688	-409.82064	-398.10174	-394.69007
6	721	-426.03517	-418.9661	-420.2015	7.069072	1.2353929	-419.26637	-402.95025	-402.95562
6	722	-410.66186	-404.46855	-405.82616	6.1933138	1.3576061	-401.05867	-393.94904	-394.14065
6	723	-276.34088	-272.24371	-273.1079	4.097172	0.86419184	-267.345	-265.54149	-265.50759
6	724	-354.04081	-349.18132	-349.18484	4.8594884	0.0035233069	-346.42204	-332.30232	-332.29295
6	725	-289.07664	-289.92666	-290.15679	-0.85001196	0.2301315	-286.44343	-286.86634	-286.81016
6	726	-428.84406	-419.73889	-420.60045	9.1051707	0.86156635	-416.95685	-409.89885	-410.63915
6	727	-436.63852	-435.359	-436.45342	1.2795239	1.094428	-428.39762	-422.38859	-421.10384
6	728	-442.51492	-428.2327	-427.03707	14.282219	-1.1956358	-426.36287	-411.94961	-410.02612
6	729	-572.78981	-560.46382	-552.76479	12.325993	-7.6990323	-559.72153	-540.34034	-537.28393
6	730	-438.94791	-426.89665	-425.7794	12.051254	-1.1172459	-428.51244	-415.3565	-409.4009
6	731	-628.27695	-625.32332	-618.91855	2.9536224	-6.4047759	-615.65397	-607.85832	-598.26293
6	732	-742.64847	-718.42675	-718.26145	24.221713	-0.16530164	-729.88534	-696.83317	-696.85206
6	733	-301.67165	-300.1803	-301.75228	1.4913508	1.5719855	-298.9606	-286.03443	-286.08177
6	734	-453.03311	-443.32278	-440.38734	9.7103223	-2.9354435	-443.2747	-427.36754	-425.26947
6	735	-271.40257	-271.44299	-271.71806	-0.040415519	0.27507355	-268.2892	-265.02094	-263.68012
6	736	-293.4073	-292.67266	-293.51825	0.734636	0.84558643	-290.59305	-284.53194	-284.5306
6	737	-418.84424	-411.14384	-408.78013	7.7003935	-2.3637081	-408.57373	-401.6166	-395.42064
6	738	-436.57452	-435.9895	-437.7382	0.58501979	1.748706	-430.20341	-424.58013	-422.012
6	739	-353.12083	-351.60697	-352.70545	1.5138644	1.0984832	-346.30056	-337.73772	-337.74711
6	740	-384.26855	-382.08335	-383.01408	2.1852005	0.93073685	-377.40412	-369.49871	-369.03083
6	741	-496.25755	-485.35427	-486.54781	10.903283	1.1935398	-482.15424	-470.91301	-470.57824
6	742	-860.1753	-822.80298	-822.8934	37.372325	0.090424034	-847.31423	-800.77825	-793.21224
6	743	-378.63676	-370.98485	-372.64523	7.651908	1.6603825	-370.17716	-361.42487	-361.38898
6	744	-468.89211	-463.02967	-459.3794	5.8624399	-3.6502708	-460.4131	-449.70386	-442.05161
6	745	-473.55013	-467.33813	-468.68717	6.2119978	1.3490368	-465.008	-457.85981	-457.93462
6	746	-686.63001	-677.35382	-677.24558	9.2761852	-0.10823972	-672.66905	-658.72513	-656.13559
6	747	-385.69841	-383.06526	-383.91774	2.6331478	0.85248311	-380.04989	-369.27028	-367.24714
6	748	-363.70627	-364.2233	-364.19639	-0.5170267	-0.026904311	-356.98968	-356.0597	-351.93174
6	749	-411.7555	-396.17503	-397.37947	15.580463	1.2044414	-399.14283	-384.37927	-384.37941
6	750	-763.85291	-736.28653	-708.27507	27.566378	-28.011466	-747.78056	-714.33459	-689.38539
6	751	-461.79252	-452.35709	-453.76623	9.4354282	1.4091411	-459.54121	-442.50883	-442.85339
6	752	-568.92382	-561.28124	-549.63764	7.642578	-11.643596	-550.4476	-538.16896	-524.71026
6	753	-473.42472	-462.28394	-462.45956	11.140776	0.17561673	-455.08509	-442.90114	-442.90559
6	754	-337.77884	-334.66665	-334.65913	3.1121865	-0.0075280722	-335.14523	-325.67437	-321.98747
6	755	-427.31735	-426.42352	-426.7746	0.89382957	0.35108295	-419.95114	-412.65515	-412.6364
6	756	-442.06907	-434.05179	-435.1103	8.0172831	1.0585118	-435.61109	-426.8674	-426.86686
6	757	-435.61138	-427.77216	-429.12628	7.8392234	1.354117	-425.738	-411.8117	-411.82279
6	758	-305.244	-296.53521	-298.2089	8.7087863	1.6736814	-300.29709	-284.60552	-284.60381
6	759	-574.64036	-542.76157	-543.51515	31.878785	0.75358054	-561.60327	-529.92764	-529.99204
6	760	-509.17853	-507.48901	-496.20117	1.689521	-11.287842	-504.3798	-495.88009	-481.94599
6	761	-333.48116	-334.06436	-334.62978	-0.58319672	0.5654208	-324.15449	-322.8922	-322.92809
6	762	-341.80406	-334.56497	-336.17306	7.2390858	1.6080874	-331.12301	-323.84913	-323.84978
6	763	-265.08265	-265.29749	-264.66228	-0.21484019	-0.6352095	-262.08372	-258.40725	-253.30066
6	764	-359.46504	-359.10639	-359.69954	0.35865004	0.59314801	-352.17886	-348.1988	-345.53414
6	765	-426.8659	-426.41626	-426.67542	0.44964252	0.25916417	-421.1676	-417.06018	-413.66225
6	766	-325.63899	-321.90753	-322.67614	3.73146	0.76860262	-320.90023	-311.14725	-310.11811
6	767	-319.44749	-315.6216	-317.08502	3.8258879	1.4634229	-316.78016	-305.89313	-305.9806
6	768	-781.94339	-725.79971	-728.19258	56.143677	2.3928656	-766.26384	-710.44637	-710.48166
6	769	-530.9678	-522.78768	-523.60481	8.1801188	0.81713176	-523.5518	-515.29508	-514.91157
6	770	-552.16142	-522.80992	-518.79587	29.351498	-4.0140509	-536.67991	-511.00363	-503.04503
6	771	-393.16246	-377.92088	-380.7723	15.241578	2.8514162	-381.34477	-363.89968	-363.9317
6	772	-257.73326	-253.02621	-253.95595	4.7070451	0.92974081	-254.48486	-245.9308	-245.82327
6	773	-455.43917	-455.76907	-448.60744	-0.32990424	-7.1616369	-443.03121	-443.60179	-432.52707
6	774	-455.60567	-451.13697	-451.05203	4.4687016	-0.084937448	-449.40968	-440.63572	-434.63761
6	775	-457.06435	-452.4021	-453.09503	4.6622472	0.69293148	-450.86181	-438.65156	-437.27155
6	776	-302.12957	-299.62338	-300.43706	2.5061959	0.81368558	-299.05362	-289.52143	-288.3953
6	777	-271.01301	-271.69648	-272.29936	-0.6834659	0.60288299	-268.15324	-267.58052	-267.64515
6	778	-349.59525	-349.77414	-348.88027	-0.17888568	-0.89386667	-347.19824	-343.03775	-338.86538
6	779	-355.51157	-350.12559	-350.98369	5.3859807	0.85810619	-353.06938	-341.15984	-339.43798
6	780	-422.62264	-420.4522	-421.27441	2.170444	0.8222133	-419.8999	-412.14068	-412.10579
6	781	-249.77141	-249.81712	-250.40656	-0.045715956	0.58943616	-246.67139	-243.18558	-243.76795
6	782	-659.21562	-639.68197	-630.97091	19.533655	-8.7110607	-642.50513	-618.23428	-608.27337
6	783	-555.83345	-542.08025	-542.1207	13.753196	0.040450516	-536.78552	-519.23712	-519.23293
6	784	-536.85159	-525.06041	-526.59359	11.791182	1.533185	-526.43117	-508.16851	-508.16583
6	785	-316.49034	-301.41439	-302.93571	15.075951	1.5213225	-302.32587	-290.14755	-290.14994
6	786	-583.6332	-563.84114	-564.99179	19.792057	1.1506498	-568.25127	-545.11857	-543.89985
6	787	-319.72187	-317.32024	-318.21892	2.4016331	0.89868432	-316.93722	-309.58857	-309.58815
6	788	-576.50105	-571.88692	-571.02756	4.6141328	-0.8593658	-563.44142	-554.45205	-554.41626
6	789	-447.57121	-432.06814	-433.59009	15.503075	1.5219543	-439.62021	-421.30418	-421.32381
6	790	-617.74242	-609.95439	-607.51769	7.7880299	-2.4366963	-604.61686	-588.67784	-582.98515
6	791	-370.14622	-366.10384	-366.72806	4.0423749	0.62422128	-366.21365	-359.87703	-359.92989
6	792	-770.21007	-756.75928	-739.17101	13.450793	-17.588276	-757.38293	-735.61622	-719.43508
6	793	-257.1517	-257.70483	-257.92252	-0.55312685	0.2176914	-254.11512	-252.12955	-248.12327
6	794	-329.45113	-326.17208	-326.49315	3.2790495	0.32106585	-326.7466	-318.1078	-315.25284
6	795	-356.99204	-356.11733	-354.94066	0.87470716	-1.1766716	-354.43586	-347.55258	-342.69617
6	796	-218.11262	-217.09516	-218.12392	1.0174678	1.0287629	-214.86462	-207.40055	-207.38616
6	797	-547.3045	-539.0979	-538.08438	8.206602	-1.0135202	-532.11839	-527.09177	-525.61709
6	798	-543.31215	-541.66819	-537.75605	1.6439602	-3.9121456	-529.9684	-524.31435	-515.71431
6	799	-479.87511	-468.5233	-467.12997	11.351802	-1.3933343	-464.0863	-455.57802	-454.24331
6	800	-357.20588	-351.20187	-351.54482	6.0040131	0.34294806	-350.94952	-339.24282	-337.23618
6	801	-470.22317	-458.51735	-459.73007	11.705822	1.2127214	-455.65717	-443.01631	-443.06344
6	802	-444.49487	-442.54431	-442.6666	1.9505586	0.12229429	-442.34664	-433.34134	-427.45488
6	803	-363.72992	-362.78708	-363.67965	0.94284454	0.8925765	-355.88194	-350.77536	-350.81945
6	804	-517.56605	-511.58256	-513.34176	5.9834913	1.7592012	-508.63104	-499.28838	-499.29075
6	805	-427.71729	-422.06923	-420.43258	5.6480519	-1.6366517	-423.96959	-415.68585	-410.3352
6	806	-473.9005	-454.86848	-453.87836	19.032023	-0.99011588	-456.24494	-440.84314	-439.94591
6	807	-784.24185	-765.17229	-749.20449	19.069559	-15.967794	-771.25319	-745.36077	-726.2833
6	808	-501.50114	-489.15633	-474.03592	12.344806	-15.120405	-484.13651	-468.17742	-456.25615
6	809	-269.69631	-266.31727	-266.80774	3.3790338	0.49046291	-266.89708	-258.49097	-257.79239
6	810	-485.47558	-470.38094	-471.23886	15.094634	0.85791691	-471.31937	-458.5546	-454.9926
6	811	-406.0459	-403.37592	-404.52051	2.6699836	1.1445885	-402.24492	-390.58548	-390.71168
6	812	-299.25951	-297.97061	-298.93974	1.2888958	0.96912741	-296.26964	-290.97811	-291.48997
6	813	-411.25933	-408.55114	-407.54917	2.7081915	-1.0019685	-406.22652	-397.98601	-390.02043
6	814	-673.17376	-644.93828	-640.09068	28.235478	-4.8475998	-659.48216	-625.0985	-619.31838
6	815	-687.25984	-666.70686	-664.04056	20.552973	-2.6663004	-670.96484	-643.62899	-640.59895
6	816	-789.22865	-713.69681	-715.99332	75.531837	2.2965068	-774.10114	-701.24487	-701.24003
6	817	-430.57368	-425.2417	-426.42669	5.3319806	1.1849972	-421.41841	-409.92174	-409.95441
6	818	-791.61008	-773.49025	-754.93741	18.119824	-18.552846	-780.04365	-753.0468	-734.25329
6	819	-523.2366	-522.58726	-521.86733	0.64934791	-0.71992431	-515.04176	-512.56378	-508.64623
6	820	-469.40343	-458.50741	-461.57771	10.896024	3.0702999	-460.70962	-443.51277	-438.08421
6	821	-260.13438	-260.80173	-261.3539	-0.66735069	0.55217248	-257.22254	-256.56092	-256.54378
6	822	-405.71932	-402.48861	-403.42187	3.2307068	0.93325305	-403.29361	-393.67099	-393.69968
6	823	-477.45936	-477.14097	-472.1787	0.31838594	-4.9622719	-469.1644	-461.46878	-452.29958
6	824	-635.01454	-618.38581	-606.83286	16.628737	-11.552944	-620.24002	-596.78827	-584.5268
6	825	-456.16695	-454.28703	-454.20679	1.8799233	-0.080243022	-448.41049	-441.91187	-436.44051
6	826	-391.97623	-388.13134	-388.82504	3.8448911	0.69369941	-384.39799	-375.26445	-375.27125
6	827	-630.17269	-620.07359	-608.80245	10.099106	-11.271134	-613.4125	-597.65041	-589.46319
6	828	-563.14571	-551.1091	-537.08392	12.036611	-14.025176	-547.62418	-536.69565	-518.17949
6	829	-441.04918	-440.1071	-439.95429	0.94208778	-0.15280586	-431.48112	-428.17257	-428.17325
6	830	-454.37613	-447.13024	-448.16865	7.2458989	1.038411	-444.53325	-431.49375	-430.97988
6	831	-555.89384	-526.01589	-526.82247	29.877948	0.80657147	-541.94121	-511.7937	-511.78966
6	832	-475.37129	-466.95504	-467.92388	8.4162527	0.96884567	-464.89826	-456.97842	-456.23071
6	833	-668.51249	-666.07472	-655.46249	2.4377703	-10.612221	-656.14756	-647.95028	-638.47832
6	834	-363.27431	-363.65564	-363.45052	-0.38133801	-0.2051212	-360.88405	-358.63926	-355.16924
6	835	-717.54036	-705.20319	-688.44412	12.337169	-16.759079	-701.36309	-684.42001	-664.56573
6	836	-246.00848	-246.29746	-246.84103	-0.28897804	0.54356686	-243.0097	-241.24946	-241.24865
6	837	-201.70262	-201.63454	-201.9952	0.068073312	0.36065553	-198.22067	-194.56156	-194.56116
6	838	-667.99181	-654.54516	-654.09475	13.446653	-0.45040755	-655.0178	-632.69583	-632.51536
6	839	-393.49637	-393.65272	-393.51777	-0.15634993	-0.1349472	-390.37134	-387.08626	-381.69974
6	840	-547.12283	-531.20676	-533.04034	15.916065	1.8335803	-534.59814	-515.96489	-515.95995
6	841	-285.82899	-286.01218	-286.47476	-0.18319102	0.46258283	-283.02227	-281.34416	-281.24073
6	842	-455.20279	-455.57606	-448.89765	-0.37327215	-6.6784111	-449.2516	-447.64951	-439.43925
6	843	-421.37923	-421.66589	-422.03446	-0.28665887	0.36856672	-414.28349	-412.73148	-412.83219
6	844	-420.71645	-418.70361	-417.87616	2.0128381	-0.8274458	-414.80999	-405.7604	-399.14195
6	845	-326.17285	-318.34605	-319.16712	7.8268011	0.82107548	-317.94099	-307.48662	-306.34114
6	846	-541.78074	-537.60106	-537.35976	4.1796821	-0.24129403	-534.20198	-522.92874	-516.43923
6	847	-510.56985	-507.74342	-493.42251	2.8264343	-14.320903	-494.0336	-488.43242	-478.62204
6	848	-530.10952	-527.20402	-527.09778	2.9055037	-0.10623542	-521.28642	-521.13576	-507.35624
6	849	-358.06259	-349.99149	-348.72952	8.071092	-1.2619755	-346.50104	-341.80513	-336.80837
6	850	-467.13852	-460.3496	-462.1547	6.7889147	1.8050953	-463.33955	-446.70097	-446.86429
6	851	-689.35253	-647.59347	-649.05576	41.759058	1.4622864	-673.59959	-635.06697	-634.20777
6	852	-366.16143	-353.57626	-354.79652	12.585174	1.2202606	-363.60428	-343.79493	-343.79667
6	853	-482.30938	-477.50341	-478.62496	4.805976	1.1215536	-472.81568	-464.13203	-464.18905
6	854	-474.75843	-473.57725	-470.90343	1.1811831	-2.6738202	-469.63156	-461.73894	-455.01434
6	855	-413.58775	-412.99869	-413.49812	0.58905921	0.49943114	-407.7173	-400.44524	-396.08668
6	856	-301.33114	-297.49326	-298.46083	3.8378803	0.96757588	-298.37785	-290.45651	-290.39953
6	857	-592.57027	-563.51832	-564.31973	29.051941	0.80140329	-578.85948	-552.08745	-552.0666
6	858	-260.91561	-260.30466	-260.79453	0.61095748	0.48987323	-257.85696	-253.7041	-253.71947
6	859	-476.4623	-464.56721	-463.59417	11.895087	-0.97304393	-464.69937	-449.94569	-444.79028
6	860	-666.15384	-645.5931	-638.12722	20.560741	-7.4658759	-652.14035	-624.63034	-617.66879
6	861	-357.66567	-357.69262	-357.66163	-0.02694279	-0.030981973	-347.53103	-346.07235	-346.07785
6	862	-384.45497	-380.89836	-381.51166	3.5566106	0.61330041	-382.04128	-374.10064	-373.02301
6	863	-506.09362	-485.89676	-487.04298	20.196857	1.1462122	-494.94009	-474.6804	-474.89906
6	864	-574.83043	-574.08758	-565.62557	0.74284216	-8.4620119	-558.59724	-554.15404	-543.92631
6	865	-318.41476	-316.42501	-317.41171	1.9897456	0.98669634	-315.70045	-307.58086	-306.89202
6	866	-532.79128	-529.70778	-533.8689	3.0835031	4.1611237	-527.47981	-518.44269	-510.86382
6	867	-360.16778	-360.53318	-360.93816	-0.36539453	0.40498551	-356.20519	-354.88317	-354.85314
6	868	-486.95464	-479.91431	-474.92193	7.0403378	-4.9923799	-472.55691	-464.11852	-456.90265
6	869	-247.75399	-243.90536	-244.52012	3.8486258	0.6147538	-244.7684	-235.48911	-233.33815
6	870	-477.04644	-473.38043	-469.4383	3.6660074	-3.9421292	-470.36054	-461.54949	-453.62592
6	871	-460.45237	-454.41838	-455.22108	6.0339877	0.80270226	-454.60143	-443.94006	-443.63131
6	872	-343.51021	-339.73121	-339.94352	3.7789952	0.21231173	-332.63781	-328.62454	-324.53423
6	873	-592.45502	-591.1232	-593.66771	1.3318203	2.5445114	-584.36593	-577.56677	-575.24151
6	874	-484.99937	-465.93765	-465.66324	19.061722	-0.2744107	-470.82888	-452.88252	-449.47524
6	875	-479.81197	-473.39449	-468.50093	6.4174827	-4.8935618	-462.47631	-458.36751	-448.75279
6	876	-372.01437	-372.27905	-371.44046	-0.26467407	-0.83858795	-369.6225	-367.57618	-363.2596
6	877	-367.10299	-362.81811	-364.05091	4.2848781	1.2327984	-355.14455	-350.35758	-350.29957
6	878	-533.61239	-514.76941	-516.36625	18.842984	1.5968438	-520.32741	-504.26373	-503.80368
6	879	-363.69993	-362.04185	-362.39382	1.6580867	0.35197525	-360.89424	-353.79414	-350.12026
6	880	-558.8036	-555.46363	-558.10031	3.3399699	2.636683	-549.67541	-543.56723	-536.87237
6	881	-425.92434	-426.35419	-423.81088	-0.42985183	-2.5433168	-418.72553	-415.61954	-407.81103
6	882	-269.1365	-269.7407	-269.95615	-0.60420609	0.21545066	-266.21487	-264.6991	-261.67344
6	883	-310.40616	-310.1501	-310.45169	0.25606057	0.30158222	-307.81537	-304.45819	-303.72957
6	884	-741.75174	-706.67764	-676.45848	35.074093	-30.219161	-725.04237	-685.32051	-654.8275
6	885	-400.33014	-390.02445	-384.97466	10.305692	-5.0497893	-391.87678	-380.1022	-370.54374
6	886	-424.51613	-410.01977	-410.99109	14.496368	0.97132807	-410.54416	-400.94184	-396.68206
6	887	-526.39428	-506.93077	-508.20574	19.46351	1.2749692	-514.45813	-494.48548	-494.48109
6	888	-725.92918	-709.95075	-708.50196	15.978428	-1.4487897	-712.23365	-688.37643	-685.60752
6	889	-286.20284	-284.26684	-285.16368	1.9360047	0.8968469	-283.1194	-275.52334	-273.94882
6	890	-546.95836	-533.50587	-530.18917	13.45249	-3.3167062	-530.15074	-513.22859	-511.39558
6	891	-327.04118	-325.89621	-326.30833	1.1449715	0.41212184	-324.34029	-319.15239	-319.24153
6	892	-369.78629	-369.09253	-369.66155	0.69376716	0.56902329	-367.31014	-359.86919	-359.70423
6	893	-689.21639	-686.03559	-625.73899	3.1808016	-60.296593	-672.75653	-668.517	-608.82904
6	894	-352.74334	-344.36715	-345.5591	8.3761919	1.1919481	-345.89933	-334.10872	-334.10889
6	895	-219.72935	-218.08545	-218.39171	1.6439058	0.3062661	-216.45768	-211.50371	-211.50531
6	896	-436.40552	-433.90309	-434.35024	2.5024257	0.44715367	-434.12688	-423.85975	-421.02978
6	897	-508.77669	-492.71412	-492.30947	16.062566	-0.4046533	-494.1161	-473.89791	-472.13288
6	898	-411.21601	-404.04093	-398.16358	7.1750844	-5.8773522	-402.76927	-394.77274	-383.87473
6	899	-646.23768	-632.47008	-626.65391	13.767601	-5.816168	-631.06819	-612.1743	-607.77031
6	900	-633.01436	-628.56092	-621.56674	4.4534325	-6.9941859	-616.17187	-605.96479	-599.13503
6	901	-512.71137	-491.22878	-493.09734	21.482595	1.8685684	-503.40594	-479.35765	-479.36535
6	902	-335.11091	-331.00459	-331.71742	4.1063191	0.71283686	-332.05427	-324.51359	-324.51605
6	903	-315.30285	-315.76705	-316.3748	-0.46420351	0.60774174	-312.69829	-310.59778	-310.7348
6	904	-372.64507	-363.61326	-364.95564	9.0318033	1.3423798	-361.0588	-354.44271	-354.44275
6	905	-633.05505	-623.53637	-615.1115	9.5186785	-8.4248761	-618.7827	-603.45024	-592.57689
6	906	-367.86861	-356.56076	-357.99473	11.307853	1.4339764	-356.72703	-346.12233	-345.98198
6	907	-799.86448	-765.07481	-765.13333	34.789668	0.058519588	-782.86158	-740.06705	-740.05069
6	908	-447.99064	-439.47358	-440.80333	8.5170667	1.32975	-433.373	-423.10324	-423.02805
6	909	-530.18163	-517.10319	-518.71577	13.078439	1.6125754	-518.67656	-501.25078	-501.20125
6	910	-438.24489	-420.76414	-421.84566	17.480759	1.0815262	-421.85875	-407.06401	-407.06395
6	911	-281.58713	-273.50304	-274.73593	8.0840842	1.2328895	-278.47614	-264.32376	-263.31647
6	912	-445.97836	-444.17622	-444.82326	1.8021319	0.6470385	-443.73951	-435.15295	-434.5832
6	913	-469.56066	-464.95047	-466.24645	4.6101951	1.2959838	-456.49909	-450.36536	-450.372
6	914	-324.0929	-324.12611	-324.28949	-0.033210787	0.16338017	-321.33105	-317.5999	-314.87951
6	915	-466.28404	-468.29881	-461.19893	-2.0147757	-7.0998786	-451.45088	-446.90509	-443.99275
6	916	-439.87747	-436.7146	-437.16686	3.1628719	0.45226039	-437.59151	-428.90747	-426.7378
6	917	-376.93017	-376.43755	-376.31835	0.49262091	-0.11919803	-371.40386	-367.48966	-362.87175
6	918	-428.15213	-426.08507	-426.8551	2.0670583	0.77003558	-425.87699	-417.45374	-415.50683
6	919	-370.99335	-365.20135	-364.63635	5.7920015	-0.56499866	-366.20127	-356.73563	-351.87247
6	920	-359.97061	-347.35838	-349.07522	12.612231	1.7168398	-351.04612	-336.17994	-336.18067
6	921	-582.30175	-579.03994	-575.34488	3.2618066	-3.695056	-568.85821	-565.5306	-559.82771
6	922	-282.84192	-283.53365	-283.79168	-0.69172773	0.25803862	-280.12664	-280.54482	-278.0436
6	923	-497.21654	-482.79637	-479.65275	14.420176	-3.1436148	-482.59083	-466.48067	-462.01696
6	924	-426.37195	-426.10709	-424.76155	0.26486592	-1.3455422	-424.05738	-418.64163	-412.42981
6	925	-657.76857	-639.3274	-639.30867	18.441168	-0.018737583	-639.72763	-617.61921	-617.6459
6	926	-727.68765	-721.32294	-711.05969	6.364716	-10.263249	-714.76209	-706.90063	-698.58783
6	927	-498.96384	-489.14127	-490.77702	9.822574	1.6357593	-487.59014	-476.47476	-476.61953
6	928	-659.49715	-620.51714	-612.15712	38.980016	-8.3600171	-641.14321	-605.58479	-598.72844
6	929	-546.86052	-539.09736	-540.01821	7.7631588	0.92085516	-532.00258	-523.11405	-522.93417
6	930	-196.517	-196.39016	-196.55191	0.12684056	0.16174887	-192.1597	-190.22399	-190.22301
6	931	-474.46493	-474.37095	-462.94055	0.093983423	-11.430402	-465.36121	-462.14833	-450.94233
6	932	-830.60391	-773.73501	-774.37896	56.868904	0.64395618	-819.06374	-763.39988	-763.36985
6	933	-916.34621	-873.73081	-819.67722	42.615404	-54.053585	-899.25301	-851.21719	-798.00704
6	934	-453.97743	-443.6666	-445.45227	10.310823	1.7856642	-446.86955	-432.88249	-432.89001
6	935	-509.94692	-510.12848	-508.47915	-0.18155357	-1.6493218	-498.72754	-498.56351	-491.11676
6	936	-452.3248	-448.57995	-450.98456	3.7448526	2.4046057	-444.34713	-437.16552	-433.67313
6	937	-465.77529	-466.40919	-466.67674	-0.63389957	0.26755232	-457.61121	-458.24261	-454.81813
6	938	-330.41238	-322.65566	-321.825	7.7567216	-0.83066362	-314.97287	-309.18847	-308.86678
6	939	-465.6205	-457.65945	-457.60476	7.9610499	-0.054688843	-456.79429	-443.55004	-439.19672
6	940	-428.1165	-419.05604	-411.33177	9.0604628	-7.7242665	-414.8003	-403.60921	-395.50635
6	941	-460.52101	-458.6178	-452.2606	1.903213	-6.3572021	-449.11737	-445.41335	-436.82461
6	942	-583.27173	-583.44587	-577.20005	-0.17413831	-6.2458253	-569.43142	-563.67396	-558.37897
6	943	-883.58842	-858.91725	-842.03893	24.67117	-16.878324	-869.95321	-838.38475	-818.48585
6	944	-374.21526	-370.62717	-371.72336	3.5880845	1.0961852	-366.01134	-361.05405	-361.78569
6	945	-437.93465	-435.17953	-436.23475	2.7551169	1.0552152	-434.43548	-425.31888	-425.52592
6	946	-432.17525	-428.76113	-429.56673	3.4141169	0.8056028	-417.55731	-416.76947	-416.50942
6	947	-447.18948	-435.47937	-436.6671	11.710113	1.1877335	-437.10973	-427.19568	-427.19767
6	948	-396.88284	-394.73546	-394.71573	2.1473842	-0.019732555	-394.50221	-385.80457	-381.64609
6	949	-281.58108	-281.81121	-279.63321	-0.23013033	-2.1779972	-278.43107	-275.76914	-269.38642
6	950	-353.57994	-350.53786	-351.82256	3.042083	1.2847012	-347.52479	-340.62486	-340.79072
6	951	-314.35584	-313.68544	-309.4695	0.67040064	-4.2159436	-311.81848	-306.77079	-297.47422
6	952	-466.18366	-457.96645	-458.59218	8.2172166	0.62573267	-452.946	-441.29437	-441.40998
6	953	-347.72002	-334.74526	-335.67024	12.974759	0.92497442	-336.79883	-325.43152	-325.41079
6	954	-394.10837	-387.55905	-381.61911	6.5493221	-5.9399363	-383.24616	-378.73967	-368.771
6	955	-328.65315	-324.5389	-325.29349	4.1142439	0.75458196	-323.00143	-315.28986	-315.17864
6	956	-706.44024	-694.51865	-694.14566	11.921586	-0.37299141	-692.56056	-670.90066	-670.90092
6	957	-346.1304	-341.82405	-342.94059	4.3063553	1.1165412	-343.45906	-332.10033	-331.63336
6	958	-377.53154	-377.59404	-378.11447	-0.062499839	0.52043131	-372.24399	-367.31701	-367.49979
6	959	-617.98212	-588.75894	-591.31603	29.223177	2.5570882	-605.51314	-572.81532	-572.90925
6	960	-591.85129	-578.52356	-571.8884	13.327726	-6.6351677	-576.42793	-565.07125	-556.95733
6	961	-509.43885	-508.19758	-508.66989	1.2412754	0.4723124	-499.68581	-497.3768	-495.92957
6	962	-210.48566	-211.03133	-211.44135	-0.54566466	0.41001882	-207.28283	-205.79932	-205.79793
6	963	-471.6179	-465.88009	-467.13616	5.7378043	1.2560643	-461.57584	-450.27974	-446.05089
6	964	-366.71324	-363.08676	-364.17872	3.626479	1.091959	-364.14421	-355.00794	-354.95076
6	965	-383.51197	-382.34907	-382.98212	1.1628968	0.63304672	-377.47873	-370.40365	-370.25099
6	966	-487.60469	-473.15321	-474.955	14.45148	1.8017854	-474.64919	-457.23405	-457.23022
6	967	-690.32028	-688.27677	-677.81249	2.0435054	-10.464285	-677.36171	-669.79552	-664.34438
6	968	-354.30387	-352.41614	-353.37267	1.887731	0.95652599	-351.70602	-342.2248	-342.21994
6	969	-463.34719	-446.68804	-440.77535	16.659155	-5.9126897	-446.56364	-426.07276	-421.20913
6	970	-402.16206	-390.75287	-391.53885	11.409191	0.78597736	-388.70669	-378.17206	-378.33144
6	971	-277.50569	-276.56479	-277.26222	0.94090078	0.69742782	-274.60906	-267.73819	-267.73124
6	972	-728.29264	-721.52466	-685.22727	6.7679793	-36.297398	-711.93648	-701.00905	-664.59553
6	973	-339.19075	-336.99415	-337.98785	2.1966023	0.99370645	-334.16948	-326.50646	-326.52129
6	974	-607.82351	-607.45029	-605.10911	0.37321831	-2.3411781	-591.78445	-588.435	-586.50814
6	975	-439.84991	-437.03843	-437.83074	2.8114725	0.79231071	-433.67313	-429.4072	-429.04288
6	976	-282.90517	-283.30713	-283.88725	-0.40196486	0.58011158	-278.62298	-277.45523	-277.48116
6	977	-362.97388	-360.90462	-361.69854	2.0692595	0.79391112	-355.4911	-347.76796	-347.90345
6	978	-622.49828	-610.84737	-603.1094	11.650909	-7.7379634	-607.3345	-587.0996	-579.087
6	979	-606.02007	-591.80543	-592.27187	14.214639	0.46644207	-592.61732	-576.96621	-576.61377
6	980	-464.39316	-441.98874	-443.33469	22.404423	1.3459499	-448.67691	-424.14979	-424.12048
6	981	-274.52253	-272.34841	-273.10509	2.1741241	0.75668281	-271.47224	-264.30839	-264.3807
6	982	-397.1864	-390.25969	-391.79567	6.926709	1.5359806	-391.95969	-379.60107	-379.56987
6	983	-389.40453	-367.75394	-369.93402	21.650587	2.1800758	-375.1228	-354.37938	-354.38308
6	984	-399.22815	-394.78606	-395.23609	4.44209	0.45003102	-396.13168	-384.17451	-380.70136
6	985	-313.93186	-305.30661	-306.6017	8.6252497	1.2950816	-307.5725	-294.27222	-294.29591
6	986	-474.02306	-464.37289	-464.95513	9.6501736	0.58224415	-459.83957	-449.02583	-449.0314
6	987	-395.06051	-389.16976	-390.50905	5.890746	1.3392887	-386.10065	-380.36478	-380.37256
6	988	-379.64217	-373.26425	-374.13395	6.377912	0.86969345	-377.19498	-365.65406	-359.82416
6	989	-443.76687	-431.8487	-432.3884	11.918174	0.53970335	-433.03398	-419.43813	-414.22764
6	990	-438.15746	-417.52731	-418.8141	20.630152	1.2867942	-425.01516	-404.92032	-404.90556
6	991	-584.93762	-572.12	-569.03349	12.817616	-3.0865146	-568.05428	-549.36053	-546.09282
6	992	-382.94865	-378.34905	-374.79955	4.5995966	-3.5495064	-368.86182	-360.50619	-357.80658
6	993	-636.4621	-622.83708	-623.36809	13.625014	0.53100267	-622.70949	-605.94174	-605.56572
6	994	-401.45812	-399.11621	-400.53378	2.3419116	1.4175732	-392.24326	-385.69223	-385.68758
6	995	-615.98015	-612.11819	-603.44302	3.8619567	-8.6751717	-601.5401	-591.56062	-582.76399
6	996	-332.88675	-332.66347	-333.22196	0.22327989	0.55848808	-330.24117	-323.99992	-323.97412
6	997	-311.05001	-311.75832	-312.1176	-0.7083116	0.35927245	-307.67501	-307.85877	-307.27565
6	998	-627.96414	-623.85388	-623.78212	4.1102558	-0.071763918	-614.85028	-607.32676	-605.39192
6	999	-261.96179	-261.73635	-262.5581	0.22543876	0.82174765	-258.83027	-253.95216	-254.05243
