No.	ID	loglik_Null_W	loglik_Acc_W	loglik_Full_W	logBF1	logBF2	optM
5	0	-636.54523	-618.093	-623.61802	18.45223	5.5250215	1
5	1	-478.61785	-467.06626	-470.95081	11.551592	3.8845475	1
5	2	-564.58752	-542.88268	-548.74167	21.704838	5.858987	1
5	3	-516.54745	-493.63218	-495.95084	22.915274	2.3186571	1
5	4	-441.51263	-416.72255	-422.94581	24.790082	6.2232643	1
5	5	-526.65313	-511.42812	-516.28712	15.225012	4.859001	1
5	6	-496.96326	-479.24117	-481.93014	17.722097	2.6889776	1
5	7	-693.53917	-665.94442	-663.26407	27.59475	-2.6803478	2
5	8	-866.56711	-853.67267	-857.20598	12.894447	3.5333163	1
5	9	-487.34357	-466.13897	-470.80885	21.204605	4.6698795	1
5	10	-497.57719	-489.10938	-492.2135	8.4678162	3.104123	1
5	11	-494.32193	-481.96446	-484.3667	12.35747	2.4022402	1
5	12	-686.55901	-659.5094	-665.39886	27.04962	5.8894646	1
5	13	-518.8553	-501.64554	-508.12557	17.209759	6.480032	1
5	14	-695.4583	-681.89918	-685.32579	13.559116	3.4266096	1
5	15	-714.3895	-711.21494	-711.33301	3.1745622	0.11806734	1
5	16	-487.6744	-470.5426	-474.7467	17.131807	4.2040997	1
5	17	-434.6117	-416.20154	-421.56201	18.410162	5.3604692	1
5	18	-522.30697	-516.51506	-521.42693	5.7919061	4.9118728	1
5	19	-611.08452	-583.08189	-590.10597	28.002627	7.0240735	1
5	20	-542.62817	-507.76813	-511.99472	34.860038	4.2265887	1
5	21	-501.84546	-490.31525	-492.24142	11.53021	1.9261633	1
5	22	-668.4423	-650.98746	-655.2273	17.454847	4.2398441	1
5	23	-685.13939	-671.32498	-667.8238	13.814403	-3.5011805	2
5	24	-631.16641	-619.42038	-621.59958	11.746027	2.1791974	1
5	25	-374.84655	-361.86828	-367.73441	12.978278	5.8661307	1
5	26	-538.09554	-515.71417	-520.51674	22.381368	4.802575	1
5	27	-482.39607	-464.12974	-470.90114	18.266333	6.7714075	1
5	28	-590.16814	-568.71396	-573.61926	21.454176	4.9052915	1
5	29	-664.88038	-640.35854	-641.35561	24.521841	0.99706878	1
5	30	-702.55958	-690.82211	-692.67214	11.737471	1.850036	1
5	31	-554.4749	-531.78921	-539.46796	22.685691	7.6787516	1
5	32	-682.11708	-661.73374	-665.92525	20.383344	4.1915095	1
5	33	-603.07632	-577.08494	-580.23289	25.991382	3.1479502	1
5	34	-614.58416	-597.45932	-599.15812	17.124843	1.6987996	1
5	35	-620.15935	-607.41401	-607.97961	12.745342	0.5656014	1
5	36	-454.29837	-433.97137	-438.38929	20.326997	4.4179222	1
5	37	-457.50098	-446.73401	-446.70434	10.766963	-0.02967348	2
5	38	-455.96829	-445.13815	-451.29343	10.830132	6.1552769	1
5	39	-535.1616	-517.79746	-522.05524	17.364141	4.25778	1
5	40	-522.18233	-506.84296	-509.22471	15.33938	2.3817553	1
5	41	-521.72141	-517.96608	-518.39186	3.7553275	0.42577975	1
5	42	-557.43966	-543.15792	-549.81303	14.281742	6.6551178	1
5	43	-442.43279	-424.26186	-429.46299	18.170931	5.2011374	1
5	44	-650.3795	-634.11923	-635.98877	16.260268	1.8695358	1
5	45	-673.2227	-668.61373	-672.07063	4.6089747	3.4568992	1
5	46	-417.8041	-400.52851	-405.53422	17.275594	5.0057189	1
5	47	-505.50729	-494.99629	-498.6537	10.511003	3.6574085	1
5	48	-514.69859	-505.82948	-509.46224	8.8691091	3.6327549	1
5	49	-402.40972	-394.09715	-398.86626	8.3125649	4.7691087	1
5	50	-550.03842	-541.9414	-544.71897	8.0970171	2.7775699	1
5	51	-435.46613	-411.99155	-418.3086	23.474574	6.3170509	1
5	52	-567.91343	-550.49256	-552.19043	17.420878	1.697874	1
5	53	-572.02884	-557.24381	-564.95744	14.785036	7.7136313	1
5	54	-445.20552	-423.48623	-428.76252	21.719295	5.2762963	1
5	55	-408.63661	-395.27077	-398.52076	13.365835	3.249991	1
5	56	-522.19237	-494.43142	-501.28808	27.760951	6.8566587	1
5	57	-550.80789	-536.06251	-525.6774	14.745388	-10.385105	2
5	58	-560.37961	-539.92132	-544.33855	20.458286	4.417231	1
5	59	-710.79496	-697.47022	-696.90249	13.324742	-0.56773019	2
5	60	-607.38935	-571.08791	-572.75748	36.301438	1.6695611	1
5	61	-729.93424	-692.30061	-698.50763	37.633633	6.207023	1
5	62	-655.46504	-641.02551	-644.99811	14.439529	3.9725994	1
5	63	-436.00651	-430.60963	-431.72517	5.396888	1.1155441	1
5	64	-670.53361	-670.07148	-668.6966	0.46212548	-1.3748839	2
5	65	-493.58551	-470.26831	-474.19208	23.317205	3.9237737	1
5	66	-582.42338	-566.60633	-569.33428	15.817052	2.7279481	1
5	67	-543.31869	-527.06733	-530.5903	16.251359	3.5229625	1
5	68	-879.80874	-872.41243	-878.7259	7.3963091	6.3134696	1
5	69	-595.63351	-581.07092	-581.38879	14.562594	0.31786975	1
5	70	-616.21362	-597.13892	-602.68735	19.074692	5.5484298	1
5	71	-374.72956	-360.53262	-366.44628	14.196934	5.9136579	1
5	72	-555.22275	-530.3717	-534.98254	24.85105	4.6108372	1
5	73	-460.85807	-445.93904	-450.03121	14.919039	4.0921706	1
5	74	-578.53611	-561.59846	-563.95626	16.937654	2.3577976	1
5	75	-497.87959	-493.03619	-491.60584	4.8433989	-1.4303458	2
5	76	-636.84878	-623.3707	-626.34341	13.478083	2.9727149	1
5	77	-713.83567	-697.33432	-704.56789	16.501352	7.2335743	1
5	78	-568.36803	-543.96972	-547.89138	24.398311	3.9216622	1
5	79	-650.24814	-631.03043	-634.78635	19.21771	3.755921	1
5	80	-578.95862	-568.64034	-573.55056	10.318282	4.9102219	1
5	81	-549.84608	-539.69416	-541.91824	10.151928	2.2240889	1
5	82	-613.69299	-596.49097	-594.92362	17.202027	-1.5673484	2
5	83	-701.75795	-690.13798	-691.24106	11.619977	1.1030797	1
5	84	-434.45486	-420.69312	-426.66113	13.761733	5.968005	1
5	85	-514.00559	-501.8596	-504.92402	12.145991	3.0644189	1
5	86	-586.75949	-563.31525	-568.09532	23.44424	4.780067	1
5	87	-518.24	-499.76321	-506.80666	18.476792	7.0434499	1
5	88	-656.68679	-648.01793	-647.47155	8.6688502	-0.54638626	2
5	89	-511.90799	-492.83158	-497.02676	19.076407	4.1951822	1
5	90	-559.94347	-547.798	-554.20413	12.14547	6.4061263	1
5	91	-530.75243	-519.18826	-522.51628	11.564171	3.3280255	1
5	92	-603.76009	-588.46588	-587.62787	15.294211	-0.83800841	2
5	93	-617.47878	-606.06546	-610.04012	11.413319	3.9746593	1
5	94	-630.09203	-613.02628	-613.26072	17.065751	0.23443754	1
5	95	-863.51668	-845.5225	-847.30887	17.994175	1.7863644	1
5	96	-595.30431	-581.7667	-583.40312	13.537616	1.6364196	1
5	97	-396.27615	-387.9967	-392.78724	8.2794592	4.7905483	1
5	98	-606.20554	-583.51806	-589.84721	22.687479	6.3291506	1
5	99	-487.94439	-457.6728	-463.2772	30.271591	5.6044093	1
