No.	ID	loglik_Null	loglik_Acc	loglik_Full	logBF1	logBF2	loglik_Max_M0	loglik_Max_M1	loglik_Max_M2
5	0	-393.58909	-394.02384	-392.99339	-0.4347524	-1.0304566	-390.31947	-389.60654	-376.21643
5	1	-384.59569	-382.47553	-383.33962	2.120159	0.8640854	-382.16236	-374.69926	-371.49441
5	2	-418.2078	-417.22384	-415.40346	0.98395746	-1.8203853	-415.93607	-411.48892	-395.55855
5	3	-436.67115	-424.04093	-423.26325	12.630217	-0.77768695	-422.51168	-413.84573	-406.51866
5	4	-326.47378	-325.17668	-325.64991	1.2970948	0.47322907	-323.45356	-319.49328	-314.48813
5	5	-475.34211	-470.32729	-468.60529	5.0148268	-1.7219932	-465.4629	-462.12112	-454.36171
5	6	-1472.4019	-1322.6856	-1323.6833	149.71638	0.99777471	-1458.9185	-1303.2769	-1303.2778
5	7	-480.48286	-478.31257	-476.5697	2.1702832	-1.7428707	-471.69839	-468.29926	-459.3141
5	8	-963.91942	-942.42165	-911.3967	21.497768	-31.024952	-951.24667	-923.67087	-890.57022
5	9	-437.75399	-435.9709	-430.79839	1.7830917	-5.1725049	-428.32921	-424.63005	-415.99744
5	10	-713.6361	-713.20571	-696.93808	0.43038336	-16.267629	-699.17444	-696.83174	-671.66846
5	11	-343.20535	-342.28673	-341.14732	0.91861391	-1.1394141	-340.68504	-337.32692	-328.43966
5	12	-265.41949	-265.96054	-266.4381	-0.54104681	0.47756563	-262.58632	-263.00403	-260.01078
5	13	-506.67452	-499.38709	-500.08514	7.287426	0.69804738	-495.29826	-487.12878	-485.85516
5	14	-345.16093	-345.51952	-343.89483	-0.35859489	-1.6246978	-342.7641	-342.00943	-334.28183
5	15	-337.84817	-336.86366	-333.59774	0.98451512	-3.2659208	-335.2676	-332.07021	-322.11717
5	16	-562.7135	-562.7136	-552.04768	-9.5771783e-05	-10.665916	-549.24401	-542.70655	-527.65268
5	17	-321.12654	-321.62787	-320.18112	-0.50132741	-1.4467452	-318.51484	-318.93224	-307.88158
5	18	-495.74325	-494.72078	-471.13213	1.022465	-23.588652	-478.23976	-475.42228	-456.92194
5	19	-362.91208	-356.06169	-358.03088	6.8503927	1.9691928	-358.26223	-347.41599	-344.78283
5	20	-430.2849	-428.90308	-426.86526	1.3818214	-2.0378248	-427.82281	-423.87996	-415.70567
5	21	-391.90274	-388.85802	-390.04027	3.0447165	1.1822468	-389.47358	-382.89485	-382.37159
5	22	-681.87069	-607.57992	-610.3623	74.29077	2.7823823	-666.61463	-597.69795	-597.70228
5	23	-525.68929	-513.63264	-506.52424	12.056647	-7.1084019	-517.28213	-506.68594	-493.54004
5	24	-577.24195	-573.25868	-550.73249	3.9832721	-22.526196	-561.44073	-552.0533	-531.87336
5	25	-486.70511	-481.54479	-474.34493	5.1603196	-7.1998633	-472.89952	-468.61877	-458.00198
5	26	-361.7185	-362.45163	-360.9824	-0.73313641	-1.469234	-353.54156	-353.87541	-344.34293
5	27	-467.80085	-453.15087	-455.70205	14.649989	2.5511885	-460.23021	-444.65037	-443.82775
5	28	-401.8076	-402.03813	-402.22953	-0.23052814	0.19140012	-399.4571	-398.40271	-394.83954
5	29	-454.86122	-454.80638	-452.99931	0.054843683	-1.8070714	-447.79067	-444.43013	-434.40174
5	30	-430.33555	-422.56147	-409.93699	7.7740731	-12.624482	-415.45378	-406.15503	-393.52398
5	31	-244.83671	-245.05878	-245.79076	-0.22207864	0.73197382	-241.67081	-239.84759	-239.94249
5	32	-526.47431	-517.57998	-511.9112	8.8943327	-5.6687739	-509.50292	-497.62223	-497.09321
5	33	-479.99486	-474.90725	-471.91117	5.087605	-2.9960832	-468.00478	-461.44652	-456.15284
5	34	-495.85	-488.24905	-489.87454	7.6009533	1.6254894	-486.33742	-479.29348	-473.97216
5	35	-518.80854	-507.61847	-508.88057	11.190067	1.2620982	-506.23407	-497.23081	-496.72681
5	36	-364.69039	-365.10136	-362.02625	-0.41097339	-3.0751071	-361.48844	-361.90494	-353.30117
5	37	-281.91605	-281.90828	-281.66732	0.0077656752	-0.24095947	-279.12455	-277.12967	-271.71146
5	38	-602.93582	-586.12285	-553.73215	16.812968	-32.390702	-585.20426	-567.07905	-534.01871
5	39	-252.98838	-253.5429	-254.15062	-0.55452242	0.60772245	-250.0203	-250.17401	-250.20024
5	40	-210.74089	-210.20187	-210.378	0.53902296	0.17612911	-207.31355	-204.18986	-199.87044
5	41	-304.03939	-303.98319	-303.3655	0.0561986	-0.61768963	-301.23335	-299.32438	-293.11528
5	42	-534.81945	-532.09042	-522.37838	2.729039	-9.7120334	-521.74246	-514.81997	-501.34155
5	43	-717.94834	-715.52897	-707.60211	2.4193748	-7.9268616	-704.97179	-701.86089	-687.96731
5	44	-288.31469	-288.65075	-289.39287	-0.33606316	0.74212027	-284.85346	-284.55358	-284.76347
5	45	-512.34564	-511.23897	-508.61773	1.1066693	-2.6212413	-503.63547	-497.98221	-491.61908
5	46	-321.02032	-321.26337	-321.09388	-0.24305756	-0.16949424	-318.42435	-317.03419	-312.7404
5	47	-643.53568	-628.31981	-602.58086	15.215875	-25.738947	-625.58676	-610.51277	-585.31784
5	48	-683.98584	-667.04901	-646.04213	16.936833	-21.006876	-667.7438	-646.20164	-621.84498
5	49	-689.74236	-683.13195	-663.01629	6.610412	-20.115662	-672.41382	-662.58066	-641.17319
5	50	-443.69089	-428.08129	-423.22824	15.609601	-4.8530443	-427.99273	-414.58896	-405.44743
5	51	-577.39756	-572.92179	-555.77758	4.475765	-17.144215	-560.14895	-553.03135	-533.00592
5	52	-359.01081	-353.42598	-353.0565	5.5848288	-0.36948628	-351.96073	-344.77982	-337.63763
5	53	-712.76251	-708.78992	-687.50178	3.9725833	-21.288143	-699.98474	-691.35201	-666.35564
5	54	-478.79173	-465.69892	-465.6172	13.092816	-0.081719615	-465.03784	-452.4065	-446.71124
5	55	-602.34311	-577.07694	-578.81457	25.266176	1.7376321	-583.98881	-559.88944	-559.86657
5	56	-469.94238	-450.64504	-451.52684	19.297344	0.88180236	-453.55028	-440.91071	-439.53388
5	57	-615.3214	-599.50997	-561.98638	15.811431	-37.523586	-598.66588	-583.70853	-548.02246
5	58	-469.19046	-461.07734	-443.80153	8.1131115	-17.275819	-451.75339	-442.03653	-425.25032
5	59	-340.48299	-339.26537	-340.36951	1.2176209	1.1041429	-336.84694	-331.97844	-331.54209
5	60	-481.43818	-477.79835	-476.51975	3.6398325	-1.278603	-468.69569	-464.86544	-457.57986
5	61	-483.97951	-469.18374	-458.25895	14.795769	-10.924792	-465.44585	-456.49543	-438.9376
5	62	-338.11127	-332.38917	-333.80905	5.722097	1.4198758	-332.33205	-326.21805	-326.21451
5	63	-412.9604	-403.00343	-398.13377	9.9569628	-4.8696602	-399.9208	-390.43477	-382.6508
5	64	-339.46939	-337.11011	-337.35987	2.3592813	0.24975406	-336.89789	-329.53267	-324.59793
5	65	-296.67348	-295.8606	-297.16756	0.81288728	1.3069634	-294.01467	-290.51813	-290.50412
5	66	-375.02865	-374.75183	-372.43511	0.27681831	-2.3167183	-372.48227	-369.92015	-360.92883
5	67	-519.88581	-518.49417	-518.5465	1.3916439	0.052332049	-515.06783	-509.48232	-495.82438
5	68	-185.38066	-184.30552	-185.46058	1.0751367	1.1550601	-181.54879	-177.79776	-177.80718
5	69	-363.77455	-361.35697	-361.73174	2.4175823	0.37476677	-360.88113	-352.64359	-346.90352
5	70	-315.32584	-315.71283	-311.43242	-0.38699223	-4.280417	-303.89566	-302.03848	-298.98353
5	71	-371.62116	-372.03977	-370.88171	-0.41860903	-1.1580582	-368.9975	-369.42087	-363.41585
5	72	-569.44494	-568.93261	-567.05009	0.51232438	-1.8825224	-555.8062	-552.72008	-549.1921
5	73	-430.86565	-426.01763	-411.42842	4.8480247	-14.589207	-416.68856	-411.29707	-394.95222
5	74	-489.34099	-474.68277	-475.622	14.65822	0.93923003	-472.48533	-458.71885	-458.72556
5	75	-673.02675	-660.4502	-652.67063	12.576544	-7.7795684	-659.12915	-641.8048	-635.22456
5	76	-540.88921	-533.74259	-531.85741	7.1466177	-1.885182	-527.40933	-520.44433	-512.76578
5	77	-371.4735	-371.19051	-361.12496	0.2829989	-10.065549	-359.19903	-356.62756	-344.69105
5	78	-373.93662	-372.8274	-373.2145	1.1092211	0.38710082	-369.44034	-366.24982	-360.841
5	79	-633.04724	-632.93157	-621.46962	0.1156666	-11.461946	-618.52013	-617.59506	-599.33805
5	80	-475.86918	-468.97939	-470.16689	6.8897911	1.1875028	-465.30209	-458.72472	-458.74786
5	81	-400.31998	-399.834	-400.13517	0.4859784	0.30116269	-395.30152	-390.2487	-383.48824
5	82	-472.16074	-469.39865	-468.38101	2.7620887	-1.017643	-456.60517	-454.75626	-453.43144
5	83	-378.83325	-379.21813	-373.7009	-0.3848768	-5.5172211	-373.92903	-373.39762	-361.13932
5	84	-438.78311	-434.13415	-435.85459	4.6489572	1.720442	-431.10343	-427.47829	-426.74805
5	85	-589.70744	-576.03091	-569.96938	13.676527	-6.0615318	-572.48359	-552.96401	-547.26831
5	86	-275.71501	-273.80058	-274.40388	1.9144252	0.6033012	-272.64556	-266.78925	-263.36216
5	87	-698.42012	-684.1032	-665.1652	14.316916	-18.938003	-681.60194	-664.74908	-650.95278
5	88	-307.7509	-307.09462	-307.24391	0.65627324	0.14928657	-304.82204	-299.74319	-295.93805
5	89	-417.20823	-417.44915	-416.07019	-0.24091792	-1.3789574	-413.96966	-412.85612	-403.69214
5	90	-434.01881	-428.80764	-422.30784	5.2111725	-6.4997963	-415.81547	-409.75411	-407.32029
5	91	-395.2241	-387.35156	-388.4988	7.8725392	1.147243	-390.82128	-379.46633	-376.2042
5	92	-410.43727	-406.57933	-407.33954	3.85794	0.76020868	-405.72703	-394.6066	-387.04707
5	93	-243.13162	-243.78928	-244.23184	-0.65765975	0.44255545	-234.8814	-235.29938	-233.01357
5	94	-350.68984	-350.78644	-351.38118	-0.096599712	0.59473379	-347.7135	-346.33131	-343.96078
5	95	-377.14001	-374.53926	-370.62837	2.6007518	-3.910886	-374.10683	-369.87219	-358.72364
5	96	-699.77762	-672.88919	-637.83752	26.888428	-35.05167	-683.3964	-655.85555	-619.50558
5	97	-322.62092	-322.48679	-322.85653	0.13412801	0.36973878	-318.37618	-315.54268	-310.66473
5	98	-305.7778	-305.77019	-305.86583	0.0076085216	0.09563621	-299.0322	-297.17053	-293.95254
5	99	-463.01754	-462.8197	-438.84107	0.19784845	-23.978624	-448.46744	-443.652	-423.43577
5	100	-534.45092	-523.26167	-514.05608	11.189244	-9.205596	-518.77623	-508.61727	-495.49579
5	101	-444.35437	-441.70106	-442.91158	2.6533061	1.210523	-437.83507	-431.75188	-430.67428
5	102	-559.35161	-554.67002	-540.89259	4.6815896	-13.777422	-540.29016	-536.37458	-521.67172
5	103	-401.54287	-398.83159	-392.3697	2.711278	-6.4618928	-394.13809	-390.591	-379.04543
5	104	-472.05867	-469.80597	-469.93102	2.2526979	0.12505188	-462.33454	-460.14121	-455.47831
5	105	-361.95959	-362.13746	-361.21768	-0.1778732	-0.91978818	-359.42241	-358.21228	-351.10583
5	106	-508.76715	-504.43419	-502.44995	4.3329606	-1.9842396	-500.4818	-494.07886	-483.43121
5	107	-476.44734	-472.24407	-467.45609	4.2032654	-4.7879772	-464.88619	-458.5728	-447.92085
5	108	-525.82469	-521.27844	-512.42953	4.5462483	-8.8489111	-513.39023	-505.45055	-488.509
5	109	-444.69008	-443.36483	-433.68725	1.3252548	-9.6775775	-435.70355	-433.00001	-417.2905
5	110	-433.52416	-432.98219	-427.41269	0.54197258	-5.5695054	-430.09864	-427.17769	-411.65396
5	111	-743.393	-705.63872	-684.04381	37.754273	-21.594911	-725.65847	-686.66533	-664.44321
5	112	-631.0317	-630.19192	-617.34554	0.83977991	-12.846385	-614.11934	-608.80932	-596.09849
5	113	-405.22553	-402.23079	-396.19641	2.994737	-6.0343782	-394.93986	-392.60831	-380.80328
5	114	-378.46585	-373.17708	-375.42118	5.2887771	2.2441048	-371.75409	-365.94203	-365.94166
5	115	-647.07042	-640.0742	-634.46669	6.9962135	-5.6075132	-628.81884	-619.18554	-610.80621
5	116	-717.84276	-705.15434	-700.95645	12.688425	-4.1978914	-706.33521	-686.88638	-677.04961
5	117	-395.77791	-394.66421	-393.76445	1.1136989	-0.89976278	-392.80398	-387.85732	-379.93381
5	118	-386.50317	-386.28611	-384.95741	0.21705193	-1.3287025	-384.06337	-380.24644	-374.68487
5	119	-284.37832	-283.846	-284.92349	0.53231579	1.0774843	-281.59696	-277.84785	-277.84065
5	120	-827.71788	-813.33595	-786.13608	14.381928	-27.199868	-813.54453	-793.69179	-764.61738
5	121	-606.27467	-603.12485	-556.54144	3.1498211	-46.583407	-591.47832	-585.3643	-541.52022
5	122	-416.08937	-413.20352	-409.37704	2.8858458	-3.8264834	-405.95634	-400.83372	-392.08112
5	123	-370.55906	-364.52559	-365.39468	6.0334648	0.86908854	-365.56888	-359.44242	-356.57662
5	124	-306.9549	-293.74492	-295.73195	13.209971	1.9870245	-296.94099	-285.18251	-285.19337
5	125	-515.31451	-501.56687	-491.81727	13.747641	-9.7495971	-501.77075	-488.68532	-478.14077
5	126	-370.18941	-368.27066	-362.56483	1.9187475	-5.7058252	-362.14727	-358.58098	-346.82365
5	127	-405.12686	-405.50495	-404.97673	-0.37808926	-0.52822335	-398.47034	-398.80111	-392.26489
5	128	-280.066	-280.14162	-280.49671	-0.075626055	0.35508137	-277.16454	-275.47389	-272.50528
5	129	-196.9316	-195.49927	-197.36375	1.4323286	1.8644758	-193.38099	-188.24315	-188.2511
5	130	-302.38068	-299.91385	-301.07766	2.4668311	1.1638178	-297.31723	-291.35868	-290.47237
5	131	-341.01189	-337.71993	-337.54651	3.2919607	-0.17342256	-336.90015	-332.69751	-327.7371
5	132	-592.19071	-587.55781	-579.58166	4.6328969	-7.9761475	-577.63267	-567.55169	-560.77341
5	133	-279.18613	-279.40032	-279.62782	-0.21418279	0.22750899	-276.36112	-274.78899	-271.84871
5	134	-522.79158	-519.09812	-512.60177	3.6934575	-6.4963491	-507.44551	-507.13489	-494.0303
5	135	-794.28816	-768.45892	-747.7609	25.829233	-20.698025	-779.54862	-747.02039	-723.48015
5	136	-491.88397	-488.75255	-485.95766	3.1314216	-2.7948948	-489.75646	-482.36326	-472.42411
5	137	-421.10676	-419.94314	-419.60051	1.1636185	-0.34263513	-417.00267	-413.62731	-397.18632
5	138	-362.71376	-358.66391	-360.5186	4.0498454	1.8546888	-355.17729	-348.98453	-347.60787
5	139	-1362.2658	-1282.256	-1200.3393	80.009763	-81.916714	-1350.4398	-1265.1785	-1181.8397
5	140	-663.76342	-661.03744	-649.29979	2.7259812	-11.73765	-651.39008	-644.17252	-630.0948
5	141	-408.47379	-396.5395	-388.75427	11.934293	-7.7852282	-391.65358	-380.65054	-370.44949
5	142	-326.06644	-318.05088	-319.98982	8.0155604	1.9389386	-322.22264	-310.05095	-310.05183
5	143	-482.319	-468.40454	-466.38751	13.914459	-2.0170357	-469.14519	-459.90937	-453.20565
5	144	-599.03258	-591.35943	-573.02534	7.673154	-18.334089	-584.18677	-576.53617	-554.55772
5	145	-356.24668	-354.6091	-356.00547	1.6375844	1.3963671	-353.71706	-348.61432	-348.61223
5	146	-383.81595	-382.36353	-383.20146	1.4524175	0.83793101	-377.5928	-371.91416	-366.32238
5	147	-578.37071	-572.68061	-572.86739	5.6900946	0.18677142	-563.25476	-553.04587	-552.99465
5	148	-364.9658	-364.11981	-365.11807	0.84599933	0.99826903	-362.43227	-358.93554	-358.65742
5	149	-641.91916	-624.4474	-624.33109	17.471765	-0.1163086	-627.75692	-607.3205	-606.63928
5	150	-524.90363	-519.28565	-506.8928	5.6179849	-12.392848	-511.25781	-503.19112	-487.90616
5	151	-447.14639	-437.29613	-422.76944	9.8502571	-14.526684	-434.12211	-423.96316	-408.71043
5	152	-248.68002	-249.12172	-250.96113	-0.44169475	1.8394133	-243.44302	-243.86259	-243.86431
5	153	-496.78888	-481.59739	-470.41905	15.191491	-11.178338	-482.68829	-468.25962	-453.96572
5	154	-432.06928	-418.41537	-416.77167	13.653912	-1.6437027	-416.13207	-402.70544	-396.11749
5	155	-629.95516	-624.12253	-612.10417	5.8326348	-12.018361	-617.22627	-607.97521	-597.77212
5	156	-595.86166	-591.42126	-574.29492	4.4403954	-17.126346	-581.02594	-571.8486	-552.77984
5	157	-209.34084	-209.64139	-210.23438	-0.30055014	0.59298951	-205.8006	-206.21986	-206.21953
5	158	-404.75622	-403.7142	-404.96518	1.042023	1.2509754	-402.53896	-397.9913	-397.95905
5	159	-279.31526	-276.00851	-274.34364	3.3067519	-1.6648644	-276.34664	-270.22521	-260.17548
5	160	-285.10464	-280.95438	-282.4021	4.1502579	1.4477222	-282.22611	-275.02202	-275.02153
5	161	-517.68607	-512.81383	-502.86055	4.8722399	-9.9532828	-499.55674	-495.52294	-485.87391
5	162	-625.27059	-601.38738	-594.36157	23.883209	-7.0258186	-606.19105	-578.8443	-572.52943
5	163	-404.37619	-404.24686	-404.87941	0.12932566	0.6325478	-401.98624	-399.66431	-397.53764
5	164	-792.78198	-765.91759	-753.54039	26.864389	-12.3772	-776.32699	-748.10901	-738.52511
5	165	-648.90953	-640.95804	-633.49591	7.9514843	-7.4621274	-635.89306	-621.26223	-610.29362
5	166	-799.34097	-743.09674	-714.09027	56.24423	-29.006467	-781.76375	-723.52716	-693.6874
5	167	-413.08235	-412.35523	-413.24631	0.72711677	0.89107892	-405.97441	-402.33074	-401.14089
5	168	-386.38512	-383.99877	-379.96797	2.3863487	-4.0308044	-383.75128	-376.18598	-366.37337
5	169	-314.88748	-311.25193	-312.36787	3.6355491	1.1159472	-312.18729	-306.13495	-304.73262
5	170	-491.61508	-475.47552	-476.83762	16.139561	1.3620966	-476.14546	-463.88782	-463.97063
5	171	-326.50282	-324.06844	-324.40513	2.4343782	0.33669411	-323.82269	-317.72798	-313.66477
5	172	-476.20141	-473.03072	-473.37664	3.1706974	0.34592693	-471.59157	-467.08302	-461.4843
5	173	-530.9956	-517.9091	-511.15784	13.086503	-6.7512624	-517.88532	-505.70662	-496.32261
5	174	-616.05784	-598.57672	-598.52007	17.481119	-0.056657037	-599.21127	-579.5734	-579.61826
5	175	-365.07945	-360.30733	-354.76465	4.7721207	-5.542676	-360.77954	-352.24103	-339.57934
5	176	-499.97444	-497.11013	-482.92837	2.8643097	-14.181757	-487.21289	-482.65316	-467.13352
5	177	-340.48955	-340.34937	-339.99974	0.14017944	-0.34963287	-337.95155	-335.25858	-327.17014
5	178	-446.29895	-445.8997	-444.71252	0.39925065	-1.187179	-435.15577	-435.30359	-427.98695
5	179	-421.04088	-420.37917	-416.59042	0.66171236	-3.7887483	-418.66709	-416.05068	-403.51487
5	180	-597.72832	-594.91204	-576.85473	2.8162796	-18.057313	-580.81981	-574.44096	-556.4239
5	181	-652.07021	-642.7328	-628.35557	9.3374096	-14.377223	-636.97385	-626.28458	-609.61847
5	182	-529.38365	-527.65948	-521.11462	1.7241702	-6.5448665	-520.68059	-516.73691	-503.51099
5	183	-250.71524	-250.91507	-251.49636	-0.19982946	0.58129379	-247.44085	-245.98012	-244.26619
5	184	-618.72543	-609.56403	-593.21737	9.1613987	-16.346662	-600.67737	-587.76241	-570.30828
5	185	-281.82345	-281.44572	-281.64287	0.37773494	0.19715366	-273.39957	-270.17058	-267.40191
5	186	-502.23346	-486.95966	-488.18611	15.273801	1.2264491	-489.78374	-481.06284	-476.63608
5	187	-600.80446	-598.78804	-575.34139	2.0164208	-23.44665	-584.27147	-578.196	-554.57623
5	188	-463.80522	-452.6649	-434.85854	11.140324	-17.806365	-450.38839	-438.11743	-417.64455
5	189	-484.06014	-484.26981	-468.15692	-0.20967177	-16.112895	-469.08673	-466.18919	-455.14352
5	190	-269.07047	-264.43843	-265.93619	4.632038	1.4977625	-264.0887	-257.7932	-256.92971
5	191	-549.12718	-535.36856	-511.70265	13.758619	-23.66591	-535.6087	-519.29154	-497.78933
5	192	-652.50225	-650.95045	-641.76764	1.5517957	-9.182816	-637.3462	-632.32478	-619.90418
5	193	-550.68593	-544.84329	-544.49422	5.8426413	-0.34906546	-538.29562	-532.25636	-521.8508
5	194	-345.19004	-333.79307	-335.4654	11.396973	1.6723286	-337.90259	-326.84468	-326.83998
5	195	-647.84958	-644.60487	-631.37641	3.2447066	-13.228461	-632.45087	-625.09488	-608.43665
5	196	-422.38639	-420.64469	-407.9376	1.7416976	-12.707091	-413.40026	-409.86416	-396.35914
5	197	-579.54947	-574.18888	-560.18749	5.3605947	-14.00139	-563.43676	-556.15003	-538.70516
5	198	-620.02179	-608.52031	-597.1133	11.501483	-11.40701	-602.04081	-588.19749	-575.3786
5	199	-526.67758	-526.18985	-522.91535	0.48773122	-3.2745072	-517.80844	-514.17049	-502.24428
5	200	-412.92836	-412.52036	-412.74821	0.40799718	0.22784594	-398.53737	-396.4616	-396.50388
5	201	-297.48501	-294.41331	-295.33764	3.0716969	0.92432907	-290.03765	-284.5517	-281.11841
5	202	-338.17821	-327.49622	-329.68432	10.68199	2.1880984	-330.23782	-318.88393	-318.51666
5	203	-460.30389	-443.77601	-436.05543	16.527885	-7.7205809	-445.9453	-431.80526	-418.24642
5	204	-343.08309	-343.51411	-344.16587	-0.43101994	0.65176074	-339.44888	-340.94732	-340.23271
5	205	-236.32747	-235.99428	-236.84938	0.33319201	0.85510178	-233.16054	-230.27712	-227.58458
5	206	-489.51807	-480.96479	-476.67967	8.5532728	-4.2851258	-475.47948	-466.70346	-461.95646
5	207	-517.88336	-506.57777	-484.5862	11.305595	-21.99157	-502.13522	-488.75091	-468.90507
5	208	-505.78494	-500.62047	-498.64919	5.1644642	-1.9712835	-498.01291	-491.56775	-482.6796
5	209	-542.81872	-534.39167	-536.63843	8.4270479	2.2467561	-529.29524	-527.05606	-522.74995
5	210	-564.40616	-535.34201	-536.22771	29.064149	0.88570071	-549.97495	-521.77075	-518.18057
5	211	-429.25382	-415.75741	-417.09065	13.496409	1.3332444	-422.25721	-408.39204	-405.07111
5	212	-805.71529	-790.08239	-773.56247	15.632901	-16.519921	-793.53612	-770.29638	-748.67018
5	213	-555.16301	-543.51496	-540.0103	11.648052	-3.5046586	-539.74182	-532.49392	-518.9259
5	214	-488.33754	-488.57987	-490.28649	-0.24233018	1.7066178	-480.83964	-479.67425	-470.71278
5	215	-277.95858	-276.38458	-277.76372	1.573997	1.3791438	-275.14122	-269.09149	-269.09606
5	216	-278.20533	-278.26599	-277.85567	-0.060652199	-0.41031701	-275.26602	-273.97759	-268.46022
5	217	-316.84852	-316.48429	-317.40579	0.36423158	0.92150308	-314.1686	-311.62504	-310.29495
5	218	-422.87838	-419.03714	-416.68552	3.841236	-2.3516169	-415.71709	-408.48682	-397.2404
5	219	-744.93033	-738.92254	-722.97094	6.0077919	-15.951598	-729.49339	-718.46882	-700.51516
5	220	-337.94837	-337.98989	-338.49018	-0.041518193	0.50029337	-330.68405	-328.82684	-327.91275
5	221	-479.251	-471.32572	-470.9314	7.9252796	-0.39432449	-472.72982	-462.89997	-456.50442
5	222	-264.34559	-264.14616	-264.25753	0.19943152	0.11137108	-261.37481	-259.42597	-255.6432
5	223	-386.73919	-376.74147	-378.77859	9.997724	2.0371214	-378.00645	-368.3835	-366.37965
5	224	-605.59667	-605.50178	-584.42741	0.094888813	-21.074371	-587.90547	-587.00316	-562.53413
5	225	-373.88597	-373.87207	-373.47061	0.013897348	-0.401461	-371.38858	-369.08251	-364.59853
5	226	-632.94207	-628.12542	-610.76555	4.8166524	-17.359874	-616.81825	-610.28158	-593.69684
5	227	-406.07191	-402.94364	-402.86314	3.1282679	-0.080500059	-402.40996	-392.57793	-385.43864
5	228	-1046.8059	-1038.4196	-974.8077	8.3863315	-63.611863	-1033.9422	-1020.1184	-948.563
5	229	-304.7111	-304.7897	-305.45686	-0.078605452	0.66715868	-301.88653	-300.33463	-299.01022
5	230	-400.61977	-400.46168	-400.32949	0.15808933	-0.13219004	-392.41916	-389.57223	-385.00647
5	231	-405.76598	-404.15381	-408.65014	1.6121777	4.4963384	-403.36802	-397.28126	-386.1684
5	232	-475.84364	-460.98812	-462.23885	14.855517	1.2507216	-465.68096	-454.60822	-454.61857
5	233	-442.4516	-437.22174	-438.30777	5.2298685	1.0860337	-440.28352	-429.87497	-425.85743
5	234	-340.40075	-337.30756	-338.08247	3.0931864	0.77490696	-332.64037	-329.7308	-329.08098
5	235	-460.98173	-460.26115	-458.5088	0.72058788	-1.7523482	-450.65578	-449.80679	-445.72662
5	236	-275.00557	-275.2557	-275.7699	-0.25012413	0.51420214	-272.24732	-270.58252	-266.97465
5	237	-434.95436	-434.94091	-430.98599	0.013450867	-3.9549267	-427.36929	-427.85268	-415.32331
5	238	-532.77211	-522.22912	-524.47348	10.542988	2.2443632	-525.5774	-514.61518	-514.17662
5	239	-574.5573	-555.78314	-552.89356	18.774157	-2.8895835	-559.50818	-542.41862	-529.21394
5	240	-402.83408	-402.56495	-403.24896	0.26912818	0.68401153	-399.39461	-398.39789	-396.91252
5	241	-308.96799	-308.96785	-309.86745	0.00014425471	0.89960456	-301.34181	-299.21214	-296.68669
5	242	-478.50589	-478.83626	-475.74283	-0.33037078	-3.0934337	-473.89655	-474.31277	-460.1147
5	243	-531.59502	-530.71452	-522.38913	0.88049685	-8.3253893	-520.4046	-515.28385	-504.19003
5	244	-564.21833	-552.26649	-553.27977	11.951837	1.0132815	-544.97394	-534.81657	-531.89953
5	245	-416.31796	-411.9909	-411.65386	4.3270583	-0.33703951	-409.1256	-403.78401	-396.25345
5	246	-623.28932	-613.5707	-613.57154	9.7186184	0.00084384882	-608.75959	-591.83952	-591.83778
5	247	-460.95028	-452.386	-453.55378	8.5642807	1.1677817	-449.78536	-442.95335	-439.08089
5	248	-457.30099	-456.97057	-458.46665	0.33042322	1.4960855	-447.89048	-444.05844	-440.49539
5	249	-246.85672	-247.03558	-247.56496	-0.17885563	0.52938594	-243.62632	-242.50393	-241.58905
5	250	-560.76885	-550.91725	-548.5251	9.851594	-2.3921512	-545.0233	-534.07791	-526.8718
5	251	-273.89834	-271.97961	-272.52189	1.9187285	0.542273	-270.93511	-266.64758	-264.39393
5	252	-405.3666	-397.28679	-398.80625	8.0798102	1.5194583	-390.87592	-384.88721	-383.32983
5	253	-322.60121	-318.16608	-319.50285	4.4351336	1.3367734	-319.83624	-311.48588	-310.10002
5	254	-533.56466	-530.97915	-528.24787	2.5855092	-2.7312847	-521.37448	-516.31442	-508.92885
5	255	-393.70493	-386.89696	-388.08366	6.8079675	1.1867029	-391.26891	-381.48647	-380.26602
5	256	-283.70821	-283.75827	-284.6033	-0.050058325	0.84503104	-280.84898	-279.24296	-279.34687
5	257	-383.23817	-379.82754	-381.5752	3.4106304	1.7476596	-379.76872	-372.85255	-371.7323
5	258	-533.07538	-530.94182	-526.57533	2.1335604	-4.3664882	-518.71883	-515.8513	-508.3761
5	259	-258.48368	-258.30135	-259.16015	0.18232702	0.85879169	-255.44589	-252.92574	-253.39242
5	260	-317.49344	-315.91829	-317.07646	1.5751459	1.1581731	-310.75727	-305.2747	-303.62628
5	261	-1201.1509	-1155.9156	-1073.3134	45.235342	-82.602181	-1189.2856	-1138.7662	-1050.1129
5	262	-401.36615	-400.43638	-401.23847	0.92977741	0.80209822	-395.1698	-392.13993	-389.79291
5	263	-567.53891	-567.78031	-566.84095	-0.24139778	-0.93936265	-552.04018	-552.85906	-546.62822
5	264	-363.26774	-360.05129	-361.39201	3.2164504	1.3407188	-356.25102	-351.14143	-349.92308
5	265	-420.66098	-418.98746	-420.28656	1.6735177	1.299096	-417.86465	-411.57423	-410.45292
5	266	-326.82897	-327.07935	-326.89458	-0.25037362	-0.18476605	-321.85429	-320.6015	-314.41616
5	267	-336.54876	-334.43186	-330.19596	2.1168947	-4.2359066	-333.85826	-326.59454	-317.82541
5	268	-262.82266	-263.11621	-263.62313	-0.29355077	0.50692013	-259.73992	-259.93043	-258.61678
5	269	-310.46676	-310.50856	-311.34537	-0.041798829	0.83680854	-307.73642	-306.40497	-306.40195
5	270	-296.18191	-296.13179	-296.3146	0.050123476	0.18280424	-293.26165	-290.41777	-279.57361
5	271	-336.55065	-336.30298	-334.37691	0.24766936	-1.9260616	-333.79984	-330.75779	-324.19773
5	272	-335.1953	-335.47702	-335.73004	-0.28171808	0.25302403	-332.34873	-331.6357	-327.43078
5	273	-549.58978	-546.93425	-538.83373	2.6555281	-8.1005236	-540.74711	-539.42562	-522.6845
5	274	-381.06405	-381.37511	-371.34303	-0.31106568	-10.032084	-372.23357	-371.81319	-354.22168
5	275	-437.78661	-431.46036	-433.71471	6.3262425	2.2543464	-428.86476	-419.15927	-418.21252
5	276	-598.14294	-595.74521	-590.83312	2.3977306	-4.9120862	-585.53958	-579.45914	-567.78778
5	277	-358.30042	-358.40257	-356.62511	-0.10215011	-1.7774578	-354.93348	-353.75924	-344.25287
5	278	-336.26749	-336.40763	-335.10849	-0.1401444	-1.2991383	-333.67072	-332.32738	-322.04738
5	279	-316.6901	-315.34559	-315.0452	1.3445161	-0.30038997	-314.02921	-310.3115	-303.90989
5	280	-358.63086	-350.93571	-352.82287	7.6951488	1.8871613	-349.33507	-341.83893	-338.53922
5	281	-495.68487	-483.91343	-485.42281	11.771433	1.5093765	-482.73433	-471.23609	-471.21628
5	282	-451.6864	-451.11584	-441.78235	0.57056592	-9.333484	-440.26938	-440.05333	-428.07647
5	283	-422.23352	-420.38398	-414.43306	1.8495365	-5.9509205	-418.57175	-414.50291	-399.16694
5	284	-655.70912	-638.08742	-606.42576	17.621704	-31.66166	-637.66103	-619.64342	-592.47935
5	285	-587.702	-585.99802	-583.03136	1.703975	-2.9666609	-573.8078	-568.54523	-561.92817
5	286	-423.99713	-422.40216	-416.66746	1.5949737	-5.7346919	-418.78638	-413.8359	-402.71559
5	287	-449.04957	-446.09616	-446.8449	2.9534084	0.74873694	-446.83409	-439.86188	-436.38254
5	288	-365.66983	-366.07428	-363.13671	-0.40445465	-2.9375697	-363.11691	-363.47331	-351.63432
5	289	-433.55162	-432.36342	-427.32319	1.1882009	-5.0402358	-426.00461	-422.08803	-405.47422
5	290	-243.38189	-243.8126	-244.37743	-0.43070924	0.56483592	-240.31372	-240.73256	-239.01129
5	291	-391.10052	-390.46948	-389.65036	0.631043	-0.81912352	-388.70297	-385.67486	-376.82486
5	292	-609.39682	-609.89716	-594.49351	-0.50033795	-15.403651	-595.89976	-592.8369	-575.70711
5	293	-696.34343	-663.04627	-663.59013	33.297155	0.54385599	-680.65768	-645.56714	-645.30823
5	294	-352.95941	-350.30328	-351.0492	2.6561278	0.74591531	-341.97441	-337.73046	-335.09953
5	295	-300.61437	-296.62449	-296.33765	3.9898861	-0.28683434	-297.74736	-289.9267	-285.8099
5	296	-478.40155	-478.66534	-469.18179	-0.26379358	-9.4835525	-470.39998	-469.39972	-454.45669
5	297	-284.68125	-284.37418	-284.74454	0.30707216	0.37035577	-277.67705	-275.18706	-272.1933
5	298	-251.02636	-250.84258	-251.09021	0.18378332	0.24762839	-247.91761	-246.02804	-242.05205
5	299	-450.23593	-440.38063	-435.25755	9.8553044	-5.1230762	-437.86913	-430.13189	-421.1095
5	300	-646.56724	-635.83247	-626.94309	10.734764	-8.889384	-631.78796	-616.14929	-604.09812
5	301	-548.90455	-537.09811	-526.59405	11.806442	-10.504067	-532.67285	-518.46109	-507.24622
5	302	-400.28594	-398.03557	-396.38792	2.2503705	-1.6476508	-397.56698	-392.57214	-382.78616
5	303	-451.10422	-445.34454	-445.73039	5.7596754	0.38585222	-440.63838	-439.44883	-433.5226
5	304	-282.62903	-282.92152	-282.3131	-0.29249354	-0.60842299	-279.63885	-280.05726	-273.40405
5	305	-641.90865	-639.96754	-611.98491	1.9411101	-27.982631	-623.04132	-617.03557	-587.6104
5	306	-279.49841	-279.41745	-279.42703	0.080962165	0.0095799809	-276.63444	-274.69456	-269.65097
5	307	-361.66949	-361.75938	-361.4055	-0.089881741	-0.35387791	-356.68338	-355.90215	-351.62609
5	308	-320.67293	-320.46756	-320.053	0.20536993	-0.41456257	-317.9588	-315.32286	-307.00072
5	309	-528.78709	-514.89478	-514.55463	13.892305	-0.3401537	-514.42815	-500.94447	-499.26048
5	310	-602.56648	-590.29009	-590.5824	12.276385	0.29230245	-588.36416	-578.10106	-575.00688
5	311	-549.40786	-543.04523	-539.82813	6.3626266	-3.2170938	-537.1019	-530.67324	-522.87116
5	312	-381.36084	-381.57846	-380.12587	-0.21761604	-1.452591	-375.42101	-375.61513	-367.64835
5	313	-587.63451	-581.24533	-579.31476	6.3891885	-1.9305639	-572.7224	-561.35798	-556.89294
5	314	-333.40016	-333.23462	-334.38191	0.16554628	1.1472924	-325.21767	-323.33931	-323.28598
5	315	-384.19683	-384.0788	-384.73504	0.11802736	0.65624189	-376.5221	-374.56247	-373.17871
5	316	-457.24715	-457.55523	-454.75571	-0.30807098	-2.7995191	-442.81569	-442.69102	-442.6349
5	317	-753.33899	-727.78455	-727.72947	25.554437	-0.055076728	-739.10064	-708.78521	-708.43211
5	318	-580.17003	-578.3769	-577.59032	1.7931269	-0.78657777	-571.24816	-568.77871	-561.73241
5	319	-229.41144	-230.0929	-230.48384	-0.68145654	0.39093674	-222.70053	-223.11796	-223.12312
5	320	-345.90541	-343.10391	-343.30656	2.8015001	0.20264371	-341.45263	-334.97982	-331.04708
5	321	-540.72937	-535.95101	-528.25356	4.7783574	-7.6974474	-528.5954	-525.49756	-509.8206
5	322	-378.3187	-377.62699	-377.88582	0.69170747	0.25883313	-372.11675	-366.65658	-361.09238
5	323	-543.04916	-543.00563	-528.25836	0.043528061	-14.747271	-525.4438	-525.87465	-504.15036
5	324	-302.45979	-298.42047	-298.52576	4.0393212	0.10529024	-294.42244	-292.91653	-288.10844
5	325	-314.2616	-314.54205	-312.80508	-0.28044497	-1.7369641	-311.60581	-310.59955	-298.36461
5	326	-476.92634	-475.58315	-470.13264	1.3431939	-5.4505104	-471.06884	-469.95113	-456.72226
5	327	-505.37954	-501.85478	-505.1258	3.5247616	3.2710237	-500.56472	-492.60412	-485.74975
5	328	-784.60354	-778.39726	-700.72692	6.2062797	-77.670337	-770.06147	-761.15355	-684.69773
5	329	-416.88384	-412.17317	-407.33686	4.7106735	-4.8363027	-410.9323	-405.95264	-393.94076
5	330	-421.19139	-420.06565	-421.14485	1.1257466	1.0791991	-412.65409	-407.28393	-405.80194
5	331	-507.15883	-501.93881	-496.98568	5.2200221	-4.9531356	-494.83312	-486.62016	-477.89302
5	332	-389.68242	-388.50971	-377.99894	1.1727046	-10.51077	-381.16882	-379.36007	-364.30848
5	333	-500.34065	-500.24456	-490.8031	0.096085472	-9.4414647	-488.61065	-488.13801	-478.08014
5	334	-499.06112	-490.48726	-494.59185	8.5738662	4.104588	-482.58872	-474.03096	-474.35574
5	335	-492.8091	-483.36713	-483.57544	9.4419712	0.20830855	-479.86886	-472.32649	-469.55883
5	336	-294.08752	-291.84165	-293.27767	2.2458721	1.4360274	-291.50789	-284.79659	-284.06769
5	337	-445.19684	-441.63903	-433.66436	3.5578066	-7.9746679	-435.05883	-430.49746	-417.61783
5	338	-455.38186	-446.30204	-447.83138	9.0798283	1.5293423	-441.22146	-437.52414	-437.31492
5	339	-441.16039	-431.55203	-425.38024	9.6083595	-6.1717865	-433.55422	-424.6282	-410.68128
5	340	-947.00992	-896.23528	-849.60699	50.774646	-46.628291	-931.63814	-882.39553	-833.53953
5	341	-653.47924	-641.14597	-628.93797	12.333279	-12.207998	-637.20791	-621.48863	-606.98148
5	342	-601.92912	-588.3291	-584.40613	13.60002	-3.9229713	-589.44468	-573.256	-570.70366
5	343	-473.92701	-462.94353	-454.22927	10.983472	-8.7142672	-457.87996	-447.68827	-435.22013
5	344	-276.55646	-276.67088	-277.14761	-0.11441716	0.47673341	-273.71505	-271.98029	-262.0549
5	345	-403.33713	-397.13433	-393.9804	6.2028077	-3.1539236	-389.68028	-382.36885	-378.13466
5	346	-417.78788	-415.12745	-412.97336	2.660438	-2.1540817	-412.02292	-407.98708	-397.84652
5	347	-266.27888	-264.77624	-265.87332	1.5026355	1.0970772	-262.96653	-258.72613	-257.01055
5	348	-736.36715	-727.67872	-701.01264	8.6884357	-26.666079	-723.09793	-708.20297	-678.93107
5	349	-500.78573	-494.38553	-493.40583	6.4001981	-0.97970257	-496.06906	-489.3891	-483.03972
5	350	-485.09745	-484.33782	-484.522	0.75963087	0.18418069	-478.31324	-475.43997	-469.25497
5	351	-781.8611	-755.26797	-706.17335	26.593126	-49.094618	-767.99392	-737.93628	-692.37077
5	352	-213.01584	-213.78533	-213.7182	-0.76949041	-0.067129249	-209.57756	-209.42268	-209.4235
5	353	-498.23236	-483.83808	-472.97962	14.394274	-10.858461	-481.65357	-469.06893	-459.70379
5	354	-394.66028	-382.41336	-383.65361	12.246926	1.240248	-382.21728	-375.12589	-374.02822
5	355	-401.96817	-402.48097	-397.65357	-0.5127988	-4.827407	-398.92929	-400.09162	-386.31629
5	356	-334.67114	-329.01873	-330.97429	5.6524079	1.9555611	-332.08395	-320.41693	-320.31258
5	357	-467.83852	-464.70383	-464.37219	3.1346904	-0.3316362	-459.9679	-452.99465	-447.73695
5	358	-411.31626	-409.22558	-409.40576	2.0906792	0.180184	-408.76602	-404.22673	-397.21625
5	359	-256.20969	-256.09504	-255.43493	0.11464712	-0.66011361	-253.21656	-250.87167	-245.97169
5	360	-821.17399	-815.38665	-791.79685	5.7873383	-23.589798	-808.039	-798.67616	-774.66081
5	361	-328.70192	-328.71682	-328.02665	-0.014903799	-0.69017806	-324.36617	-323.1659	-313.76115
5	362	-450.96816	-450.25786	-451.34345	0.71030034	1.0855903	-447.76559	-443.48914	-435.8711
5	363	-616.07365	-597.94363	-595.05222	18.130022	-2.8914139	-605.04212	-591.50911	-579.45792
5	364	-450.00547	-449.82602	-448.07394	0.17944452	-1.7520827	-437.13651	-437.59708	-432.13436
5	365	-355.66833	-355.84752	-353.048	-0.17918607	-2.7995204	-353.06368	-352.40667	-342.11581
5	366	-494.52747	-489.50817	-484.31926	5.0192974	-5.1889069	-478.50177	-473.02702	-468.04273
5	367	-499.93181	-496.04775	-496.6057	3.8840576	0.55794424	-486.68864	-485.32601	-484.05429
5	368	-492.11846	-482.35477	-483.97111	9.7636931	1.6163446	-481.39235	-473.38815	-470.10971
5	369	-374.18254	-365.75504	-366.50385	8.4275084	0.7488113	-367.22704	-357.28535	-353.50583
5	370	-324.89781	-324.92648	-325.46169	-0.028669063	0.53521445	-322.26541	-320.92321	-319.06877
5	371	-473.54606	-469.28592	-469.83931	4.2601358	0.55339426	-467.4565	-459.11798	-451.29178
5	372	-227.41856	-227.33344	-227.97915	0.085114241	0.64571171	-224.23711	-220.94645	-220.94697
5	373	-347.09419	-347.52427	-337.68633	-0.43007943	-9.8379382	-339.01671	-339.99249	-322.15546
5	374	-359.80281	-359.47644	-360.11631	0.32636665	0.63986309	-355.85233	-352.71188	-346.53044
5	375	-339.84143	-339.6782	-339.10536	0.16323619	-0.57283971	-336.2227	-333.4275	-326.04391
5	376	-1165.102	-1131.9793	-1036.8827	33.122768	-95.096528	-1149.7767	-1114.0204	-1016.9017
5	377	-714.44193	-713.31908	-688.67283	1.1228517	-24.646245	-701.20384	-697.92599	-669.23111
5	378	-553.09277	-548.7493	-527.71209	4.3434612	-21.037215	-536.06582	-525.56979	-508.98097
5	379	-478.70142	-478.98747	-473.96463	-0.28604838	-5.0228392	-476.57254	-475.85146	-460.70185
5	380	-324.89169	-323.17591	-321.86068	1.7157848	-1.315226	-322.19321	-316.24973	-308.22934
5	381	-650.54282	-639.77845	-625.17743	10.76437	-14.601018	-636.44949	-620.35969	-604.21343
5	382	-293.38627	-290.3195	-290.08904	3.0667713	-0.23045588	-288.65818	-281.06577	-275.61525
5	383	-825.56656	-819.64757	-805.53369	5.9189905	-14.113884	-813.37344	-799.97404	-779.86014
5	384	-491.94302	-491.28166	-477.91662	0.66136091	-13.365039	-475.45507	-473.72606	-461.77171
5	385	-409.91319	-403.56133	-399.63089	6.3518633	-3.930442	-399.63221	-396.0919	-386.79164
5	386	-504.18882	-499.48144	-496.58137	4.7073807	-2.9000764	-493.30599	-488.54542	-479.40902
5	387	-437.49275	-437.5347	-424.42692	-0.041946646	-13.10778	-427.51699	-426.21707	-409.49242
5	388	-460.2459	-451.55776	-453.40705	8.6881417	1.8492895	-448.5885	-439.49856	-439.58133
5	389	-462.70242	-461.44875	-457.95365	1.2536674	-3.4951023	-453.95849	-454.48618	-441.52161
5	390	-284.11846	-281.69538	-282.85736	2.423087	1.1619861	-281.39537	-274.49669	-271.60486
5	391	-337.43988	-337.10553	-338.23871	0.33434356	1.1331768	-334.74918	-331.87136	-331.88402
5	392	-439.50357	-439.32174	-436.02175	0.18183317	-3.2999879	-431.20035	-430.11506	-419.80065
5	393	-542.3095	-525.5986	-516.44336	16.710901	-9.1552357	-529.10568	-513.70193	-499.8106
5	394	-679.44883	-645.94198	-646.43006	33.506858	0.48808436	-664.78419	-630.76057	-627.13591
5	395	-523.31839	-520.81088	-514.27747	2.5075126	-6.5334079	-509.78838	-502.63152	-495.79079
5	396	-491.4534	-489.45838	-478.33066	1.9950195	-11.12772	-483.92483	-477.96697	-456.53887
5	397	-471.63742	-467.59461	-468.74357	4.0428148	1.1489564	-459.79377	-453.19757	-449.7446
5	398	-248.44246	-248.72576	-249.23635	-0.28329168	0.51059482	-245.27724	-245.69468	-242.22321
5	399	-315.25294	-314.74203	-315.73766	0.51090248	0.99563099	-307.27473	-303.51325	-302.8174
5	400	-848.74847	-820.3719	-806.18817	28.376564	-14.18373	-834.32199	-804.09832	-783.46103
5	401	-405.10615	-404.72594	-401.85513	0.38020667	-2.8708108	-402.69968	-400.21022	-390.36393
5	402	-541.24467	-534.04387	-534.18888	7.2007998	0.14501227	-532.13636	-520.07981	-512.28178
5	403	-384.09594	-374.48274	-371.28435	9.6131961	-3.1983914	-370.37864	-360.40223	-350.95788
5	404	-368.30676	-365.96321	-367.20753	2.3435464	1.2443193	-365.79514	-359.48401	-357.69315
5	405	-535.38064	-530.31003	-527.17288	5.070601	-3.1371529	-525.39953	-522.13818	-509.3988
5	406	-460.7104	-436.08158	-431.32414	24.628822	-4.757442	-445.86559	-427.33167	-416.67844
5	407	-723.04404	-697.91798	-697.78911	25.126068	-0.12886529	-708.64877	-676.82915	-676.85859
5	408	-599.46011	-596.09309	-592.78763	3.3670251	-3.3054548	-586.55292	-575.18826	-566.23902
5	409	-334.05061	-324.30636	-316.38618	9.7442482	-7.9201723	-321.33917	-317.11375	-302.72804
5	410	-653.26459	-640.39826	-601.59753	12.866331	-38.800727	-637.18775	-620.80875	-582.30159
5	411	-413.95738	-413.74181	-411.59441	0.21556603	-2.1474044	-411.71276	-409.59353	-396.04529
5	412	-536.58452	-531.44897	-531.8902	5.135553	0.44122484	-525.69385	-521.69626	-510.19859
5	413	-311.74286	-310.49373	-311.4978	1.2491272	1.0040615	-308.78613	-305.05635	-301.78447
5	414	-359.32454	-358.9286	-359.93238	0.39593415	1.0037758	-356.84619	-352.85324	-352.96886
5	415	-652.42004	-636.27106	-634.68717	16.148982	-1.5838873	-638.26053	-616.81796	-613.99019
5	416	-343.40035	-341.77773	-340.74005	1.6226198	-1.0376815	-340.7828	-335.14758	-327.62889
5	417	-1040.8652	-989.81658	-907.27625	51.048613	-82.540327	-1024.8223	-972.8319	-892.61343
5	418	-615.33392	-603.85064	-600.0646	11.483274	-3.7860464	-601.70858	-588.1707	-578.12703
5	419	-235.07063	-234.94486	-235.84878	0.1257678	0.90391851	-231.93933	-229.68766	-229.69117
5	420	-451.83807	-443.0376	-444.45892	8.8004687	1.4213127	-443.04016	-436.49622	-435.88133
5	421	-350.33214	-346.2054	-347.03466	4.1267399	0.82926208	-346.275	-340.10062	-337.75888
5	422	-554.23742	-542.87822	-547.62137	11.359203	4.743157	-541.89568	-528.83687	-525.07854
5	423	-405.40058	-405.84886	-403.16951	-0.44828249	-2.6793496	-396.72017	-396.92914	-388.96011
5	424	-668.85024	-663.0759	-647.30629	5.7743393	-15.769608	-651.31729	-642.17244	-624.33396
5	425	-623.92597	-615.92346	-600.08263	8.0025057	-15.840828	-611.05893	-598.06585	-579.80147
5	426	-307.46027	-304.8385	-296.35641	2.6217726	-8.4820895	-293.23369	-289.64602	-284.96494
5	427	-828.24705	-819.71494	-777.56986	8.532111	-42.145077	-815.76982	-801.91701	-755.11822
5	428	-317.2694	-317.46575	-317.28374	-0.19635009	-0.1820064	-314.49045	-313.46623	-309.06729
5	429	-443.44277	-428.29583	-429.97806	15.146935	1.6822255	-430.55956	-416.48326	-415.41555
5	430	-494.51196	-484.55095	-475.13856	9.9610094	-9.4123917	-485.13359	-476.37408	-459.03096
5	431	-605.06983	-586.50772	-559.17628	18.562116	-27.331443	-589.11239	-569.29132	-543.08407
5	432	-361.22411	-360.15957	-360.60292	1.0645376	0.44335178	-354.73583	-350.65168	-348.11803
5	433	-253.07153	-252.90814	-253.05529	0.16338602	0.14715247	-243.74054	-244.15882	-244.15809
5	434	-600.36743	-599.71685	-577.70223	0.65057295	-22.014622	-583.92141	-580.73123	-557.6748
5	435	-342.9621	-336.92753	-338.71148	6.0345614	1.783946	-340.43823	-330.392	-330.86652
5	436	-496.19615	-491.58645	-489.03618	4.6097025	-2.5502691	-484.77857	-479.65971	-469.70419
5	437	-529.30642	-525.29665	-508.79552	4.0097674	-16.501129	-512.48263	-509.67414	-488.48722
5	438	-387.32893	-386.76552	-387.85485	0.56340821	1.0893232	-381.4534	-378.01934	-374.64937
5	439	-429.10633	-429.26881	-429.18328	-0.16247526	-0.085529401	-426.83104	-426.02567	-420.10398
5	440	-318.83804	-316.47574	-316.05705	2.3622948	-0.41869248	-316.24558	-311.0823	-305.27122
5	441	-498.77493	-498.4198	-474.42115	0.35512665	-23.998656	-483.22022	-481.32713	-456.25378
5	442	-401.48048	-401.4054	-401.42391	0.075076536	0.018508773	-396.18843	-395.20622	-391.46712
5	443	-568.83503	-560.55628	-545.68569	8.2787486	-14.870584	-551.05996	-541.97359	-525.52138
5	444	-366.72321	-360.04741	-358.96882	6.6757981	-1.0785884	-357.92773	-353.81441	-346.88157
5	445	-339.14745	-338.7294	-339.62198	0.41804965	0.89258408	-336.48018	-333.36426	-332.57283
5	446	-464.22745	-455.64732	-451.9142	8.5801298	-3.7331149	-458.65705	-446.66591	-437.58
5	447	-265.04616	-265.76654	-264.703	-0.72038289	-1.0635448	-261.94454	-262.36283	-256.42507
5	448	-216.74526	-217.15373	-217.37492	-0.40846975	0.2211854	-213.25318	-212.69511	-210.63234
5	449	-346.48521	-339.47403	-341.36953	7.0111839	1.8955069	-336.90643	-331.74193	-331.46453
5	450	-259.48886	-259.89606	-260.59286	-0.40719978	0.69680135	-256.52896	-256.8028	-255.26468
5	451	-442.89441	-443.26925	-443.29196	-0.37483593	0.02271518	-435.63106	-435.95354	-430.50437
5	452	-420.48303	-417.7387	-418.59561	2.7443257	0.85690856	-413.21461	-409.87593	-407.99891
5	453	-301.26104	-296.87266	-297.42043	4.3883844	0.54777579	-298.25113	-289.26929	-285.66005
5	454	-432.50686	-432.25079	-423.04094	0.25606971	-9.2098533	-418.4139	-413.41309	-406.81985
5	455	-401.10151	-395.94454	-396.55133	5.1569705	0.60679144	-397.51325	-387.97268	-383.7973
5	456	-819.60224	-796.38102	-757.54758	23.221223	-38.833446	-804.97857	-778.2209	-737.64523
5	457	-290.50356	-290.59276	-288.76729	-0.089193824	-1.8254663	-287.58266	-286.40295	-278.56425
5	458	-777.15482	-738.02519	-679.28275	39.129632	-58.742435	-762.24328	-720.12003	-661.51377
5	459	-358.59601	-357.76575	-355.613	0.83025624	-2.1527545	-353.14751	-350.22192	-342.94639
5	460	-505.35248	-505.20563	-498.68087	0.14685286	-6.5247597	-495.71198	-494.19862	-479.71894
5	461	-468.6367	-463.65988	-463.76103	4.9768205	0.10114894	-454.86166	-451.08003	-451.49198
5	462	-409.23648	-399.05287	-398.64464	10.183614	-0.40823254	-394.76894	-386.74663	-381.41225
5	463	-254.53916	-254.29477	-255.08583	0.24438365	0.79105624	-248.63907	-246.0977	-246.77138
5	464	-881.86367	-857.93611	-817.50673	23.927562	-40.429374	-866.14649	-838.15461	-794.74586
5	465	-500.00085	-498.91637	-495.84062	1.0844871	-3.0757483	-492.38136	-488.2101	-474.16238
5	466	-651.31185	-648.57	-636.72563	2.741854	-11.84437	-636.53746	-630.09181	-613.97415
5	467	-512.94379	-511.85513	-499.19367	1.0886557	-12.661465	-496.77549	-495.04512	-479.81749
5	468	-511.69295	-512.26448	-505.23419	-0.57153187	-7.0302886	-503.03689	-503.32555	-492.08811
5	469	-291.36087	-291.20341	-292.25194	0.15746131	1.0485303	-288.44654	-286.73858	-286.16568
5	470	-542.29655	-542.09183	-534.4539	0.20472203	-7.6379257	-531.59991	-530.29089	-517.04341
5	471	-688.49948	-672.38211	-659.30663	16.117371	-13.075472	-670.45631	-654.89124	-637.98479
5	472	-220.5465	-220.96798	-221.6242	-0.42147546	0.65621935	-217.34445	-215.64093	-215.63932
5	473	-379.05499	-377.02528	-370.173	2.0297063	-6.8522812	-369.12519	-370.31121	-355.42755
5	474	-305.02924	-303.61595	-304.22522	1.4132989	0.60927205	-302.26615	-297.50272	-294.99044
5	475	-508.04861	-495.14708	-496.04409	12.901532	0.89701171	-494.54865	-483.02979	-479.48568
5	476	-437.79482	-424.19616	-417.25187	13.598665	-6.9442854	-427.62324	-415.15273	-402.55994
5	477	-330.17775	-329.15763	-329.47432	1.0201198	0.31668855	-327.53852	-322.75897	-319.26392
5	478	-412.94854	-410.70505	-408.43858	2.2434922	-2.2664663	-408.66154	-404.14711	-395.62376
5	479	-507.47199	-498.01696	-493.09002	9.4550326	-4.9269403	-498.55873	-490.65959	-482.06491
5	480	-352.2302	-349.53775	-349.23294	2.6924558	-0.30480305	-345.56128	-343.80124	-337.93837
5	481	-504.36612	-495.37556	-497.34044	8.9905623	1.9648833	-489.06296	-479.73172	-480.14826
5	482	-488.51126	-485.91105	-479.42083	2.6002121	-6.4902192	-480.46331	-477.29158	-460.93394
5	483	-376.71832	-365.91225	-359.20078	10.806067	-6.7114709	-363.32674	-352.61007	-343.17265
5	484	-466.18918	-466.19649	-455.60389	-0.0073068591	-10.592592	-453.90724	-452.82237	-446.99111
5	485	-359.9106	-359.94928	-353.65064	-0.03867381	-6.2986411	-357.27664	-355.98094	-340.13266
5	486	-509.29361	-505.24372	-498.68335	4.049893	-6.5603637	-498.2695	-492.16596	-477.16359
5	487	-382.2132	-377.91919	-379.4578	4.2940139	1.5386084	-379.41528	-371.51887	-370.56214
5	488	-354.79526	-354.75937	-351.36411	0.035894019	-3.3952522	-352.22634	-349.36161	-338.1125
5	489	-402.5214	-401.12884	-396.65313	1.3925643	-4.4757067	-400.20946	-393.91561	-381.38035
5	490	-392.73857	-391.14052	-390.60843	1.5980467	-0.53208846	-386.15828	-380.54633	-373.61943
5	491	-566.30409	-560.25357	-557.33178	6.050521	-2.9217896	-555.5271	-548.70179	-541.21912
5	492	-514.19985	-513.83619	-509.84211	0.36365285	-3.9940822	-504.61945	-498.85642	-486.12902
5	493	-468.511	-465.38804	-462.24512	3.1229631	-3.1429138	-457.22623	-449.65279	-443.94055
5	494	-401.97406	-395.88282	-387.10909	6.091241	-8.7737343	-390.59583	-388.25098	-373.86191
5	495	-328.38689	-315.82272	-317.29777	12.564173	1.4750465	-317.98408	-310.23133	-308.69283
5	496	-460.72303	-460.94671	-447.74855	-0.22368503	-13.198165	-455.57166	-454.75631	-434.87672
5	497	-362.24982	-362.12177	-359.63624	0.12805379	-2.4855251	-359.26413	-356.57753	-346.85063
5	498	-597.34571	-590.80327	-589.4369	6.5424386	-1.3663733	-584.03958	-577.04489	-569.24973
5	499	-409.45983	-402.00527	-399.47496	7.4545597	-2.5303104	-401.26513	-392.82908	-383.55566
5	500	-420.61428	-415.52881	-412.8058	5.0854672	-2.7230149	-412.16514	-407.21593	-402.99097
5	501	-340.20847	-337.81702	-339.27711	2.3914482	1.4600831	-337.45767	-330.45008	-330.88835
5	502	-451.29018	-451.29618	-451.03736	-0.0060020552	-0.25881984	-444.66979	-442.04235	-435.6739
5	503	-273.51934	-272.83233	-274.03185	0.68701329	1.1995221	-265.96799	-259.92253	-259.92295
5	504	-372.7449	-371.35448	-371.21086	1.3904154	-0.14361624	-370.3385	-365.71782	-362.09286
5	505	-901.17213	-899.06093	-798.42244	2.1112042	-100.63849	-886.58415	-877.54445	-778.6749
5	506	-386.41629	-381.21025	-382.77007	5.2060406	1.5598206	-379.04862	-372.96688	-370.40105
5	507	-401.90565	-401.7491	-398.74715	0.1565575	-3.0019494	-399.2166	-397.02895	-387.27237
5	508	-428.787	-427.39763	-422.97009	1.389369	-4.4275394	-423.46134	-420.69795	-411.02606
5	509	-332.66066	-331.25949	-332.0503	1.4011674	0.79080481	-327.06712	-321.10892	-319.73097
5	510	-327.92342	-328.32616	-327.27765	-0.40273944	-1.0485113	-324.95936	-325.70842	-318.90947
5	511	-235.74634	-235.68113	-236.40474	0.065212439	0.72361706	-232.36208	-231.17193	-230.74257
5	512	-515.52247	-507.82546	-502.03166	7.6970078	-5.793801	-501.20084	-492.91205	-485.81175
5	513	-689.07641	-677.5567	-672.98517	11.519711	-4.5715305	-677.51324	-659.63674	-652.09503
5	514	-531.63747	-531.0606	-526.92552	0.57686248	-4.1350874	-522.82663	-519.05898	-506.24716
5	515	-381.70093	-380.29524	-380.90999	1.4056865	0.61474368	-375.09813	-371.57852	-369.22548
5	516	-544.92676	-537.28192	-538.25304	7.6448435	0.97112573	-535.32432	-528.11072	-525.94308
5	517	-668.31748	-658.80974	-657.04712	9.507737	-1.7626201	-655.06101	-639.13557	-630.91548
5	518	-289.81203	-289.81288	-290.40296	-0.00084804906	0.59007895	-287.05457	-285.19692	-282.72716
5	519	-375.02313	-372.75898	-370.26538	2.264153	-2.4936031	-372.36592	-367.13932	-357.92592
5	520	-355.21407	-355.64919	-353.97433	-0.43511887	-1.6748572	-351.1448	-351.89717	-345.40383
5	521	-523.29838	-523.0938	-518.40607	0.20458571	-4.6877297	-514.27467	-510.15835	-500.08678
5	522	-572.67181	-562.27414	-555.8425	10.39767	-6.4316386	-556.221	-542.96083	-534.91655
5	523	-559.95136	-550.21223	-548.17455	9.739131	-2.0376867	-546.90344	-535.17784	-531.75907
5	524	-294.32684	-294.0851	-291.96978	0.24173681	-2.1153155	-291.54084	-289.98379	-283.46791
5	525	-537.53866	-525.85049	-526.45095	11.688169	0.60046248	-525.52404	-514.46636	-513.58818
5	526	-448.95898	-448.81113	-435.59041	0.14784702	-13.220718	-443.55261	-437.44953	-419.4419
5	527	-570.44322	-568.55922	-539.81913	1.8840084	-28.740083	-556.35489	-549.95579	-525.88879
5	528	-323.23586	-317.49008	-318.98205	5.7457813	1.4919678	-320.68384	-312.38081	-312.38382
5	529	-807.52408	-793.74071	-784.86064	13.783371	-8.8800687	-796.0612	-775.74352	-760.29139
5	530	-900.42797	-880.34733	-860.57494	20.080641	-19.772389	-885.23988	-861.11248	-836.6285
5	531	-257.44349	-257.69858	-258.59864	-0.25508845	0.90006749	-250.83373	-250.44602	-250.45277
5	532	-467.92935	-459.8947	-460.22844	8.0346519	0.3337405	-451.2272	-443.54794	-440.88252
5	533	-557.43808	-554.14613	-553.7467	3.2919475	-0.3994376	-555.35668	-546.8945	-534.15177
5	534	-910.38755	-882.16243	-842.60608	28.225119	-39.556349	-893.72477	-860.73651	-819.56235
5	535	-296.89057	-297.05682	-296.13656	-0.16624986	-0.9202575	-294.07586	-292.51725	-286.99116
5	536	-325.96181	-324.44947	-325.26672	1.5123447	0.81724979	-323.33956	-315.27251	-314.87546
5	537	-266.41952	-266.53792	-265.5543	-0.11839854	-0.98361555	-263.36271	-261.49592	-255.17996
5	538	-573.029	-559.36012	-558.71616	13.66888	-0.64395943	-558.45033	-545.46735	-539.34564
5	539	-465.29045	-465.28578	-446.91199	0.0046668765	-18.373792	-449.53597	-445.8272	-426.06251
5	540	-544.76689	-544.54548	-537.48258	0.2214168	-7.0628998	-532.19064	-525.69868	-518.71749
5	541	-740.27111	-737.49596	-708.38439	2.775153	-29.111569	-723.67002	-724.05925	-688.31622
5	542	-321.28882	-318.56575	-314.23054	2.7230681	-4.3352113	-318.47785	-312.96185	-302.16968
5	543	-247.82153	-247.80444	-248.42668	0.017088292	0.62224053	-244.66746	-242.64393	-240.81251
5	544	-347.10922	-345.13421	-346.50585	1.9750103	1.37164	-341.57184	-336.9041	-335.47973
5	545	-493.2469	-484.01783	-479.82837	9.229067	-4.18946	-484.18768	-477.43352	-466.35739
5	546	-564.65496	-563.35936	-550.41439	1.2955942	-12.944977	-549.04983	-545.00455	-528.83615
5	547	-435.80247	-432.52893	-430.40208	3.2735408	-2.1268465	-427.80406	-424.12234	-416.82898
5	548	-387.12243	-384.35414	-384.45479	2.7682939	0.10065467	-381.49359	-377.70332	-371.57348
5	549	-374.51357	-373.67787	-367.1531	0.83569966	-6.5247671	-365.19925	-363.2724	-354.43504
5	550	-606.08986	-605.18377	-594.75649	0.90608931	-10.427285	-592.60183	-589.98306	-571.48429
5	551	-471.4478	-462.94081	-462.39599	8.5069881	-0.54481494	-461.12169	-456.12415	-451.22298
5	552	-454.89816	-455.4097	-447.34524	-0.51153802	-8.0644538	-442.11443	-440.70191	-432.51622
5	553	-341.01024	-339.34658	-337.9136	1.6636589	-1.4329777	-338.28489	-333.01775	-325.59528
5	554	-346.23184	-345.92611	-344.49964	0.30573351	-1.4264712	-343.60498	-341.54896	-329.32615
5	555	-426.42659	-425.39756	-426.39911	1.0290346	1.0015537	-423.30531	-417.62277	-414.68035
5	556	-532.41986	-531.92402	-511.03087	0.49584342	-20.893146	-520.53513	-518.38471	-497.1123
5	557	-407.25374	-406.65604	-404.96339	0.59769894	-1.6926488	-404.96344	-402.24217	-394.31586
5	558	-420.25615	-418.94086	-420.26196	1.3152946	1.3211058	-413.78465	-408.07935	-401.50305
5	559	-720.4962	-708.59898	-708.56651	11.897223	-0.032466825	-705.79378	-689.76289	-689.7915
5	560	-460.11973	-449.33115	-450.62578	10.788581	1.2946258	-447.97051	-438.88537	-435.96912
5	561	-280.67472	-280.61895	-280.9339	0.05576286	0.31494517	-277.69501	-275.5864	-272.4688
5	562	-521.42786	-509.86695	-506.03437	11.560908	-3.8325763	-502.13072	-491.73139	-485.55983
5	563	-796.65066	-775.34422	-768.54048	21.306438	-6.8037375	-783.09041	-756.31393	-744.79324
5	564	-854.3348	-837.33206	-805.02964	17.002733	-32.302426	-840.52399	-818.85851	-787.12205
5	565	-292.20011	-291.35499	-292.0884	0.84512097	0.73341051	-287.30154	-283.9172	-281.67944
5	566	-623.03054	-612.23562	-599.5641	10.794918	-12.671526	-608.11749	-595.60344	-577.12644
5	567	-435.52683	-420.68619	-421.51633	14.840639	0.83014005	-422.49122	-410.62338	-409.51767
5	568	-316.56782	-316.67089	-316.48846	-0.10307772	-0.18243505	-313.81531	-312.3668	-306.26149
5	569	-427.58717	-425.34261	-425.01003	2.2445628	-0.33257603	-423.44503	-416.37115	-409.20192
5	570	-424.70766	-424.90642	-424.34437	-0.19875175	-0.56204148	-416.21106	-415.65369	-409.05437
5	571	-401.26646	-388.24633	-390.0142	13.020125	1.7678741	-389.14734	-379.96072	-377.16823
5	572	-617.26262	-616.38016	-605.40955	0.88246405	-10.970609	-602.63766	-598.5989	-584.25489
5	573	-404.04766	-398.91363	-398.18549	5.1340321	-0.72813232	-397.20622	-392.85808	-379.64754
5	574	-343.77597	-342.18272	-343.378	1.5932501	1.1952726	-340.22975	-335.17231	-334.30195
5	575	-467.85384	-468.06568	-454.91595	-0.21183849	-13.149727	-453.73648	-454.15798	-437.36469
5	576	-490.92303	-485.26679	-470.47548	5.6562383	-14.79131	-471.99591	-466.02693	-451.45376
5	577	-368.92926	-362.71697	-364.10921	6.2122909	1.39224	-359.96181	-351.54993	-349.97893
5	578	-433.87486	-432.13314	-430.68125	1.741716	-1.4518844	-425.16399	-423.32123	-416.28535
5	579	-723.90935	-719.76791	-715.63965	4.1414421	-4.1282625	-711.8174	-702.69298	-694.34407
5	580	-418.50687	-414.36977	-410.93928	4.1371038	-3.4304891	-404.51762	-398.11109	-392.55315
5	581	-629.07863	-627.99454	-605.25941	1.0840937	-22.735125	-613.10778	-608.66016	-584.67053
5	582	-339.82795	-340.01022	-340.05457	-0.18226977	0.044350318	-337.41883	-336.37251	-332.54988
5	583	-415.62923	-413.05193	-411.02943	2.577295	-2.0225003	-408.25541	-400.81787	-392.88508
5	584	-299.56939	-300.07373	-299.49467	-0.50433807	-0.57905733	-296.64806	-297.12791	-288.84255
5	585	-330.01512	-329.57637	-330.6036	0.43875315	1.0272365	-324.4423	-320.46426	-320.51801
5	586	-401.55416	-393.07303	-393.15605	8.4811306	0.083017853	-381.35852	-373.52268	-373.52429
5	587	-668.70211	-657.64406	-656.26445	11.058042	-1.3796142	-653.22392	-638.30995	-634.37132
5	588	-596.80324	-578.77303	-571.77571	18.030216	-6.9973164	-583.47517	-571.02842	-555.17878
5	589	-425.12317	-424.73423	-422.41021	0.3889465	-2.3240113	-422.7906	-419.16347	-410.23366
5	590	-696.92843	-659.09493	-660.34201	37.833501	1.2470814	-680.14677	-647.23504	-645.57875
5	591	-384.95713	-384.97106	-384.98495	-0.013922684	0.013895463	-382.51599	-381.23313	-375.01654
5	592	-283.36362	-275.46694	-276.79228	7.8966762	1.3253401	-275.35464	-266.56087	-264.70005
5	593	-457.12697	-454.42533	-454.55582	2.7016407	0.13049457	-452.02845	-447.58171	-441.41543
5	594	-243.70176	-241.82544	-242.84581	1.8763228	1.0203737	-240.81205	-236.1486	-236.173
5	595	-538.19506	-538.08281	-536.12148	0.11224475	-1.9613365	-529.96772	-527.04363	-518.6981
5	596	-416.65704	-415.91291	-415.20752	0.74413325	-0.70538326	-406.91617	-402.15838	-398.49119
5	597	-524.73861	-518.85879	-512.5884	5.8798176	-6.2703935	-513.57099	-506.85927	-495.23382
5	598	-221.9789	-222.10661	-222.93535	-0.12771905	0.82874031	-218.72618	-217.08382	-217.0841
5	599	-619.06974	-618.69574	-600.29193	0.37399918	-18.403804	-604.03835	-601.39952	-580.94429
5	600	-870.13167	-868.44606	-844.84246	1.6856075	-23.6036	-858.6665	-852.96111	-822.32981
5	601	-535.62946	-527.98827	-520.60494	7.6411854	-7.3833382	-522.78239	-514.82288	-501.81727
5	602	-535.78041	-525.89305	-516.57189	9.8873653	-9.3211554	-523.68105	-513.11455	-500.22022
5	603	-557.54735	-556.54437	-553.76282	1.0029848	-2.7815478	-540.77603	-536.97581	-532.01713
5	604	-340.95392	-340.73939	-341.24765	0.21453318	0.50826466	-338.4459	-335.99966	-333.77095
5	605	-486.04582	-482.26522	-480.18282	3.7805976	-2.0824065	-472.96245	-469.79125	-461.38262
5	606	-315.88656	-315.04273	-315.70575	0.84382616	0.66301928	-309.80009	-305.57445	-304.94628
5	607	-293.26815	-291.77983	-290.55145	1.4883234	-1.2283732	-290.41939	-286.45683	-278.97025
5	608	-713.7814	-712.26916	-689.66651	1.5122406	-22.602646	-699.9645	-692.63633	-667.18186
5	609	-317.31657	-317.82925	-318.53029	-0.51268288	0.701039	-314.70154	-315.11937	-313.46151
5	610	-487.54031	-485.04621	-473.98088	2.4940951	-11.065328	-468.88642	-462.88673	-453.05338
5	611	-399.88992	-395.44834	-395.94429	4.4415772	0.49594654	-394.839	-390.57767	-387.56914
5	612	-406.30113	-406.31754	-400.69619	-0.016406714	-5.6213465	-398.78098	-398.65639	-389.57071
5	613	-336.8223	-335.16268	-336.47572	1.659618	1.3130331	-334.26019	-328.99529	-327.89254
5	614	-198.68652	-197.57214	-198.6461	1.1143808	1.0739556	-193.84186	-194.25925	-192.18762
5	615	-372.00914	-371.37396	-371.97002	0.63517746	0.59605793	-364.93098	-361.22412	-359.93831
5	616	-364.40592	-364.25282	-362.99154	0.15309971	-1.2612849	-361.94633	-359.80924	-350.76365
5	617	-296.84945	-293.71046	-295.42521	3.1389925	1.7147517	-293.89998	-286.31932	-286.76079
5	618	-250.28964	-250.18157	-250.96025	0.10807374	0.778677	-247.25929	-245.0627	-242.8332
5	619	-579.52467	-568.74638	-563.00545	10.77829	-5.7409356	-564.74934	-558.86508	-551.65136
5	620	-571.07099	-556.40508	-523.25933	14.66591	-33.145755	-554.53033	-538.80052	-506.10479
5	621	-366.2051	-365.9409	-361.89894	0.2642	-4.0419583	-353.2662	-349.93114	-346.60987
5	622	-531.12587	-528.2749	-508.57768	2.850978	-19.697218	-517.08574	-512.49712	-492.72818
5	623	-548.9055	-547.80057	-541.04476	1.1049338	-6.7558083	-534.81114	-529.02846	-518.54428
5	624	-789.30812	-787.94396	-730.48259	1.3641598	-57.46138	-773.39882	-769.02568	-707.61311
5	625	-308.93563	-304.31764	-306.76114	4.6179903	2.4435005	-306.00959	-295.50188	-295.51231
5	626	-411.17568	-410.38551	-408.6709	0.79016783	-1.7146172	-407.54619	-402.81697	-392.52132
5	627	-464.60685	-461.85485	-461.30095	2.7520078	-0.5539002	-457.70776	-452.3968	-447.168
5	628	-560.90707	-557.94113	-549.07056	2.9659459	-8.8705664	-548.20064	-539.23054	-529.8932
5	629	-491.21621	-488.83687	-471.89603	2.3793405	-16.940841	-475.34793	-469.4083	-456.05086
5	630	-479.70926	-474.84073	-472.39217	4.868535	-2.4485545	-469.81918	-460.91655	-456.64252
5	631	-472.86163	-472.07106	-470.35818	0.79057438	-1.7128831	-457.24795	-451.93703	-451.81107
5	632	-585.15019	-583.38282	-581.61929	1.7673698	-1.7635376	-573.36781	-571.65425	-563.19249
5	633	-360.50822	-359.63724	-352.10777	0.87097929	-7.5294689	-354.91627	-350.00609	-331.4837
5	634	-430.15323	-425.82246	-427.36941	4.3307676	1.5469497	-420.22	-413.47734	-411.31254
5	635	-450.09699	-445.77836	-447.5459	4.3186221	1.7675322	-445.21697	-438.67588	-438.14326
5	636	-574.66319	-560.51703	-553.71917	14.146159	-6.7978574	-560.1886	-545.43418	-533.22647
5	637	-323.50777	-323.01857	-322.23897	0.48920628	-0.7796005	-320.90218	-317.27107	-311.16804
5	638	-268.43828	-268.85818	-269.57329	-0.41990024	0.71511438	-265.61041	-264.73218	-264.73416
5	639	-364.60516	-362.76421	-360.1901	1.8409591	-2.5741092	-360.9334	-354.04246	-342.43174
5	640	-546.35129	-545.17864	-544.9088	1.1726437	-0.26984671	-536.3097	-532.91078	-523.66544
5	641	-519.02751	-514.04699	-514.4534	4.9805217	0.40641119	-511.70217	-504.83678	-500.25257
5	642	-499.64348	-484.98678	-485.29538	14.656694	0.30860183	-488.31109	-474.0102	-471.18074
5	643	-892.43477	-880.668	-867.34406	11.76677	-13.323939	-880.61159	-861.12011	-844.69488
5	644	-352.67253	-352.52642	-352.14134	0.14611521	-0.3850816	-349.1052	-346.26374	-338.95253
5	645	-849.08224	-814.56205	-781.41027	34.520199	-33.151775	-831.25106	-795.75894	-761.36381
5	646	-312.91763	-306.10605	-307.12912	6.8115835	1.0230712	-310.27804	-298.09954	-295.43922
5	647	-629.70219	-622.02688	-602.55076	7.6753118	-19.476114	-613.20741	-604.64156	-585.47453
5	648	-641.96195	-636.82411	-631.27007	5.1378403	-5.554038	-627.88892	-619.8244	-609.91899
5	649	-310.32847	-308.1947	-308.28487	2.13377	0.090163943	-307.63559	-301.15719	-290.28772
5	650	-347.59363	-346.64421	-347.5141	0.94942651	0.86988918	-343.2061	-339.68355	-337.65803
5	651	-470.23821	-469.78208	-468.49491	0.45612266	-1.2871708	-462.99208	-458.73509	-452.09866
5	652	-254.46257	-254.02705	-254.17301	0.43551846	0.14596185	-251.13325	-248.59314	-244.20993
5	653	-492.92605	-486.32052	-484.07618	6.6055279	-2.2443406	-480.48573	-474.80139	-466.01651
5	654	-495.43582	-493.79168	-488.0794	1.64414	-5.7122814	-491.74552	-489.41978	-475.22185
5	655	-252.34437	-252.55884	-251.95166	-0.21447097	-0.60718172	-249.45502	-247.3675	-242.96909
5	656	-348.38186	-347.95592	-348.24668	0.42594168	0.29076083	-345.86152	-343.25214	-340.12776
5	657	-459.34108	-457.39038	-457.34927	1.9507016	-0.041112345	-451.22319	-447.20337	-442.89388
5	658	-376.50898	-364.85998	-366.49795	11.649001	1.6379654	-364.58865	-356.80034	-355.49729
5	659	-493.53407	-493.25758	-492.24662	0.27648436	-1.0109646	-486.38912	-484.29018	-479.55341
5	660	-675.6635	-664.55828	-648.4668	11.105217	-16.091482	-659.48141	-646.27002	-633.46821
5	661	-421.79032	-390.23782	-392.60293	31.552497	2.3651085	-409.03401	-382.96015	-382.96146
5	662	-615.77198	-608.77401	-606.36788	6.9979672	-2.406128	-599.13615	-588.71654	-584.39693
5	663	-807.98189	-792.34218	-779.84	15.639711	-12.502181	-793.05502	-775.63443	-764.39881
5	664	-321.95284	-321.83769	-322.17805	0.11515422	0.34035936	-313.3929	-311.53613	-308.26658
5	665	-605.39542	-598.47233	-595.62979	6.92309	-2.8425403	-589.3881	-580.97713	-574.9464
5	666	-431.35191	-431.24809	-431.55186	0.10381946	0.30377403	-428.97769	-426.99207	-423.21276
5	667	-571.25627	-561.73292	-555.24974	9.5233499	-6.4831829	-562.17973	-553.19241	-539.8903
5	668	-506.49058	-503.83236	-500.10328	2.6582205	-3.7290769	-496.23435	-490.17783	-480.80406
5	669	-318.73808	-316.98322	-316.73047	1.754868	-0.2527495	-316.06402	-310.79836	-304.67092
5	670	-305.04064	-303.29884	-304.62859	1.7418027	1.3297473	-302.40764	-296.80055	-295.99464
5	671	-337.78247	-337.39535	-335.89244	0.38711686	-1.5029144	-335.19181	-331.10488	-322.99177
5	672	-540.1432	-520.14429	-522.87412	19.998903	2.7298231	-527.84353	-509.3573	-508.79892
5	673	-619.65911	-606.88737	-600.48736	12.771731	-6.4000098	-603.79397	-586.68616	-577.06516
5	674	-607.0252	-604.03706	-598.93061	2.9881394	-5.1064589	-594.29279	-587.56799	-579.0917
5	675	-386.08356	-380.53203	-381.26534	5.5515303	0.73330515	-379.29931	-374.90701	-370.18643
5	676	-386.16759	-385.88121	-379.40989	0.28638155	-6.4713137	-377.35981	-374.42486	-365.88063
5	677	-283.42494	-282.43356	-283.13169	0.99138335	0.69813452	-280.61088	-275.73128	-271.84438
5	678	-322.5587	-322.56065	-322.23773	-0.0019503351	-0.32292519	-319.7568	-318.44062	-313.28823
5	679	-408.92489	-409.02021	-409.10416	-0.095320874	0.083952678	-400.79956	-399.47608	-396.25658
5	680	-286.24879	-283.44028	-285.41706	2.8085097	1.9767825	-283.22651	-275.57239	-275.57982
5	681	-466.04877	-438.61549	-440.53964	27.433275	1.9241427	-450.85267	-427.88815	-426.76969
5	682	-520.73598	-513.14376	-481.3893	7.5922115	-31.754464	-502.42464	-493.93971	-463.35497
5	683	-471.05843	-470.1344	-466.52465	0.92403321	-3.6097422	-461.9979	-459.10963	-451.05116
5	684	-517.36928	-516.53172	-500.22167	0.83756013	-16.310047	-504.42968	-503.67253	-486.49691
5	685	-563.44961	-562.95303	-546.43401	0.49657824	-16.519019	-549.4917	-546.45032	-531.87697
5	686	-291.64934	-292.1241	-286.82198	-0.47476512	-5.3021247	-288.85636	-289.24309	-278.01533
5	687	-815.4944	-776.76848	-756.45172	38.72592	-20.316764	-799.25995	-758.27631	-737.0697
5	688	-208.02265	-205.75421	-207.20575	2.2684472	1.4515467	-204.38905	-199.57906	-199.60805
5	689	-242.03114	-238.51855	-240.33532	3.5125879	1.8167671	-236.89818	-230.40019	-230.46228
5	690	-436.31241	-435.81044	-418.37539	0.50196473	-17.435051	-424.9711	-423.34252	-406.79533
5	691	-434.64802	-434.56637	-423.97535	0.081651066	-10.591017	-422.14252	-420.82083	-410.04063
5	692	-553.5866	-552.22511	-525.11785	1.3614819	-27.107267	-538.99554	-535.23667	-505.68053
5	693	-649.75595	-646.3377	-634.16382	3.4182502	-12.173877	-635.70334	-627.74902	-617.52882
5	694	-263.1266	-262.96821	-263.63093	0.15839313	0.66271779	-259.59878	-257.26303	-255.36835
5	695	-224.31208	-223.94534	-224.75058	0.36673954	0.80523741	-220.85605	-218.69759	-218.70145
5	696	-735.07484	-734.35954	-723.53265	0.71529857	-10.826889	-721.07799	-717.0378	-701.59743
5	697	-544.24365	-540.21016	-537.67899	4.0334944	-2.5311656	-529.08669	-524.98137	-516.98318
5	698	-611.40924	-609.04158	-602.43788	2.3676542	-6.6037062	-597.19252	-590.56803	-580.6359
5	699	-481.61192	-478.23259	-477.33652	3.3793304	-0.89607374	-471.95225	-469.9639	-467.66475
5	700	-414.63301	-411.9179	-403.81626	2.7151131	-8.1016387	-407.23041	-401.3113	-387.74921
5	701	-431.20264	-426.71512	-428.17908	4.4875265	1.4639653	-428.7443	-419.40043	-417.0713
5	702	-403.05779	-399.89979	-401.30333	3.1579988	1.4035476	-400.3766	-392.89645	-390.77251
5	703	-649.51274	-647.77997	-634.98196	1.7327697	-12.79801	-637.36	-632.25549	-613.39835
5	704	-375.75279	-362.81911	-363.97007	12.933676	1.1509559	-362.37981	-353.57716	-353.57503
5	705	-462.5497	-457.47537	-457.64017	5.0743303	0.16479743	-451.88148	-445.11304	-435.82247
5	706	-557.3032	-553.12104	-552.06156	4.1821575	-1.0594748	-545.81708	-539.79768	-534.74435
5	707	-391.98495	-391.92495	-389.994	0.059995084	-1.9309571	-389.5095	-387.13198	-377.85862
5	708	-341.40951	-340.23011	-340.54931	1.179401	0.31920199	-338.69058	-334.96621	-327.72343
5	709	-434.02506	-431.97046	-432.49341	2.0545995	0.52295069	-425.38909	-424.30415	-422.33042
5	710	-459.00812	-438.33347	-437.62704	20.674657	-0.70642017	-449.66933	-429.97579	-422.95195
5	711	-424.2955	-424.22204	-424.85053	0.073459185	0.62848631	-416.80706	-415.43842	-414.46087
5	712	-683.9608	-679.90463	-645.29733	4.0561729	-34.60729	-668.15953	-662.75873	-627.42041
5	713	-577.93302	-570.8056	-567.89164	7.1274225	-2.9139584	-562.13676	-552.63842	-546.59172
5	714	-522.58407	-501.65116	-500.70059	20.932907	-0.95056972	-508.55417	-495.71643	-488.97936
5	715	-573.28186	-562.12669	-538.1514	11.155174	-23.975282	-556.66027	-542.40466	-515.52245
5	716	-594.49849	-591.41924	-592.26674	3.079247	0.84749488	-580.8843	-577.69802	-570.80487
5	717	-818.57166	-817.14618	-794.75058	1.4254813	-22.395595	-805.32455	-800.87306	-772.86747
5	718	-468.64019	-466.98925	-462.36612	1.6509416	-4.6231307	-463.28701	-460.96021	-448.1291
5	719	-471.72069	-466.84349	-466.13399	4.8772013	-0.70950149	-467.87546	-460.04311	-451.90014
5	720	-415.64362	-407.35572	-408.97998	8.2879084	1.6242644	-409.82064	-399.04386	-394.597
5	721	-426.03517	-421.32468	-420.28785	4.7104985	-1.0368271	-419.26637	-409.05513	-402.94425
5	722	-410.66186	-403.98671	-405.81817	6.6751548	1.8314626	-401.05867	-394.69195	-394.14848
5	723	-276.34088	-271.64716	-273.09555	4.6937223	1.4483904	-267.345	-265.51257	-265.60931
5	724	-354.04081	-353.56065	-349.41076	0.48015383	-4.1498954	-346.42204	-341.67953	-332.2993
5	725	-289.07664	-289.65336	-290.30484	-0.57672029	0.65147173	-286.44343	-286.88151	-286.87298
5	726	-428.84406	-419.41009	-420.59748	9.4339663	1.1873866	-416.95685	-410.88955	-409.71486
5	727	-436.63852	-436.14324	-436.38115	0.49527531	0.23790603	-428.39762	-428.15858	-421.51846
5	728	-442.51492	-428.81801	-427.18707	13.696909	-1.63094	-426.36287	-411.85998	-409.95783
5	729	-572.78981	-568.89379	-553.24666	3.8960252	-15.647132	-559.72153	-551.67771	-537.32744
5	730	-438.94791	-436.73843	-425.66682	2.2094755	-11.071612	-428.51244	-429.1642	-409.43331
5	731	-628.27695	-625.64439	-616.45329	2.6325573	-9.1910967	-615.65397	-609.87332	-598.25271
5	732	-742.64847	-735.85711	-718.7927	6.7913548	-17.064408	-729.88534	-718.57272	-696.82922
5	733	-301.67165	-300.47914	-300.76124	1.1925051	0.28210161	-298.9606	-292.68819	-286.04526
5	734	-453.03311	-443.86628	-440.19457	9.1668263	-3.6717113	-443.2747	-431.57178	-425.28722
5	735	-271.40257	-271.13583	-271.75727	0.26674359	0.62143933	-268.2892	-266.54031	-263.65553
5	736	-293.4073	-292.40911	-293.65191	0.99818276	1.2427937	-290.59305	-285.93206	-284.53642
5	737	-418.84424	-410.36631	-408.77228	8.4779288	-1.5940307	-408.57373	-402.65301	-395.41538
5	738	-436.57452	-435.78317	-438.23469	0.79134317	2.4515201	-430.20341	-425.69991	-421.07992
5	739	-353.12083	-353.22643	-352.68645	-0.10559782	-0.53998408	-346.30056	-344.91317	-337.49619
5	740	-384.26855	-382.98577	-382.95989	1.2827729	-0.025883714	-377.40412	-372.87515	-368.87681
5	741	-496.25755	-485.64222	-486.85449	10.615333	1.2122692	-482.15424	-471.02578	-470.62866
5	742	-860.1753	-847.28951	-819.29692	12.885791	-27.992587	-847.31423	-828.01406	-793.16054
5	743	-378.63676	-370.26071	-372.26151	8.3760509	2.0008042	-370.17716	-362.39286	-361.14825
5	744	-468.89211	-466.47771	-459.57361	2.4143984	-6.9040997	-460.4131	-455.53712	-442.04787
5	745	-473.55013	-466.71623	-468.70613	6.833905	1.9899044	-465.008	-458.81599	-457.83975
5	746	-686.63001	-677.01094	-676.29462	9.6190647	-0.71631847	-672.66905	-658.70021	-655.82859
5	747	-385.69841	-385.66889	-384.05127	0.029520389	-1.6176178	-380.04989	-377.6829	-367.18797
5	748	-363.70627	-363.8411	-364.20918	-0.1348278	0.36807554	-356.98968	-356.11223	-351.99213
5	749	-411.7555	-402.58532	-397.15867	9.1701741	-5.4266554	-399.14283	-390.39563	-384.37881
5	750	-763.85291	-763.10313	-708.29488	0.74978236	-54.808251	-747.78056	-743.66496	-689.37545
5	751	-461.79252	-460.18674	-453.78538	1.6057756	-6.4013618	-459.54121	-454.35659	-443.04651
5	752	-568.92382	-561.65975	-549.54507	7.2640693	-12.114681	-550.4476	-541.64144	-524.70752
5	753	-473.42472	-463.02469	-462.59366	10.400026	-0.43102868	-455.08509	-446.4051	-442.89689
5	754	-337.77884	-333.72507	-334.8731	4.0537739	1.1480292	-335.14523	-325.67856	-322.05451
5	755	-427.31735	-426.83772	-426.68512	0.47963315	-0.15259869	-419.95114	-416.03764	-412.78007
5	756	-442.06907	-434.45455	-435.05562	7.6145266	0.60107077	-435.61109	-429.81427	-426.87533
5	757	-435.61138	-433.15374	-429.03843	2.4576438	-4.1153083	-425.738	-423.11472	-411.81138
5	758	-305.244	-300.26019	-298.19547	4.9838122	-2.0647179	-300.29709	-291.48922	-284.61173
5	759	-574.64036	-574.84282	-543.36536	-0.20246164	-31.477457	-561.60327	-561.74637	-530.024
5	760	-509.17853	-507.66753	-495.98347	1.5109989	-11.684066	-504.3798	-499.61533	-481.96208
5	761	-333.48116	-333.37659	-334.7803	0.1045682	1.40371	-324.15449	-322.8907	-322.77205
5	762	-341.80406	-341.03372	-336.20726	0.77033784	-4.826459	-331.12301	-328.00419	-323.85443
5	763	-265.08265	-265.51373	-264.68486	-0.4310806	-0.82887071	-262.08372	-258.39355	-253.30938
5	764	-359.46504	-358.96973	-359.61252	0.49531029	0.64279001	-352.17886	-348.20582	-345.45682
5	765	-426.8659	-426.4691	-426.47216	0.39679973	0.0030565388	-421.1676	-418.30334	-412.65323
5	766	-325.63899	-325.78904	-322.72137	-0.1500423	-3.0676611	-320.90023	-319.51701	-310.08828
5	767	-319.44749	-318.93119	-316.89674	0.51629472	-2.0344547	-316.78016	-313.51729	-305.8413
5	768	-781.94339	-754.19538	-728.2038	27.74801	-25.991576	-766.26384	-737.37027	-710.48127
5	769	-530.9678	-522.28337	-523.61875	8.684423	1.33538	-523.5518	-516.74446	-515.07328
5	770	-552.16142	-524.98707	-518.69011	27.174348	-6.2969644	-536.67991	-516.91352	-503.04478
5	771	-393.16246	-388.91081	-380.83216	4.2516484	-8.0786529	-381.34477	-374.91889	-363.94354
5	772	-257.73326	-252.40308	-253.94667	5.3301735	1.5435845	-254.48486	-245.83124	-245.95403
5	773	-455.43917	-458.10731	-448.30604	-2.6681382	-9.8012672	-443.03121	-443.70106	-432.53493
5	774	-455.60567	-450.5546	-451.13752	5.0510715	0.58292854	-449.40968	-441.74585	-434.64941
5	775	-457.06435	-456.67941	-452.98044	0.38493877	-3.6989711	-450.86181	-446.84615	-437.1388
5	776	-302.12957	-300.88452	-300.14433	1.2450527	-0.74018827	-299.05362	-293.85364	-288.3073
5	777	-271.01301	-271.42828	-272.05494	-0.41526812	0.62665959	-268.15324	-268.3956	-267.58675
5	778	-349.59525	-349.38991	-349.17229	0.20534458	-0.21761732	-347.19824	-344.03479	-339.32384
5	779	-355.51157	-349.63725	-351.01411	5.8743217	1.3768609	-353.06938	-342.29253	-339.41858
5	780	-422.62264	-419.54294	-421.13196	3.079699	1.5890199	-419.8999	-412.10327	-412.37376
5	781	-249.77141	-249.1377	-250.42777	0.63371115	1.290073	-246.67139	-243.25219	-243.53155
5	782	-659.21562	-657.43627	-631.55898	1.7793484	-25.877292	-642.50513	-637.63804	-608.26591
5	783	-555.83345	-546.13402	-542.38593	9.6994276	-3.7480918	-536.78552	-524.8063	-519.236
5	784	-536.85159	-535.83718	-526.49636	1.0144145	-9.3408151	-526.43117	-522.68876	-508.17199
5	785	-316.49034	-303.63381	-302.94228	12.856535	-0.6915298	-302.32587	-291.61557	-290.14838
5	786	-583.6332	-580.7388	-565.00171	2.8943945	-15.73709	-568.25127	-559.6097	-543.88448
5	787	-319.72187	-316.71677	-318.3387	3.005104	1.6219354	-316.93722	-309.59098	-309.59581
5	788	-576.50105	-571.85891	-571.48846	4.6421482	-0.37045044	-563.44142	-554.52887	-553.79612
5	789	-447.57121	-439.55164	-433.54536	8.0195726	-6.0062819	-439.62021	-432.37746	-421.34624
5	790	-617.74242	-615.72914	-607.82958	2.0132759	-7.8995627	-604.61686	-597.54272	-582.76515
5	791	-370.14622	-365.53839	-366.76804	4.6078256	1.2296473	-366.21365	-359.85238	-359.954
5	792	-770.21007	-758.75834	-739.64986	11.451733	-19.108478	-757.38293	-739.52601	-719.55634
5	793	-257.1517	-257.22801	-257.80472	-0.076304369	0.57671461	-254.11512	-252.10668	-248.10367
5	794	-329.45113	-329.88941	-326.34449	-0.43827687	-3.544913	-326.7466	-327.16446	-315.25114
5	795	-356.99204	-355.50415	-355.03841	1.4878832	-0.46574673	-354.43586	-348.74616	-342.70373
5	796	-218.11262	-217.13536	-218.25244	0.97726936	1.1170882	-214.86462	-209.5383	-207.48138
5	797	-547.3045	-539.02506	-537.61534	8.2794462	-1.4097169	-532.11839	-527.03444	-525.15728
5	798	-543.31215	-539.39864	-538.24871	3.9135182	-1.1499289	-529.9684	-527.64408	-516.2944
5	799	-479.87511	-468.19715	-466.70547	11.67796	-1.4916803	-464.0863	-455.31578	-454.29236
5	800	-357.20588	-354.66875	-351.72604	2.5371321	-2.9427103	-350.94952	-348.16534	-336.87406
5	801	-470.22317	-461.94608	-459.96066	8.277086	-1.9854256	-455.65717	-450.52356	-443.19809
5	802	-444.49487	-444.54975	-442.46507	-0.054881576	-2.0846812	-442.34664	-440.51952	-427.2389
5	803	-363.72992	-362.84926	-363.81627	0.88066064	0.96700861	-355.88194	-352.22225	-351.01352
5	804	-517.56605	-514.2363	-513.54092	3.3297529	-0.69537926	-508.63104	-504.71968	-499.3472
5	805	-427.71729	-421.36586	-420.40116	6.3514214	-0.96469887	-423.96959	-415.68656	-410.3354
5	806	-473.9005	-453.60848	-453.79099	20.292018	0.18251021	-456.24494	-440.86503	-439.94653
5	807	-784.24185	-772.23302	-749.39437	12.00883	-22.838645	-771.25319	-755.39757	-726.27404
5	808	-501.50114	-488.14092	-474.62768	13.360218	-13.513236	-484.13651	-468.17799	-455.94355
5	809	-269.69631	-265.3693	-266.83027	4.3270074	1.4609657	-266.89708	-258.48941	-257.79031
5	810	-485.47558	-470.96384	-470.80802	14.511733	-0.15582311	-471.31937	-457.77104	-455.01549
5	811	-406.0459	-403.78232	-404.55153	2.2635819	0.7692078	-402.24492	-394.10305	-390.59223
5	812	-299.25951	-297.72327	-298.83763	1.5362357	1.1143559	-296.26964	-292.52583	-291.49206
5	813	-411.25933	-409.21514	-406.86859	2.0441963	-2.3465514	-406.22652	-401.24649	-389.65292
5	814	-673.17376	-663.32219	-640.19147	9.8515723	-23.130715	-659.48216	-644.32575	-619.28043
5	815	-687.25984	-677.97603	-664.366	9.2838063	-13.610035	-670.96484	-655.80712	-640.69894
5	816	-789.22865	-764.13431	-715.98589	25.094339	-48.148423	-774.10114	-746.15444	-701.23688
5	817	-430.57368	-425.68747	-426.33813	4.8862034	0.65065886	-421.41841	-414.62141	-410.06208
5	818	-791.61008	-772.69962	-755.4949	18.910462	-17.204717	-780.04365	-753.50031	-734.27023
5	819	-523.2366	-522.17733	-521.88214	1.0592779	-0.2951838	-515.04176	-512.66251	-509.02844
5	820	-469.40343	-464.15074	-461.97913	5.2526898	-2.1716106	-460.70962	-452.815	-438.09895
5	821	-260.13438	-260.28851	-261.23651	-0.15412838	0.94800089	-257.22254	-256.53218	-256.55624
5	822	-405.71932	-402.22607	-403.37007	3.4932523	1.1440024	-403.29361	-395.64356	-393.91219
5	823	-477.45936	-477.28985	-472.0572	0.16950649	-5.232649	-469.1644	-464.72601	-452.29223
5	824	-635.01454	-620.47545	-607.01865	14.539094	-13.456802	-620.24002	-602.08734	-584.53638
5	825	-456.16695	-456.36379	-454.45766	-0.19683185	-1.9061256	-448.41049	-447.69827	-436.37775
5	826	-391.97623	-392.02481	-388.91068	-0.048576355	-3.1141231	-384.39799	-383.17826	-375.25899
5	827	-630.17269	-620.11744	-608.98572	10.05525	-11.13172	-613.4125	-600.05028	-589.11806
5	828	-563.14571	-554.99967	-537.06892	8.1460398	-17.930751	-547.62418	-536.69503	-518.17917
5	829	-441.04918	-439.6707	-439.96961	1.3784822	0.29890372	-431.48112	-428.65812	-427.67708
5	830	-454.37613	-450.1543	-448.13619	4.2218388	-2.0181088	-444.53325	-438.55747	-431.14298
5	831	-555.89384	-525.72868	-526.9175	30.165166	1.1888265	-541.94121	-512.64862	-511.789
5	832	-475.37129	-467.44022	-467.80226	7.9310653	0.36204088	-464.89826	-460.62231	-456.46204
5	833	-668.51249	-665.99432	-659.9631	2.5181676	-6.0312217	-656.14756	-648.03003	-638.37658
5	834	-363.27431	-363.43849	-363.50989	-0.16418351	0.071401232	-360.88405	-359.70846	-355.46237
5	835	-717.54036	-717.03147	-688.71122	0.50889111	-28.32025	-701.36309	-701.82911	-664.56107
5	836	-246.00848	-245.82818	-246.94545	0.1803081	1.1172791	-243.0097	-241.24744	-241.25779
5	837	-201.70262	-200.94781	-201.799	0.75481063	0.85119341	-198.22067	-194.55954	-194.56122
5	838	-667.99181	-665.38307	-654.14851	2.6087375	-11.234567	-655.0178	-646.26445	-632.50008
5	839	-393.49637	-393.83562	-393.66006	-0.33925141	-0.17555918	-390.37134	-390.62073	-382.13534
5	840	-547.12283	-546.18816	-533.0678	0.93466625	-13.120363	-534.59814	-533.4837	-515.97216
5	841	-285.82899	-285.73301	-286.39155	0.095983244	0.65853931	-283.02227	-281.28358	-280.80297
5	842	-455.20279	-455.1683	-448.85653	0.034489926	-6.3117692	-449.2516	-448.35013	-439.42968
5	843	-421.37923	-421.66439	-422.19801	-0.28515432	0.53361788	-414.28349	-414.61085	-412.73034
5	844	-420.71645	-419.20127	-417.9665	1.5151763	-1.2347739	-414.80999	-410.11649	-398.9145
5	845	-326.17285	-317.63873	-319.35495	8.5341168	1.7162137	-317.94099	-307.42346	-306.34808
5	846	-541.78074	-539.54578	-537.64521	2.2349549	-1.9005778	-534.20198	-527.85074	-516.38601
5	847	-510.56985	-510.86397	-493.36868	-0.29412201	-17.495288	-494.0336	-493.99343	-478.59893
5	848	-530.10952	-526.82519	-527.78118	3.2843278	0.95598413	-521.28642	-521.64208	-507.65266
5	849	-358.06259	-348.9592	-348.9417	9.1033816	-0.017507024	-346.50104	-341.77844	-336.78859
5	850	-467.13852	-463.43047	-462.06604	3.7080523	-1.3644308	-463.33955	-454.44215	-446.84001
5	851	-689.35253	-667.70015	-649.0666	21.652383	-18.633542	-673.59959	-653.92408	-634.11864
5	852	-366.16143	-359.22424	-354.78021	6.937186	-4.4440293	-363.60428	-352.68607	-343.79536
5	853	-482.30938	-480.67912	-478.76622	1.6302647	-1.9128974	-472.81568	-469.36999	-464.39073
5	854	-474.75843	-474.90714	-470.52644	-0.14870807	-4.3806959	-469.63156	-467.53816	-455.124
5	855	-413.58775	-413.74654	-413.64588	-0.15879539	-0.10065604	-407.7173	-405.80753	-396.70889
5	856	-301.33114	-297.23597	-298.30314	4.0951631	1.0671707	-298.37785	-291.92066	-290.47137
5	857	-592.57027	-562.74578	-564.24829	29.824487	1.5025128	-578.85948	-552.07797	-552.08404
5	858	-260.91561	-259.44444	-261.26199	1.4711737	1.8175525	-257.85696	-253.70644	-253.72305
5	859	-476.4623	-471.67559	-463.59554	4.7867072	-8.0800554	-464.69937	-460.48861	-444.89003
5	860	-666.15384	-659.87465	-638.24037	6.2791941	-21.634272	-652.14035	-641.25291	-617.67
5	861	-357.66567	-357.84159	-357.91601	-0.17591676	0.074416404	-347.53103	-347.94996	-346.07945
5	862	-384.45497	-380.51043	-381.37111	3.9445431	0.86067752	-382.04128	-375.15029	-373.02081
5	863	-506.09362	-494.6826	-487.04516	11.411025	-7.6374396	-494.94009	-484.75488	-474.665
5	864	-574.83043	-573.7466	-565.46874	1.0838242	-8.2778617	-558.59724	-554.23129	-543.99314
5	865	-318.41476	-317.30797	-317.19679	1.1067889	-0.11117293	-315.70045	-311.36655	-306.87058
5	866	-532.79128	-529.82966	-533.65233	2.9616265	3.8226683	-527.47981	-520.89795	-510.4484
5	867	-360.16778	-360.20695	-360.9523	-0.039168609	0.74534947	-356.20519	-355.05821	-354.47957
5	868	-486.95464	-479.27083	-475.28955	7.6838136	-3.9812842	-472.55691	-465.42099	-456.89122
5	869	-247.75399	-243.8996	-244.32077	3.8543935	0.4211778	-244.7684	-237.37212	-233.36999
5	870	-477.04644	-472.29395	-469.98765	4.7524911	-2.3062923	-470.36054	-463.02583	-453.63174
5	871	-460.45237	-453.38452	-455.47609	7.067851	2.0915714	-454.60143	-443.98511	-443.62826
5	872	-343.51021	-343.34453	-339.77571	0.16567736	-3.5688204	-332.63781	-331.10262	-324.52102
5	873	-592.45502	-590.80177	-592.04508	1.6532565	1.2433146	-584.36593	-579.10468	-575.2312
5	874	-484.99937	-466.38534	-465.74818	18.614032	-0.63715697	-470.82888	-456.46743	-449.38372
5	875	-479.81197	-477.23229	-468.70796	2.5796899	-8.5243232	-462.47631	-458.37657	-448.7527
5	876	-372.01437	-372.05583	-371.4281	-0.04145402	-0.62772398	-369.6225	-368.55342	-363.39168
5	877	-367.10299	-366.91064	-363.93117	0.19234772	-2.9794715	-355.14455	-355.57014	-350.85199
5	878	-533.61239	-513.48897	-516.34886	20.123422	2.8598957	-520.32741	-504.2219	-503.94976
5	879	-363.69993	-361.15986	-362.42271	2.5400714	1.2628501	-360.89424	-353.86645	-350.11972
5	880	-558.8036	-555.14292	-558.98798	3.6606809	3.8450599	-549.67541	-543.85636	-537.42899
5	881	-425.92434	-426.40784	-424.14469	-0.48349821	-2.2631473	-418.72553	-418.26023	-407.83779
5	882	-269.1365	-269.30085	-269.7699	-0.16435694	0.46904547	-266.21487	-264.68057	-261.37135
5	883	-310.40616	-309.7357	-310.64645	0.67046821	0.91075061	-307.81537	-304.44959	-303.58809
5	884	-741.75174	-706.22138	-676.97495	35.530359	-29.246422	-725.04237	-685.47375	-654.83423
5	885	-400.33014	-391.85023	-385.19103	8.4799102	-6.6591918	-391.87678	-384.67996	-370.51717
5	886	-424.51613	-411.9152	-411.53071	12.600938	-0.38448621	-410.54416	-401.02965	-396.71521
5	887	-526.39428	-526.3945	-508.09302	-0.0002264183	-18.301486	-514.45813	-513.10282	-494.47643
5	888	-725.92918	-720.50577	-708.64905	5.423414	-11.856714	-712.23365	-701.08688	-685.61004
5	889	-286.20284	-284.61951	-284.95522	1.5833307	0.33570341	-283.1194	-278.7927	-273.96183
5	890	-546.95836	-543.24515	-530.04973	3.7132076	-13.195427	-530.15074	-525.15059	-511.25785
5	891	-327.04118	-325.17838	-326.41094	1.8627993	1.2325582	-324.34029	-319.13399	-319.1562
5	892	-369.78629	-369.6373	-369.69897	0.14899342	0.061664734	-367.31014	-364.06535	-359.93617
5	893	-689.21639	-685.84489	-625.57219	3.3714934	-60.272704	-672.75653	-668.43484	-608.83637
5	894	-352.74334	-344.79604	-345.26141	7.9473036	0.46537211	-345.89933	-336.99745	-334.22549
5	895	-219.72935	-217.3627	-218.29371	2.3666493	0.93101191	-216.45768	-211.5056	-211.5053
5	896	-436.40552	-434.33327	-434.36794	2.0722417	0.034669539	-434.12688	-427.49529	-421.08085
5	897	-508.77669	-492.48385	-491.73212	16.292841	-0.75172676	-494.1161	-473.88372	-472.22553
5	898	-411.21601	-410.76614	-397.99185	0.4498668	-12.774296	-402.76927	-406.09108	-383.8669
5	899	-646.23768	-632.38524	-626.93646	13.852439	-5.4487778	-631.06819	-612.18582	-607.7918
5	900	-633.01436	-629.30814	-621.7937	3.7062122	-7.5144454	-616.17187	-608.74195	-599.10848
5	901	-512.71137	-508.09053	-493.12275	4.6208396	-14.967785	-503.40594	-496.23904	-479.37489
5	902	-335.11091	-330.26659	-331.77217	4.8443155	1.5055743	-332.05427	-324.51996	-324.52367
5	903	-315.30285	-315.94042	-316.24359	-0.63756785	0.30316824	-312.69829	-313.11587	-310.59425
5	904	-372.64507	-371.29809	-364.73742	1.3469752	-6.5606772	-361.0588	-358.64512	-354.41853
5	905	-633.05505	-632.75566	-614.75424	0.29939042	-18.001421	-618.7827	-618.74367	-592.58757
5	906	-367.86861	-359.80124	-357.9714	8.0673692	-1.829835	-356.72703	-350.03606	-345.98763
5	907	-799.86448	-784.52945	-766.15765	15.335036	-18.3718	-782.86158	-760.98044	-740.05306
5	908	-447.99064	-439.73521	-440.32717	8.2554308	0.59195931	-433.373	-423.02529	-423.04015
5	909	-530.18163	-529.28289	-518.56969	0.89873699	-10.713207	-518.67656	-514.09258	-501.2189
5	910	-438.24489	-419.67615	-421.97729	18.568749	2.3011391	-421.85875	-407.06423	-407.06427
5	911	-281.58713	-278.11357	-274.50457	3.4735631	-3.6089987	-278.47614	-271.87212	-263.31366
5	912	-445.97836	-443.13836	-444.93525	2.8400003	1.7968979	-443.73951	-435.16467	-434.64874
5	913	-469.56066	-468.10569	-466.14131	1.4549709	-1.964377	-456.49909	-455.64973	-450.39882
5	914	-324.0929	-323.56141	-324.33578	0.5314874	0.77436596	-321.33105	-317.6056	-314.88017
5	915	-466.28404	-465.14657	-466.69832	1.1374685	1.5517501	-451.45088	-450.0431	-443.9085
5	916	-439.87747	-435.7468	-437.08099	4.1306682	1.3341842	-437.59151	-428.89467	-426.78241
5	917	-376.93017	-376.16796	-376.397	0.76220741	0.22903781	-371.40386	-368.18817	-362.87169
5	918	-428.15213	-426.24109	-426.94659	1.9110384	0.70549978	-425.87699	-420.18164	-415.5961
5	919	-370.99335	-364.32114	-364.56845	6.6722115	0.24731146	-366.20127	-356.72951	-352.00404
5	920	-359.97061	-355.44592	-349.03553	4.5246934	-6.4103881	-351.04612	-347.45489	-336.17933
5	921	-582.30175	-578.73875	-574.80497	3.5629931	-3.9337819	-568.85821	-565.27121	-559.78303
5	922	-282.84192	-283.27526	-283.81312	-0.43333837	0.53786812	-280.12664	-280.5441	-276.53343
5	923	-497.21654	-488.57439	-480.30915	8.6421561	-8.2652396	-482.59083	-475.54979	-461.99394
5	924	-426.37195	-426.41495	-425.51962	-0.042998954	-0.89533343	-424.05738	-422.03253	-412.55192
5	925	-657.76857	-639.75037	-639.77562	18.018203	0.025252367	-639.72763	-617.62053	-617.67411
5	926	-727.68765	-720.97666	-711.54949	6.7109973	-9.4271675	-714.76209	-706.91534	-698.55325
5	927	-498.96384	-488.36626	-490.75651	10.597576	2.3902458	-487.59014	-477.49392	-476.30173
5	928	-659.49715	-647.17077	-612.09093	12.326383	-35.07984	-641.14321	-631.12215	-598.73395
5	929	-546.86052	-538.61178	-538.79233	8.2487342	0.18054387	-532.00258	-523.14508	-522.93227
5	930	-196.517	-196.14481	-197.16623	0.372192	1.0214167	-192.1597	-192.57764	-190.22105
5	931	-474.46493	-474.26075	-462.93911	0.20418234	-11.321642	-465.36121	-463.46026	-450.71633
5	932	-830.60391	-773.33166	-774.45216	57.272249	1.1205019	-819.06374	-763.36689	-763.35273
5	933	-916.34621	-915.17549	-819.92612	1.1707217	-95.249373	-899.25301	-895.2593	-798.00765
5	934	-453.97743	-443.1442	-445.38756	10.833228	2.2433559	-446.86955	-434.68479	-432.8729
5	935	-509.94692	-509.92745	-508.65402	0.019471478	-1.2734356	-498.72754	-499.4049	-491.06013
5	936	-452.3248	-448.54331	-449.18838	3.7814951	0.64507692	-444.34713	-438.2593	-433.69148
5	937	-465.77529	-466.37156	-468.17114	-0.59627652	1.7995742	-457.61121	-463.09795	-454.76813
5	938	-330.41238	-321.28534	-321.88799	9.1270464	0.60264913	-314.97287	-309.41169	-308.89843
5	939	-465.6205	-463.55674	-456.84008	2.0637542	-6.716659	-456.79429	-452.89432	-439.20014
5	940	-428.1165	-419.67023	-411.19498	8.4462707	-8.4752513	-414.8003	-408.95377	-395.23236
5	941	-460.52101	-461.12568	-451.95607	-0.60466147	-9.1696071	-449.11737	-446.31613	-436.7277
5	942	-583.27173	-583.08004	-577.0967	0.19169221	-5.9833385	-569.43142	-567.04993	-558.37449
5	943	-883.58842	-879.80937	-841.97649	3.7790463	-37.832884	-869.95321	-862.4931	-818.49394
5	944	-374.21526	-371.61726	-371.64219	2.5979987	0.024927315	-366.01134	-361.84738	-361.79858
5	945	-437.93465	-437.76024	-436.1698	0.1744096	-1.5904432	-434.43548	-432.34934	-425.63327
5	946	-432.17525	-428.67223	-429.58496	3.5030176	0.91272673	-417.55731	-418.10633	-417.69043
5	947	-447.18948	-434.48314	-436.54008	12.706345	2.0569403	-437.10973	-427.19837	-427.20601
5	948	-396.88284	-396.37442	-394.80423	0.50842077	-1.5701957	-394.50221	-390.8413	-381.61461
5	949	-281.58108	-282.00411	-279.75878	-0.42302931	-2.2453291	-278.43107	-278.85017	-269.38947
5	950	-353.57994	-350.17368	-351.73484	3.4062589	1.5611532	-347.52479	-342.04786	-340.69444
5	951	-314.35584	-314.55508	-309.16652	-0.19923479	-5.3885605	-311.81848	-310.35226	-297.29708
5	952	-466.18366	-458.09478	-458.67139	8.0888864	0.57660909	-452.946	-443.76392	-441.3028
5	953	-347.72002	-333.82803	-335.55472	13.891991	1.7266928	-336.79883	-325.41905	-325.53471
5	954	-394.10837	-393.62609	-381.45176	0.48228017	-12.174335	-383.24616	-378.75798	-368.78154
5	955	-328.65315	-325.61318	-325.57755	3.0399718	-0.035629026	-323.00143	-319.25537	-315.17026
5	956	-706.44024	-701.42137	-694.03832	5.0188624	-7.383054	-692.56056	-681.78531	-670.90512
5	957	-346.1304	-343.11819	-343.0627	3.0122138	-0.055489302	-343.45906	-337.10767	-331.89014
5	958	-377.53154	-377.0503	-378.15833	0.48123385	1.1080263	-372.24399	-368.44725	-367.34804
5	959	-617.98212	-610.02461	-591.27429	7.9575119	-18.750316	-605.51314	-593.18224	-572.9496
5	960	-591.85129	-579.08756	-572.00331	12.763732	-7.0842439	-576.42793	-565.05111	-557.10285
5	961	-509.43885	-509.16925	-508.59057	0.26960693	-0.57867645	-499.68581	-497.29911	-495.49517
5	962	-210.48566	-211.13262	-211.64279	-0.646952	0.51017508	-207.28283	-207.70055	-205.80537
5	963	-471.6179	-471.41805	-467.57833	0.19984906	-3.8397162	-461.57584	-458.75972	-446.05235
5	964	-366.71324	-365.56098	-364.15968	1.1522559	-1.4013046	-364.14421	-360.75109	-354.95356
5	965	-383.51197	-383.78119	-383.12678	-0.2692278	-0.65441294	-377.47873	-376.70314	-370.2594
5	966	-487.60469	-476.40552	-474.87904	11.199174	-1.5264765	-474.64919	-463.1805	-457.22948
5	967	-690.32028	-689.54993	-677.56531	0.77034222	-11.98462	-677.36171	-675.76352	-663.87636
5	968	-354.30387	-354.14801	-353.58846	0.15585828	-0.55955017	-351.70602	-349.21799	-342.30444
5	969	-463.34719	-459.07819	-440.58255	4.2690056	-18.495631	-446.56364	-439.18218	-421.21926
5	970	-402.16206	-390.0422	-391.49937	12.119859	1.457171	-388.70669	-380.32363	-379.4696
5	971	-277.50569	-277.76853	-277.3118	-0.2628395	-0.45673019	-274.60906	-273.63957	-267.73213
5	972	-728.29264	-726.2287	-685.10407	2.0639402	-41.124629	-711.93648	-709.52219	-664.59586
5	973	-339.19075	-336.59408	-337.94194	2.5966712	1.3478665	-334.16948	-327.93113	-326.71822
5	974	-607.82351	-606.89183	-605.2044	0.93167464	-1.6874326	-591.78445	-588.37886	-586.48562
5	975	-439.84991	-436.40895	-437.82804	3.4409522	1.4190827	-433.67313	-429.65895	-428.88029
5	976	-282.90517	-283.11833	-283.94938	-0.21316031	0.83105341	-278.62298	-279.04064	-277.6046
5	977	-362.97388	-360.70611	-361.72077	2.267771	1.0146604	-355.4911	-349.2925	-347.79851
5	978	-622.49828	-615.4431	-603.33641	7.0551755	-12.106693	-607.3345	-594.45449	-579.08661
5	979	-606.02007	-595.3001	-592.29398	10.71997	-3.0061239	-592.61732	-581.93201	-576.59326
5	980	-464.39316	-456.77049	-442.86307	7.6226742	-13.907419	-448.67691	-439.38282	-424.12054
5	981	-274.52253	-271.65136	-273.06779	2.8711734	1.4164294	-271.47224	-264.34487	-264.37686
5	982	-397.1864	-393.23463	-391.75642	3.951769	-1.4782055	-391.95969	-386.27845	-379.62544
5	983	-389.40453	-378.5878	-370.16556	10.816729	-8.4222368	-375.1228	-364.4834	-354.38068
5	984	-399.22815	-393.55428	-395.40074	5.6738755	1.8464662	-396.13168	-383.49823	-380.07381
5	985	-313.93186	-311.13384	-306.66119	2.7980235	-4.4726471	-307.5725	-305.12056	-294.27248
5	986	-474.02306	-474.29998	-465.01956	-0.27691997	-9.2804269	-459.83957	-460.26306	-449.03504
5	987	-395.06051	-392.43001	-390.4022	2.6304946	-2.0278151	-386.10065	-383.38891	-380.40784
5	988	-379.64217	-379.66054	-374.07844	-0.018370621	-5.5820923	-377.19498	-376.22042	-361.61239
5	989	-443.76687	-436.4662	-432.83837	7.3006712	-3.627836	-433.03398	-424.35489	-413.9875
5	990	-438.15746	-419.17641	-418.8724	18.981046	-0.30401241	-425.01516	-410.1548	-404.90288
5	991	-584.93762	-572.58628	-568.61259	12.35134	-3.9736893	-568.05428	-551.92793	-546.20851
5	992	-382.94865	-378.37779	-374.81403	4.5708644	-3.5637535	-368.86182	-365.21402	-357.84955
5	993	-636.4621	-621.53929	-624.32689	14.92281	2.7876061	-622.70949	-606.72885	-605.41836
5	994	-401.45812	-398.81694	-400.65677	2.6411763	1.8398273	-392.24326	-386.92543	-385.87294
5	995	-615.98015	-613.70776	-604.01787	2.2723833	-9.6898916	-601.5401	-595.73711	-582.78199
5	996	-332.88675	-332.50813	-333.17051	0.3786211	0.66237462	-330.24117	-326.58025	-323.97221
5	997	-311.05001	-311.36248	-312.08516	-0.31247148	0.72267853	-307.67501	-308.07779	-307.85939
5	998	-627.96414	-626.47334	-623.60335	1.4907981	-2.8699864	-614.85028	-614.8582	-605.39958
5	999	-261.96179	-262.09562	-262.38877	-0.13382973	0.29314473	-258.83027	-257.44376	-253.95485
