No.	ID	loglik_Null_W	loglik_Acc_W	loglik_Full_W	logBF1	logBF2
8	0	-398.95063	-399.56386	-400.01189	-0.61322153	0.4480308
8	1	-376.69498	-375.93003	-379.21509	0.76495076	3.2850621
8	2	-405.31248	-404.03768	-403.84092	1.2747949	-0.19676348
8	3	-374.74808	-374.14769	-374.99737	0.60039189	0.84967995
8	4	-318.73267	-318.3479	-316.46139	0.38477482	-1.8865058
8	5	-435.54154	-442.60731	-433.36369	-7.065763	-9.2436173
8	6	-731.73827	-732.46274	-729.17422	-0.72447655	-3.2885223
8	7	-466.49301	-467.29422	-466.07119	-0.80120962	-1.2230319
8	8	-693.56049	-689.38291	-695.34665	4.1775789	5.9637344
8	9	-401.50978	-401.22151	-403.25457	0.28826414	2.0330559
8	10	-547.21844	-547.24331	-548.27115	-0.024872918	1.0278343
8	11	-340.30969	-341.11945	-336.92398	-0.8097672	-4.1954749
8	12	-281.63126	-282.98362	-286.19839	-1.3523615	3.2147641
8	13	-455.75174	-457.37628	-457.51102	-1.6245477	0.13473629
8	14	-333.18925	-332.84949	-335.93947	0.33976559	3.0899791
8	15	-329.88634	-328.52421	-332.36648	1.3621295	3.8422723
8	16	-521.18566	-519.78229	-520.50732	1.4033629	0.72502061
8	17	-321.93967	-324.36886	-325.47542	-2.4291941	1.106561
8	18	-444.16945	-443.38578	-447.07236	0.7836738	3.6865796
8	19	-341.81005	-343.03288	-344.36529	-1.2228319	1.3324014
8	20	-376.38948	-375.69715	-379.09622	0.69233577	3.3990744
8	21	-372.48759	-371.73978	-374.65178	0.74781134	2.9119999
8	22	-500.17806	-498.01834	-495.64309	2.1597181	-2.3752496
8	23	-423.80813	-422.83606	-416.09556	0.9720701	-6.7405002
8	24	-512.45645	-510.84208	-513.85765	1.6143652	3.0155712
8	25	-428.64987	-425.66095	-429.24258	2.9889195	3.5816346
8	26	-351.72496	-352.80934	-354.0774	-1.0843813	1.268058
8	27	-433.13052	-427.96631	-430.12477	5.1642084	2.1584555
8	28	-393.60963	-392.36972	-395.74993	1.2399074	3.3802142
8	29	-411.79221	-412.6406	-412.92222	-0.84838814	0.28162492
8	30	-350.42282	-350.86378	-353.0308	-0.44096389	2.1670197
8	31	-242.85079	-244.27907	-245.64713	-1.4282865	1.3680532
8	32	-399.92051	-399.87266	-401.87184	0.047851651	1.9991777
8	33	-374.11142	-378.13524	-378.10618	-4.0238195	-0.029056187
8	34	-463.48006	-459.87359	-463.19647	3.606472	3.3228748
8	35	-451.65659	-451.66945	-454.35529	-0.012852125	2.6858472
8	36	-355.80372	-358.21127	-359.1621	-2.40755	0.95083794
8	37	-278.63984	-279.93679	-286.02486	-1.2969474	6.0880697
8	38	-434.56517	-432.21004	-428.63273	2.3551297	-3.577314
8	39	-263.12212	-265.52216	-267.84239	-2.4000451	2.3202272
8	40	-218.35175	-219.58494	-224.9362	-1.2331933	5.3512647
8	41	-309.55068	-311.37044	-313.84661	-1.819759	2.4761679
8	42	-497.95933	-498.21237	-496.93222	-0.25303929	-1.2801496
8	43	-668.89173	-668.97564	-668.21471	-0.083910095	-0.76093068
8	44	-291.36101	-292.91779	-295.37299	-1.5567736	2.455205
8	45	-477.33144	-477.80044	-477.46056	-0.46899836	-0.33987736
8	46	-328.37503	-330.64483	-331.88506	-2.2698021	1.2402267
8	47	-534.90408	-544.84537	-535.32301	-9.9412928	-9.5223685
8	48	-592.18673	-593.76272	-589.23819	-1.5759874	-4.5245262
8	49	-538.21395	-535.28877	-533.83892	2.9251894	-1.4498413
8	50	-402.44089	-396.97468	-400.57909	5.4662098	3.604405
8	51	-480.20536	-478.56296	-479.44931	1.6423993	0.88634582
8	52	-366.35151	-367.22088	-370.19185	-0.86937425	2.9709697
8	53	-558.51199	-556.85218	-558.07531	1.659809	1.2231269
8	54	-406.07222	-405.50854	-405.80671	0.56367504	0.29816284
8	55	-489.6035	-486.80135	-489.73596	2.8021428	2.9346052
8	56	-454.78107	-454.08446	-447.39315	0.69661105	-6.6913116
8	57	-425.27637	-422.68986	-423.1872	2.5865115	0.49734013
8	58	-396.40899	-396.57799	-398.47642	-0.16900025	1.8984337
8	59	-344.78538	-344.55811	-348.05563	0.22727134	3.4975258
8	60	-444.67048	-442.3779	-446.57125	2.2925807	4.193344
8	61	-367.45445	-368.97351	-367.06717	-1.5190606	-1.9063459
8	62	-324.04816	-320.90712	-325.05831	3.1410405	4.1511931
8	63	-363.45932	-364.30036	-365.09229	-0.84103947	0.79193446
8	64	-337.11915	-335.37718	-338.35124	1.7419622	2.9740599
8	65	-300.00808	-300.66081	-304.15266	-0.65272897	3.4918466
8	66	-352.68911	-351.97256	-352.0767	0.71654971	0.10414741
8	67	-501.20543	-502.81912	-502.30508	-1.613688	-0.51404038
8	68	-194.3894	-195.17147	-199.56643	-0.78206545	4.394966
8	69	-360.84774	-359.093	-360.94878	1.754737	1.8557804
8	70	-285.64785	-285.20864	-290.53065	0.439217	5.3220099
8	71	-369.77195	-370.52716	-370.27537	-0.75520598	-0.25178857
8	72	-532.49818	-531.74708	-534.69515	0.75110129	2.9480629
8	73	-353.81102	-356.72932	-355.7174	-2.918304	-1.0119203
8	74	-406.17832	-402.93818	-404.9302	3.240136	1.9920196
8	75	-571.87824	-566.20489	-570.53973	5.6733581	4.3348393
8	76	-493.15521	-493.76191	-491.65088	-0.60669855	-2.1110294
8	77	-333.04995	-329.80761	-330.45619	3.2423358	0.64858002
8	78	-360.05555	-360.32581	-362.43328	-0.2702608	2.107469
8	79	-536.01871	-537.65669	-540.99478	-1.637976	3.3380926
8	80	-470.81625	-468.57129	-471.19379	2.2449604	2.6224938
8	81	-376.46535	-377.86861	-377.88124	-1.4032529	0.012635361
8	82	-379.35791	-380.26622	-379.71277	-0.90831126	-0.55344527
8	83	-361.06299	-361.3274	-364.57726	-0.26441732	3.2498608
8	84	-388.53131	-390.18491	-392.00876	-1.6536053	1.8238494
8	85	-475.249	-477.42937	-478.76402	-2.1803693	1.3346459
8	86	-272.69266	-273.35887	-278.76946	-0.66621777	5.4105856
8	87	-556.49875	-556.17568	-553.65133	0.32306757	-2.5243502
8	88	-280.6943	-282.40585	-284.90212	-1.7115526	2.4962658
8	89	-403.17246	-404.74169	-404.8629	-1.5692289	0.12121207
8	90	-380.49089	-383.85902	-381.60426	-3.3681275	-2.254757
8	91	-350.73194	-352.89811	-354.19242	-2.1661732	1.2943128
8	92	-395.20115	-393.32519	-392.24287	1.8759602	-1.0823211
8	93	-240.63888	-241.77732	-243.68827	-1.1384361	1.9109522
8	94	-319.36448	-321.02118	-320.85121	-1.6566956	-0.16997323
8	95	-362.37237	-363.11676	-363.52105	-0.74439197	0.40428874
8	96	-458.43734	-457.02105	-455.63336	1.4162906	-1.3876929
8	97	-334.28834	-334.66352	-337.78718	-0.37517878	3.1236581
8	98	-280.17137	-279.41289	-284.73889	0.75847586	5.3260026
8	99	-373.83684	-373.64035	-375.94668	0.19648968	2.3063246
8	100	-410.60053	-411.76428	-411.4939	-1.1637471	-0.27037918
8	101	-405.89946	-403.59213	-406.10456	2.3073306	2.5124315
8	102	-477.17729	-481.19058	-478.39032	-4.0132898	-2.8002589
8	103	-355.65661	-356.16543	-354.46274	-0.50881669	-1.702686
8	104	-414.63767	-415.59269	-415.7085	-0.95501856	0.11580287
8	105	-356.37022	-357.26786	-352.51172	-0.89764117	-4.7561386
8	106	-466.0924	-463.85248	-467.09862	2.2399208	3.246144
8	107	-455.89944	-456.27016	-460.18674	-0.37072109	3.9165832
8	108	-471.07321	-471.42933	-472.40493	-0.35612625	0.97559654
8	109	-401.88751	-402.93554	-403.29056	-1.0480271	0.35502768
8	110	-408.93323	-412.04141	-412.85371	-3.1081874	0.8122931
8	111	-410.05496	-409.90328	-411.27589	0.15167751	1.3726044
8	112	-513.61341	-514.49816	-505.19666	-0.88475149	-9.301498
8	113	-334.47693	-333.69491	-334.57582	0.78202785	0.88091817
8	114	-346.89457	-346.37196	-350.10781	0.52261256	3.7358493
8	115	-452.59243	-452.14323	-454.28685	0.44920109	2.1436214
8	116	-568.73334	-567.6014	-566.26565	1.1319448	-1.3357443
8	117	-358.68361	-359.94586	-364.25574	-1.262251	4.3098773
8	118	-373.65367	-373.73159	-375.64164	-0.077916243	1.9100587
8	119	-304.24874	-306.15316	-306.75091	-1.9044244	0.59774876
8	120	-570.36258	-560.65299	-561.61962	9.7095897	0.9666265
8	121	-483.10301	-474.49796	-483.39008	8.6050564	8.8921239
8	122	-385.25471	-383.20429	-386.13173	2.0504195	2.9274406
8	123	-333.87566	-332.7969	-336.71519	1.0787604	3.9182839
8	124	-298.65329	-300.36681	-300.37857	-1.7135201	0.011757414
8	125	-408.45501	-409.84609	-408.23192	-1.3910833	-1.6141665
8	126	-340.21905	-340.40591	-338.90126	-0.18685475	-1.5046493
8	127	-390.26641	-390.84103	-393.17795	-0.57462034	2.3369234
8	128	-280.59908	-278.70851	-282.44906	1.8905715	3.7405518
8	129	-215.08183	-216.5866	-222.23371	-1.5047703	5.6471107
8	130	-306.27928	-305.75703	-310.77994	0.52225423	5.0229113
8	131	-332.40983	-334.40974	-335.61732	-1.9999082	1.2075786
8	132	-540.63652	-537.80461	-538.26688	2.8319113	0.46226687
8	133	-288.47943	-287.07645	-289.76261	1.4029774	2.6861599
8	134	-447.20108	-448.43808	-446.56462	-1.2369918	-1.8734601
8	135	-586.18351	-579.66574	-574.97878	6.5177697	-4.686953
8	136	-467.59337	-467.00328	-464.5867	0.59008914	-2.4165805
8	137	-387.96675	-387.28432	-391.78446	0.68243313	4.5001408
8	138	-340.6264	-341.2788	-342.48689	-0.65240523	1.2080911
8	139	-783.79736	-772.7365	-772.26438	11.060862	-0.47212228
8	140	-624.73682	-626.43693	-623.71389	-1.7001174	-2.7230429
8	141	-340.02457	-338.5063	-339.8349	1.5182655	1.3285991
8	142	-327.43501	-323.29202	-325.09116	4.1429898	1.7991328
8	143	-419.5122	-418.22758	-420.17615	1.2846146	1.9485697
8	144	-506.95483	-507.00104	-507.6032	-0.04620914	0.60215814
8	145	-315.16886	-316.1571	-318.46497	-0.98823733	2.3078666
8	146	-369.44717	-367.88647	-373.1652	1.5606995	5.2787234
8	147	-506.29605	-504.56606	-506.38012	1.7299871	1.8140526
8	148	-325.53234	-326.19532	-326.91482	-0.66298591	0.71949544
8	149	-490.67194	-488.73353	-486.18976	1.9384162	-2.5437669
8	150	-435.86599	-435.27847	-436.62204	0.58752478	1.3435666
8	151	-348.82165	-345.85666	-352.56794	2.9649829	6.7112749
8	152	-264.84205	-268.45885	-271.43023	-3.6167991	2.9713797
8	153	-402.8775	-402.15925	-404.5076	0.71825325	2.3483498
8	154	-335.1099	-335.71614	-333.98197	-0.60624285	-1.7341683
8	155	-536.44002	-534.4301	-532.9906	2.0099179	-1.439493
8	156	-533.00071	-532.25184	-532.0683	0.74887049	-0.18353827
8	157	-226.29087	-227.72588	-231.18439	-1.4350063	3.4585137
8	158	-397.91814	-399.15928	-399.30247	-1.2411332	0.14319718
8	159	-277.62124	-275.67444	-279.52548	1.9467988	3.8510434
8	160	-280.83813	-281.95639	-282.20247	-1.1182568	0.24608453
8	161	-426.72413	-425.83452	-419.82994	0.88961577	-6.0045791
8	162	-452.0689	-457.96893	-453.41385	-5.9000246	-4.555078
8	163	-390.36691	-391.40518	-391.88534	-1.0382651	0.48016705
8	164	-539.21498	-549.40586	-532.31456	-10.190885	-17.091305
8	165	-552.02637	-551.74078	-551.72181	0.28559104	-0.01896597
8	166	-490.83448	-486.0307	-474.83814	4.8037855	-11.192555
8	167	-402.05858	-403.90922	-407.02965	-1.8506402	3.1204303
8	168	-337.7594	-338.51094	-337.70404	-0.75153195	-0.80689553
8	169	-285.27515	-286.71067	-286.16029	-1.4355182	-0.55037793
8	170	-404.5042	-400.15614	-397.8226	4.3480568	-2.3335368
8	171	-310.52069	-309.17153	-310.4299	1.3491561	1.2583706
8	172	-442.58617	-443.99683	-443.8195	-1.410666	-0.17733324
8	173	-444.00518	-445.66573	-445.35426	-1.660542	-0.31146406
8	174	-502.63588	-499.11413	-502.19512	3.5217535	3.0809856
8	175	-343.54283	-345.55474	-344.24963	-2.0119118	-1.3051103
8	176	-415.60396	-414.74009	-414.86075	0.86387001	0.12066783
8	177	-334.91743	-334.37227	-333.53403	0.54516446	-0.83823933
8	178	-391.74176	-391.80487	-391.04927	-0.063111446	-0.75559436
8	179	-405.66573	-406.96813	-410.19177	-1.3024024	3.2236394
8	180	-534.44343	-535.79883	-535.92477	-1.3553985	0.12594023
8	181	-432.60028	-436.30793	-433.40598	-3.7076485	-2.9019508
8	182	-494.87695	-493.2274	-495.88303	1.649545	2.6556273
8	183	-250.82408	-251.069	-256.17592	-0.24491276	5.1069218
8	184	-477.83415	-477.15941	-477.85562	0.67474386	0.69621019
8	185	-274.99314	-277.1163	-279.80303	-2.1231584	2.6867253
8	186	-386.93254	-385.56994	-387.33686	1.3625981	1.7669213
8	187	-425.83946	-426.33082	-430.04427	-0.49136092	3.7134473
8	188	-352.66493	-345.59039	-350.64445	7.0745373	5.0540566
8	189	-446.40951	-447.20151	-441.57569	-0.79200148	-5.625828
8	190	-253.70359	-255.05194	-258.10977	-1.348354	3.0578278
8	191	-409.54038	-405.98829	-404.81148	3.5520845	-1.1768072
8	192	-527.69556	-526.59644	-526.96198	1.0991139	0.36554294
8	193	-475.69615	-474.47549	-479.93564	1.2206597	5.4601479
8	194	-312.5643	-312.89025	-315.57073	-0.32594796	2.6804771
8	195	-563.98945	-559.70552	-559.57014	4.283928	-0.135387
8	196	-359.80176	-357.87271	-361.05464	1.9290474	3.1819309
8	197	-500.49131	-501.1623	-502.39168	-0.67098891	1.2293865
8	198	-415.01519	-421.26878	-421.22762	-6.2535824	-0.041154289
8	199	-468.85874	-471.0847	-469.48012	-2.225959	-1.6045854
8	200	-348.16567	-350.07788	-351.3967	-1.9122159	1.3188138
8	201	-298.21154	-296.07792	-298.18088	2.1336191	2.1029581
8	202	-299.56606	-300.33716	-302.61987	-0.77109396	2.2827143
8	203	-369.09617	-368.84159	-367.21807	0.25458379	-1.6235209
8	204	-332.80128	-334.19997	-337.14236	-1.3986923	2.9423872
8	205	-242.07828	-242.63703	-245.14569	-0.55875653	2.5086603
8	206	-390.48787	-388.41032	-394.3296	2.0775451	5.9192786
8	207	-454.10391	-448.83939	-442.62356	5.264525	-6.2158319
8	208	-466.53047	-466.73959	-467.94587	-0.20911943	1.2062723
8	209	-502.01254	-498.25024	-504.18909	3.7623034	5.9388584
8	210	-496.73985	-495.13785	-497.43063	1.601997	2.2927785
8	211	-413.2196	-408.41954	-410.71871	4.8000658	2.299173
8	212	-628.94691	-627.74552	-621.52544	1.2013931	-6.2200808
8	213	-476.18693	-481.75194	-480.49768	-5.5650124	-1.2542596
8	214	-477.99494	-479.58719	-479.54321	-1.5922514	-0.043979013
8	215	-275.0371	-275.66022	-279.57648	-0.62311912	3.9162539
8	216	-282.48621	-283.91607	-286.61463	-1.4298577	2.6985529
8	217	-307.19985	-308.11819	-311.58485	-0.91833543	3.4666636
8	218	-372.69625	-374.61662	-372.9782	-1.9203752	-1.6384199
8	219	-553.72004	-550.30163	-545.86678	3.4184019	-4.4348566
8	220	-314.88592	-317.46599	-318.16122	-2.5800642	0.69523216
8	221	-454.82355	-455.14661	-455.1714	-0.32305572	0.024793726
8	222	-265.07519	-264.04587	-266.32296	1.029317	2.2770944
8	223	-313.02336	-312.80953	-314.52246	0.21383704	1.712934
8	224	-538.51109	-536.57882	-537.03072	1.9322681	0.45189307
8	225	-364.31204	-365.3467	-365.80521	-1.0346596	0.45850314
8	226	-540.78071	-540.16287	-543.47208	0.61784042	3.3092147
8	227	-380.25929	-382.61593	-384.1162	-2.3566411	1.5002666
8	228	-654.23779	-662.64611	-665.2024	-8.4083144	2.556295
8	229	-289.54596	-290.30235	-293.34741	-0.75638632	3.0450619
8	230	-395.89262	-397.6586	-399.89329	-1.7659877	2.2346879
8	231	-386.98814	-382.99428	-387.24267	3.9938623	4.2483922
8	232	-421.7038	-417.82848	-422.4219	3.8753231	4.593423
8	233	-430.34116	-429.18851	-433.08672	1.1526481	3.8982051
8	234	-333.33778	-331.60663	-334.01546	1.7311463	2.4088298
8	235	-434.0462	-435.73346	-435.51947	-1.6872644	-0.21399345
8	236	-269.54451	-271.63777	-273.80277	-2.0932648	2.1649949
8	237	-371.24296	-369.44006	-373.61415	1.8028954	4.1740829
8	238	-477.4422	-481.46227	-480.19632	-4.0200706	-1.265951
8	239	-488.18432	-482.38766	-486.47939	5.7966563	4.0917313
8	240	-400.57605	-399.856	-404.4934	0.7200567	4.6374073
8	241	-310.58753	-311.89315	-314.4539	-1.3056187	2.5607598
8	242	-453.52194	-452.74222	-450.2015	0.77971802	-2.5407165
8	243	-489.54069	-488.94289	-488.84519	0.59780163	-0.097695771
8	244	-437.82792	-434.48652	-436.41015	3.3414079	1.9236307
8	245	-378.96368	-377.56306	-378.47664	1.4006221	0.91358589
8	246	-566.4492	-566.91083	-564.66005	-0.46162953	-2.2507822
8	247	-456.42438	-454.02671	-452.04553	2.3976653	-1.9811868
8	248	-442.72429	-443.46829	-446.4599	-0.74400035	2.991609
8	249	-259.15781	-260.48787	-262.69192	-1.3300555	2.204054
8	250	-531.02149	-528.36031	-520.82006	2.6611801	-7.5402555
8	251	-283.63327	-284.96359	-288.97854	-1.3303154	4.0149488
8	252	-347.41976	-348.78972	-352.45131	-1.3699633	3.6615867
8	253	-300.7815	-300.52192	-300.04986	0.25958071	-0.47206799
8	254	-480.26834	-484.52742	-485.25681	-4.2590813	0.72939574
8	255	-353.47994	-357.39798	-356.17286	-3.9180452	-1.2251197
8	256	-291.59103	-293.67593	-295.54162	-2.0848948	1.865698
8	257	-365.54489	-364.20949	-368.08375	1.3354048	3.8742677
8	258	-497.96189	-497.44391	-500.53896	0.51797655	3.0950518
8	259	-260.18205	-260.35232	-264.07432	-0.17026911	3.7220003
8	260	-320.05535	-319.89522	-323.86163	0.16013214	3.9664085
8	261	-661.68191	-660.33638	-662.15551	1.3455265	1.8191284
8	262	-389.47472	-390.27026	-391.79879	-0.79553921	1.5285296
8	263	-496.13845	-496.51527	-490.29079	-0.37681996	-6.2244769
8	264	-352.09241	-350.74107	-353.0505	1.3513335	2.3094322
8	265	-398.54948	-398.44495	-399.91667	0.10453507	1.4717169
8	266	-327.97777	-328.70882	-330.54205	-0.73104931	1.8332295
8	267	-332.73065	-330.95048	-334.57594	1.7801669	3.6254534
8	268	-266.48164	-267.06862	-269.97043	-0.58698079	2.9018045
8	269	-300.99954	-302.1646	-301.9274	-1.1650598	-0.23719154
8	270	-293.95009	-294.09068	-296.91171	-0.1405954	2.8210239
8	271	-314.18884	-314.27254	-316.31677	-0.083701465	2.0442295
8	272	-333.6352	-334.76732	-335.18846	-1.1321184	0.42113699
8	273	-479.21843	-477.87113	-478.74757	1.3473057	0.87644828
8	274	-368.09406	-367.96443	-368.73892	0.12962118	0.77448568
8	275	-402.23	-398.96897	-396.63461	3.2610256	-2.334364
8	276	-559.79466	-560.41178	-560.29901	-0.61712186	-0.11277602
8	277	-358.6606	-357.44751	-359.4136	1.213091	1.9660903
8	278	-332.99719	-333.95539	-334.0801	-0.95820283	0.12471347
8	279	-300.24604	-300.3425	-307.33039	-0.096455067	6.9878886
8	280	-337.39883	-337.33393	-342.08205	0.064892861	4.7481178
8	281	-430.15202	-429.86131	-428.24157	0.29071154	-1.6197425
8	282	-395.86677	-395.1861	-395.26219	0.68067226	0.076089789
8	283	-384.29747	-386.47505	-384.46262	-2.177582	-2.0124283
8	284	-493.61749	-490.8301	-488.51747	2.7873834	-2.3126388
8	285	-536.76101	-536.09732	-538.48949	0.66369365	2.392174
8	286	-400.42463	-401.33302	-402.43073	-0.90838564	1.0977133
8	287	-426.92372	-426.96541	-428.78206	-0.041687477	1.8166494
8	288	-330.83401	-332.47788	-334.90499	-1.6438694	2.4271121
8	289	-412.65039	-411.66684	-416.02763	0.98354845	4.3607969
8	290	-258.42308	-258.87974	-262.33011	-0.45666686	3.4503703
8	291	-354.36353	-355.60148	-355.87202	-1.237951	0.27053407
8	292	-502.08596	-500.8508	-504.36763	1.2351606	3.5168281
8	293	-487.08742	-483.84282	-480.88181	3.2446068	-2.9610097
8	294	-364.87919	-362.26581	-363.39322	2.613382	1.1274061
8	295	-294.43791	-290.57715	-296.29964	3.8607593	5.7224937
8	296	-449.97531	-448.77707	-448.09455	1.1982414	-0.68251923
8	297	-294.03209	-295.6682	-297.73702	-1.6361067	2.0688167
8	298	-260.28548	-261.27503	-263.92873	-0.9895477	2.6537052
8	299	-305.38016	-309.17508	-316.60038	-3.794922	7.4252968
8	300	-561.48538	-562.75596	-564.97043	-1.2705793	2.2144724
8	301	-425.67999	-427.1491	-421.48775	-1.4691074	-5.6613438
8	302	-373.24761	-373.75741	-376.11959	-0.50980566	2.3621796
8	303	-361.40554	-362.26576	-361.87379	-0.8602276	-0.39197649
8	304	-290.85787	-291.83105	-295.56999	-0.9731774	3.7389401
8	305	-472.95778	-468.01277	-467.11013	4.9450093	-0.90264287
8	306	-282.89943	-282.25607	-288.66872	0.64336158	6.4126498
8	307	-349.47181	-350.94323	-353.09861	-1.4714206	2.1553831
8	308	-302.24787	-301.48875	-304.68676	0.75911656	3.1980125
8	309	-450.78903	-451.55981	-445.96342	-0.77078358	-5.5963938
8	310	-521.6082	-519.0418	-518.94642	2.5663957	-0.095377131
8	311	-491.05641	-491.42684	-491.78924	-0.37043056	0.36240112
8	312	-339.19996	-340.66839	-341.58192	-1.4684236	0.91353649
8	313	-543.5144	-540.13182	-541.36519	3.3825861	1.2333716
8	314	-331.93265	-331.88414	-336.10868	0.048514486	4.2245495
8	315	-349.56996	-349.88526	-354.90765	-0.31530262	5.0223859
8	316	-387.58812	-388.23446	-390.78921	-0.6463421	2.5547423
8	317	-601.70383	-603.03215	-600.03969	-1.3283217	-2.9924586
8	318	-504.66408	-506.4302	-507.12975	-1.7661177	0.69955497
8	319	-252.69243	-255.66016	-259.4255	-2.9677342	3.765333
8	320	-340.05881	-341.05452	-341.66462	-0.99571617	0.6100963
8	321	-486.40699	-485.92993	-489.24765	0.47705338	3.3177175
8	322	-350.54086	-350.11275	-351.30983	0.42811275	1.1970872
8	323	-411.79886	-403.23354	-407.88475	8.5653155	4.6512081
8	324	-298.23616	-299.13502	-300.97859	-0.89885795	1.8435685
8	325	-309.05938	-309.79759	-309.26117	-0.73821123	-0.53641674
8	326	-451.75066	-453.21617	-452.49643	-1.4655181	-0.71974103
8	327	-461.30285	-462.24049	-460.74708	-0.93764158	-1.4934137
8	328	-639.32716	-641.07424	-599.93392	-1.7470799	-41.140313
8	329	-410.34563	-409.80181	-412.0959	0.54381872	2.2940928
8	330	-411.54529	-411.94025	-414.34034	-0.394958	2.4000897
8	331	-480.11482	-479.19429	-481.8946	0.92052535	2.7003082
8	332	-349.21102	-348.58126	-352.18265	0.62976576	3.6013962
8	333	-465.15532	-463.11328	-464.82699	2.0420381	1.7137064
8	334	-413.85331	-417.83546	-415.17325	-3.9821499	-2.662208
8	335	-455.46201	-456.28486	-456.77463	-0.82284732	0.48976823
8	336	-291.80788	-291.36077	-297.31077	0.44710488	5.9499949
8	337	-372.94395	-375.09428	-374.38412	-2.1503279	-0.71016129
8	338	-401.11072	-399.8865	-402.09926	1.2242254	2.2127601
8	339	-392.86616	-390.60587	-394.49444	2.260288	3.888574
8	340	-572.94524	-572.40546	-551.37889	0.53977713	-21.026565
8	341	-557.87483	-555.26248	-547.35399	2.6123506	-7.9084984
8	342	-443.13204	-438.04302	-439.91662	5.0890168	1.8735974
8	343	-382.64008	-384.49862	-381.994	-1.8585431	-2.5046219
8	344	-286.23132	-286.17365	-289.98561	0.057663962	3.8119614
8	345	-369.08158	-365.62305	-371.61658	3.4585297	5.993527
8	346	-380.38203	-378.89789	-381.74712	1.4841359	2.8492239
8	347	-280.31741	-280.63664	-284.44853	-0.31922541	3.8118927
8	348	-514.12752	-516.10205	-508.81223	-1.9745326	-7.2898203
8	349	-451.0776	-450.52179	-453.30125	0.55581241	2.7794623
8	350	-455.63574	-457.74069	-456.41094	-2.1049512	-1.3297442
8	351	-517.96845	-515.17455	-519.21824	2.7939056	4.0436911
8	352	-234.0277	-235.80673	-239.7896	-1.7790294	3.9828662
8	353	-423.32913	-420.92705	-420.29689	2.4020857	-0.63015813
8	354	-340.48961	-338.84257	-341.7291	1.6470387	2.8865307
8	355	-405.71828	-405.49682	-406.49071	0.22146038	0.99389424
8	356	-341.33712	-340.66741	-341.55631	0.66971934	0.88890612
8	357	-439.27029	-440.21146	-440.89309	-0.94117199	0.68162528
8	358	-377.64391	-379.0644	-381.31154	-1.4204906	2.2471458
8	359	-249.47521	-251.22926	-254.06784	-1.7540496	2.8385796
8	360	-675.20062	-673.83376	-671.53135	1.3668669	-2.3024024
8	361	-308.50151	-307.47723	-308.16211	1.0242741	0.68487223
8	362	-425.28791	-426.5293	-424.3876	-1.241386	-2.1417022
8	363	-514.16751	-516.01912	-514.8047	-1.8516076	-1.2144193
8	364	-426.26846	-427.21833	-431.75432	-0.94987044	4.5359884
8	365	-335.74426	-336.87194	-337.92503	-1.1276723	1.0530917
8	366	-421.30809	-424.68446	-419.71666	-3.3763769	-4.967804
8	367	-424.72538	-425.2944	-424.11034	-0.56901677	-1.1840552
8	368	-453.78891	-451.48247	-450.64203	2.3064402	-0.84044408
8	369	-333.10594	-335.28042	-335.92698	-2.1744781	0.64656788
8	370	-326.10548	-326.43408	-327.9904	-0.32859893	1.5563175
8	371	-453.86849	-453.58338	-454.31721	0.2851133	0.73383352
8	372	-243.60477	-243.31951	-246.52778	0.2852638	3.2082686
8	373	-341.31774	-342.39488	-342.02909	-1.0771423	-0.36579711
8	374	-356.84472	-357.78578	-360.08415	-0.94105544	2.2983713
8	375	-338.83799	-338.68592	-340.97898	0.15206378	2.2930598
8	376	-599.76079	-601.07765	-603.36107	-1.3168612	2.283422
8	377	-524.65845	-524.61994	-524.72609	0.038508076	0.10615217
8	378	-472.07853	-475.22839	-474.70165	-3.149861	-0.52674214
8	379	-434.0592	-434.04336	-436.48147	0.015841642	2.4381092
8	380	-317.77499	-313.04152	-318.38737	4.7334766	5.3458539
8	381	-492.4321	-488.42865	-489.72869	4.0034477	1.3000373
8	382	-286.95876	-286.39819	-289.80513	0.56056702	3.4069404
8	383	-727.34994	-728.81563	-725.14064	-1.4656973	-3.6749929
8	384	-419.33426	-419.75817	-416.187	-0.42390467	-3.5711732
8	385	-374.83666	-375.05005	-378.01306	-0.21339888	2.9630074
8	386	-449.44506	-447.5951	-451.24103	1.8499613	3.6459254
8	387	-372.84173	-374.74732	-377.37186	-1.9055931	2.6245392
8	388	-406.93111	-408.25046	-408.92772	-1.3193486	0.6772588
8	389	-438.96514	-436.8169	-435.28344	2.148232	-1.5334633
8	390	-278.80519	-278.60365	-281.341	0.20154563	2.7373505
8	391	-327.43639	-327.81074	-327.56529	-0.37435196	-0.24545101
8	392	-403.4696	-405.10588	-403.00407	-1.6362734	-2.1018067
8	393	-431.99165	-432.12062	-436.89015	-0.12897314	4.7695329
8	394	-474.11545	-473.54737	-477.78112	0.56807993	4.2337502
8	395	-476.32759	-475.63994	-477.68907	0.68764438	2.0491256
8	396	-451.10855	-450.09047	-452.26272	1.0180847	2.1722495
8	397	-455.09504	-453.20811	-453.99597	1.8869307	0.78786114
8	398	-259.69458	-261.16976	-262.97949	-1.4751816	1.8097291
8	399	-303.61609	-304.36106	-305.40308	-0.74496534	1.0420248
8	400	-534.45434	-534.77548	-528.13813	-0.3211381	-6.6373491
8	401	-369.96233	-370.3503	-372.18171	-0.3879769	1.8314099
8	402	-485.51821	-485.042	-483.57304	0.47620307	-1.4689656
8	403	-378.64159	-377.75644	-380.00469	0.88515391	2.2482474
8	404	-346.33871	-344.59412	-347.54836	1.7445885	2.9542405
8	405	-466.50142	-465.58827	-467.55232	0.91314536	1.9640515
8	406	-341.75353	-339.27522	-340.24751	2.4783187	0.97229848
8	407	-554.84931	-552.1495	-548.78517	2.6998156	-3.36433
8	408	-539.39745	-538.04162	-536.20129	1.3558295	-1.8403253
8	409	-313.65551	-315.01208	-316.29568	-1.3565659	1.2835957
8	410	-477.34124	-473.77636	-471.36538	3.5648814	-2.4109802
8	411	-406.49675	-408.33524	-408.61578	-1.8384823	0.28054242
8	412	-511.68944	-513.6434	-512.92944	-1.9539595	-0.7139602
8	413	-324.60525	-325.08543	-327.4829	-0.4801827	2.3974687
8	414	-357.22581	-356.74278	-359.42195	0.48302376	2.6791646
8	415	-544.00463	-543.61229	-539.90985	0.39234169	-3.7024318
8	416	-329.04761	-331.25256	-330.27109	-2.2049504	-0.98146992
8	417	-621.44341	-588.98741	-607.65075	32.456002	18.663345
8	418	-517.5973	-519.4565	-521.56871	-1.8591921	2.1122136
8	419	-240.43708	-243.4967	-246.23379	-3.0596185	2.737086
8	420	-418.57221	-417.70323	-425.38864	0.86898717	7.6854148
8	421	-341.63288	-339.91707	-340.97159	1.7158068	1.0545153
8	422	-493.01243	-493.51955	-493.19835	-0.50712363	-0.32120879
8	423	-352.24295	-353.26344	-351.9048	-1.020496	-1.3586476
8	424	-554.72572	-553.56567	-554.31027	1.1600528	0.74459958
8	425	-531.72898	-528.69054	-532.25569	3.0384448	3.5651517
8	426	-280.3817	-272.78589	-277.17917	7.5958041	4.3932746
8	427	-620.37391	-618.74899	-619.94645	1.6249194	1.1974626
8	428	-308.47023	-309.39181	-311.53966	-0.92158092	2.1478497
8	429	-394.16884	-391.28158	-393.54707	2.887266	2.265494
8	430	-396.75695	-397.30166	-394.73693	-0.54471453	-2.5647367
8	431	-458.50326	-456.95984	-454.80787	1.5434205	-2.151973
8	432	-371.09793	-369.4467	-372.85077	1.6512341	3.4040685
8	433	-267.30323	-269.24317	-271.10763	-1.9399477	1.8644519
8	434	-537.81956	-534.96295	-535.81365	2.856609	0.85070631
8	435	-315.23922	-316.40474	-320.33782	-1.1655147	3.9330882
8	436	-443.93656	-447.35054	-444.99292	-3.4139805	-2.3576262
8	437	-438.75644	-437.66467	-440.77797	1.0917782	3.113305
8	438	-368.54208	-370.95186	-371.8554	-2.4097776	0.9035463
8	439	-413.52618	-415.93031	-415.75838	-2.404127	-0.17192646
8	440	-325.82455	-326.39728	-330.85961	-0.57272401	4.4623299
8	441	-384.41057	-383.63158	-381.3608	0.77898351	-2.2707823
8	442	-375.82925	-378.89746	-379.58894	-3.0682114	0.69148157
8	443	-436.10388	-433.54056	-437.88976	2.5633172	4.3492064
8	444	-342.4442	-346.87914	-345.76711	-4.4349433	-1.1120264
8	445	-319.07703	-321.21304	-323.62043	-2.1360096	2.4073916
8	446	-423.17696	-422.10583	-426.68999	1.0711371	4.5841592
8	447	-259.15887	-260.65341	-263.18667	-1.4945432	2.5332605
8	448	-232.9985	-235.30493	-238.25294	-2.3064265	2.948011
8	449	-329.24296	-329.67933	-328.83238	-0.43636821	-0.84694889
8	450	-262.09705	-263.48442	-267.11697	-1.3873686	3.6325526
8	451	-411.4429	-411.31563	-410.57776	0.12727156	-0.73786945
8	452	-398.23801	-400.5049	-402.02472	-2.2668864	1.5198195
8	453	-289.02921	-291.85209	-292.838	-2.8228749	0.9859146
8	454	-372.91285	-375.52882	-375.74872	-2.6159608	0.21990502
8	455	-366.59948	-366.31226	-365.60027	0.28721511	-0.71199939
8	456	-555.17371	-548.21732	-547.07011	6.9563845	-1.1472138
8	457	-298.19097	-300.02447	-300.52046	-1.8334972	0.49598725
8	458	-454.12575	-451.94018	-443.59782	2.1855656	-8.3423638
8	459	-357.17851	-356.73581	-358.57376	0.44269388	1.8379485
8	460	-452.79851	-455.76852	-452.16727	-2.9700083	-3.6012563
8	461	-394.25781	-390.0822	-395.88965	4.1756134	5.8074504
8	462	-318.73657	-317.9708	-320.60429	0.76577117	2.6334901
8	463	-266.97525	-268.24474	-271.03093	-1.2694984	2.7861899
8	464	-465.49847	-473.89189	-476.9348	-8.3934179	3.042913
8	465	-472.34687	-472.45978	-474.32004	-0.11290803	1.8602591
8	466	-587.55337	-586.90483	-582.11609	0.64853733	-4.7887388
8	467	-464.06497	-463.58758	-463.1069	0.4773892	-0.48067468
8	468	-470.1515	-470.17084	-470.56139	-0.019340884	0.39054742
8	469	-286.4781	-287.35379	-289.76997	-0.87568923	2.4161771
8	470	-486.68574	-487.87847	-489.8784	-1.1927361	1.9999287
8	471	-540.90549	-541.09482	-533.10658	-0.18933038	-7.988239
8	472	-232.12526	-233.74173	-236.36717	-1.6164693	2.625442
8	473	-330.57792	-328.24323	-333.02637	2.3346938	4.7831437
8	474	-301.03431	-301.94663	-302.8321	-0.91232469	0.88547118
8	475	-391.66883	-387.64506	-389.40754	4.0237761	1.7624797
8	476	-411.3169	-407.34196	-409.48343	3.9749399	2.141472
8	477	-321.58465	-323.81617	-324.45448	-2.2315183	0.63830761
8	478	-373.04323	-374.5675	-376.71629	-1.5242669	2.1487967
8	479	-445.31926	-443.05378	-444.42912	2.2654831	1.375339
8	480	-337.61732	-337.3939	-336.36492	0.22341644	-1.0289841
8	481	-420.99517	-421.13023	-422.53839	-0.13505661	1.4081559
8	482	-448.59972	-448.57402	-448.89207	0.025702079	0.31805068
8	483	-345.77408	-345.34325	-347.17728	0.43083402	1.8340339
8	484	-433.37951	-433.68139	-433.08655	-0.30188573	-0.59484183
8	485	-340.38423	-340.3149	-343.06884	0.069325264	2.753934
8	486	-450.96444	-450.91053	-452.52423	0.053916171	1.6137047
8	487	-366.82497	-366.16895	-368.24554	0.65601997	2.0765879
8	488	-335.9461	-335.37655	-338.10642	0.5695519	2.7298631
8	489	-392.94033	-392.51701	-394.20672	0.42331189	1.6897032
8	490	-375.93825	-375.67426	-378.72882	0.26398356	3.0545585
8	491	-504.95064	-504.09852	-503.76885	0.85212048	-0.32966257
8	492	-488.69136	-487.56133	-487.81762	1.1300324	0.25628537
8	493	-447.40436	-446.03672	-447.21926	1.3676372	1.1825358
8	494	-343.11276	-339.94329	-339.44496	3.1694723	-0.49832633
8	495	-290.88893	-290.92995	-294.33697	-0.041020941	3.4070235
8	496	-403.9394	-402.65059	-401.636	1.2888179	-1.0145856
8	497	-335.65865	-334.3937	-337.42318	1.2649555	3.0294822
8	498	-494.26779	-494.30966	-489.46202	-0.041864564	-4.8476341
8	499	-386.07094	-383.28086	-388.4753	2.7900769	5.1944408
8	500	-377.9713	-378.09256	-381.49053	-0.12126832	3.3979619
8	501	-344.48435	-344.41391	-347.1628	0.070441033	2.7488972
8	502	-437.82612	-436.89674	-438.03482	0.92938063	1.1380836
8	503	-270.63256	-271.42356	-274.92969	-0.79100128	3.5061274
8	504	-356.90497	-357.87308	-357.32451	-0.96810938	-0.54857336
8	505	-661.40739	-656.36874	-651.54025	5.0386512	-4.8284868
8	506	-361.00185	-361.8909	-363.63364	-0.88904491	1.742739
8	507	-364.6481	-365.68584	-368.16061	-1.0377339	2.4747677
8	508	-407.60936	-407.56857	-406.39043	0.04078536	-1.1781432
8	509	-322.92856	-324.52323	-326.71406	-1.5946757	2.1908237
8	510	-322.75785	-322.80585	-327.81597	-0.048000376	5.0101201
8	511	-247.14777	-248.88607	-253.90713	-1.7383023	5.0210601
8	512	-452.83265	-455.10938	-456.54349	-2.2767309	1.4341174
8	513	-588.98788	-588.462	-590.09677	0.52587922	1.6347625
8	514	-475.15842	-476.59599	-479.28901	-1.4375679	2.6930175
8	515	-376.48069	-375.66018	-377.22239	0.82050701	1.5622109
8	516	-480.45398	-480.95844	-483.01363	-0.50446222	2.0551829
8	517	-602.33259	-603.4488	-601.68417	-1.1162049	-1.7646219
8	518	-295.75717	-295.23497	-296.99066	0.52220321	1.7556911
8	519	-313.84717	-311.56646	-314.88487	2.2807114	3.3184101
8	520	-362.54745	-364.33782	-366.45422	-1.7903615	2.1164045
8	521	-457.95315	-459.50364	-460.5941	-1.550488	1.0904658
8	522	-438.81708	-438.66202	-440.04378	0.15505829	1.3817562
8	523	-523.86338	-526.04358	-522.6951	-2.1802034	-3.3484823
8	524	-290.67461	-288.60731	-290.1578	2.0673024	1.5504897
8	525	-470.10722	-469.88159	-469.13508	0.22563132	-0.74650456
8	526	-396.377	-398.82733	-397.86016	-2.4503371	-0.96717678
8	527	-447.25427	-446.91084	-445.63917	0.34342882	-1.2716615
8	528	-321.15475	-322.32434	-324.4551	-1.1695919	2.1307546
8	529	-668.20955	-671.6842	-670.06523	-3.474647	-1.618973
8	530	-657.98548	-652.63107	-652.23297	5.3544084	-0.39810023
8	531	-274.69158	-275.41616	-278.90005	-0.72457632	3.4838941
8	532	-407.47105	-410.43807	-408.94847	-2.967019	-1.4896007
8	533	-516.10323	-515.76779	-518.96191	0.33543151	3.1941151
8	534	-572.25085	-561.86569	-561.57828	10.385161	-0.28741058
8	535	-289.25474	-287.12305	-289.45282	2.1316916	2.3297749
8	536	-314.35174	-315.12364	-317.09206	-0.77190642	1.9684152
8	537	-261.76864	-261.60078	-263.89692	0.16785979	2.2961334
8	538	-491.76076	-490.59412	-493.04499	1.1666452	2.450872
8	539	-426.14054	-422.89923	-422.77931	3.2413094	-0.11991746
8	540	-451.90025	-450.71598	-453.46702	1.1842632	2.7510379
8	541	-523.96121	-524.70932	-517.14493	-0.7481073	-7.5643854
8	542	-316.34654	-319.00042	-319.93909	-2.6538827	0.93866871
8	543	-252.65237	-256.14987	-258.76506	-3.4974951	2.6151883
8	544	-348.51786	-344.77959	-348.14532	3.7382734	3.3657351
8	545	-440.41116	-439.36537	-442.65083	1.0457921	3.2854658
8	546	-492.94806	-497.02225	-494.5793	-4.0741939	-2.4429505
8	547	-412.28254	-412.78027	-413.3969	-0.49772937	0.61663141
8	548	-340.51973	-342.42854	-346.75248	-1.9088153	4.3239422
8	549	-337.66198	-339.81507	-342.88321	-2.1530934	3.0681378
8	550	-523.11024	-522.9084	-524.2829	0.20183619	1.3744989
8	551	-399.84269	-399.0865	-396.8241	0.75618619	-2.262403
8	552	-374.98974	-373.91173	-382.51792	1.0780079	8.6061854
8	553	-331.62914	-331.8059	-335.33607	-0.17676329	3.5301728
8	554	-343.3905	-340.76151	-343.99132	2.6289914	3.2298112
8	555	-417.03809	-418.05435	-419.88069	-1.0162645	1.8263359
8	556	-444.54607	-446.86072	-447.12462	-2.3146465	0.26390804
8	557	-405.85049	-404.67383	-407.10957	1.1766602	2.4357422
8	558	-406.91133	-408.14904	-407.74148	-1.2377131	-0.40756477
8	559	-568.72579	-565.9296	-567.67933	2.7961957	1.7497369
8	560	-429.35857	-430.35994	-430.38128	-1.0013737	0.021342185
8	561	-282.63247	-286.09534	-286.77136	-3.4628631	0.67602282
8	562	-470.66964	-471.05817	-469.75602	-0.38853031	-1.3021476
8	563	-626.42057	-628.64919	-625.07837	-2.2286211	-3.570819
8	564	-659.50627	-658.96359	-649.07971	0.54268501	-9.8838787
8	565	-300.65721	-301.09058	-303.91229	-0.43337395	2.821711
8	566	-546.63718	-540.07338	-539.67253	6.5638007	-0.40085131
8	567	-404.75138	-400.4819	-398.80988	4.2694773	-1.6720233
8	568	-307.19679	-307.24397	-308.25033	-0.047180641	1.0063648
8	569	-423.97385	-424.43993	-426.53616	-0.46607821	2.0962312
8	570	-408.71884	-408.44371	-411.89697	0.27513208	3.4532682
8	571	-376.67386	-376.20866	-378.06454	0.46519451	1.8558772
8	572	-534.87297	-532.28786	-528.72495	2.5851105	-3.5629149
8	573	-348.9445	-348.0402	-352.96027	0.90430581	4.9200722
8	574	-345.54887	-346.14153	-346.56663	-0.5926595	0.4251007
8	575	-366.3794	-366.36269	-361.97086	0.01671769	-4.3918232
8	576	-375.9405	-373.08332	-368.62598	2.857175	-4.4573399
8	577	-325.65218	-324.8763	-330.44808	0.77588276	5.5717829
8	578	-423.92438	-421.47351	-421.49947	2.4508687	0.025955142
8	579	-553.48989	-552.86168	-551.25226	0.62820576	-1.6094149
8	580	-342.26264	-338.93669	-342.00142	3.3259442	3.0647338
8	581	-465.91233	-459.9383	-461.09007	5.9740315	1.1517749
8	582	-328.83388	-328.23363	-326.29415	0.60024446	-1.9394804
8	583	-394.64992	-395.2158	-395.20172	-0.56587656	-0.01408424
8	584	-309.96838	-312.11664	-312.44077	-2.1482657	0.32412291
8	585	-336.74703	-336.3987	-339.01772	0.34833581	2.619024
8	586	-324.6338	-322.61079	-321.64856	2.0230042	-0.96223529
8	587	-580.72875	-579.0393	-581.88559	1.6894462	2.8462904
8	588	-479.29607	-478.94167	-481.56091	0.35439801	2.6192383
8	589	-399.82077	-400.34802	-397.98767	-0.52725361	-2.3603559
8	590	-525.94723	-525.0671	-527.68146	0.88012822	2.6143602
8	591	-377.29831	-377.13098	-378.28622	0.16732771	1.1552406
8	592	-266.37072	-263.10116	-268.05799	3.2695612	4.9568284
8	593	-437.85077	-438.14779	-435.80248	-0.29701506	-2.3453084
8	594	-244.12349	-246.41448	-251.16098	-2.290992	4.7465057
8	595	-504.9078	-502.42432	-504.38966	2.4834793	1.9653442
8	596	-369.36064	-369.88064	-372.0474	-0.52000621	2.1667549
8	597	-468.46142	-467.1583	-468.07208	1.3031195	0.91377756
8	598	-242.52561	-242.91085	-245.9954	-0.3852404	3.0845568
8	599	-530.17599	-531.0991	-529.07985	-0.92311825	-2.0192514
8	600	-692.91224	-694.95422	-691.7048	-2.0419773	-3.2494132
8	601	-475.83434	-477.48008	-476.0001	-1.645743	-1.4799817
8	602	-424.77048	-424.50469	-422.38044	0.26578845	-2.1242499
8	603	-518.02582	-521.24845	-521.10513	-3.22263	-0.14332018
8	604	-339.85537	-338.35046	-341.25425	1.5049016	2.903787
8	605	-436.31144	-435.70439	-433.79345	0.60704356	-1.9109468
8	606	-310.00289	-309.40516	-309.06668	0.59772888	-0.33848125
8	607	-290.68548	-292.15291	-291.29545	-1.4674268	-0.8574611
8	608	-636.39698	-634.92826	-630.88148	1.4687197	-4.0467773
8	609	-313.95541	-312.71614	-314.15543	1.2392687	1.4392912
8	610	-433.00783	-433.19558	-436.78427	-0.18774365	3.588692
8	611	-361.4242	-362.48608	-364.26414	-1.0618791	1.7780622
8	612	-394.31932	-394.76608	-396.86683	-0.44676056	2.1007441
8	613	-338.71372	-339.22686	-339.55708	-0.51313825	0.33022806
8	614	-211.67594	-212.43344	-218.14871	-0.75749976	5.7152728
8	615	-361.34869	-362.58142	-364.72383	-1.2327274	2.1424099
8	616	-356.18483	-358.08804	-359.02579	-1.903211	0.93775083
8	617	-281.94512	-280.89158	-281.93051	1.0535381	1.0389243
8	618	-255.00898	-256.15439	-257.50714	-1.1454093	1.3527506
8	619	-502.09065	-501.9836	-498.37379	0.10704985	-3.6098137
8	620	-364.09413	-362.30141	-361.32023	1.7927149	-0.98118097
8	621	-352.83366	-351.25973	-355.39101	1.5739282	4.1312858
8	622	-433.60181	-431.86924	-433.94391	1.7325665	2.0746678
8	623	-495.03584	-494.57141	-497.66207	0.46443395	3.0906608
8	624	-514.54199	-517.67138	-508.7841	-3.1293901	-8.8872753
8	625	-299.81037	-300.19752	-305.12034	-0.38715258	4.9228148
8	626	-363.95007	-365.28076	-366.48052	-1.3306915	1.1997682
8	627	-440.75697	-440.66533	-438.18793	0.091636376	-2.4773961
8	628	-489.64089	-489.61932	-490.67678	0.021568415	1.0574606
8	629	-413.71109	-411.46501	-416.57594	2.2460801	5.110932
8	630	-450.16636	-450.57872	-448.88093	-0.41235864	-1.6977851
8	631	-383.58268	-387.87058	-390.55994	-4.2879012	2.6893513
8	632	-526.89186	-526.94559	-526.53804	-0.053731655	-0.40754533
8	633	-343.55092	-345.05175	-344.0777	-1.5008263	-0.9740542
8	634	-398.77482	-402.05286	-402.64278	-3.2780343	0.58991887
8	635	-402.67349	-403.83597	-399.85322	-1.1624805	-3.9827519
8	636	-453.30393	-445.6315	-444.19004	7.672431	-1.4414527
8	637	-329.06968	-328.16519	-327.99311	0.90449392	-0.17208373
8	638	-283.95282	-285.7163	-287.75073	-1.7634858	2.0344257
8	639	-358.3728	-356.26557	-359.92974	2.1072262	3.6641661
8	640	-515.85228	-516.32989	-517.03459	-0.47760167	0.70470596
8	641	-436.07775	-433.37472	-438.23543	2.7030368	4.8607098
8	642	-410.66075	-412.48348	-411.43228	-1.8227318	-1.0511959
8	643	-764.59265	-762.7854	-763.87342	1.8072547	1.0880272
8	644	-349.13786	-349.45249	-350.36045	-0.31462974	0.90796594
8	645	-520.16449	-520.65281	-516.5917	-0.48831799	-4.0611142
8	646	-311.04406	-308.98341	-317.59944	2.060653	8.6160278
8	647	-529.99722	-526.87731	-522.6519	3.1199104	-4.2254103
8	648	-564.58525	-564.58341	-562.651	0.001847062	-1.9324065
8	649	-300.2934	-300.93415	-301.98711	-0.64075599	1.0529582
8	650	-330.7958	-331.42966	-331.89277	-0.63385826	0.46311161
8	651	-458.25861	-458.4776	-458.05691	-0.21899297	-0.42068922
8	652	-247.95998	-249.89551	-251.17168	-1.935531	1.276177
8	653	-409.89443	-411.5763	-413.59712	-1.6818645	2.0208216
8	654	-445.33165	-446.07411	-447.05393	-0.74245622	0.97981983
8	655	-260.55814	-259.73596	-262.46892	0.8221758	2.7329591
8	656	-346.92089	-347.84839	-350.12128	-0.92750354	2.2728877
8	657	-421.89472	-422.06517	-425.52544	-0.1704474	3.4602691
8	658	-338.65495	-332.57908	-334.98669	6.075875	2.407618
8	659	-463.594	-463.28374	-467.94858	0.31026206	4.6648422
8	660	-479.38811	-477.65637	-474.05644	1.7317436	-3.5999261
8	661	-345.75971	-344.46834	-339.92849	1.2913698	-4.5398572
8	662	-508.33933	-508.56844	-506.56955	-0.22910347	-1.998885
8	663	-599.74007	-599.93869	-602.39449	-0.19861543	2.4557985
8	664	-315.40412	-317.67808	-319.74315	-2.2739606	2.0650643
8	665	-522.87196	-523.66903	-522.4773	-0.79707315	-1.191728
8	666	-392.74564	-393.70866	-392.12725	-0.96302213	-1.5814166
8	667	-453.04849	-453.40145	-454.13446	-0.35295427	0.73300897
8	668	-449.29114	-449.35822	-450.43498	-0.067085006	1.0767625
8	669	-315.67855	-313.97939	-318.52597	1.6991505	4.5465771
8	670	-317.80191	-319.05101	-321.45534	-1.249098	2.4043322
8	671	-333.88436	-334.30146	-336.33905	-0.41709715	2.0375936
8	672	-461.15173	-465.51085	-464.37244	-4.359126	-1.1384114
8	673	-518.99935	-515.41665	-514.76083	3.5826991	-0.65582122
8	674	-561.89433	-562.10444	-560.00118	-0.2101076	-2.1032582
8	675	-341.10044	-342.36923	-343.84773	-1.2687893	1.4784938
8	676	-375.00637	-375.73663	-373.69936	-0.73025982	-2.0372725
8	677	-284.24113	-286.18001	-290.78265	-1.9388812	4.6026409
8	678	-309.27833	-308.69116	-312.39564	0.58717409	3.7044783
8	679	-405.22731	-405.93307	-407.04537	-0.70576503	1.112297
8	680	-280.15339	-282.2268	-284.78134	-2.0734066	2.5545397
8	681	-389.01634	-389.88503	-390.71866	-0.86868435	0.83362783
8	682	-414.65075	-405.18657	-405.96641	9.4641825	0.77984349
8	683	-465.43363	-464.76149	-466.27199	0.67213602	1.5105041
8	684	-448.53824	-447.24541	-450.87616	1.2928246	3.6307436
8	685	-442.02611	-440.23583	-443.35747	1.7902801	3.1216365
8	686	-284.91143	-285.86643	-288.89655	-0.95499792	3.0301248
8	687	-524.37632	-515.2858	-510.6071	9.0905275	-4.6786965
8	688	-212.99212	-212.68212	-220.25421	0.31000428	7.5720868
8	689	-255.04695	-257.45585	-263.1826	-2.4089	5.726745
8	690	-383.10501	-378.14849	-376.22324	4.9565128	-1.9252564
8	691	-400.54439	-401.11337	-399.79909	-0.56897975	-1.3142794
8	692	-397.27016	-388.67496	-404.20082	8.5952009	15.525856
8	693	-587.12328	-587.21584	-584.67375	-0.092560561	-2.5420883
8	694	-279.85998	-281.56588	-282.17542	-1.7058947	0.60954366
8	695	-233.24366	-234.74267	-238.1158	-1.4990083	3.3731243
8	696	-665.19004	-665.18416	-665.24712	0.005882362	0.062959726
8	697	-479.19476	-480.11417	-479.20525	-0.91940933	-0.90891153
8	698	-567.53235	-566.29333	-566.65162	1.2390147	0.35828837
8	699	-431.43314	-427.50002	-430.6375	3.933126	3.1374771
8	700	-386.28131	-385.38302	-385.86235	0.89829496	0.4793291
8	701	-403.6151	-403.33513	-407.05399	0.27996982	3.7188563
8	702	-383.96498	-382.34304	-382.86616	1.6219352	0.52311555
8	703	-541.51091	-542.01707	-541.17534	-0.5061607	-0.84172697
8	704	-366.74781	-369.05713	-367.31403	-2.309327	-1.7430997
8	705	-413.14608	-410.88333	-412.36092	2.2627494	1.4775959
8	706	-520.01821	-519.26229	-522.27782	0.75592541	3.0155334
8	707	-380.95509	-382.95966	-383.82752	-2.0045614	0.86786269
8	708	-311.11609	-309.36333	-312.09579	1.7527547	2.73246
8	709	-412.42509	-407.93638	-411.14712	4.4887138	3.2107461
8	710	-405.01734	-401.44554	-403.99992	3.5718021	2.5543755
8	711	-421.18354	-419.78734	-422.88764	1.3962017	3.1003053
8	712	-536.37049	-534.45107	-533.04599	1.919417	-1.4050795
8	713	-524.09209	-520.64432	-522.90224	3.4477636	2.257914
8	714	-437.50267	-435.08285	-435.87085	2.4198114	0.78799698
8	715	-490.20037	-487.51973	-483.78162	2.6806418	-3.7381104
8	716	-556.90489	-555.36975	-557.42725	1.5351467	2.0574989
8	717	-697.61735	-686.76187	-684.36921	10.855478	-2.3926605
8	718	-383.15529	-383.96568	-386.41638	-0.81039007	2.4507018
8	719	-446.3473	-446.49112	-446.08819	-0.14382419	-0.40293338
8	720	-339.46571	-340.10725	-337.98412	-0.64154298	-2.1231304
8	721	-413.26563	-413.73591	-415.37295	-0.47027858	1.637034
8	722	-388.24575	-386.90327	-391.16244	1.3424795	4.2591754
8	723	-264.74918	-264.03109	-268.58313	0.71808309	4.5520373
8	724	-339.12181	-338.33143	-340.61767	0.79038406	2.2862475
8	725	-296.88	-297.81496	-301.05951	-0.934957	3.2445553
8	726	-319.58946	-321.67851	-317.38812	-2.0890534	-4.2903927
8	727	-407.91174	-410.15362	-409.64139	-2.2418713	-0.51222503
8	728	-366.07358	-379.91782	-376.12392	-13.844239	-3.7938983
8	729	-501.76858	-501.46997	-495.50391	0.29860865	-5.9660589
8	730	-367.4477	-364.27171	-370.63464	3.1759963	6.3629297
8	731	-556.34069	-555.18665	-551.91519	1.1540439	-3.2714524
8	732	-542.74532	-540.20789	-539.72823	2.5374372	-0.47965547
8	733	-302.37504	-302.35705	-304.07067	0.01799206	1.713623
8	734	-368.3127	-372.27846	-372.64047	-3.9657657	0.36201065
8	735	-271.35445	-272.13005	-273.01618	-0.77560251	0.88612409
8	736	-292.09848	-294.00232	-296.19849	-1.9038417	2.1961706
8	737	-372.06285	-373.23523	-369.65267	-1.1723829	-3.5825605
8	738	-431.00674	-432.34595	-430.27869	-1.3392096	-2.0672549
8	739	-339.52305	-339.84266	-342.94695	-0.31960796	3.1042839
8	740	-376.13487	-374.91178	-377.88375	1.2230933	2.9719723
8	741	-446.77565	-447.08507	-446.69721	-0.30941842	-0.38786124
8	742	-597.76947	-598.32527	-598.1239	-0.55579697	-0.20137078
8	743	-341.01762	-340.55816	-342.29669	0.45946093	1.7385265
8	744	-438.16635	-436.3253	-437.80614	1.8410491	1.4808343
8	745	-443.14364	-444.6556	-446.2052	-1.5119629	1.5495956
8	746	-577.51519	-578.08627	-577.23475	-0.57108362	-0.85152246
8	747	-380.43085	-379.70242	-382.02668	0.72843279	2.3242584
8	748	-363.77479	-365.15737	-367.44596	-1.3825819	2.2885842
8	749	-389.13877	-391.48007	-388.62792	-2.3413032	-2.8521553
8	750	-600.01172	-589.90165	-579.82801	10.110068	-10.073639
8	751	-421.93188	-421.07444	-424.30452	0.85744087	3.2300862
8	752	-420.67625	-420.59856	-420.99204	0.077692576	0.39348084
8	753	-389.59366	-389.06362	-394.05229	0.53003919	4.9886766
8	754	-327.59301	-328.77242	-332.34531	-1.1794112	3.5728931
8	755	-415.53037	-417.2329	-417.50768	-1.7025278	0.2747806
8	756	-388.71198	-386.91742	-387.73668	1.7945588	0.81925957
8	757	-430.44546	-428.86553	-432.19247	1.5799312	3.3269373
8	758	-303.89498	-298.30785	-303.55357	5.5871367	5.2457194
8	759	-517.82597	-509.614	-515.34747	8.2119687	5.7334634
8	760	-456.77163	-459.14398	-459.07886	-2.3723492	-0.065115426
8	761	-328.61482	-331.82146	-333.02857	-3.2066441	1.2071013
8	762	-321.54766	-319.06563	-318.79527	2.482027	-0.27036852
8	763	-231.23941	-231.59287	-233.13198	-0.35345989	1.5391085
8	764	-362.08259	-364.31331	-367.67694	-2.2307163	3.3636329
8	765	-406.87488	-408.33136	-409.76253	-1.4564833	1.4311607
8	766	-309.66605	-310.2103	-314.4917	-0.54425559	4.2813998
8	767	-311.97632	-312.26255	-316.09448	-0.28623065	3.8319317
8	768	-546.79945	-542.98535	-546.6246	3.8140973	3.6392466
8	769	-487.04678	-485.60617	-487.72143	1.4406043	2.1152528
8	770	-431.43416	-435.79033	-434.08943	-4.3561635	-1.7008924
8	771	-371.43834	-368.20627	-368.93493	3.2320764	0.72866737
8	772	-258.47612	-257.40918	-260.62813	1.0669334	3.2189491
8	773	-384.76268	-383.9296	-380.44747	0.8330834	-3.4821272
8	774	-416.73785	-418.01313	-418.22471	-1.2752854	0.21157838
8	775	-438.44653	-438.51302	-439.48125	-0.0664957	0.96822815
8	776	-250.02663	-253.18271	-255.23185	-3.1560772	2.0491428
8	777	-284.8706	-286.54761	-290.0453	-1.6770133	3.497688
8	778	-350.51841	-351.84665	-353.09881	-1.3282419	1.2521594
8	779	-351.82583	-349.98431	-353.20047	1.8415173	3.216159
8	780	-419.93575	-421.13814	-420.57515	-1.2023952	-0.56298895
8	781	-243.76096	-245.67468	-247.82387	-1.9137183	2.1491947
8	782	-519.75147	-519.87821	-519.64055	-0.12673487	-0.23765718
8	783	-429.60712	-429.09397	-431.58442	0.51314319	2.4904408
8	784	-486.92642	-486.06834	-487.9871	0.85807895	1.9187573
8	785	-274.94975	-273.8938	-274.06152	1.0559534	0.16772652
8	786	-489.58161	-487.34081	-486.93338	2.2407995	-0.40742951
8	787	-294.72267	-293.6982	-295.27703	1.0244785	1.5788353
8	788	-517.81307	-516.82315	-511.84766	0.98992524	-4.9754928
8	789	-411.33785	-408.48386	-411.67085	2.8539882	3.1869833
8	790	-533.29109	-532.55298	-533.91852	0.73811064	1.365533
8	791	-348.36033	-347.413	-346.67095	0.94732965	-0.74205415
8	792	-617.83312	-616.64657	-616.36616	1.1865594	-0.2804066
8	793	-250.83728	-252.63882	-254.69132	-1.8015416	2.0524985
8	794	-319.98197	-320.65938	-323.68169	-0.67740505	3.0223061
8	795	-350.62141	-349.62365	-356.08368	0.99775634	6.4600264
8	796	-224.95221	-227.19383	-231.37557	-2.2416189	4.1817389
8	797	-454.39704	-450.94941	-457.45313	3.4476338	6.5037177
8	798	-489.0204	-490.06763	-489.64099	-1.0472313	-0.42664264
8	799	-393.94241	-394.33279	-389.36602	-0.39038001	-4.9667735
8	800	-297.47492	-293.74059	-299.70602	3.7343368	5.9654328
8	801	-436.3062	-433.87295	-434.08859	2.4332534	0.21563526
8	802	-437.81509	-437.5126	-436.79767	0.30249714	-0.71492424
8	803	-355.21347	-355.27473	-357.55546	-0.061259784	2.2807275
8	804	-470.73763	-471.67659	-470.12182	-0.93896212	-1.5547709
8	805	-385.61829	-385.98276	-388.7947	-0.36447107	2.8119344
8	806	-397.01005	-394.57666	-396.47295	2.4333963	1.8962952
8	807	-656.60772	-656.2614	-654.46408	0.34632049	-1.7973209
8	808	-395.20637	-392.90502	-385.07726	2.3013564	-7.8277533
8	809	-282.9273	-285.21708	-287.02817	-2.2897766	1.8110935
8	810	-436.19082	-432.06384	-436.36421	4.1269794	4.3003618
8	811	-385.99325	-387.25032	-388.02554	-1.2570707	0.77522383
8	812	-304.65101	-305.04612	-309.51269	-0.39510879	4.4665772
8	813	-372.34455	-371.56433	-373.88446	0.78021523	2.3201298
8	814	-467.72872	-464.84351	-462.04058	2.8852141	-2.8029305
8	815	-603.31286	-604.19131	-603.9722	-0.87845881	-0.2191121
8	816	-430.94729	-435.64456	-429.84721	-4.6972705	-5.797348
8	817	-419.92644	-420.14052	-421.72084	-0.21407832	1.5803169
8	818	-611.32902	-605.24187	-609.78658	6.0871565	4.5447147
8	819	-503.42614	-503.64952	-504.39068	-0.22338726	0.74115138
8	820	-443.91231	-443.07282	-443.64851	0.83949622	0.57569199
8	821	-265.1436	-266.23485	-266.68315	-1.0912446	0.44829945
8	822	-376.83194	-378.11621	-376.55524	-1.2842645	-1.5609702
8	823	-467.11594	-468.26919	-467.17816	-1.1532552	-1.0910324
8	824	-508.16788	-500.8002	-500.02574	7.3676851	-0.77445368
8	825	-458.0731	-457.95868	-462.0097	0.1144168	4.0510179
8	826	-381.26013	-382.24427	-384.76161	-0.98414817	2.5173324
8	827	-555.10377	-554.46574	-554.38807	0.63802389	-0.077673511
8	828	-432.99421	-434.1395	-432.83304	-1.1452931	-1.3064606
8	829	-395.6203	-395.70241	-399.11885	-0.082101752	3.4164466
8	830	-436.00414	-435.10435	-436.46481	0.89979479	1.3604602
8	831	-434.07048	-428.18857	-424.07836	5.8819101	-4.1102044
8	832	-432.65318	-434.17557	-433.1552	-1.5223816	-1.0203696
8	833	-590.81452	-591.32414	-592.04501	-0.5096152	0.72086876
8	834	-339.67761	-342.97314	-343.69098	-3.2955327	0.71784333
8	835	-540.36492	-535.23526	-539.04867	5.129663	3.8134124
8	836	-260.83933	-262.9464	-266.75271	-2.1070705	3.8063114
8	837	-201.65772	-202.86784	-205.13369	-1.210122	2.2658486
8	838	-594.35567	-593.76809	-594.68262	0.58757401	0.9145289
8	839	-385.5493	-385.90562	-388.22218	-0.3563251	2.3165562
8	840	-445.17489	-445.6398	-447.2031	-0.46491245	1.5632958
8	841	-287.70038	-288.76703	-292.61137	-1.066649	3.8443416
8	842	-424.47012	-426.9457	-425.95066	-2.475578	-0.99504266
8	843	-391.92961	-391.83293	-394.01149	0.09668161	2.178556
8	844	-401.19491	-401.57214	-404.29175	-0.37723393	2.7196145
8	845	-318.92635	-324.47208	-325.6759	-5.5457293	1.2038158
8	846	-476.20708	-477.04251	-476.6803	-0.83542874	-0.36220335
8	847	-441.51881	-439.55546	-438.36527	1.9633482	-1.190189
8	848	-502.94857	-503.45645	-503.14129	-0.50788275	-0.31516899
8	849	-322.30086	-322.34988	-322.06288	-0.049012694	-0.28699481
8	850	-444.47417	-444.5157	-445.66423	-0.041529411	1.1485271
8	851	-510.44455	-511.34562	-509.0236	-0.90107105	-2.3220183
8	852	-368.2982	-366.69785	-370.61354	1.600343	3.9156876
8	853	-452.263	-452.10557	-450.3612	0.15743478	-1.7443648
8	854	-464.39182	-464.58323	-465.2254	-0.19141789	0.6421629
8	855	-391.49261	-393.56346	-392.89446	-2.070844	-0.66899618
8	856	-287.07826	-288.15301	-290.64216	-1.0747545	2.4891423
8	857	-531.29847	-535.35057	-534.03353	-4.0521023	-1.317037
8	858	-267.37628	-267.47283	-271.7003	-0.09654999	4.2274671
8	859	-385.8848	-383.54763	-382.47533	2.3371669	-1.0723054
8	860	-528.05424	-531.30043	-532.81173	-3.2461909	1.5112965
8	861	-325.39456	-325.15029	-326.21915	0.2442742	1.0688632
8	862	-365.76163	-366.71025	-368.709	-0.94862027	1.998752
8	863	-409.04905	-409.87242	-411.55338	-0.82337198	1.6809609
8	864	-462.30722	-459.59594	-462.15978	2.711277	2.5638368
8	865	-317.33604	-317.52856	-321.29675	-0.19252276	3.7681925
8	866	-476.82893	-476.22074	-477.86619	0.60818365	1.6454512
8	867	-353.44144	-354.08125	-354.93168	-0.63981067	0.85043213
8	868	-401.07301	-402.38603	-399.7889	-1.3130158	-2.5971331
8	869	-249.86166	-249.38824	-253.59013	0.47341969	4.2018886
8	870	-466.39821	-466.49665	-465.67532	-0.098441237	-0.82133532
8	871	-412.01136	-412.90902	-414.77796	-0.89765867	1.8689393
8	872	-318.46002	-317.97775	-325.58981	0.48227026	7.6120615
8	873	-546.49652	-546.73054	-549.1058	-0.23401644	2.3752615
8	874	-451.85121	-453.35315	-451.09966	-1.5019419	-2.2534886
8	875	-429.69553	-428.89694	-428.09583	0.79859006	-0.80111058
8	876	-367.86101	-369.86788	-367.2473	-2.0068714	-2.6205815
8	877	-312.70075	-312.58116	-317.04826	0.11958344	4.4671
8	878	-492.4491	-492.20336	-489.98607	0.24573626	-2.2172931
8	879	-355.54846	-355.62271	-355.22538	-0.074249937	-0.39733312
8	880	-489.91477	-490.96489	-491.27696	-1.0501148	0.31207595
8	881	-405.90928	-406.25852	-407.37646	-0.34923235	1.1179426
8	882	-276.79784	-278.0912	-280.27458	-1.2933537	2.1833814
8	883	-300.431	-301.45807	-302.56605	-1.0270663	1.1079783
8	884	-529.74922	-529.52063	-516.35739	0.22858387	-13.163245
8	885	-383.44016	-380.82449	-372.406	2.615665	-8.4184902
8	886	-328.39692	-324.76374	-332.13544	3.633179	7.3717028
8	887	-450.04212	-449.87012	-450.41703	0.17200208	0.54690681
8	888	-600.02661	-603.04496	-603.20642	-3.0183548	0.1614545
8	889	-272.70155	-276.7113	-279.58469	-4.0097428	2.8733898
8	890	-470.74555	-470.5614	-468.21428	0.18415154	-2.3471265
8	891	-326.57453	-325.08366	-328.99016	1.4908699	3.9065044
8	892	-357.26542	-357.9729	-358.09067	-0.70748801	0.11776156
8	893	-532.03705	-537.8927	-520.76015	-5.8556452	-17.132552
8	894	-342.10973	-337.75956	-341.19132	4.3501698	3.4317541
8	895	-231.66988	-232.16022	-236.78276	-0.49034118	4.6225435
8	896	-416.98056	-416.84078	-416.1093	0.13978384	-0.73147822
8	897	-450.95046	-449.75662	-448.29068	1.19384	-1.4659444
8	898	-399.96677	-397.44386	-401.71065	2.5229036	4.2667857
8	899	-536.6167	-535.25635	-535.91189	1.3603498	0.65554624
8	900	-545.81867	-547.58086	-549.26799	-1.762188	1.6871326
8	901	-463.1113	-464.16265	-461.37876	-1.0513477	-2.7838889
8	902	-309.39119	-310.46007	-312.3908	-1.0688733	1.930729
8	903	-318.90327	-320.38411	-321.54891	-1.4808357	1.1647984
8	904	-353.71063	-351.10558	-354.15221	2.6050498	3.0466321
8	905	-540.15249	-538.41536	-540.32638	1.7371365	1.9110252
8	906	-351.90468	-349.82723	-353.30484	2.0774437	3.4776059
8	907	-542.78656	-546.46645	-543.91553	-3.6798894	-2.5509243
8	908	-337.83113	-337.27067	-338.82124	0.56045509	1.5505721
8	909	-458.63616	-458.16159	-458.94558	0.47456717	0.78398487
8	910	-339.14002	-336.15325	-339.68352	2.986778	3.5302723
8	911	-248.76522	-245.94902	-250.37771	2.8161949	4.4286859
8	912	-400.08198	-402.1597	-400.92921	-2.0777241	-1.2304905
8	913	-472.87028	-474.92245	-476.50918	-2.0521675	1.5867344
8	914	-309.17413	-310.36435	-312.66381	-1.1902232	2.2994591
8	915	-432.75598	-431.91398	-434.5175	0.84199766	2.6035211
8	916	-411.76968	-412.152	-411.27897	-0.38231786	-0.87303052
8	917	-369.67011	-371.80097	-372.1059	-2.1308554	0.30493218
8	918	-394.07039	-395.76877	-396.16292	-1.6983745	0.39415243
8	919	-322.74894	-322.32187	-323.47988	0.42706971	1.1580154
8	920	-322.77098	-319.3399	-322.39576	3.4310811	3.0558573
8	921	-529.29092	-529.55738	-529.46734	-0.26645157	-0.090034534
8	922	-289.94832	-293.80283	-296.45757	-3.8545022	2.6547478
8	923	-439.33674	-440.59983	-442.83838	-1.2630852	2.2385552
8	924	-398.25303	-399.02606	-400.28078	-0.77302942	1.2547184
8	925	-462.88575	-464.40952	-461.83761	-1.5237697	-2.5719081
8	926	-629.23134	-628.13543	-627.82813	1.0959169	-0.30729918
8	927	-382.07322	-384.33591	-385.29199	-2.2626962	0.95607219
8	928	-502.0055	-506.20397	-506.80883	-4.1984649	0.60485811
8	929	-486.17383	-486.26002	-487.81764	-0.086194846	1.5576201
8	930	-212.96729	-213.69283	-216.68334	-0.72553972	2.9905087
8	931	-432.57051	-432.32399	-433.28427	0.24651778	0.9602794
8	932	-524.28716	-553.76198	-510.51626	-29.47482	-43.245717
8	933	-556.76832	-550.44836	-535.37506	6.3199653	-15.073295
8	934	-431.23156	-432.31559	-431.39425	-1.084031	-0.92133671
8	935	-484.49385	-484.38112	-482.36292	0.11272906	-2.018195
8	936	-411.34416	-410.30107	-413.80088	1.0430892	3.4998097
8	937	-431.85296	-432.05272	-432.63621	-0.19975994	0.5834881
8	938	-299.12865	-298.42534	-298.80524	0.70330716	0.37990174
8	939	-414.30387	-412.55105	-412.4731	1.7528156	-0.077950739
8	940	-361.38818	-362.83881	-362.85504	-1.4506302	0.016234412
8	941	-386.03178	-386.36961	-385.62448	-0.33783607	-0.74513434
8	942	-438.28141	-440.87964	-443.68815	-2.5982262	2.8085087
8	943	-659.00325	-660.53027	-644.2831	-1.5270219	-16.247176
8	944	-362.97507	-362.25372	-363.44035	0.72134671	1.1866273
8	945	-410.53902	-410.87478	-411.15639	-0.33576602	0.28160518
8	946	-393.08931	-390.63785	-391.41122	2.4514614	0.77337217
8	947	-390.52065	-391.65037	-395.70231	-1.1297226	4.0519357
8	948	-389.05849	-390.63294	-391.69143	-1.5744466	1.0584845
8	949	-266.27928	-269.33787	-271.12652	-3.0585887	1.7886499
8	950	-342.93596	-343.47636	-344.63629	-0.54040129	1.159929
8	951	-320.41121	-320.63248	-319.85654	-0.22127519	-0.77593856
8	952	-398.44763	-400.36869	-399.87456	-1.9210636	-0.49412608
8	953	-315.89607	-313.81947	-317.82421	2.0765934	4.0047368
8	954	-345.67695	-348.95741	-350.53208	-3.28046	1.5746632
8	955	-335.38214	-331.81384	-336.20456	3.5683011	4.3907242
8	956	-595.64272	-595.83738	-595.2017	-0.19465638	-0.63567264
8	957	-337.54104	-338.40289	-341.02954	-0.86184864	2.626646
8	958	-383.65739	-384.40173	-384.60412	-0.74434533	0.20238991
8	959	-498.40132	-497.55787	-494.83708	0.84345121	-2.7207924
8	960	-442.74134	-441.73145	-441.48885	1.0098891	-0.24260076
8	961	-457.8502	-459.78538	-462.89011	-1.9351792	3.1047328
8	962	-228.84209	-230.41896	-234.849	-1.5768727	4.4300369
8	963	-431.56285	-432.68955	-434.46714	-1.1267023	1.7775904
8	964	-326.08853	-324.66577	-331.05884	1.4227589	6.3930693
8	965	-375.08257	-375.36759	-376.67209	-0.28501768	1.3045049
8	966	-455.3339	-456.55658	-455.34343	-1.2226799	-1.2131524
8	967	-494.03349	-497.03241	-497.2311	-2.9989177	0.1986855
8	968	-348.47796	-347.24546	-348.58204	1.2324992	1.336574
8	969	-376.78531	-375.72453	-377.26528	1.0607786	1.5407535
8	970	-360.28114	-360.47631	-361.00478	-0.19516076	0.52847073
8	971	-274.85454	-275.03942	-278.11227	-0.18487836	3.0728582
8	972	-560.35351	-564.55597	-565.86974	-4.2024536	1.3137694
8	973	-337.63192	-337.10195	-339.98364	0.52997277	2.8816877
8	974	-557.42809	-557.16621	-554.92113	0.26188393	-2.2450847
8	975	-370.33815	-372.89903	-372.45609	-2.5608741	-0.44294312
8	976	-291.15823	-292.6626	-294.61651	-1.5043763	1.9539129
8	977	-356.06775	-355.79327	-358.59327	0.27447881	2.8000003
8	978	-554.26522	-555.08872	-552.56714	-0.82349964	-2.5215803
8	979	-542.95893	-543.9562	-541.18155	-0.99727774	-2.7746552
8	980	-347.96857	-345.07576	-349.04479	2.8928125	3.9690314
8	981	-265.38347	-266.34243	-269.16767	-0.95896412	2.8252365
8	982	-396.47508	-394.53681	-399.27614	1.938264	4.7393325
8	983	-357.25928	-356.4465	-356.74732	0.81278465	0.30082272
8	984	-382.96755	-383.71142	-383.75243	-0.74386828	0.041012545
8	985	-306.62068	-300.83068	-305.60227	5.7899988	4.7715877
8	986	-394.88281	-395.04213	-398.28099	-0.15932518	3.2388578
8	987	-393.94402	-392.6877	-391.25279	1.2563163	-1.4349092
8	988	-359.2235	-358.66656	-361.49596	0.55693589	2.8294
8	989	-373.76548	-374.40399	-372.46938	-0.63850963	-1.9346091
8	990	-396.0798	-392.90503	-393.93035	3.1747717	1.025325
8	991	-514.36095	-511.45966	-514.15545	2.9012889	2.6957833
8	992	-370.95176	-372.74616	-370.61007	-1.7943908	-2.1360811
8	993	-561.22616	-560.11987	-559.2685	1.1062941	-0.85136514
8	994	-394.84029	-396.05684	-396.26315	-1.2165485	0.20631221
8	995	-550.72733	-553.27091	-549.23735	-2.5435806	-4.0335575
8	996	-319.42139	-319.62371	-321.88494	-0.20231899	2.2612322
8	997	-312.15708	-314.01415	-316.59696	-1.8570678	2.5828105
8	998	-524.52822	-523.66305	-526.55776	0.8651645	2.8947109
8	999	-263.9884	-264.39108	-268.16805	-0.40268081	3.7769638
