No.	ID	loglik_Null_W	loglik_Acc_W	loglik_Full_W	logBF1	logBF2
6	0	-397.83471	-399.43969	-402.01768	-1.6049876	2.5779874
6	1	-376.56373	-376.48626	-379.56375	0.077479358	3.0774986
6	2	-399.74497	-400.24962	-400.63298	-0.50464879	0.38335728
6	3	-374.99969	-373.13381	-373.26501	1.8658772	0.13119722
6	4	-317.76798	-319.11443	-318.61937	-1.3464451	-0.49506026
6	5	-435.8106	-434.9351	-435.60959	0.87549732	0.67449139
6	6	-731.64854	-732.1454	-731.89652	-0.4968633	-0.2488829
6	7	-466.83311	-467.52789	-466.32878	-0.69477897	-1.1991029
6	8	-697.50765	-685.57103	-689.85022	11.93662	4.2791856
6	9	-400.97828	-401.80041	-401.49341	-0.82213022	-0.30699285
6	10	-546.13223	-544.5277	-547.00699	1.6045299	2.479295
6	11	-340.32965	-341.00773	-337.21465	-0.67807957	-3.7930841
6	12	-281.406	-284.14227	-286.5744	-2.7362625	2.4321341
6	13	-450.24246	-449.50408	-458.27058	0.73837958	8.7664967
6	14	-333.87426	-335.83039	-333.67991	-1.956129	-2.1504821
6	15	-330.55989	-330.99971	-332.29332	-0.43982534	1.2936133
6	16	-520.85481	-521.00139	-521.39745	-0.14658163	0.39606605
6	17	-322.92509	-325.53035	-326.84265	-2.6052627	1.3122984
6	18	-449.31366	-449.33015	-447.1596	-0.016491978	-2.1705572
6	19	-337.61674	-339.75497	-340.06724	-2.1382271	0.31226911
6	20	-378.54257	-380.26758	-378.58765	-1.7250123	-1.6799357
6	21	-370.3446	-373.11731	-374.75191	-2.772719	1.6345912
6	22	-502.48533	-493.93304	-495.18351	8.5522841	1.2504703
6	23	-423.82401	-420.37064	-414.77158	3.4533768	-5.5990537
6	24	-510.72861	-510.26045	-511.2322	0.46815939	0.97175074
6	25	-435.51601	-435.13582	-436.31116	0.38018905	1.1753393
6	26	-352.09045	-354.45255	-354.06294	-2.3620971	-0.38960523
6	27	-418.63352	-418.06546	-423.35925	0.56806709	5.2937947
6	28	-394.58526	-398.35858	-396.02573	-3.7733223	-2.3328534
6	29	-410.18879	-414.24211	-412.6471	-4.0533196	-1.5950099
6	30	-349.20239	-350.43157	-353.18843	-1.2291763	2.7568622
6	31	-243.05861	-244.88784	-245.39192	-1.8292221	0.50408439
6	32	-401.33775	-400.86678	-401.53013	0.47097073	0.66335246
6	33	-374.14013	-373.00726	-377.24288	1.1328623	4.2356172
6	34	-463.5784	-462.17581	-462.75611	1.4025986	0.58030468
6	35	-455.06115	-455.16473	-455.2258	-0.10358101	0.061076454
6	36	-356.71603	-360.52329	-359.55722	-3.8072606	-0.96607401
6	37	-289.0125	-290.51594	-291.42598	-1.5034376	0.91004082
6	38	-434.18384	-431.83945	-428.34434	2.3443857	-3.4951159
6	39	-262.97216	-266.68817	-269.15224	-3.716014	2.4640675
6	40	-218.54052	-221.67809	-225.59747	-3.1375646	3.9193829
6	41	-311.76015	-313.59978	-314.36911	-1.839629	0.76933164
6	42	-496.19843	-498.73673	-498.05074	-2.5382997	-0.68598617
6	43	-676.88037	-674.58189	-671.16272	2.2984806	-3.4191701
6	44	-292.55614	-294.45456	-295.82624	-1.8984206	1.3716824
6	45	-477.038	-477.89028	-480.66203	-0.85227892	2.7717501
6	46	-329.09139	-330.25811	-331.25916	-1.1667227	1.0010466
6	47	-536.80194	-541.18922	-536.16592	-4.3872792	-5.0233061
6	48	-590.80632	-591.15679	-591.98269	-0.35047207	0.82590081
6	49	-539.90232	-533.73082	-532.46872	6.1714984	-1.2621054
6	50	-403.16481	-396.94343	-398.0008	6.2213772	1.0573686
6	51	-480.50032	-479.88443	-477.5053	0.6158922	-2.3791265
6	52	-366.87489	-368.48073	-368.94577	-1.6058423	0.46504078
6	53	-558.08593	-558.81372	-556.55593	-0.72778668	-2.2577853
6	54	-406.38413	-404.2486	-406.55017	2.1355269	2.3015683
6	55	-488.54538	-488.13339	-491.52013	0.41199272	3.386739
6	56	-453.81063	-448.48272	-449.34968	5.3279132	0.86696381
6	57	-425.07275	-422.37728	-420.58009	2.6954683	-1.79719
6	58	-414.85162	-414.25385	-407.76539	0.59777106	-6.4884561
6	59	-341.06714	-343.15256	-344.54136	-2.085417	1.3887995
6	60	-443.42719	-443.30921	-444.47936	0.11798781	1.1701551
6	61	-368.46712	-366.417	-368.54523	2.0501202	2.1282299
6	62	-316.23481	-316.885	-320.81907	-0.65019041	3.9340664
6	63	-376.15842	-374.44484	-376.09456	1.7135851	1.649722
6	64	-334.13665	-335.67147	-336.42114	-1.5348167	0.74967707
6	65	-300.73593	-303.28738	-304.87908	-2.5514501	1.5917006
6	66	-346.27961	-349.18579	-350.5649	-2.9061774	1.3791121
6	67	-497.38764	-498.89257	-497.83485	-1.504923	-1.0577135
6	68	-194.79672	-196.87134	-199.81506	-2.0746281	2.9437131
6	69	-357.88333	-357.87219	-360.6824	0.011142642	2.8102165
6	70	-288.79936	-292.56074	-291.79103	-3.7613812	-0.76970864
6	71	-369.43428	-370.81066	-370.77363	-1.376381	-0.037029093
6	72	-533.87135	-533.44456	-534.37203	0.42679171	0.92747386
6	73	-355.00432	-353.1376	-355.79486	1.8667158	2.6572575
6	74	-402.75581	-400.01968	-398.75028	2.7361306	-1.2693996
6	75	-572.82533	-568.69839	-572.90377	4.126942	4.2053814
6	76	-492.24375	-491.77716	-492.78518	0.46659347	1.0080259
6	77	-333.66219	-333.90334	-332.86098	-0.24115329	-1.0423603
6	78	-360.35809	-361.69841	-361.79265	-1.3403244	0.094242469
6	79	-542.48647	-539.67944	-535.93545	2.8070276	-3.7439891
6	80	-470.95734	-471.36512	-471.78998	-0.40777767	0.42486367
6	81	-377.39314	-379.636	-379.09725	-2.2428567	-0.53875017
6	82	-367.96971	-378.84048	-374.27657	-10.870765	-4.5639087
6	83	-361.71483	-362.81336	-363.17625	-1.0985345	0.36289107
6	84	-391.3531	-390.64646	-390.8608	0.70663033	0.2143355
6	85	-477.70233	-476.73613	-476.045	0.96619538	-0.69113259
6	86	-273.96711	-275.30547	-279.90884	-1.3383645	4.6033629
6	87	-554.34484	-554.6636	-556.88099	-0.31876061	2.2173894
6	88	-281.31597	-283.75561	-284.58619	-2.4396365	0.8305815
6	89	-403.14953	-405.05445	-405.04719	-1.9049173	-0.007256112
6	90	-377.94988	-382.45877	-381.2836	-4.5088901	-1.1751729
6	91	-352.70912	-355.00314	-355.88359	-2.2940196	0.88045209
6	92	-394.64176	-392.17688	-392.40896	2.4648763	0.2320781
6	93	-238.1303	-242.28136	-242.40074	-4.1510616	0.11937442
6	94	-317.5289	-319.36151	-318.72508	-1.8326135	-0.63643133
6	95	-363.06516	-363.93251	-363.27615	-0.86735066	-0.65635602
6	96	-449.81046	-447.2994	-446.87459	2.5110602	-0.42481112
6	97	-332.83998	-335.63611	-336.72132	-2.7961285	1.0852082
6	98	-283.06835	-280.3886	-285.50757	2.6797445	5.1189674
6	99	-371.35216	-372.0899	-373.32171	-0.7377406	1.2318028
6	100	-412.54891	-412.66781	-411.71058	-0.11889536	-0.95722589
6	101	-404.89011	-406.98698	-408.10523	-2.0968703	1.11825
6	102	-480.13525	-481.6045	-479.79703	-1.4692495	-1.8074714
6	103	-354.55905	-355.50225	-354.46561	-0.94320342	-1.0366462
6	104	-415.41594	-416.74252	-418.43997	-1.3265847	1.6974458
6	105	-355.83891	-357.4431	-353.8589	-1.6041906	-3.5841929
6	106	-469.04401	-469.36529	-470.42731	-0.32127683	1.0620212
6	107	-455.94692	-456.32165	-458.74881	-0.37473534	2.427159
6	108	-471.2174	-471.84855	-471.62351	-0.63114227	-0.22503677
6	109	-408.91573	-405.62653	-407.01128	3.289203	1.3847495
6	110	-411.34953	-412.48309	-413.72283	-1.1335594	1.2397445
6	111	-408.85731	-410.70944	-409.79891	-1.8521346	-0.9105316
6	112	-494.91365	-495.70792	-493.07065	-0.79427005	-2.6372723
6	113	-332.67009	-333.59901	-331.41664	-0.92892026	-2.1823723
6	114	-345.56958	-342.13913	-349.93447	3.4304494	7.7953424
6	115	-452.23065	-454.09732	-453.43281	-1.8666634	-0.66450239
6	116	-570.3422	-569.02163	-569.26405	1.3205688	0.24241536
6	117	-361.50701	-360.99901	-363.5108	0.50799933	2.5117937
6	118	-373.08952	-374.23321	-375.63105	-1.1436863	1.3978492
6	119	-303.96878	-305.87528	-307.62654	-1.9064988	1.7512648
6	120	-558.34192	-559.49848	-561.71435	-1.1565579	2.2158744
6	121	-491.30079	-491.77373	-484.62509	-0.47293814	-7.1486388
6	122	-390.19786	-383.90707	-385.57853	6.2907966	1.6714621
6	123	-333.48837	-332.52059	-334.73714	0.96778394	2.2165541
6	124	-299.8497	-299.66473	-301.19476	0.18496672	1.5300304
6	125	-408.83348	-406.48221	-407.99254	2.3512703	1.5103288
6	126	-338.97971	-340.22392	-339.78031	-1.2442104	-0.44360893
6	127	-389.77925	-392.091	-392.9904	-2.3117535	0.89939716
6	128	-276.94483	-278.41914	-281.36058	-1.4743158	2.9414395
6	129	-215.64213	-218.46654	-222.19981	-2.8244062	3.7332773
6	130	-305.74178	-307.78494	-311.92137	-2.043157	4.136428
6	131	-333.23691	-334.35902	-335.65335	-1.1221156	1.2943258
6	132	-540.64283	-536.9902	-538.27524	3.6526348	1.2850396
6	133	-288.41501	-289.30177	-290.64044	-0.88675987	1.3386726
6	134	-447.23846	-449.55575	-447.07	-2.317291	-2.4857471
6	135	-585.23923	-577.28274	-574.67949	7.9564881	-2.6032472
6	136	-466.65357	-468.00256	-464.7656	-1.3489842	-3.2369594
6	137	-387.61178	-389.2052	-392.44737	-1.5934264	3.2421629
6	138	-337.8697	-341.19123	-340.00937	-3.3215347	-1.1818673
6	139	-773.27494	-776.47736	-772.86969	-3.2024227	-3.60767
6	140	-625.5397	-624.46353	-624.5268	1.076177	0.063276561
6	141	-339.58956	-338.13029	-340.58771	1.4592731	2.4574249
6	142	-325.0336	-322.67436	-324.85076	2.3592395	2.1764014
6	143	-422.22967	-422.19811	-419.4148	0.031559537	-2.7833148
6	144	-506.31999	-504.6242	-504.55107	1.6957879	-0.073130477
6	145	-315.5261	-316.94254	-317.79013	-1.4164414	0.84758592
6	146	-375.27248	-373.00906	-374.99435	2.2634231	1.9852946
6	147	-506.84492	-506.88303	-506.83198	-0.038110545	-0.05105056
6	148	-328.8524	-329.34885	-328.77812	-0.4964551	-0.57073235
6	149	-487.14749	-485.89316	-485.89373	1.2543229	0.00057050664
6	150	-452.90017	-452.47866	-446.34569	0.42151213	-6.1329678
6	151	-364.92229	-358.44575	-362.3632	6.4765391	3.9174496
6	152	-265.32739	-268.03448	-271.33707	-2.7070858	3.302592
6	153	-405.26648	-402.45159	-403.0737	2.8148939	0.62211323
6	154	-332.4537	-333.32631	-330.58145	-0.87260683	-2.7448588
6	155	-527.46713	-525.5228	-524.58394	1.9443236	-0.9388638
6	156	-533.66553	-535.12171	-534.92844	-1.4561829	-0.1932724
6	157	-225.77133	-228.76772	-231.10391	-2.9963946	2.3361949
6	158	-397.73672	-397.17332	-398.25645	0.56339623	1.0831343
6	159	-271.82765	-273.66301	-276.28807	-1.8353574	2.625056
6	160	-279.53633	-280.12828	-281.19703	-0.59195488	1.0687438
6	161	-405.12542	-397.89427	-398.8728	7.2311425	0.97852371
6	162	-472.54487	-469.1442	-468.64715	3.4006695	-0.49704616
6	163	-389.82751	-392.50736	-391.95103	-2.6798511	-0.55632286
6	164	-536.94603	-541.81878	-529.07999	-4.8727552	-12.738796
6	165	-551.18485	-550.82764	-553.08194	0.35720573	2.2542941
6	166	-486.10923	-482.6241	-481.94992	3.4851314	-0.67418058
6	167	-402.72084	-404.3097	-405.04763	-1.5888519	0.73793641
6	168	-335.99276	-333.36421	-333.25434	2.6285501	-0.10987495
6	169	-294.42681	-293.64477	-295.20754	0.78203633	1.5627728
6	170	-402.74034	-400.10401	-398.51678	2.6363294	-1.5872343
6	171	-310.41493	-309.17841	-310.09141	1.2365159	0.91299521
6	172	-442.91627	-443.29223	-445.82616	-0.37595994	2.5339363
6	173	-444.27531	-443.15626	-444.67337	1.1190455	1.5171095
6	174	-506.77492	-500.22187	-499.61027	6.5530432	-0.61159798
6	175	-352.37267	-351.20046	-351.26118	1.1722013	0.060717913
6	176	-417.3004	-410.65956	-413.91477	6.6408396	3.2552149
6	177	-321.66074	-323.81645	-325.47698	-2.155702	1.660534
6	178	-389.79392	-388.49202	-392.74831	1.3018987	4.2562838
6	179	-405.71339	-409.29888	-409.02425	-3.5854976	-0.27463105
6	180	-533.95572	-535.73538	-538.54836	-1.7796589	2.8129836
6	181	-431.53608	-433.25729	-435.70436	-1.7212102	2.4470644
6	182	-493.11618	-494.52326	-494.40536	-1.4070729	-0.11789827
6	183	-249.63247	-253.7971	-256.13044	-4.1646295	2.3333405
6	184	-480.5422	-475.81711	-477.95622	4.7250966	2.139118
6	185	-274.5894	-278.87929	-280.55662	-4.2898883	1.6773328
6	186	-385.22517	-386.85296	-386.19812	-1.6277898	-0.65484488
6	187	-431.75242	-431.19905	-428.65573	0.55337294	-2.543318
6	188	-367.85699	-364.23484	-364.50472	3.6221499	0.26988068
6	189	-446.06939	-443.04156	-440.56522	3.0278249	-2.476337
6	190	-253.83306	-256.98131	-258.6568	-3.1482497	1.675495
6	191	-412.1483	-401.88437	-404.99955	10.263931	3.1151791
6	192	-528.71481	-527.50543	-528.41798	1.209383	0.91255336
6	193	-473.28525	-474.46123	-474.34848	-1.175977	-0.11274974
6	194	-312.3668	-314.1761	-313.13723	-1.8092958	-1.0388736
6	195	-562.48797	-560.68673	-559.41789	1.8012319	-1.2688423
6	196	-360.86834	-362.2132	-362.52695	-1.344863	0.31374508
6	197	-500.73343	-502.80438	-504.77996	-2.0709463	1.975587
6	198	-423.62057	-419.4222	-425.31236	4.1983646	5.8901535
6	199	-467.90577	-471.70816	-469.72255	-3.8023903	-1.9856118
6	200	-349.45449	-350.12713	-350.98282	-0.67264909	0.855686
6	201	-297.84925	-297.0512	-298.17098	0.79804647	1.1197773
6	202	-300.53723	-300.65118	-303.8189	-0.11395046	3.1677208
6	203	-364.52654	-365.77082	-366.60002	-1.2442778	0.8291989
6	204	-332.67948	-334.54764	-337.1733	-1.86816	2.6256523
6	205	-241.25568	-243.73195	-244.99316	-2.47627	1.2612073
6	206	-389.14427	-391.4432	-390.41226	-2.2989319	-1.0309471
6	207	-446.7109	-442.86805	-442.63146	3.8428558	-0.23658125
6	208	-468.84182	-467.72096	-468.71743	1.1208515	0.9964621
6	209	-500.78098	-502.98794	-500.86527	-2.2069628	-2.1226744
6	210	-493.06238	-492.17814	-496.16025	0.88424185	3.9821174
6	211	-412.69512	-412.76339	-412.43468	-0.06826773	-0.3287082
6	212	-611.87448	-608.67964	-605.48743	3.1948356	-3.1922092
6	213	-482.64107	-482.43126	-482.43529	0.20981417	0.0040287713
6	214	-478.87894	-477.01584	-477.82023	1.8631045	0.80439471
6	215	-274.92078	-276.96593	-280.76909	-2.0451555	3.8031629
6	216	-281.34835	-284.55415	-286.6204	-3.2057982	2.0662508
6	217	-306.62482	-310.27072	-311.40753	-3.6458974	1.136812
6	218	-373.26111	-374.14777	-373.96924	-0.88666214	-0.17852892
6	219	-554.6486	-548.54883	-548.29272	6.0997709	-0.25610348
6	220	-315.4795	-317.10885	-319.44783	-1.6293508	2.3389757
6	221	-454.44687	-455.14005	-456.19565	-0.6931793	1.0555972
6	222	-264.75201	-263.94099	-266.17323	0.81102386	2.2322399
6	223	-310.74431	-313.14815	-314.07452	-2.4038425	0.9263693
6	224	-537.5389	-537.91151	-536.77902	-0.37261674	-1.1324983
6	225	-363.99998	-365.98419	-366.3042	-1.9842126	0.32000135
6	226	-542.34701	-542.86028	-543.10817	-0.51326328	0.24789912
6	227	-381.02439	-382.41913	-385.4971	-1.3947409	3.0779646
6	228	-670.89288	-655.47959	-659.88543	15.413295	4.4058399
6	229	-290.37945	-291.0845	-292.12523	-0.70505475	1.0407281
6	230	-397.09812	-398.57151	-397.71131	-1.4733853	-0.86019288
6	231	-385.50314	-385.35812	-386.40958	0.14502351	1.0514626
6	232	-421.10911	-421.50324	-421.82681	-0.39412334	0.3235695
6	233	-430.43395	-430.22506	-431.26655	0.20888987	1.0414819
6	234	-333.83407	-333.73243	-334.18836	0.10164866	0.45593625
6	235	-434.03735	-432.35059	-438.25062	1.686759	5.9000334
6	236	-270.30009	-272.52678	-274.59333	-2.2266847	2.0665554
6	237	-372.07007	-372.10357	-373.48889	-0.033498243	1.3853222
6	238	-481.3256	-484.22528	-477.21226	-2.8996811	-7.013014
6	239	-487.59333	-482.74472	-485.67377	4.8486169	2.9290559
6	240	-404.26073	-405.38635	-407.12727	-1.1256206	1.7409171
6	241	-311.2691	-313.18573	-313.90845	-1.9166301	0.72271841
6	242	-452.28563	-454.55803	-451.22265	-2.2723943	-3.3353771
6	243	-487.33772	-488.28723	-489.17986	-0.94950703	0.89262983
6	244	-424.70866	-424.24863	-426.00187	0.46002204	1.7532329
6	245	-367.70615	-369.14798	-370.84166	-1.4418295	1.6936837
6	246	-562.73375	-562.05774	-561.87939	0.67600309	-0.17835779
6	247	-446.58855	-446.16726	-446.76075	0.42128464	0.59348525
6	248	-442.65033	-443.21852	-443.88371	-0.5681825	0.66519148
6	249	-257.45385	-259.03068	-260.18292	-1.5768371	1.1522367
6	250	-530.44257	-527.83569	-523.11627	2.6068783	-4.7194209
6	251	-282.88566	-285.90778	-287.2905	-3.022119	1.3827163
6	252	-349.37129	-351.79493	-352.63958	-2.4236381	0.84464742
6	253	-299.9163	-300.0402	-300.7456	-0.12390114	0.70539145
6	254	-482.45614	-485.13245	-484.2204	-2.6763092	-0.91204922
6	255	-353.2766	-356.15213	-355.62013	-2.8755321	-0.53199804
6	256	-291.60418	-294.58829	-294.31274	-2.9841116	-0.27555198
6	257	-368.13878	-365.9035	-368.90651	2.2352794	3.0030099
6	258	-496.99931	-498.02687	-498.11219	-1.0275636	0.085319451
6	259	-261.34115	-264.02733	-265.89097	-2.6861791	1.8636398
6	260	-320.57528	-321.17374	-323.33446	-0.59845933	2.160722
6	261	-664.35963	-663.03466	-665.64326	1.324968	2.6085983
6	262	-390.31944	-392.46356	-393.11624	-2.1441263	0.65267821
6	263	-490.77279	-490.24909	-486.52266	0.52369764	-3.7264365
6	264	-343.13177	-344.73351	-347.62328	-1.6017445	2.889762
6	265	-399.05377	-399.92054	-399.55891	-0.86676953	-0.3616383
6	266	-327.74048	-329.64113	-330.13277	-1.9006545	0.49163946
6	267	-331.49776	-332.03275	-334.37849	-0.53499693	2.345736
6	268	-264.92249	-267.34043	-269.75381	-2.4179414	2.4133795
6	269	-301.09458	-303.1072	-305.20841	-2.0126278	2.1012062
6	270	-297.519	-298.40261	-298.37222	-0.88360743	-0.030393345
6	271	-314.64774	-316.17605	-316.1516	-1.5283103	-0.02445829
6	272	-333.3555	-334.6337	-335.72221	-1.2781967	1.0885133
6	273	-479.03202	-479.90458	-478.63993	-0.87256897	-1.2646543
6	274	-367.04273	-367.86883	-369.45342	-0.82609789	1.5845935
6	275	-401.13776	-393.9228	-396.72512	7.2149543	2.8023225
6	276	-559.36	-559.82411	-559.11005	-0.46411003	-0.71405963
6	277	-358.05976	-358.72393	-359.30014	-0.66417446	0.57621148
6	278	-329.15342	-331.19531	-332.3601	-2.0418903	1.164786
6	279	-299.93056	-301.65995	-305.74493	-1.7293913	4.0849802
6	280	-338.40017	-339.2653	-341.7934	-0.86513788	2.5280967
6	281	-428.43503	-430.04667	-428.60941	-1.6116412	-1.4372547
6	282	-400.73565	-401.1051	-400.38433	-0.36945334	-0.72077608
6	283	-371.01496	-369.77581	-371.32083	1.2391576	1.5450214
6	284	-495.7272	-486.65325	-486.27645	9.0739586	-0.37679266
6	285	-534.80637	-535.77582	-538.63135	-0.96945243	2.8555322
6	286	-401.07746	-402.19947	-402.04523	-1.1220078	-0.1542345
6	287	-426.23212	-426.69933	-427.83894	-0.46721164	1.1396082
6	288	-329.87478	-330.42823	-332.59505	-0.55345074	2.1668197
6	289	-413.01755	-412.38946	-416.01272	0.62808814	3.6232561
6	290	-258.45062	-260.57572	-261.51038	-2.1251085	0.93466067
6	291	-355.80067	-354.21814	-355.22808	1.5825327	1.0099447
6	292	-499.66509	-500.31534	-504.14336	-0.65025012	3.8280213
6	293	-488.59052	-482.81666	-480.63076	5.7738627	-2.1858945
6	294	-364.1763	-362.45486	-362.57351	1.7214418	0.11864755
6	295	-294.83973	-293.14184	-295.91441	1.6978936	2.7725722
6	296	-450.09777	-449.95276	-447.98281	0.14500704	-1.9699497
6	297	-297.12402	-298.52119	-301.05774	-1.3971686	2.5365586
6	298	-261.66594	-262.62371	-264.2527	-0.95777617	1.6289901
6	299	-353.69909	-341.96859	-340.4035	11.730501	-1.5650841
6	300	-560.9804	-563.653	-564.51784	-2.6725936	0.86483994
6	301	-419.18511	-419.15959	-418.51449	0.025519256	-0.64509691
6	302	-367.96803	-371.53963	-371.30795	-3.5716021	-0.23168464
6	303	-360.85049	-362.59437	-363.2019	-1.7438788	0.60752694
6	304	-290.64498	-293.40364	-295.01993	-2.7586559	1.6162908
6	305	-469.01215	-465.03118	-466.21483	3.9809725	1.1836501
6	306	-282.87213	-283.77668	-288.26065	-0.90455232	4.483965
6	307	-351.70762	-352.72261	-354.69624	-1.0149901	1.9736296
6	308	-301.92139	-303.57681	-304.18306	-1.6554231	0.60624148
6	309	-428.60352	-429.19605	-429.21531	-0.59252651	0.01925772
6	310	-522.72769	-518.90915	-517.34266	3.8185377	-1.5664979
6	311	-493.81414	-492.17486	-491.24914	1.6392757	-0.92572704
6	312	-339.60643	-341.09104	-342.34332	-1.4846052	1.2522873
6	313	-547.02048	-544.18756	-545.00203	2.8329237	0.81447162
6	314	-332.74659	-334.03896	-335.95433	-1.2923676	1.9153675
6	315	-352.21379	-354.35802	-353.69456	-2.1442292	-0.66346342
6	316	-407.08714	-404.70203	-407.05065	2.3851098	2.3486189
6	317	-601.80844	-605.11826	-600.87156	-3.3098156	-4.2467033
6	318	-505.62419	-507.6278	-509.03961	-2.0036183	1.411807
6	319	-253.84776	-257.34159	-257.86309	-3.493833	0.52149416
6	320	-338.68651	-340.5631	-343.09793	-1.8765826	2.5348357
6	321	-488.04405	-485.27996	-488.75959	2.7640929	3.4796273
6	322	-350.33574	-349.79414	-351.43071	0.54160167	1.6365725
6	323	-395.31445	-393.62327	-395.19007	1.6911799	1.5668011
6	324	-299.38219	-298.11158	-299.9442	1.2706024	1.832614
6	325	-308.55823	-311.77673	-309.1152	-3.2185087	-2.6615358
6	326	-454.40716	-455.20968	-454.36062	-0.80252889	-0.84906646
6	327	-460.60204	-461.69905	-464.61396	-1.0970146	2.9149057
6	328	-637.20645	-634.92732	-596.97984	2.2791352	-37.947477
6	329	-410.62669	-411.12714	-413.78145	-0.50045785	2.6543103
6	330	-410.66285	-413.23432	-412.57371	-2.571477	-0.66061058
6	331	-480.38526	-479.70929	-481.89486	0.67597493	2.185569
6	332	-347.95214	-348.76146	-353.02342	-0.80932034	4.2619655
6	333	-464.11763	-463.14315	-465.25553	0.97448004	2.1123813
6	334	-416.46528	-414.93993	-417.5905	1.5253492	2.6505655
6	335	-455.74469	-457.12905	-456.24027	-1.384366	-0.88877847
6	336	-291.16539	-294.38212	-296.50347	-3.2167296	2.1213532
6	337	-365.76977	-367.56432	-367.18451	-1.7945473	-0.37980609
6	338	-402.79371	-401.33969	-401.84446	1.4540128	0.50476203
6	339	-384.20338	-385.41436	-387.07753	-1.2109859	1.6631687
6	340	-561.80089	-591.54085	-565.79191	-29.739963	-25.748935
6	341	-549.89274	-549.53606	-544.09807	0.35667678	-5.4379971
6	342	-438.45283	-436.56833	-440.0366	1.8844945	3.4682632
6	343	-396.16516	-388.15401	-391.22135	8.0111464	3.0673351
6	344	-286.35173	-287.37542	-287.64008	-1.0236825	0.26466305
6	345	-370.12895	-369.52648	-372.62859	0.60246878	3.1021041
6	346	-380.62541	-379.33619	-379.137	1.289217	-0.19918777
6	347	-279.45808	-282.94343	-285.20406	-3.4853446	2.2606343
6	348	-514.48898	-511.87616	-508.64792	2.6128208	-3.2282357
6	349	-451.85669	-453.31426	-453.25127	-1.4575759	-0.062993218
6	350	-454.0664	-456.21739	-454.9773	-2.1509964	-1.2400904
6	351	-523.82042	-516.26831	-536.4525	7.5521091	20.184198
6	352	-232.78198	-236.77908	-238.55001	-3.9971056	1.7709267
6	353	-419.47075	-420.14475	-418.34994	-0.67399902	-1.7948107
6	354	-335.52457	-334.4782	-337.59687	1.046367	3.1186688
6	355	-404.65536	-407.2176	-405.66088	-2.5622424	-1.5567198
6	356	-351.06338	-348.58056	-346.24053	2.4828183	-2.3400249
6	357	-444.77275	-445.45389	-445.62952	-0.68114066	0.1756328
6	358	-377.83248	-378.48002	-380.41334	-0.64754436	1.9333215
6	359	-249.91208	-253.13026	-255.56384	-3.2181706	2.4335842
6	360	-676.17882	-675.78313	-673.46807	0.3956874	-2.3150638
6	361	-306.32319	-308.72796	-312.82963	-2.4047713	4.1016697
6	362	-425.21967	-426.135	-427.14723	-0.91533229	1.0122238
6	363	-516.52513	-515.54763	-514.64704	0.97749979	-0.9005966
6	364	-426.8502	-428.4677	-428.3282	-1.6175012	-0.13950497
6	365	-334.69755	-337.98918	-337.07038	-3.2916303	-0.91879359
6	366	-407.81005	-411.16391	-411.23081	-3.353859	0.066905686
6	367	-426.07949	-423.22517	-424.56866	2.8543181	1.3434868
6	368	-454.98447	-449.93361	-450.63493	5.050859	0.70131787
6	369	-333.90164	-334.42304	-336.79124	-0.52140367	2.3681979
6	370	-325.64345	-327.76722	-328.41554	-2.123772	0.64832123
6	371	-453.00122	-453.73723	-453.51912	-0.73601405	-0.21810673
6	372	-243.8347	-246.57881	-248.48639	-2.7441125	1.9075829
6	373	-340.43813	-341.58764	-341.53193	-1.1495075	-0.055708724
6	374	-358.20777	-359.27825	-360.31793	-1.0704856	1.0396821
6	375	-336.13981	-337.9706	-339.42505	-1.8307879	1.454449
6	376	-602.07781	-600.1374	-610.14627	1.9404019	10.008862
6	377	-529.42403	-528.10797	-529.89209	1.3160612	1.7841286
6	378	-472.18778	-470.22415	-474.51563	1.9636297	4.2914779
6	379	-434.34867	-435.94162	-436.47347	-1.5929463	0.53185209
6	380	-316.54825	-316.17774	-317.71452	0.3705145	1.5367817
6	381	-490.19428	-491.11159	-490.67024	-0.91730819	-0.44134385
6	382	-287.14046	-289.14213	-290.7378	-2.0016679	1.59567
6	383	-730.65378	-728.56078	-728.31117	2.0930047	-0.24961263
6	384	-419.49022	-419.52043	-418.78305	-0.030211801	-0.73737487
6	385	-378.00929	-380.27135	-376.80004	-2.2620557	-3.4713071
6	386	-450.94532	-451.52351	-453.35069	-0.57819421	1.8271777
6	387	-373.05138	-374.82172	-375.88746	-1.770341	1.0657407
6	388	-407.80982	-409.57073	-410.39487	-1.7609159	0.82413857
6	389	-439.10557	-438.78915	-435.51514	0.31642154	-3.2740127
6	390	-277.00957	-277.55397	-280.88269	-0.54439753	3.3287222
6	391	-325.43336	-327.85208	-327.34718	-2.4187239	-0.50490329
6	392	-399.84316	-401.42749	-402.53276	-1.5843291	1.1052744
6	393	-436.09301	-442.82271	-437.42395	-6.7297051	-5.3987667
6	394	-464.39186	-467.10861	-465.08713	-2.7167507	-2.0214787
6	395	-475.36365	-476.87849	-477.84753	-1.5148384	0.96904587
6	396	-452.11769	-451.85697	-449.92721	0.26072635	-1.9297548
6	397	-454.50326	-452.8367	-452.72361	1.6665549	-0.11309602
6	398	-259.65767	-262.68462	-263.78263	-3.0269565	1.0980116
6	399	-303.04848	-305.47462	-305.63226	-2.4261363	0.15764367
6	400	-507.61229	-510.80735	-510.20086	-3.1950616	-0.60649382
6	401	-369.08661	-369.26424	-372.00083	-0.17763073	2.7365952
6	402	-486.71288	-485.71673	-484.92943	0.99614765	-0.78730684
6	403	-381.82318	-380.57975	-382.35113	1.2434289	1.7713779
6	404	-347.73708	-349.39554	-349.65928	-1.6584638	0.26374071
6	405	-471.7445	-472.24396	-470.97634	-0.49945916	-1.2676197
6	406	-398.13739	-392.18123	-382.67386	5.9561612	-9.5073753
6	407	-551.04352	-548.35753	-548.80908	2.6859898	0.4515544
6	408	-543.60533	-543.42939	-539.519	0.17594023	-3.9103935
6	409	-317.87803	-315.88408	-318.92925	1.9939483	3.0451771
6	410	-488.17623	-484.61535	-481.8422	3.5608767	-2.773157
6	411	-406.08938	-409.44523	-410.73003	-3.3558491	1.2847956
6	412	-513.78017	-514.39016	-512.84622	-0.60998498	-1.5439353
6	413	-322.21294	-324.30052	-324.52695	-2.0875819	0.22642984
6	414	-358.63276	-360.25217	-363.59134	-1.6194037	3.3391742
6	415	-534.55152	-534.31696	-536.96773	0.23456165	2.6507642
6	416	-331.17683	-331.04208	-331.63786	0.13475074	0.59577864
6	417	-634.14742	-619.35252	-618.07659	14.7949	-1.2759362
6	418	-519.08652	-517.08288	-519.86658	2.0036439	2.7837088
6	419	-240.85197	-243.65582	-244.97963	-2.8038517	1.3238161
6	420	-427.39025	-425.20103	-426.85948	2.1892214	1.6584519
6	421	-320.25622	-320.68585	-322.9946	-0.42962753	2.308755
6	422	-494.09013	-498.21402	-494.72333	-4.1238904	-3.4906971
6	423	-338.39749	-339.33043	-340.20925	-0.93294335	0.87881747
6	424	-554.34454	-553.40729	-557.27239	0.93725603	3.8650997
6	425	-534.81258	-534.18809	-537.17057	0.62448753	2.9824701
6	426	-284.1319	-277.49905	-280.81645	6.6328512	3.3174014
6	427	-623.65916	-624.08223	-620.56716	-0.42306703	-3.5150628
6	428	-310.43656	-311.44856	-312.66265	-1.0119933	1.2140922
6	429	-390.97495	-388.72616	-391.82265	2.2487932	3.0964871
6	430	-396.6654	-395.70736	-396.53498	0.95804713	0.82762232
6	431	-454.29719	-444.46696	-449.40516	9.8302276	4.9382038
6	432	-371.30534	-372.53021	-372.49964	-1.2248683	-0.030564183
6	433	-265.32568	-268.8511	-269.78997	-3.5254193	0.93887584
6	434	-535.07628	-539.71762	-537.96228	-4.6413375	-1.7553385
6	435	-320.01509	-319.43323	-320.91868	0.58186495	1.4854527
6	436	-439.68302	-441.10645	-440.44386	-1.4234243	-0.6625908
6	437	-437.85579	-440.85584	-442.40306	-3.0000477	1.5472212
6	438	-370.7622	-372.03336	-371.55848	-1.2711689	-0.47488668
6	439	-417.14225	-416.58426	-416.83958	0.55799102	0.25532075
6	440	-326.52674	-328.38618	-329.47308	-1.8594374	1.0869029
6	441	-354.12065	-354.53116	-353.16433	-0.41051552	-1.3668332
6	442	-381.02422	-381.9104	-383.13071	-0.88617863	1.2203074
6	443	-445.79606	-444.30653	-443.36745	1.4895269	-0.93907814
6	444	-352.6972	-350.61751	-348.08255	2.0796851	-2.5349597
6	445	-318.60965	-322.44129	-323.91506	-3.8316405	1.4737737
6	446	-426.18441	-427.6467	-425.97384	-1.4622923	-1.6728675
6	447	-258.93473	-261.23882	-263.04837	-2.3040906	1.8095511
6	448	-233.31806	-235.5153	-238.17119	-2.1972464	2.6558867
6	449	-327.93128	-329.21318	-328.37674	-1.2819039	-0.83644013
6	450	-261.54967	-264.40203	-268.5663	-2.8523665	4.164266
6	451	-409.12749	-413.49142	-411.4765	-4.3639288	-2.0149216
6	452	-398.8985	-401.75859	-402.15907	-2.860094	0.40048389
6	453	-289.64477	-290.35429	-294.59155	-0.70951789	4.2372588
6	454	-379.79	-379.05716	-381.56357	0.73284515	2.5064102
6	455	-367.31819	-367.26256	-369.60211	0.055625814	2.3395525
6	456	-528.05962	-528.05839	-522.19936	0.001232402	-5.8590299
6	457	-299.28323	-300.76702	-300.37772	-1.4837943	-0.38930319
6	458	-393.9944	-396.22759	-399.51787	-2.2331956	3.2902821
6	459	-354.48162	-354.12529	-357.93938	0.35633026	3.8140904
6	460	-450.84671	-452.39185	-453.22754	-1.5451431	0.83568719
6	461	-406.62178	-400.51017	-405.09766	6.1116089	4.5874866
6	462	-318.94331	-315.51179	-318.03545	3.4315189	2.5236556
6	463	-265.09861	-268.91679	-269.93065	-3.818181	1.0138681
6	464	-471.90367	-477.79693	-469.2874	-5.8932565	-8.5095263
6	465	-473.62469	-474.4084	-475.1238	-0.78371136	0.71539869
6	466	-576.94942	-579.11173	-579.46942	-2.1623067	0.35769427
6	467	-466.67071	-465.82574	-464.4486	0.84496472	-1.3771473
6	468	-468.60409	-469.20562	-471.56052	-0.60153403	2.3548962
6	469	-285.43882	-287.38776	-287.70447	-1.9489346	0.31670948
6	470	-488.81705	-489.08411	-490.33318	-0.26705841	1.2490751
6	471	-514.38809	-512.3404	-512.45119	2.0476863	0.11078951
6	472	-230.51144	-233.06652	-234.91158	-2.5550823	1.8450554
6	473	-332.11325	-329.64455	-330.84552	2.4686981	1.2009651
6	474	-300.12034	-301.23747	-303.52642	-1.1171281	2.2889448
6	475	-391.17103	-393.24327	-389.51025	-2.0722379	-3.7330197
6	476	-400.88006	-399.37315	-400.87864	1.5069045	1.5054844
6	477	-321.97542	-323.60774	-324.36609	-1.6323173	0.75835198
6	478	-379.85582	-379.55961	-377.39428	0.29620803	-2.1653302
6	479	-441.97286	-441.27907	-442.6644	0.6937977	1.3853294
6	480	-333.57618	-333.07735	-333.95072	0.49883603	0.87336819
6	481	-420.47244	-421.67501	-422.0153	-1.202571	0.34029261
6	482	-454.85585	-454.51239	-454.69806	0.34346119	0.18566821
6	483	-348.99031	-342.74231	-348.07754	6.2479969	5.3352305
6	484	-419.87131	-420.75632	-423.78203	-0.88501682	3.0257041
6	485	-346.83404	-348.44483	-347.13694	-1.6107934	-1.3078869
6	486	-474.20777	-467.92296	-465.92955	6.2848044	-1.9934102
6	487	-369.62334	-370.80831	-370.02311	-1.1849765	-0.7852041
6	488	-333.86678	-334.48132	-335.63565	-0.61454844	1.1543235
6	489	-392.15376	-395.26228	-394.87223	-3.1085138	-0.39004303
6	490	-378.0363	-376.4727	-380.05083	1.5636068	3.5781346
6	491	-520.24284	-515.77788	-516.89503	4.4649625	1.1171528
6	492	-489.36033	-489.6845	-487.65925	-0.32417635	-2.0252537
6	493	-450.69588	-451.29831	-452.1302	-0.60243164	0.83188851
6	494	-351.93572	-346.06904	-346.1192	5.8666776	0.050152736
6	495	-299.63536	-299.404	-302.95586	0.23135836	3.5518645
6	496	-394.48738	-393.17069	-398.64061	1.3166877	5.4699258
6	497	-338.12182	-337.33353	-339.51709	0.78829408	2.183569
6	498	-486.66785	-486.86074	-488.9658	-0.19288745	2.1050647
6	499	-389.21151	-387.94302	-388.22247	1.2684967	0.27945914
6	500	-388.69752	-389.12498	-389.1377	-0.42745405	0.012725258
6	501	-345.17598	-346.8349	-347.60924	-1.658927	0.77433618
6	502	-436.62961	-436.935	-438.51879	-0.3053885	1.5837911
6	503	-274.70904	-275.21715	-275.45914	-0.50811482	0.24198984
6	504	-358.12483	-358.31749	-360.14226	-0.19266173	1.8247648
6	505	-668.84262	-654.97675	-657.00921	13.865874	2.032461
6	506	-360.36513	-360.0778	-358.23397	0.28733937	-1.843821
6	507	-366.54987	-365.76342	-367.97742	0.78645837	2.2140008
6	508	-396.91176	-397.80568	-398.69261	-0.89392066	0.8869229
6	509	-323.04423	-325.14352	-325.76593	-2.0992931	0.62241318
6	510	-326.49598	-328.28113	-332.44745	-1.7851508	4.166326
6	511	-247.09858	-249.89989	-253.1167	-2.8013131	3.2168066
6	512	-467.8382	-463.00307	-463.41073	4.8351312	0.40766065
6	513	-591.00494	-587.73947	-588.51362	3.2654702	0.77414629
6	514	-477.54203	-475.35717	-476.23694	2.1848655	0.87977403
6	515	-372.91977	-374.77815	-375.22987	-1.858379	0.45171414
6	516	-481.77079	-481.02387	-482.42445	0.74692595	1.4005784
6	517	-602.65982	-601.32709	-602.22004	1.3327291	0.89295555
6	518	-288.02217	-290.38623	-292.443	-2.3640601	2.0567739
6	519	-317.3385	-316.80939	-315.99832	0.52910853	-0.8110636
6	520	-359.13505	-357.75933	-359.33187	1.375718	1.5725368
6	521	-457.58451	-459.92867	-459.29091	-2.3441533	-0.6377525
6	522	-439.17957	-439.12634	-438.4888	0.053235327	-0.63753986
6	523	-525.62222	-528.3329	-524.15438	-2.7106786	-4.1785153
6	524	-290.02693	-289.52188	-291.93496	0.50504137	2.4130713
6	525	-469.54457	-470.08927	-470.35931	-0.54470412	0.27004318
6	526	-395.44994	-398.13744	-397.7906	-2.6875037	-0.34684467
6	527	-445.62405	-445.17062	-448.59855	0.45343627	3.4279321
6	528	-319.3178	-320.64037	-322.34711	-1.3225656	1.7067425
6	529	-669.26824	-670.71666	-666.44233	-1.4484174	-4.2743283
6	530	-658.45846	-654.2247	-652.44027	4.2337599	-1.7844277
6	531	-276.02422	-279.28492	-281.09937	-3.2607015	1.8144426
6	532	-420.88847	-420.08108	-418.57975	0.8073941	-1.5013273
6	533	-516.23239	-517.40995	-517.57811	-1.1775645	0.16815149
6	534	-577.29097	-562.39616	-570.00195	14.894804	7.6057832
6	535	-282.1488	-284.04293	-284.32956	-1.8941377	0.28662211
6	536	-321.50647	-321.03969	-322.12275	0.46678002	1.0830546
6	537	-259.87763	-261.86671	-263.54547	-1.9890821	1.678754
6	538	-487.21504	-493.49117	-492.94307	-6.276122	-0.54809992
6	539	-425.84938	-425.41887	-425.17475	0.43051071	-0.24412367
6	540	-451.86158	-451.23005	-452.5414	0.63153165	1.3113447
6	541	-507.06894	-510.68121	-513.13194	-3.6122744	2.4507268
6	542	-318.58129	-320.45534	-321.50007	-1.8740445	1.0447314
6	543	-254.31933	-257.2099	-259.75553	-2.8905782	2.545625
6	544	-340.76698	-338.43136	-341.46982	2.3356206	3.0384606
6	545	-442.4607	-443.34681	-443.85255	-0.88611025	0.50574406
6	546	-501.87217	-501.74167	-499.8433	0.13049187	-1.8983742
6	547	-410.12509	-410.93565	-411.66194	-0.81055636	0.72628691
6	548	-348.39468	-348.52932	-348.76927	-0.13464337	0.23995332
6	549	-337.52624	-344.15919	-343.92888	-6.6329444	-0.23030781
6	550	-523.0969	-524.9343	-526.10699	-1.8373949	1.1726937
6	551	-389.77046	-391.80376	-391.34085	-2.0332952	-0.46291125
6	552	-378.02862	-376.94396	-379.41136	1.0846643	2.4674072
6	553	-332.56788	-333.51018	-336.32901	-0.94229578	2.8188344
6	554	-338.76541	-340.07412	-338.56682	-1.308707	-1.507303
6	555	-416.49379	-415.5823	-417.32615	0.91149726	1.7438504
6	556	-450.53116	-450.59728	-447.31756	-0.066128055	-3.2797283
6	557	-403.36463	-405.03704	-405.78331	-1.6724059	0.74627739
6	558	-407.96634	-408.03453	-407.50187	-0.068188133	-0.53266029
6	559	-569.15874	-570.27681	-567.37934	-1.11807	-2.8974705
6	560	-428.58848	-432.06414	-429.79164	-3.4756566	-2.2724968
6	561	-283.13567	-285.46463	-286.73338	-2.3289516	1.26875
6	562	-467.32635	-468.67843	-469.85696	-1.3520797	1.1785283
6	563	-625.28001	-625.23139	-625.36932	0.048616468	0.13792609
6	564	-668.49922	-664.72137	-657.2515	3.7778482	-7.4698646
6	565	-300.58609	-302.05964	-302.63207	-1.4735461	0.57242552
6	566	-509.7757	-507.09587	-508.1692	2.6798364	1.073333
6	567	-393.35274	-391.14947	-392.28995	2.2032768	1.1404825
6	568	-305.32608	-307.07681	-307.73903	-1.7507268	0.66222116
6	569	-426.45119	-427.1183	-427.03645	-0.66710604	-0.081843833
6	570	-409.09104	-411.71647	-410.94555	-2.6254259	-0.77091596
6	571	-382.01406	-381.57585	-381.6185	0.43820552	0.04264808
6	572	-514.59597	-513.23985	-515.43775	1.3561165	2.1978977
6	573	-363.79306	-361.56759	-364.66942	2.2254696	3.1018339
6	574	-343.54789	-345.71363	-347.13905	-2.1657464	1.4254229
6	575	-322.86142	-328.5423	-327.43342	-5.6808805	-1.1088794
6	576	-358.73171	-354.07699	-353.10681	4.6547203	-0.97018486
6	577	-326.39253	-325.62532	-325.38214	0.7672192	-0.24317764
6	578	-423.22529	-421.25489	-420.0404	1.9704024	-1.2144879
6	579	-546.58287	-547.21532	-549.14802	-0.63245409	1.9326932
6	580	-344.38064	-342.1932	-344.53624	2.1874326	2.3430331
6	581	-486.0944	-481.85559	-480.64137	4.2388088	-1.2142218
6	582	-300.96198	-304.57812	-306.78694	-3.6161396	2.208818
6	583	-394.01624	-396.13268	-395.64135	-2.1164402	-0.49132626
6	584	-311.51542	-311.44818	-313.68146	0.067243498	2.2332775
6	585	-335.95491	-337.83182	-341.21458	-1.8769051	3.3827615
6	586	-303.64014	-303.28637	-307.92513	0.35377209	4.6387586
6	587	-572.67402	-574.26527	-573.12997	-1.5912516	-1.1352928
6	588	-505.39076	-498.93836	-498.50083	6.4523982	-0.4375275
6	589	-394.24869	-396.5405	-397.60511	-2.2918069	1.0646096
6	590	-537.72094	-533.88366	-534.24105	3.8372743	0.35738879
6	591	-380.25795	-378.92095	-382.13873	1.3369948	3.217777
6	592	-260.52816	-260.17513	-264.59572	0.35302497	4.4205877
6	593	-433.18901	-433.77734	-434.9508	-0.58832317	1.1734637
6	594	-246.94831	-248.23185	-252.34128	-1.2835469	4.109423
6	595	-501.73029	-504.75397	-499.99676	-3.0236807	-4.7572149
6	596	-375.41087	-375.48003	-374.01711	-0.069160626	-1.4629191
6	597	-466.77296	-466.56859	-467.71717	0.20436455	1.1485761
6	598	-243.11393	-243.97372	-246.31881	-0.85979618	2.3450862
6	599	-529.48198	-531.59408	-531.56678	-2.1120981	-0.027298295
6	600	-692.52235	-691.08852	-690.76328	1.4338297	-0.32524106
6	601	-477.14025	-475.21335	-473.88195	1.9269043	-1.3314009
6	602	-433.80482	-428.61591	-431.28607	5.1889133	2.6701662
6	603	-517.19479	-519.96397	-519.2481	-2.7691814	-0.71586895
6	604	-339.28641	-341.63064	-341.62576	-2.3442324	-0.0048823185
6	605	-434.53924	-434.17585	-432.07204	0.3633812	-2.1038174
6	606	-306.07594	-308.32063	-309.14244	-2.2446936	0.82180708
6	607	-288.77669	-290.30048	-293.32084	-1.5237835	3.0203605
6	608	-627.22821	-623.99654	-621.76881	3.2316662	-2.2277337
6	609	-313.99633	-311.39369	-316.06012	2.6026378	4.6664285
6	610	-435.41017	-433.005	-429.96168	2.4051767	-3.0433204
6	611	-366.47413	-364.77253	-368.06463	1.7015969	3.2921
6	612	-391.9392	-393.49294	-394.05971	-1.5537419	0.5667653
6	613	-340.60328	-339.39167	-341.86535	1.2116162	2.4736881
6	614	-212.35583	-215.6717	-217.94282	-3.3158647	2.2711205
6	615	-365.72718	-366.89281	-366.90099	-1.1656248	0.0081841103
6	616	-355.37006	-358.60448	-360.91121	-3.2344204	2.3067317
6	617	-276.62385	-277.66356	-279.13245	-1.0397068	1.4688882
6	618	-252.136	-255.1828	-258.83175	-3.0467992	3.6489498
6	619	-517.80091	-515.4514	-514.8022	2.3495095	-0.64919108
6	620	-343.08141	-346.71468	-345.95666	-3.6332759	-0.75802115
6	621	-347.05096	-350.92466	-351.92833	-3.8737	1.0036728
6	622	-430.78846	-434.16773	-434.92697	-3.3792652	0.75923806
6	623	-496.25805	-498.42779	-498.80819	-2.1697376	0.38039986
6	624	-520.58581	-526.88453	-515.90757	-6.2987264	-10.976962
6	625	-300.17377	-301.52164	-305.19127	-1.347862	3.6696361
6	626	-360.63992	-363.14088	-365.18873	-2.5009604	2.0478454
6	627	-431.80294	-432.0676	-433.07182	-0.26466324	1.0042125
6	628	-505.74915	-505.30723	-502.0796	0.44192024	-3.2276323
6	629	-414.28343	-419.92124	-418.77047	-5.6378157	-1.1507698
6	630	-446.28853	-445.57211	-448.82525	0.71642133	3.2531399
6	631	-391.24946	-392.01322	-387.54186	-0.76375809	-4.4713521
6	632	-527.65456	-531.52455	-526.50071	-3.8699858	-5.0238351
6	633	-340.84677	-342.29635	-344.41256	-1.4495769	2.1162175
6	634	-402.41376	-405.05358	-402.67612	-2.6398169	-2.3774605
6	635	-406.29876	-403.87802	-401.77713	2.420734	-2.1008959
6	636	-445.46663	-444.23631	-442.64524	1.2303156	-1.5910761
6	637	-324.1216	-325.62503	-326.43437	-1.5034328	0.80933809
6	638	-283.01417	-285.25421	-286.47711	-2.240037	1.2228975
6	639	-356.9793	-359.14569	-360.81958	-2.1663905	1.6738909
6	640	-519.90933	-521.65897	-517.71938	-1.7496473	-3.9395925
6	641	-435.52378	-437.71214	-439.56016	-2.1883613	1.8480131
6	642	-410.85005	-408.23128	-407.81525	2.6187708	-0.41602532
6	643	-770.28414	-768.56719	-766.14409	1.7169501	-2.4230962
6	644	-346.9321	-349.34101	-351.18291	-2.4089044	1.8419059
6	645	-522.95503	-535.08909	-522.98266	-12.134064	-12.106434
6	646	-319.19349	-316.2614	-319.56738	2.9320889	3.3059794
6	647	-528.14486	-526.35531	-527.2772	1.7895519	0.92188937
6	648	-556.53039	-556.15817	-555.83481	0.37221893	-0.32335216
6	649	-301.28564	-302.47609	-303.6081	-1.1904453	1.1320115
6	650	-329.99771	-332.2517	-333.85222	-2.2539863	1.6005214
6	651	-455.73851	-457.0803	-456.44881	-1.341787	-0.63148983
6	652	-246.71591	-248.4286	-250.57677	-1.7126871	2.1481702
6	653	-410.20774	-412.93284	-408.79858	-2.7251019	-4.1342603
6	654	-447.24302	-448.68451	-449.58525	-1.4414866	0.90074664
6	655	-254.19649	-256.10234	-258.97624	-1.9058528	2.8738931
6	656	-347.74267	-349.40892	-351.35853	-1.6662457	1.9496154
6	657	-422.5879	-422.75129	-425.46872	-0.16338527	2.7174324
6	658	-336.15443	-336.2236	-339.06531	-0.069175863	2.8417118
6	659	-466.5278	-467.54059	-468.19447	-1.0127809	0.65388143
6	660	-477.06293	-477.00197	-473.56907	0.060964946	-3.4329004
6	661	-357.21404	-349.95347	-349.07154	7.2605768	-0.8819256
6	662	-503.90051	-502.71485	-499.22202	1.1856606	-3.4928255
6	663	-601.44374	-601.63381	-604.38508	-0.19006282	2.7512709
6	664	-318.42703	-320.40343	-321.78996	-1.9763998	1.3865322
6	665	-514.33233	-514.6228	-516.23223	-0.29046418	1.6094364
6	666	-389.6227	-390.35751	-392.96767	-0.73481622	2.6101584
6	667	-452.33679	-453.12906	-453.18923	-0.79227599	0.060163472
6	668	-448.46915	-449.65154	-450.62441	-1.182397	0.97286914
6	669	-315.40429	-317.57679	-319.60422	-2.1725024	2.0274243
6	670	-316.54007	-319.267	-321.4163	-2.7269294	2.1492968
6	671	-335.30771	-336.92817	-335.36739	-1.6204594	-1.5607769
6	672	-456.29578	-463.67117	-467.75687	-7.375388	4.0856979
6	673	-518.65304	-517.26764	-518.79823	1.3854052	1.5305878
6	674	-561.86615	-564.2165	-560.18776	-2.3503514	-4.0287464
6	675	-349.64881	-346.97042	-350.75258	2.6783906	3.7821626
6	676	-374.09789	-373.28839	-371.64117	0.80949934	-1.6472155
6	677	-287.92142	-289.13809	-291.59438	-1.2166658	2.4562859
6	678	-316.78383	-314.83162	-316.21853	1.9522112	1.3869059
6	679	-403.70162	-405.05343	-405.32407	-1.3518109	0.27064145
6	680	-283.00098	-282.23384	-284.09487	0.7671412	1.8610254
6	681	-410.47571	-402.07964	-406.49173	8.3960693	4.4120894
6	682	-411.98344	-401.36509	-404.40827	10.618348	3.0431863
6	683	-457.91079	-459.81408	-459.9543	-1.9032837	0.14022016
6	684	-457.98357	-456.79611	-457.88457	1.1874559	1.088456
6	685	-445.10154	-445.98817	-441.90982	-0.88663259	-4.0783496
6	686	-289.62995	-293.76287	-288.58367	-4.1329228	-5.1792006
6	687	-504.91012	-506.06505	-490.64835	-1.1549282	-15.416696
6	688	-212.78722	-216.04083	-217.89039	-3.253617	1.8495529
6	689	-256.71105	-258.98144	-261.2756	-2.2703861	2.2941598
6	690	-379.72964	-376.81751	-382.2628	2.9121251	5.4452911
6	691	-396.06936	-399.85237	-394.98204	-3.7830077	-4.8703264
6	692	-398.37841	-389.70892	-389.17264	8.6694905	-0.53628045
6	693	-587.51116	-587.77634	-584.55983	-0.26518694	-3.2165114
6	694	-277.02379	-279.58159	-280.79989	-2.557807	1.2183003
6	695	-233.62842	-237.16021	-239.07232	-3.5317905	1.912108
6	696	-666.35144	-666.18366	-666.58446	0.1677834	0.40079939
6	697	-477.47802	-479.44825	-478.16319	-1.9702324	-1.2850616
6	698	-561.9001	-560.95759	-562.01146	0.94251496	1.0538706
6	699	-427.86338	-422.93783	-425.36278	4.9255482	2.4249541
6	700	-385.1186	-387.24539	-385.21483	-2.1267876	-2.0305641
6	701	-403.70955	-405.52699	-406.87736	-1.8174366	1.3503765
6	702	-383.71763	-382.21074	-382.94889	1.5068897	0.73814213
6	703	-545.26901	-541.69667	-537.84561	3.5723421	-3.851059
6	704	-367.30391	-365.65933	-368.58604	1.6445857	2.9267081
6	705	-412.57827	-409.62469	-411.14559	2.9535841	1.5209026
6	706	-516.29904	-521.15948	-521.97113	-4.8604417	0.8116498
6	707	-372.83094	-375.84347	-376.0756	-3.0125302	0.2321361
6	708	-314.42305	-313.3912	-313.6377	1.0318489	0.24650126
6	709	-402.8656	-404.09061	-405.93576	-1.2250113	1.8451423
6	710	-408.2064	-404.93023	-407.29743	3.2761769	2.3672015
6	711	-414.84499	-416.354	-417.57621	-1.509013	1.2222065
6	712	-540.37368	-538.02053	-529.3695	2.3531464	-8.6510336
6	713	-525.08552	-523.37861	-522.54128	1.7069029	-0.83733334
6	714	-431.135	-433.06162	-432.47357	-1.9266191	-0.58804538
6	715	-471.6916	-473.01994	-476.87108	-1.3283416	3.8511441
6	716	-554.48421	-556.02865	-555.43659	-1.5444383	-0.59206647
6	717	-695.10721	-684.72229	-679.00696	10.384917	-5.7153331
6	718	-387.5885	-386.19934	-386.00576	1.3891649	-0.19357236
6	719	-447.47528	-447.02401	-449.43238	0.45127603	2.4083738
6	720	-371.99993	-368.36568	-361.89804	3.6342461	-6.4676451
6	721	-415.94603	-416.11062	-417.06762	-0.1645945	0.9570012
6	722	-393.16306	-393.29407	-394.82598	-0.13100706	1.5319116
6	723	-258.27227	-264.13122	-265.05243	-5.8589539	0.92121132
6	724	-338.41768	-339.32391	-339.37494	-0.90622362	0.051029374
6	725	-297.258	-300.50851	-300.89157	-3.2505101	0.38305709
6	726	-321.84476	-325.7156	-325.2814	-3.8708433	-0.4342018
6	727	-409.17257	-410.09749	-413.15922	-0.92492324	3.0617295
6	728	-375.29666	-374.80391	-373.13013	0.49275335	-1.6737738
6	729	-492.75263	-492.48619	-490.36637	0.26644336	-2.1198214
6	730	-353.20914	-359.90938	-359.11682	-6.700237	-0.79255638
6	731	-552.08109	-549.77778	-550.68934	2.3033048	0.91155325
6	732	-542.11769	-547.67761	-541.26899	-5.5599124	-6.4086219
6	733	-299.26057	-300.53358	-304.12366	-1.2730115	3.59008
6	734	-372.28983	-375.41892	-376.03149	-3.1290912	0.61256762
6	735	-271.31612	-273.79314	-274.27248	-2.4770195	0.47934315
6	736	-293.69049	-295.81067	-295.87617	-2.1201817	0.065498984
6	737	-361.08977	-358.08044	-360.64718	3.0093261	2.5667362
6	738	-423.73214	-427.84723	-428.88996	-4.1150953	1.042733
6	739	-340.522	-340.96957	-343.94663	-0.44757749	2.9770543
6	740	-373.39433	-375.74912	-376.34393	-2.3547975	0.59480767
6	741	-451.68114	-449.68558	-451.84855	1.9955629	2.1629733
6	742	-615.10142	-609.26373	-607.80766	5.8376819	-1.4560704
6	743	-357.56984	-354.27984	-356.78152	3.2900054	2.5016802
6	744	-437.72019	-436.43753	-437.32894	1.2826628	0.8914187
6	745	-438.80925	-441.48377	-440.99706	-2.6745184	-0.4867142
6	746	-579.98783	-579.78387	-580.59673	0.20396041	0.81286449
6	747	-382.52618	-383.89556	-383.88551	-1.3693741	-0.010053306
6	748	-365.74903	-366.97142	-366.84638	-1.2223935	-0.12504291
6	749	-391.63388	-386.05651	-391.04295	5.5773727	4.9864436
6	750	-551.51854	-546.13801	-545.51627	5.3805344	-0.62173396
6	751	-421.53893	-420.56385	-422.95499	0.97508538	2.3911414
6	752	-416.82602	-419.99727	-419.09888	-3.171254	-0.89839368
6	753	-400.9984	-399.05381	-400.29964	1.9445851	1.245826
6	754	-333.52483	-333.27433	-333.35974	0.25050396	0.085415968
6	755	-414.93913	-416.40888	-417.03308	-1.4697461	0.62420395
6	756	-385.24037	-385.329	-386.99077	-0.088632948	1.6617688
6	757	-425.76623	-427.8011	-428.96952	-2.0348637	1.1684261
6	758	-296.2281	-294.73869	-297.9372	1.4894088	3.198511
6	759	-498.3752	-500.41805	-498.83169	-2.0428449	-1.5863615
6	760	-459.48773	-459.97842	-459.21091	-0.49069917	-0.76751216
6	761	-326.93136	-327.80338	-330.68852	-0.8720236	2.8851414
6	762	-310.23182	-310.73222	-313.74646	-0.50039856	3.0142407
6	763	-230.3239	-233.87973	-233.7833	-3.5558352	-0.096429969
6	764	-362.14961	-364.38146	-365.37041	-2.2318464	0.98895308
6	765	-415.92862	-415.8529	-417.37286	0.075718471	1.519966
6	766	-313.91645	-314.56539	-317.20537	-0.64893993	2.639988
6	767	-308.11865	-311.54558	-311.69134	-3.4269329	0.14576635
6	768	-536.72072	-535.78274	-539.10947	0.93797332	3.3267267
6	769	-481.08518	-481.37728	-483.86381	-0.29210355	2.4865274
6	770	-430.15013	-432.45591	-435.9036	-2.3057756	3.4476941
6	771	-379.67622	-372.166	-375.1083	7.5102204	2.9423027
6	772	-257.76956	-259.06177	-261.19124	-1.2922113	2.1294676
6	773	-375.57976	-375.44105	-375.01035	0.13870907	-0.4307066
6	774	-422.13236	-424.41867	-422.3019	-2.2863118	-2.1167641
6	775	-439.86966	-439.77626	-439.96457	0.093390951	0.18830246
6	776	-248.75101	-254.7326	-253.7874	-5.9815856	-0.94519784
6	777	-283.12878	-285.87216	-289.24577	-2.7433738	3.3736138
6	778	-352.47474	-354.18963	-352.22171	-1.7148876	-1.9679144
6	779	-352.16451	-354.7981	-358.34582	-2.6335957	3.5477117
6	780	-415.13129	-416.21957	-417.62259	-1.088284	1.4030139
6	781	-248.90153	-249.05596	-250.1344	-0.15443607	1.0784354
6	782	-534.56818	-532.5231	-528.10428	2.0450805	-4.4188129
6	783	-429.80909	-426.53404	-429.80156	3.2750512	3.2675235
6	784	-487.94938	-485.72713	-485.75316	2.2222472	0.026028258
6	785	-298.51908	-289.19063	-293.27035	9.3284528	4.0797192
6	786	-464.76765	-463.75889	-466.10147	1.0087592	2.3425784
6	787	-283.04966	-286.60517	-287.65758	-3.5555146	1.0524116
6	788	-515.04622	-515.80491	-511.59854	-0.75869122	-4.2063682
6	789	-411.60349	-411.68344	-412.41386	-0.079942071	0.73042118
6	790	-532.80537	-532.72146	-533.43775	0.083908036	0.71628472
6	791	-339.48964	-340.7093	-342.58112	-1.2196589	1.8718271
6	792	-614.28341	-618.14375	-611.87613	-3.8603477	-6.2676203
6	793	-250.52232	-253.2849	-253.66496	-2.762575	0.38006023
6	794	-319.99753	-322.25418	-321.91669	-2.2566556	-0.3374881
6	795	-352.08705	-353.28264	-353.45908	-1.1955914	0.17643662
6	796	-226.01744	-229.88155	-232.93904	-3.8641108	3.0574884
6	797	-450.84386	-453.5612	-452.40295	-2.7173443	-1.1582489
6	798	-491.05117	-493.26802	-490.20965	-2.21685	-3.0583679
6	799	-406.26191	-399.97148	-399.92106	6.2904227	-0.050427406
6	800	-298.3721	-295.86777	-305.17868	2.5043275	9.3109074
6	801	-436.4994	-430.43947	-433.33741	6.0599325	2.8979446
6	802	-436.82011	-437.89932	-436.96357	-1.0792065	-0.93574583
6	803	-355.02205	-356.77585	-356.23101	-1.7537974	-0.54483355
6	804	-471.82662	-470.32608	-470.67305	1.5005397	0.34696488
6	805	-393.24241	-394.07596	-394.61352	-0.83355274	0.53756217
6	806	-396.68122	-394.64696	-395.48937	2.0342597	0.84240625
6	807	-657.10185	-656.05625	-656.98514	1.0455937	0.92889049
6	808	-418.47482	-412.50333	-400.56987	5.9714832	-11.93346
6	809	-282.94139	-283.93803	-285.84129	-0.99663545	1.9032654
6	810	-445.64433	-440.12375	-442.67097	5.5205808	2.5472209
6	811	-389.97924	-389.93236	-389.49489	0.046880838	-0.43746733
6	812	-303.88835	-307.00858	-308.43797	-3.1202282	1.4293931
6	813	-373.40365	-369.45237	-376.09155	3.951274	6.6391743
6	814	-467.55514	-462.59853	-460.70621	4.9566164	-1.8923144
6	815	-603.57347	-603.43532	-604.13878	0.13815269	0.70345635
6	816	-443.70053	-437.02677	-437.95208	6.6737594	0.92531443
6	817	-421.49135	-421.5312	-423.65301	-0.039843154	2.1218151
6	818	-622.56416	-625.07366	-619.63667	-2.5095064	-5.4369935
6	819	-505.51987	-507.52091	-506.13363	-2.0010441	-1.3872886
6	820	-442.0979	-443.79942	-444.06615	-1.7015194	0.26672706
6	821	-265.4602	-265.75143	-268.29258	-0.29123261	2.5411508
6	822	-376.87777	-378.39725	-377.31294	-1.5194824	-1.084308
6	823	-467.98361	-469.31508	-466.13364	-1.3314684	-3.1814427
6	824	-504.87752	-502.91157	-500.35165	1.9659509	-2.5599194
6	825	-457.91669	-458.08041	-459.38931	-0.16371503	1.3089073
6	826	-381.27327	-383.38215	-384.67544	-2.1088716	1.2932974
6	827	-553.12046	-554.69004	-552.97977	-1.569589	-1.7102726
6	828	-450.76131	-449.73579	-447.48261	1.0255208	-2.2531803
6	829	-396.15836	-397.02265	-396.71762	-0.86428824	-0.30503041
6	830	-439.43971	-440.27912	-440.31251	-0.83941001	0.033392141
6	831	-431.52759	-428.53737	-423.89917	2.9902143	-4.6382042
6	832	-433.96777	-434.04076	-433.11508	-0.072992372	-0.92568
6	833	-589.91401	-600.30123	-590.60772	-10.387222	-9.6935111
6	834	-339.92326	-342.77638	-343.74397	-2.8531265	0.96758065
6	835	-538.59717	-541.73886	-538.27615	-3.1416926	-3.4627104
6	836	-262.77562	-264.30662	-266.03667	-1.5310031	1.7300504
6	837	-201.26314	-203.84089	-204.54295	-2.5777463	0.70206131
6	838	-595.45945	-596.95687	-593.8358	-1.4974248	-3.1210726
6	839	-385.23237	-388.25385	-387.71224	-3.0214851	-0.54160904
6	840	-445.26044	-446.39876	-445.87706	-1.1383169	-0.52170368
6	841	-287.24084	-289.80128	-293.43723	-2.5604358	3.6359514
6	842	-425.27696	-427.70523	-427.20189	-2.4282732	-0.50333675
6	843	-391.56152	-393.98347	-393.82605	-2.421952	-0.15742356
6	844	-400.30157	-403.91694	-404.03976	-3.6153748	0.12281757
6	845	-323.90253	-320.05834	-327.89712	3.8441973	7.8387848
6	846	-476.43035	-477.52886	-474.58665	-1.0985073	-2.942209
6	847	-436.82795	-436.9284	-434.56447	-0.10044722	-2.3639206
6	848	-501.94103	-503.08193	-503.31052	-1.1408957	0.22859589
6	849	-322.10841	-320.2313	-324.60513	1.8771148	4.3738303
6	850	-445.06558	-443.63346	-444.36015	1.432127	0.72669403
6	851	-509.55808	-506.00634	-504.66734	3.5517451	-1.3389954
6	852	-368.60693	-366.87946	-371.38208	1.7274656	4.5026179
6	853	-450.65178	-451.71098	-452.95799	-1.0591939	1.2470159
6	854	-464.90538	-466.21785	-464.91805	-1.3124647	-1.299801
6	855	-390.98026	-391.9156	-395.79281	-0.93534126	3.8772063
6	856	-285.97526	-291.22654	-292.18313	-5.2512828	0.95659231
6	857	-534.01335	-533.7115	-534.02662	0.3018509	0.31511784
6	858	-268.27096	-269.34937	-271.67992	-1.0784164	2.330543
6	859	-382.60164	-381.85666	-382.48917	0.7449851	0.63251335
6	860	-527.39067	-534.15337	-533.93101	-6.7626991	-0.22235698
6	861	-326.07418	-326.45421	-327.69715	-0.38002656	1.242943
6	862	-373.71835	-371.93639	-374.52732	1.7819594	2.5909311
6	863	-410.39364	-410.05372	-413.2315	0.33991528	3.1777793
6	864	-465.82738	-459.20094	-461.88663	6.6264439	2.685693
6	865	-317.49656	-319.31596	-320.84362	-1.819393	1.5276609
6	866	-476.46824	-476.65012	-477.9892	-0.18188301	1.3390789
6	867	-357.51217	-359.04441	-358.70567	-1.5322417	-0.33874488
6	868	-401.61643	-401.20743	-399.12204	0.40900025	-2.0853908
6	869	-249.59964	-251.72677	-253.4648	-2.1271368	1.7380236
6	870	-465.50893	-466.26182	-467.48572	-0.75288891	1.2238958
6	871	-413.89826	-411.73807	-415.48114	2.1601859	3.7430688
6	872	-318.26445	-312.52973	-315.42058	5.7347221	2.8908445
6	873	-545.5981	-547.51782	-548.84838	-1.919717	1.3305624
6	874	-452.13927	-451.05428	-451.91796	1.0849985	0.86368269
6	875	-429.90205	-431.47633	-428.0738	-1.5742782	-3.4025306
6	876	-367.99837	-370.24115	-367.02309	-2.2427799	-3.2180604
6	877	-309.97912	-316.68041	-313.66314	-6.7012985	-3.0172712
6	878	-491.44904	-487.38919	-491.08021	4.0598543	3.6910236
6	879	-355.36418	-355.66698	-355.64453	-0.30279254	-0.022441683
6	880	-488.78562	-489.6479	-490.3136	-0.86228376	0.66569203
6	881	-405.75584	-407.50362	-407.47994	-1.7477852	-0.023683198
6	882	-278.71462	-279.3067	-281.03874	-0.59208854	1.7320379
6	883	-301.32465	-302.27608	-303.3625	-0.95143314	1.0864127
6	884	-574.59163	-562.01595	-546.91025	12.575675	-15.105699
6	885	-384.45704	-379.15595	-372.82327	5.3010932	-6.3326731
6	886	-330.3892	-330.288	-331.00676	0.10120537	0.71876362
6	887	-450.32446	-448.56547	-450.4641	1.7589963	1.8986337
6	888	-601.11428	-600.2384	-601.81072	0.87587913	1.5723154
6	889	-275.38101	-277.3733	-279.1119	-1.9922949	1.7385972
6	890	-464.51941	-462.63229	-461.86332	1.8871269	-0.76896267
6	891	-326.84851	-325.09103	-327.88447	1.7574773	2.7934353
6	892	-356.97622	-358.80526	-358.09878	-1.82904	-0.70648426
6	893	-534.00995	-535.48686	-520.81488	-1.4769081	-14.671977
6	894	-341.54408	-339.68486	-340.90154	1.8592189	1.2166748
6	895	-233.5405	-234.18786	-236.8558	-0.64735936	2.6679335
6	896	-413.21623	-415.98347	-416.53633	-2.7672377	0.55286082
6	897	-444.29506	-447.51892	-441.55706	-3.2238573	-5.9618562
6	898	-400.32885	-400.36278	-403.11417	-0.033924999	2.7513912
6	899	-541.77573	-538.48864	-538.29413	3.2870908	-0.19450814
6	900	-545.95312	-548.07792	-549.21527	-2.1247987	1.1373512
6	901	-464.14802	-462.41744	-464.36231	1.7305833	1.9448699
6	902	-309.03617	-311.93373	-312.68683	-2.8975666	0.75309274
6	903	-319.32032	-321.73564	-322.36318	-2.4153191	0.62753744
6	904	-352.6399	-353.05695	-353.1888	-0.41705077	0.13184644
6	905	-540.46189	-537.00054	-537.3457	3.4613493	0.34515855
6	906	-350.52278	-351.2856	-354.35617	-0.76281676	3.070568
6	907	-545.47171	-547.47093	-544.15291	-1.9992171	-3.3180155
6	908	-337.67398	-336.48023	-336.84757	1.1937494	0.36733537
6	909	-458.42511	-458.6732	-459.41242	-0.24808915	0.73921733
6	910	-336.13103	-339.07453	-343.78502	-2.9435042	4.710486
6	911	-248.46157	-247.2122	-250.78111	1.2493656	3.5689078
6	912	-401.37478	-399.86505	-401.81198	1.5097297	1.9469279
6	913	-473.83433	-475.79688	-473.98775	-1.9625521	-1.8091298
6	914	-310.5416	-312.44986	-313.64943	-1.9082519	1.199578
6	915	-430.28227	-431.87031	-430.43733	-1.588037	-1.4329785
6	916	-414.93584	-412.15893	-413.36206	2.7769087	1.2031324
6	917	-367.67702	-372.42211	-372.84987	-4.7450919	0.4277605
6	918	-393.78947	-396.63529	-396.34545	-2.8458197	-0.28983723
6	919	-320.02659	-323.04628	-323.24972	-3.0196922	0.20343754
6	920	-318.70742	-321.55773	-323.93944	-2.8503107	2.3817055
6	921	-527.12694	-528.72066	-528.15617	-1.5937177	-0.56448731
6	922	-280.14013	-282.02271	-282.56419	-1.8825797	0.54147557
6	923	-440.48637	-441.06189	-442.51109	-0.57551925	1.4492031
6	924	-399.2184	-399.03606	-399.24496	0.18234302	0.20890249
6	925	-463.81957	-463.75495	-461.93674	0.06462091	-1.8182158
6	926	-631.98412	-632.91712	-628.83146	-0.93300171	-4.0856625
6	927	-389.95382	-390.45084	-390.10054	-0.49702147	-0.35029648
6	928	-504.67712	-511.00305	-510.26162	-6.3259323	-0.74142493
6	929	-486.95473	-487.01216	-487.68522	-0.057424174	0.6730576
6	930	-212.8272	-215.45663	-216.62987	-2.6294268	1.1732394
6	931	-432.70055	-434.5164	-431.63008	-1.815853	-2.8863277
6	932	-528.77602	-519.67243	-583.94236	9.1035847	64.269923
6	933	-556.21795	-552.32811	-542.05177	3.8898351	-10.276345
6	934	-431.72977	-431.64851	-433.9886	0.08126465	2.3400861
6	935	-484.5149	-484.97795	-482.8305	-0.4630516	-2.1474528
6	936	-409.37039	-411.27608	-412.42052	-1.9056879	1.1444406
6	937	-432.18194	-433.21673	-433.44215	-1.0347902	0.22542613
6	938	-299.39294	-301.78904	-299.0337	-2.3960932	-2.7553322
6	939	-413.89892	-412.56441	-412.99112	1.3345119	0.42671413
6	940	-360.57276	-364.63928	-363.74386	-4.0665227	-0.89542402
6	941	-385.82641	-386.68525	-385.54215	-0.85883685	-1.143094
6	942	-438.64779	-441.74513	-444.08116	-3.097341	2.3360277
6	943	-619.90592	-619.44054	-617.17891	0.46538144	-2.2616231
6	944	-361.09321	-362.12725	-364.41314	-1.0340455	2.2858892
6	945	-410.40399	-411.34934	-410.17051	-0.94534893	-1.1788336
6	946	-394.10718	-390.42931	-391.73319	3.6778627	1.3038764
6	947	-391.23103	-391.05271	-394.14941	0.17831998	3.0967054
6	948	-390.67812	-391.46369	-392.85362	-0.78557481	1.3899283
6	949	-266.37149	-270.63093	-271.02317	-4.2594378	0.39224676
6	950	-342.92385	-343.18801	-344.77272	-0.26415899	1.5847087
6	951	-320.06693	-321.35873	-320.57603	-1.2918022	-0.7826946
6	952	-397.81099	-397.38102	-398.20136	0.42997034	0.82034387
6	953	-317.24128	-316.12433	-315.83584	1.1169473	-0.28848612
6	954	-346.56942	-351.09595	-351.10986	-4.5265236	0.013915211
6	955	-335.36458	-334.43424	-335.7034	0.93034441	1.2691644
6	956	-598.13483	-596.0767	-597.60316	2.0581304	1.5264586
6	957	-336.33431	-339.60634	-340.90685	-3.272027	1.3005055
6	958	-377.45151	-379.25552	-378.72058	-1.8040135	-0.53493972
6	959	-482.94025	-479.92875	-482.12515	3.0115017	2.1964096
6	960	-453.21962	-451.06581	-448.62623	2.1538075	-2.4395849
6	961	-461.56129	-462.77417	-460.18956	-1.2128792	-2.5846099
6	962	-230.53927	-232.8098	-234.68615	-2.2705335	1.8763495
6	963	-432.25691	-434.26804	-434.34951	-2.0111309	0.081475131
6	964	-325.45085	-329.19616	-329.58796	-3.7453046	0.39180381
6	965	-374.94227	-378.2258	-379.06836	-3.283531	0.84255965
6	966	-461.90679	-458.42626	-459.70472	3.4805372	1.2784668
6	967	-494.77206	-501.07528	-500.46392	-6.3032294	-0.61136348
6	968	-347.3611	-348.21841	-348.44344	-0.85731157	0.22503567
6	969	-376.58672	-375.14133	-375.59725	1.4453936	0.45591702
6	970	-368.96287	-367.27118	-368.9292	1.69169	1.6580157
6	971	-278.80776	-275.57959	-278.90358	3.2281721	3.3239838
6	972	-563.79109	-564.78748	-561.96375	-0.99639086	-2.8237278
6	973	-337.56401	-337.26866	-340.33008	0.29535423	3.0614264
6	974	-563.48451	-562.76409	-560.07973	0.72041998	-2.6843596
6	975	-370.1638	-370.98802	-370.79457	-0.82422727	-0.19345672
6	976	-291.074	-294.15068	-294.73544	-3.0766799	0.58476309
6	977	-359.75705	-359.30516	-360.00704	0.4518947	0.70188584
6	978	-555.35091	-552.9349	-553.56533	2.4160086	0.63042517
6	979	-544.86898	-543.36536	-539.48329	1.5036212	-3.8820767
6	980	-347.57151	-345.48726	-349.76169	2.0842441	4.2744244
6	981	-265.79053	-267.1535	-268.65352	-1.362967	1.5000252
6	982	-396.42348	-396.93412	-398.99118	-0.51064444	2.0570561
6	983	-359.11695	-355.53253	-356.34393	3.5844167	0.81140232
6	984	-381.73853	-382.57343	-384.85182	-0.83489289	2.2783948
6	985	-304.94896	-304.01652	-305.74937	0.93243786	1.7328494
6	986	-394.86463	-396.6035	-396.88989	-1.7388689	0.28639226
6	987	-392.77581	-391.50641	-391.14316	1.2694003	-0.36325127
6	988	-358.82342	-360.253	-361.25063	-1.4295797	0.99763084
6	989	-364.2585	-361.42031	-361.4315	2.8381939	0.011190167
6	990	-391.86999	-393.32742	-392.5792	-1.4574315	-0.74822094
6	991	-514.80678	-513.51467	-514.80718	1.2921078	1.2925096
6	992	-372.3613	-372.26561	-370.8685	0.095683125	-1.3971122
6	993	-559.97391	-558.22453	-559.51406	1.7493806	1.2895335
6	994	-395.19526	-396.0088	-395.93337	-0.81354577	-0.075436064
6	995	-551.9681	-549.80274	-550.06437	2.1653574	0.26163524
6	996	-317.16267	-318.1832	-320.32132	-1.0205309	2.1381119
6	997	-311.40221	-314.19336	-317.5259	-2.7911502	3.3325344
6	998	-524.13872	-524.0452	-526.1842	0.093515028	2.1389998
6	999	-261.89728	-266.4742	-268.78977	-4.5769224	2.3155647
