No.	ID	loglik_Null_W	loglik_Acc_W	loglik_Full_W	logBF1	logBF2	optM
8	0	-641.69681	-620.51245	-623.46918	21.184362	2.9567348	1
8	1	-598.39715	-586.64961	-593.59261	11.747537	6.9429952	1
8	2	-795.78075	-777.21845	-781.92256	18.562303	4.7041073	1
8	3	-488.72871	-485.23214	-491.37898	3.4965696	6.1468404	1
8	4	-512.49896	-498.43863	-503.46125	14.060325	5.0226169	1
8	5	-778.2303	-760.17962	-764.24642	18.050689	4.0668093	1
8	6	-522.59477	-506.71029	-510.23396	15.88448	3.5236683	1
8	7	-570.48469	-555.44464	-563.00167	15.040054	7.5570321	1
8	8	-640.34499	-623.6081	-618.37865	16.736885	-5.2294514	2
8	9	-591.3053	-578.85419	-585.0391	12.451106	6.18491	1
8	10	-528.44626	-515.66791	-522.68052	12.778347	7.0126087	1
8	11	-647.21812	-637.42913	-634.65338	9.7889961	-2.7757488	2
8	12	-411.77426	-395.6308	-402.8005	16.143466	7.1697026	1
8	13	-518.73928	-498.19515	-505.61774	20.544133	7.4225921	1
8	14	-633.40737	-625.81434	-630.20924	7.5930369	4.3949004	1
8	15	-506.75544	-492.27307	-496.87962	14.48237	4.6065482	1
8	16	-466.48474	-452.31804	-460.41384	14.166696	8.095795	1
8	17	-752.34427	-746.69668	-743.29246	5.6475884	-3.404221	2
8	18	-798.04973	-777.23941	-782.0348	20.810325	4.7953972	1
8	19	-531.17619	-511.73237	-517.553	19.44382	5.820632	1
8	20	-671.73902	-653.75711	-660.90082	17.981907	7.1437074	1
8	21	-590.43695	-561.83636	-571.81055	28.600583	9.9741865	1
8	22	-511.16778	-501.25323	-508.45738	9.9145516	7.2041501	1
8	23	-736.62504	-720.73222	-720.80405	15.892818	0.071825922	1
8	24	-584.83378	-567.75733	-571.56468	17.076456	3.8073471	1
8	25	-642.08648	-631.61549	-638.77648	10.470984	7.160986	1
8	26	-433.40894	-410.01319	-418.87811	23.395751	8.8649194	1
8	27	-477.74483	-463.5586	-463.45545	14.186231	-0.10314868	2
8	28	-693.12263	-681.35646	-679.06472	11.766177	-2.291733	2
8	29	-656.65601	-639.30776	-644.07405	17.348243	4.7662908	1
8	30	-687.62328	-683.409	-683.4452	4.2142782	0.036198893	1
8	31	-421.99097	-407.85945	-414.62225	14.13152	6.7627948	1
8	32	-701.98512	-696.55527	-697.51341	5.4298491	0.95814457	1
8	33	-710.9214	-702.72876	-702.86748	8.1926409	0.13872161	1
8	34	-550.75003	-536.31075	-540.67348	14.439277	4.3627328	1
8	35	-425.41392	-423.13847	-426.17991	2.2754431	3.0414368	1
8	36	-416.46227	-398.71976	-408.52346	17.742508	9.8036976	1
8	37	-773.19606	-747.79132	-758.26855	25.404738	10.477224	1
8	38	-647.96134	-605.81681	-614.45677	42.144531	8.6399577	1
8	39	-382.42057	-368.48822	-373.38643	13.932346	4.8982058	1
8	40	-699.60558	-685.13549	-690.95716	14.470092	5.8216731	1
8	41	-593.48906	-571.53281	-576.8326	21.956246	5.2997857	1
8	42	-490.04437	-465.57354	-472.50346	24.470823	6.929913	1
8	43	-657.72235	-644.08765	-647.9272	13.634698	3.8395538	1
8	44	-503.47446	-481.78805	-490.21558	21.686408	8.4275323	1
8	45	-434.4423	-418.57367	-425.17473	15.868631	6.6010635	1
8	46	-517.73611	-508.8336	-515.93034	8.9025161	7.0967386	1
8	47	-620.69247	-609.68154	-615.69478	11.010927	6.0132369	1
8	48	-670.68756	-657.90728	-664.48511	12.780287	6.5778302	1
8	49	-568.97097	-556.65043	-563.4504	12.320539	6.7999689	1
8	50	-514.13319	-504.27056	-501.07497	9.8626283	-3.1955827	2
8	51	-682.80822	-666.17816	-667.40455	16.63006	1.2263901	1
8	52	-573.88095	-550.69505	-556.99213	23.185898	6.297083	1
8	53	-714.31304	-705.29405	-709.09018	9.0189874	3.7961285	1
8	54	-448.19822	-437.32487	-441.88752	10.873348	4.5626473	1
8	55	-662.82463	-650.28852	-653.14912	12.536105	2.8605985	1
8	56	-571.41681	-562.74952	-566.46883	8.6672849	3.7193123	1
8	57	-795.60003	-770.52218	-781.04556	25.077853	10.52338	1
8	58	-598.36878	-578.07203	-584.78187	20.296748	6.7098346	1
8	59	-504.70491	-487.48447	-487.99607	17.220442	0.51160756	1
8	60	-679.68706	-662.22177	-664.6521	17.465286	2.4303261	1
8	61	-459.33203	-449.53379	-452.62215	9.7982371	3.0883626	1
8	62	-684.60606	-663.35821	-669.92425	21.247846	6.566043	1
8	63	-540.22485	-533.78092	-538.41743	6.4439376	4.636515	1
8	64	-841.89082	-832.59069	-832.95704	9.3001348	0.36635451	1
8	65	-662.03121	-646.93065	-647.04014	15.100563	0.10949215	1
8	66	-709.27079	-684.45977	-686.31447	24.811018	1.8546954	1
8	67	-876.19712	-867.91662	-873.28362	8.280507	5.3669994	1
8	68	-546.52468	-539.75931	-543.91668	6.7653657	4.1573697	1
8	69	-550.0004	-530.16905	-537.45173	19.831349	7.2826763	1
8	70	-389.68447	-376.66592	-386.94105	13.018557	10.275131	1
8	71	-522.63152	-507.78663	-509.53258	14.844891	1.7459431	1
8	72	-451.15386	-436.89905	-445.1711	14.254809	8.2720504	1
8	73	-793.71261	-771.745	-781.60206	21.967616	9.8570585	1
8	74	-485.42937	-470.98222	-476.44477	14.447152	5.4625461	1
8	75	-663.0083	-644.96247	-646.62364	18.045826	1.6611738	1
8	76	-662.61508	-654.60644	-645.84413	8.0086428	-8.7623076	2
8	77	-469.29724	-449.71444	-455.58021	19.582801	5.8657748	1
8	78	-545.95096	-531.88636	-534.73166	14.064602	2.8453001	1
8	79	-626.65842	-602.12599	-612.73628	24.532426	10.61029	1
8	80	-427.3816	-404.44952	-410.60924	22.932084	6.1597225	1
8	81	-402.59791	-391.89602	-399.05844	10.701892	7.162417	1
8	82	-718.78319	-708.98597	-710.27509	9.7972143	1.2891186	1
8	83	-539.2625	-523.08432	-524.85001	16.178176	1.7656906	1
8	84	-450.46543	-436.33426	-439.23909	14.131172	2.9048341	1
8	85	-582.29985	-571.58356	-569.38427	10.716291	-2.1992849	2
8	86	-488.36851	-483.10045	-485.2344	5.2680541	2.1339416	1
8	87	-602.27817	-593.74178	-594.79967	8.5363828	1.0578866	1
8	88	-477.63226	-470.08874	-474.0931	7.5435221	4.0043643	1
8	89	-630.96897	-620.94457	-623.62847	10.024397	2.6838949	1
8	90	-594.5527	-584.87589	-586.89863	9.6768062	2.0227429	1
8	91	-571.25707	-561.58188	-566.92856	9.6751901	5.3466758	1
8	92	-504.12184	-486.2529	-492.85715	17.868935	6.604244	1
8	93	-404.11728	-378.79936	-385.68022	25.317917	6.8808555	1
8	94	-532.48678	-507.86635	-515.16248	24.620428	7.2961341	1
8	95	-507.10245	-495.09839	-502.37452	12.004061	7.2761341	1
8	96	-543.49239	-528.57321	-536.49759	14.919178	7.924378	1
8	97	-653.23241	-629.57966	-633.00965	23.652753	3.4299887	1
8	98	-589.01955	-575.57337	-577.76548	13.446189	2.1921123	1
8	99	-546.97106	-532.88764	-537.78787	14.083419	4.9002331	1
