No.	ID	loglik_Null	loglik_Acc	loglik_Full	logBF1	logBF2	loglik_Max_M0	loglik_Max_M1	loglik_Max_M2
0	0	-570.80718	-570.2352	-552.34214	0.57197497	-17.89306	-557.37887	-555.6006	-538.79701
1	1	-377.57802	-373.60961	-370.79317	3.968409	-2.816444	-364.70949	-364.57121	-359.88439
2	2	-780.85898	-733.45784	-701.53699	47.40114	-31.920856	-766.23886	-714.12421	-680.08848
3	3	-515.24214	-499.57965	-494.58303	15.662489	-4.996616	-501.60824	-480.5034	-478.38293
4	4	-398.11802	-398.23575	-387.40058	-0.11772788	-10.835172	-384.6293	-385.04927	-371.48521
5	5	-551.07559	-545.80837	-516.80245	5.2672261	-29.005919	-536.61908	-528.21429	-504.3405
6	6	-512.11986	-511.99241	-488.67777	0.12745302	-23.31464	-498.42784	-498.84767	-476.48335
7	7	-363.62085	-358.69979	-353.90901	4.9210546	-4.7907806	-350.57021	-341.78089	-336.78972
8	8	-397.45101	-395.9274	-385.31912	1.5236017	-10.608288	-382.98654	-380.30436	-369.07826
9	9	-492.85564	-492.31705	-479.86557	0.53858976	-12.451479	-478.98959	-477.57445	-464.8101
10	10	-630.8094	-630.35257	-599.57689	0.45683407	-30.775676	-618.35628	-617.70511	-586.57162
11	11	-629.53022	-622.87611	-609.54256	6.6541033	-13.333553	-614.65111	-603.67012	-596.16721
12	12	-427.24069	-426.75438	-420.30956	0.48630788	-6.4448233	-414.14768	-409.45369	-404.51378
13	13	-398.79851	-396.36696	-383.0257	2.4315528	-13.341256	-384.373	-379.58511	-370.56195
14	14	-541.62857	-541.59379	-514.02301	0.034779245	-27.570783	-527.9833	-528.40916	-498.55423
15	15	-439.14391	-438.83761	-426.1637	0.3063067	-12.673908	-425.45503	-425.87363	-416.21686
16	16	-496.94586	-491.1638	-479.14929	5.7820639	-12.014503	-483.69462	-473.81326	-465.22773
17	17	-536.06252	-534.47675	-530.06095	1.5857729	-4.4157937	-523.05446	-521.10054	-514.37592
18	18	-588.33664	-585.84079	-534.21772	2.4958491	-51.623071	-573.62461	-570.13132	-521.42252
19	19	-663.39286	-652.81338	-631.73837	10.579472	-21.075008	-650.25915	-643.75971	-616.23298
20	20	-330.91053	-330.66944	-327.86333	0.24108434	-2.8061175	-322.43881	-321.30008	-314.54502
21	21	-586.25961	-585.76303	-566.15033	0.49658191	-19.612704	-572.19962	-571.69506	-555.88367
22	22	-607.4348	-606.24137	-576.96928	1.1934264	-29.27209	-593.94224	-590.22964	-565.43046
23	23	-586.25459	-585.6378	-563.07339	0.61679051	-22.564415	-573.09141	-569.67019	-551.35528
24	24	-389.68348	-389.66443	-389.24079	0.019049874	-0.42363904	-387.37667	-386.10329	-380.50305
25	25	-452.94418	-450.96375	-441.14169	1.980425	-9.822065	-439.00387	-434.06821	-423.72523
26	26	-506.20646	-490.69498	-488.57836	15.511487	-2.1166206	-492.81477	-482.87512	-474.44045
27	27	-494.6027	-494.62576	-481.26807	-0.023058052	-13.357691	-481.41715	-481.85099	-467.75287
28	28	-440.38805	-432.03172	-432.8275	8.3563264	0.79578562	-428.74036	-420.93352	-420.93609
29	29	-546.865	-546.79276	-515.142	0.072235473	-31.650763	-532.47563	-532.89694	-502.72853
30	30	-473.36589	-473.40041	-465.35505	-0.034516051	-8.0453568	-459.72275	-460.14942	-452.2856
31	31	-430.95878	-430.67087	-418.1909	0.28790984	-12.479969	-417.19318	-414.69314	-406.60602
32	32	-691.97595	-690.53144	-648.70003	1.444502	-41.831414	-676.08254	-675.30999	-633.06851
33	33	-443.66574	-442.65458	-431.2874	1.0111599	-11.367186	-429.88509	-426.30032	-419.87059
34	34	-373.45695	-368.73927	-368.25395	4.7176844	-0.48531989	-359.6177	-354.68531	-355.30888
35	35	-698.48714	-693.18902	-641.39141	5.2981234	-51.797611	-684.42276	-675.32349	-629.44261
36	36	-659.76944	-650.92502	-638.57414	8.8444223	-12.350872	-645.23404	-637.25087	-622.37248
37	37	-666.0744	-665.74865	-645.52128	0.32574658	-20.227372	-653.44936	-651.94235	-633.23805
38	38	-369.00165	-360.59198	-358.68037	8.4096683	-1.9116164	-354.98499	-352.20713	-344.14757
39	39	-641.57816	-616.79144	-597.75214	24.786727	-19.039293	-627.73813	-597.46002	-581.23131
40	40	-515.0883	-510.62559	-505.36062	4.4627144	-5.264966	-501.63058	-498.1026	-492.55042
41	41	-521.19959	-521.01512	-498.68032	0.18446864	-22.334795	-507.35109	-505.72305	-486.49463
42	42	-532.1626	-530.08353	-520.76937	2.0790734	-9.3141547	-518.66252	-517.4721	-504.88409
43	43	-603.18431	-600.41485	-578.57155	2.7694593	-21.843298	-589.69043	-583.67315	-567.90141
44	44	-528.74249	-528.12178	-517.62273	0.62070897	-10.499051	-515.55228	-512.89647	-504.72759
45	45	-416.80846	-416.82196	-406.56541	-0.013498883	-10.256556	-403.32874	-403.77955	-390.17255
46	46	-570.72335	-553.65902	-554.87947	17.064328	1.2204473	-557.07895	-536.21136	-536.21526
47	47	-441.67032	-437.5284	-433.73553	4.1419209	-3.7928744	-427.85242	-427.90445	-422.04643
48	48	-522.55981	-522.60816	-499.07296	-0.048349689	-23.5352	-508.6984	-508.76047	-482.44275
49	49	-709.76857	-676.95036	-659.80993	32.818205	-17.140428	-695.4909	-663.99747	-642.3855
50	50	-630.1028	-629.90905	-589.23175	0.19375152	-40.677299	-616.51895	-616.18638	-577.44947
51	51	-455.76759	-455.5712	-435.22263	0.19639579	-20.348571	-441.45775	-441.87822	-418.99619
52	52	-693.86705	-688.05782	-635.3969	5.8092351	-52.660913	-680.28918	-675.071	-621.05384
53	53	-521.81395	-518.31393	-505.11119	3.5000233	-13.202744	-508.28839	-508.91005	-494.16238
54	54	-691.84447	-684.53443	-630.60775	7.3100379	-53.92668	-677.67208	-665.04903	-614.42766
55	55	-562.87151	-561.00877	-518.29451	1.8627364	-42.714262	-548.24782	-542.61997	-506.49214
56	56	-612.25957	-612.11916	-582.11804	0.14041082	-30.001122	-597.05983	-595.65232	-569.03501
57	57	-496.67293	-480.37175	-481.94922	16.301185	1.5774765	-482.49306	-461.13835	-461.14513
58	58	-452.68641	-452.36416	-445.7199	0.32224592	-6.6442581	-437.99876	-438.29934	-434.31858
59	59	-544.46882	-543.99779	-511.37937	0.47103019	-32.61842	-530.17377	-528.94606	-494.95894
60	60	-534.42963	-534.27422	-514.8683	0.15540384	-19.405923	-521.05011	-518.9382	-503.56354
61	61	-605.6466	-602.62372	-572.14094	3.0228802	-30.482784	-591.62894	-587.54316	-561.1524
62	62	-459.41761	-459.12893	-446.92731	0.28867949	-12.201617	-445.00354	-443.42057	-433.83074
63	63	-528.01641	-527.80227	-502.66079	0.21413966	-25.141478	-514.21602	-513.12393	-491.51932
64	64	-528.52363	-528.34742	-514.20747	0.17620455	-14.139954	-515.65293	-516.07039	-502.87932
65	65	-529.17292	-529.07939	-501.53435	0.093534131	-27.545035	-513.263	-513.68902	-486.86757
66	66	-476.24507	-476.54078	-453.88865	-0.29571385	-22.652135	-462.3437	-462.76947	-439.41273
67	67	-454.64852	-454.47208	-439.12541	0.176435	-15.346673	-440.61565	-441.03586	-423.47757
68	68	-691.48458	-675.22886	-641.62287	16.255722	-33.605987	-677.21408	-659.64921	-630.096
69	69	-512.86192	-512.08191	-494.52808	0.78000824	-17.55383	-498.85009	-496.03945	-477.62769
70	70	-415.36059	-412.14597	-410.3102	3.2146138	-1.8357787	-402.57338	-401.64794	-401.44555
71	71	-539.40368	-539.17213	-510.98141	0.2315488	-28.190728	-524.93863	-525.35718	-498.96235
72	72	-425.21758	-425.22623	-413.45585	-0.0086557507	-11.770379	-411.49095	-411.91165	-401.64992
73	73	-631.62599	-632.92277	-601.83762	-1.2967831	-31.085147	-618.74912	-618.25731	-586.12944
74	74	-442.41263	-442.12999	-425.34183	0.28264334	-16.788158	-428.39592	-427.34521	-413.52305
75	75	-606.1893	-604.53937	-593.72841	1.649936	-10.810962	-594.18593	-593.20624	-581.93069
76	76	-553.27584	-553.21767	-514.06779	0.058162495	-39.149884	-539.00974	-539.42743	-501.50835
77	77	-679.72895	-671.32199	-641.38832	8.4069579	-29.933676	-665.93636	-658.16637	-629.83715
78	78	-658.67185	-647.37644	-612.2617	11.295408	-35.114744	-644.52439	-632.42308	-595.41183
79	79	-557.79929	-557.12359	-537.90779	0.67570689	-19.215791	-544.34025	-542.79295	-526.34597
80	80	-640.6244	-640.55138	-601.99971	0.07301797	-38.551675	-627.22639	-627.66615	-586.0516
81	81	-670.54167	-669.589	-630.5377	0.95267758	-39.051295	-655.3891	-651.59493	-614.52793
82	82	-473.08822	-472.68563	-460.4445	0.4025894	-12.24113	-458.55677	-453.69695	-448.38978
83	83	-549.18222	-549.27863	-530.02687	-0.096408046	-19.251758	-535.52215	-535.94708	-514.01966
84	84	-376.79377	-376.58413	-371.13622	0.20964393	-5.4479076	-362.76574	-363.13269	-358.86441
85	85	-402.34532	-402.19229	-391.48912	0.15302759	-10.703165	-389.04887	-388.75409	-379.70703
86	86	-502.48015	-502.19775	-489.33429	0.28239404	-12.863465	-488.9375	-487.92766	-480.20265
87	87	-691.44752	-689.97227	-653.22025	1.4752491	-36.75202	-678.55825	-676.61682	-640.92823
88	88	-611.98061	-602.45891	-574.06784	9.5217072	-28.391063	-597.65438	-584.64334	-556.49917
89	89	-461.42223	-459.18964	-455.85525	2.2325903	-3.3343922	-448.02735	-444.4404	-442.78843
90	90	-684.1201	-679.89475	-632.8416	4.2253419	-47.053152	-670.6141	-662.94893	-620.83643
91	91	-478.52519	-478.47428	-471.23747	0.050912229	-7.2368113	-465.24639	-465.66454	-459.92517
92	92	-487.01521	-485.04083	-469.10249	1.9743843	-15.938342	-472.93319	-467.41664	-457.43878
93	93	-558.995	-558.55984	-527.66975	0.43516263	-30.890086	-544.67039	-542.82507	-513.02002
94	94	-515.02119	-507.57232	-489.88172	7.4488741	-17.690595	-500.74193	-487.99397	-476.12672
95	95	-480.08673	-479.00927	-468.00564	1.0774663	-11.003623	-465.29641	-462.08025	-458.88542
96	96	-477.34969	-466.14663	-457.44423	11.203054	-8.7024001	-463.14076	-448.84741	-438.71104
97	97	-515.00711	-514.16374	-505.87748	0.84337361	-8.2862559	-501.69547	-500.01836	-496.64881
98	98	-448.91302	-448.64526	-438.23862	0.26776493	-10.406636	-434.89477	-433.84167	-422.69662
99	99	-639.01616	-625.69556	-606.1125	13.320596	-19.583064	-622.81956	-605.83671	-589.97925
