No.	n_rate	c_rate	g_rate	l_rate	l2_rate	halLeu_0	halLeu_1	halLeu_2	halLeu_3	nipNip_0	nipNip_1	nipNip_2	nipNip_3	galGal_0	galGal_1	galGal_2	galGal_3	aptHaa_0	aptHaa_1	aptHaa_2	aptHaa_3	aptOwe_0	aptOwe_1	aptOwe_2	aptOwe_3	aptRow_0	aptRow_1	aptRow_2	aptRow_3	casCas_0	casCas_1	casCas_2	casCas_3	droNov_0	droNov_1	droNov_2	droNov_3	rheAme_0	rheAme_1	rheAme_2	rheAme_3	rhePen_0	rhePen_1	rhePen_2	rhePen_3	cryCin_0	cryCin_1	cryCin_2	cryCin_3	tinGut_0	tinGut_1	tinGut_2	tinGut_3	eudEle_0	eudEle_1	eudEle_2	eudEle_3	notPer_0	notPer_1	notPer_2	notPer_3	anoDid_0	anoDid_1	anoDid_2	anoDid_3	strCam_0	strCam_1	strCam_2	strCam_3	taeGut-aptFor_0	taeGut-aptFor_1	taeGut-aptFor_2	taeGut-aptFor_3	taeGut-galGal_0	taeGut-galGal_1	taeGut-galGal_2	taeGut-galGal_3	aptHaa-aptOwe_0	aptHaa-aptOwe_1	aptHaa-aptOwe_2	aptHaa-aptOwe_3	aptHaa-aptRow_0	aptHaa-aptRow_1	aptHaa-aptRow_2	aptHaa-aptRow_3	casCas-droNov_0	casCas-droNov_1	casCas-droNov_2	casCas-droNov_3	aptHaa-casCas_0	aptHaa-casCas_1	aptHaa-casCas_2	aptHaa-casCas_3	rheAme-rhePen_0	rheAme-rhePen_1	rheAme-rhePen_2	rheAme-rhePen_3	aptHaa-rheAme_0	aptHaa-rheAme_1	aptHaa-rheAme_2	aptHaa-rheAme_3	cryCin-tinGut_0	cryCin-tinGut_1	cryCin-tinGut_2	cryCin-tinGut_3	eudEle-notPer_0	eudEle-notPer_1	eudEle-notPer_2	eudEle-notPer_3	cryCin-eudEle_0	cryCin-eudEle_1	cryCin-eudEle_2	cryCin-eudEle_3	cryCin-anoDid_0	cryCin-anoDid_1	cryCin-anoDid_2	cryCin-anoDid_3	aptHaa-cryCin_0	aptHaa-cryCin_1	aptHaa-cryCin_2	aptHaa-cryCin_3	aptHaa-strCam_0	aptHaa-strCam_1	aptHaa-strCam_2	aptHaa-strCam_3	taeGut-aptHaa_0	taeGut-aptHaa_1	taeGut-aptHaa_2	taeGut-aptHaa_3
34	1.58628	0.292236	0.539186	0.772739	0	0	0	1	0	0	0	1	0	0	0.00785714	0.992143	0	0	0	0.00557143	0.994429	0	0	0.00542857	0.994571	0	0	0.00885714	0.991143	0	0	1	0	0	0	1	0	0	0	0.0372857	0.962714	0	0.000285714	0.0241429	0.975571	0	0	1	0	0	0	1	0	0	0	1	0	0	0	1	0	0	0	1	0	0	0.00157143	0.998429	0	0	0.000285714	0.999714	0	0	0.0122857	0.987714	0	0	0	0.00885714	0.991143	0	0	0.0192857	0.980714	0	0	1	0	0	0	1	0	0	0.000285714	0.0964286	0.903286	0	0.000285714	0.999714	0	0	0	1	0	0	0	1	0	0	0	1	0	0	0	1	0	0	0.000428571	0.999571	0	0	0.0141429	0.985857	0	0	0.136571	0.863429	0
51	2.06726	0.137482	0.574691	0.796913	0	0	0	1	0	0	0	1	0	0	0	1	0	0	0	0	1	0	0	0	1	0	0	0	1	0	0	1	0	0	0	1	0	0	0.00171429	0.000714286	0.997571	0	0.00157143	0.00128571	0.997143	0	0	1	0	0	0	1	0	0	0	1	0	0	0	1	0	0	0	1	0	0	0.00414286	0.995857	0	0	0	1	0	0	0.00128571	0.998714	0	0	0	0	1	0	0	0	1	0	0	1	0	0	0	1	0	0	0.00228571	0.003	0.994714	0	0.00228571	0.997714	0	0	0	1	0	0	0	1	0	0	0	1	0	0	0	1	0	0	0.00242857	0.997571	0	0	0.00728571	0.992714	0	0	0.206857	0.793143	0
13	3.50958	0.288587	0.551079	0.795682	0	0	0.0297143	0.970286	0	0	0.0112857	0.988714	0	0	0.0692857	0.930714	0	0	0	0	1	0	0	0	1	0	0	0	1	0	0	1	0	0	0	1	0	0	0	0	1	0	0	0	1	0	0	1	0	0	0	1	0	0	0	1	0	0	0	1	0	0	0.00128571	0.998714	0	0	0.266571	0.733429	0	0	0.0508571	0.949143	0	0	0.217571	0.782429	0	0	0	0	1	0	0	0	1	0	0	1	0	0	0	1	0	0	0	0	1	0	0	1	0	0	0	1	0	0	0	1	0	0	0	1	0	0	0.00642857	0.993571	0	0	0.0874286	0.912571	0	0	0.534714	0.465286	0	0	0.620571	0.379429	0
64	5.76885	0.343103	0.438714	0.674862	0	0	0.525714	0.474286	0	0	0.475286	0.524714	0	0	0.003	0.997	0	0	0	0	1	0	0	0	1	0	0	0	1	0	0.0325714	0.967429	0	0	0.0537143	0.946286	0	0	0	0	1	0	0	0	1	0	0	1	0	0	0	1	0	0	0	1	0	0	0	1	0	0	0.00214286	0.997857	0	0	0.0314286	0.968571	0	0	0.529286	0.470714	0	0	0.531714	0.468286	0	0	0	0.000857143	0.999143	0	0	0.968714	0.0312857	0	0.0572857	0.942714	0	0	0.0637143	0.936286	0	0	0	0.456857	0.543143	0	0.0704286	0.929571	0	0	0	1	0	0	0	1	0	0	0	1	0	0	0.00757143	0.992429	0	0	0.109143	0.890857	0	0	0.370571	0.629429	0	0	0.650714	0.349286	0
0	5.80091	0.325939	0.575776	0.66955	0	0	0.00442857	0.995571	0	0	0.00314286	0.996857	0	0	0.00842857	0.991571	0	0	0	0	1	0	0	0.000142857	0.999857	0	0	0	1	0	0	1	0	0	0	1	0	0	0	0	1	0	0	0	1	0	0	1	0	0	0	1	0	0	0	1	0	0	0	1	0	0	0	1	0	0	0.000428571	0.999571	0	0	0.00571429	0.994286	0	0	0.0175714	0.982429	0	0	0	0.105	0.895	0	0	0.979143	0.0208571	0	0	1	0	0	0	1	0	0	0	0.290286	0.709714	0	0	1	0	0	0	1	0	0	0	1	0	0	0	1	0	0	0	1	0	0	0	1	0	0	0.00228571	0.997714	0	0	0.226857	0.773143	0
58	5.34429	0.326157	0.662574	0.796518	0	0	0.0231429	0.976857	0	0	0.0332857	0.966714	0	0	0.00157143	0.998429	0	0	0	0	1	0	0	0	1	0	0	0	1	0	0	1	0	0	0	1	0	0	0	0	1	0	0	0	1	0	0	1	0	0	0	1	0	0	0	1	0	0	0	1	0	0	0	1	0	0	0.056	0.944	0	0	0.0354286	0.964571	0	0	0.0555714	0.944429	0	0	0	0	1	0	0	0	1	0	0	1	0	0	0	1	0	0	0	0	1	0	0	1	0	0	0	1	0	0	0	1	0	0	0	1	0	0	0.00128571	0.998714	0	0	0.0315714	0.968429	0	0	0.838714	0.161286	0	0	0.906714	0.0932857	0
43	2.05897	0.338305	0.525741	0.797497	0	0	0.000142857	0.999857	0	0	0	1	0	0	0.000142857	0.999857	0	0	0	0.000142857	0.999857	0	0	0.000142857	0.999857	0	0	0.002	0.998	0	0	1	0	0	0	1	0	0	0	0	1	0	0	0	1	0	0	1	0	0	0	1	0	0	0	1	0	0	0	1	0	0	0	1	0	0	0.000142857	0.999857	0	0	0.000428571	0.999571	0	0	0.00542857	0.994571	0	0	0	0.000142857	0.999857	0	0	0.00971429	0.990286	0	0	1	0	0	0	1	0	0	0	0	1	0	0	1	0	0	0	1	0	0	0	1	0	0	0	1	0	0	0	1	0	0	0	1	0	0	0.00128571	0.998714	0	0	0.0762857	0.923714	0
24	3.82169	0.323559	0.519797	0.800428	0	0	0	1	0	0	0	1	0	0	0.000571429	0.999429	0	0	0	0	1	0	0	0	1	0	0	0	1	0	0	1	0	0	0	1	0	0	0	0	1	0	0	0	1	0	0	1	0	0	0	1	0	0	0	1	0	0	0	1	0	0	0	1	0	0	0	1	0	0	0	1	0	0	0.00671429	0.993286	0	0	0	0	1	0	0	0	1	0	0	1	0	0	0	1	0	0	0	0	1	0	0	1	0	0	0	1	0	0	0	1	0	0	0	1	0	0	0	1	0	0	0.000142857	0.999857	0	0	0.00185714	0.998143	0	0	0.0422857	0.957714	0
35	3.12386	0.230531	0.495771	0.797245	0	0	0	1	0	0	0	1	0	0	0	1	0	0	0	0	1	0	0	0	1	0	0	0	1	0	0	1	0	0	0	1	0	0	0	0	1	0	0	0	1	0	0	1	0	0	0	1	0	0	0	1	0	0	0	1	0	0	0	1	0	0	0	1	0	0	0	1	0	0	0.000285714	0.999714	0	0	0	0	1	0	0	0	1	0	0	1	0	0	0	1	0	0	0	0	1	0	0	1	0	0	0	1	0	0	0	1	0	0	0	1	0	0	0	1	0	0	0.000142857	0.999857	0	0	0.000571429	0.999429	0	0	0.00742857	0.992571	0
59	1.38993	0.199256	0.55678	0.785806	0	0	0.0612857	0.938714	0	0	0.0782857	0.921714	0	0	0.0185714	0.981429	0	0	0.000142857	0.00385714	0.996	0	0.000142857	0.00385714	0.996	0	0.000142857	0.00171429	0.998143	0	0	1	0	0	0	1	0	0	0	0.00457143	0.995429	0	0	0.002	0.998	0	0	1	0	0	0	1	0	0	0	1	0	0	0	1	0	0	0	1	0	0	0.00157143	0.998429	0	0	0.154571	0.845429	0	0	0.251143	0.748857	0	0	0.000142857	0.00557143	0.994286	0	0.000142857	0.0111429	0.988714	0	0	1	0	0	0.000142857	0.999857	0	0	0.000142857	0.0124286	0.987429	0	0.000142857	0.999857	0	0	0	1	0	0	0	1	0	0	0	1	0	0	0	1	0	0	0.000285714	0.999714	0	0	0.0175714	0.982429	0	0	0.318857	0.681143	0
25	1.50464	0.235547	0.500329	0.757568	0	0	0	1	0	0	0	1	0	0	0	1	0	0	0	0.00614286	0.993857	0	0	0.00828571	0.991714	0	0	0.0108571	0.989143	0	0	1	0	0	0	1	0	0	0	0.0225714	0.977429	0	0	0.065	0.935	0	0	1	0	0	0	1	0	0	0	1	0	0	0	1	0	0	0	1	0	0	0	1	0	0	0	1	0	0	0	1	0	0	0	0.0124286	0.987571	0	0	0.0308571	0.969143	0	0	1	0	0	0	1	0	0	0	0.138571	0.861429	0	0	1	0	0	0	1	0	0	0	1	0	0	0	1	0	0	0	1	0	0	0	1	0	0	0	1	0	0	0.00114286	0.998857	0
14	1.65775	0.177431	0.509169	0.791597	0	0	0.00571429	0.994286	0	0	0.00157143	0.998429	0	0	0	1	0	0	0	0.000142857	0.999857	0	0	0.000142857	0.999857	0	0	0.000285714	0.999714	0	0	1	0	0	0	1	0	0	0	0	1	0	0	0	1	0	0	1	0	0	0	1	0	0	0	1	0	0	0	1	0	0	0	1	0	0	0.000142857	0.999857	0	0	0.00814286	0.991857	0	0	0.0104286	0.989571	0	0	0	0.000142857	0.999857	0	0	0.00185714	0.998143	0	0	1	0	0	0	1	0	0	0	0.000142857	0.999857	0	0	1	0	0	0	1	0	0	0	1	0	0	0	1	0	0	0	1	0	0	0	1	0	0	0.001	0.999	0	0	0.037	0.963	0
52	6.11207	0.423966	0.251442	0.827462	0	0	0.999143	0.000857143	0	0	0.998143	0.00185714	0	0	0.936714	0.0632857	0	0	0	0	1	0	0	0	1	0	0	0	1	0	0.373143	0.626857	0	0	0.368857	0.631143	0	0	0	0	1	0	0	0	1	0	0	1	0	0	0	1	0	0	0	1	0	0	0	1	0	0	0.0137143	0.986286	0	0	0.303143	0.696857	0	0	0.999571	0.000428571	0	0	0.999714	0.000285714	0	0	0	0.00357143	0.996429	0	0	0.388714	0.611286	0	0.374571	0.625429	0	0	0.374714	0.625286	0	0	0	0.379	0.621	0	0.374714	0.625286	0	0	0	1	0	0	0	1	0	0	0.000142857	0.999857	0	0	0.0284286	0.971571	0	0	0.398429	0.601571	0	0	0.812571	0.187429	0	0	0.999714	0.000285714	0
1	7.20103	0.38322	0.612029	0.793371	0	0	0.000714286	0.999286	0	0	0.00128571	0.998714	0	0	0.0241429	0.975857	0	0	0	0	1	0	0	0	1	0	0	0	1	0	0	1	0	0	0	1	0	0	0	0	1	0	0	0	1	0	0	1	0	0	0	1	0	0	0	1	0	0	0	1	0	0	0	1	0	0	0.001	0.999	0	0	0.007	0.993	0	0	0.0852857	0.914714	0	0	0	0	1	0	0	0	1	0	0	1	0	0	0	1	0	0	0	0	1	0	0	1	0	0	0	1	0	0	0	1	0	0	0	1	0	0	0	1	0	0	0.00128571	0.998714	0	0	0.0247143	0.975286	0	0	0.359	0.641	0
65	3.30042	0.308183	0.500257	0.783262	0	0	0.266714	0.733286	0	0	0.0705714	0.929429	0	0	0.627143	0.372857	0	0	0	0	1	0	0	0	1	0	0	0	1	0	0.0375714	0.962429	0	0	0.0174286	0.982571	0	0	0.0268571	0.011	0.962143	0	0.0354286	0.00242857	0.962143	0	0	1	0	0	0	1	0	0	0	1	0	0	0	1	0	0	0.00157143	0.998429	0	0	0.0418571	0.958143	0	0	0.987857	0.0121429	0	0	0.988857	0.0111429	0	0	0	0	1	0	0	0.146429	0.853571	0	0.0377143	0.962286	0	0	0.0377143	0.962286	0	0	0.0378571	0	0.962143	0	0.0378571	0.962143	0	0	0	1	0	0	0	1	0	0	0	1	0	0	0.00457143	0.995429	0	0	0.0688571	0.931143	0	0	0.275429	0.724571	0	0	0.990857	0.00914286	0
44	6.4781	0.411222	0.480039	0.793651	0	0	0.0612857	0.938714	0	0	0.175857	0.824143	0	0	0.713857	0.286143	0	0	0	0	1	0	0	0	1	0	0	0	1	0	0	1	0	0	0	1	0	0	0	0	1	0	0	0	1	0	0	1	0	0	0	1	0	0	0	1	0	0	0	1	0	0	0.000428571	0.999571	0	0	0.00485714	0.995143	0	0	0.229286	0.770714	0	0	0.735143	0.264857	0	0	0	0	1	0	0	0.000714286	0.999286	0	0	1	0	0	0	1	0	0	0	0	1	0	0	1	0	0	0	1	0	0	0	1	0	0	0	1	0	0	0.000571429	0.999429	0	0	0.004	0.996	0	0	0.0421429	0.957857	0	0	0.804857	0.195143	0
36	1.86125	0.316502	0.540584	0.790354	0	0	0.000857143	0.999143	0	0	0.00142857	0.998571	0	0	0.000571429	0.999429	0	0	0	0	1	0	0	0	1	0	0	0.000428571	0.999571	0	0	1	0	0	0	1	0	0	0	0	1	0	0	0.000142857	0.999857	0	0	1	0	0	0	1	0	0	0	1	0	0	0	1	0	0	0	1	0	0	0.000571429	0.999429	0	0	0.004	0.996	0	0	0.026	0.974	0	0	0	0	1	0	0	0.00342857	0.996571	0	0	1	0	0	0	1	0	0	0	0.00128571	0.998714	0	0	1	0	0	0	1	0	0	0	1	0	0	0	1	0	0	0	1	0	0	0.000714286	0.999286	0	0	0.00671429	0.993286	0	0	0.102714	0.897286	0
26	3.0864	0.180109	0.518632	0.795016	0	0	0	1	0	0	0	1	0	0	0	1	0	0	0	0	1	0	0	0	1	0	0	0	1	0	0	1	0	0	0	1	0	0	0	0	1	0	0	0	1	0	0	1	0	0	0	1	0	0	0	1	0	0	0	1	0	0	0	1	0	0	0.001	0.999	0	0	0	1	0	0	0	1	0	0	0	0	1	0	0	0	1	0	0	1	0	0	0	1	0	0	0	0	1	0	0	1	0	0	0	1	0	0	0	1	0	0	0	1	0	0	0.000428571	0.999571	0	0	0.00614286	0.993857	0	0	0.0184286	0.981571	0	0	0.028	0.972	0
60	3.04498	0.286046	0.417874	0.755811	0	0	0.473286	0.526714	0	0	0.566286	0.433714	0	0	0.126857	0.873143	0	0	0	0	1	0	0	0	1	0	0	0.00428571	0.995714	0	0	1	0	0	0	1	0	0	0.000142857	0	0.999857	0	0	0.000142857	0.999857	0	0	1	0	0	0	1	0	0	0	1	0	0	0	1	0	0	0	1	0	0	0.000285714	0.999714	0	0	0.575429	0.424571	0	0	0.579429	0.420571	0	0	0	0.0157143	0.984286	0	0	0.305143	0.694857	0	0	1	0	0	0	1	0	0	0.000142857	0	0.999857	0	0.000142857	0.999857	0	0	0	1	0	0	0	1	0	0	0	1	0	0	0	1	0	0	0.000571429	0.999429	0	0	0.00628571	0.993714	0	0	0.667143	0.332857	0
15	1.85092	0.144815	0.50697	0.792978	0	0	0	1	0	0	0	1	0	0	0	1	0	0	0	0	1	0	0	0	1	0	0	0.000142857	0.999857	0	0	1	0	0	0	1	0	0	0	0	1	0	0	0.000571429	0.999429	0	0	1	0	0	0	1	0	0	0	1	0	0	0	1	0	0	0	1	0	0	0	1	0	0	0	1	0	0	0	1	0	0	0	0	1	0	0	0.002	0.998	0	0	1	0	0	0	1	0	0	0	0.00157143	0.998429	0	0	1	0	0	0	1	0	0	0	1	0	0	0	1	0	0	0	1	0	0	0	1	0	0	0	1	0	0	0.001	0.999	0
2	2.7661	0.191439	0.503949	0.793326	0	0	0	1	0	0	0	1	0	0	0	1	0	0	0	0	1	0	0	0	1	0	0	0.000142857	0.999857	0	0	1	0	0	0	1	0	0	0	0	1	0	0	0	1	0	0	1	0	0	0	1	0	0	0	1	0	0	0	1	0	0	0	1	0	0	0	1	0	0	0	1	0	0	0	1	0	0	0	0	1	0	0	0.0137143	0.986286	0	0	1	0	0	0	1	0	0	0	0	1	0	0	1	0	0	0	1	0	0	0	1	0	0	0	1	0	0	0	1	0	0	0	1	0	0	0	1	0	0	0.000428571	0.999571	0
53	1.65574	0.225826	0.533963	0.787823	0	0	0.000571429	0.999429	0	0	0.000428571	0.999571	0	0	0	1	0	0	0	0	1	0	0	0	1	0	0	0.000142857	0.999857	0	0	1	0	0	0	1	0	0	0	0.006	0.994	0	0	0.00185714	0.998143	0	0	1	0	0	0	1	0	0	0	1	0	0	0	1	0	0	0	1	0	0	0.00128571	0.998714	0	0	0.001	0.999	0	0	0.00728571	0.992714	0	0	0	0.000142857	0.999857	0	0	0.000428571	0.999571	0	0	1	0	0	0	1	0	0	0	0.0147143	0.985286	0	0	1	0	0	0	1	0	0	0	1	0	0	0	1	0	0	0	1	0	0	0	1	0	0	0.00142857	0.998571	0	0	0.0808571	0.919143	0
66	6.8507	0.292716	0.607303	0.711502	0	0	0.190571	0.809429	0	0	0.048	0.952	0	0	0.0248571	0.975143	0	0	0	0	1	0	0	0	1	0	0	0	1	0	0	1	0	0	0	1	0	0	0	0	1	0	0	0	1	0	0	1	0	0	0	1	0	0	0	1	0	0	0	1	0	0	0	1	0	0	0.0874286	0.912571	0	0	0.227	0.773	0	0	0.880714	0.119286	0	0	0	0.00114286	0.998857	0	0	0.770286	0.229714	0	0	1	0	0	0	1	0	0	0	0	1	0	0	1	0	0	0	1	0	0	0	1	0	0	0	1	0	0	0.000571429	0.999429	0	0	0.0312857	0.968714	0	0	0.557	0.443	0	0	0.987571	0.0124286	0
45	8.31732	0.284009	0.568039	0.678251	0	0	0.00157143	0.998429	0	0	0.000714286	0.999286	0	0	0.000142857	0.999857	0	0	0	0	1	0	0	0	1	0	0	0	1	0	0	1	0	0	0	1	0	0	0	0	1	0	0	0	1	0	0	1	0	0	0	1	0	0	0	1	0	0	0	1	0	0	0	1	0	0	0.000571429	0.999429	0	0	0.00185714	0.998143	0	0	0.00457143	0.995429	0	0	0	0.00242857	0.997571	0	0	1	0	0	0	1	0	0	0	1	0	0	0	0	1	0	0	1	0	0	0	1	0	0	0	1	0	0	0	1	0	0	0	1	0	0	0.00142857	0.998571	0	0	0.03	0.97	0	0	0.185714	0.814286	0
27	1.46422	0.174432	0.500291	0.790431	0	0	0	1	0	0	0	1	0	0	0	1	0	0	0	0.000714286	0.999286	0	0	0.00114286	0.998857	0	0	0.00442857	0.995571	0	0	1	0	0	0	1	0	0	0	0	1	0	0	0	1	0	0	1	0	0	0	1	0	0	0	1	0	0	0	1	0	0	0	1	0	0	0	1	0	0	0	1	0	0	0	1	0	0	0	0.00285714	0.997143	0	0	0.024	0.976	0	0	1	0	0	0	1	0	0	0	0.000285714	0.999714	0	0	1	0	0	0	1	0	0	0	1	0	0	0	1	0	0	0	1	0	0	0	1	0	0	0	1	0	0	0.000285714	0.999714	0
37	1.78318	0.187261	0.711334	0.645763	0	0	0.002	0.998	0	0	0.00257143	0.997429	0	0	0.015	0.985	0	0	0.000428571	0.000428571	0.999143	0	0.000285714	0.000571429	0.999143	0	0.000714286	0.000142857	0.999143	0	0.000142857	0.999857	0	0	0	1	0	0	0.00342857	0.326	0.670571	0	0.00314286	0.203857	0.793	0	0	1	0	0	0	1	0	0	0	1	0	0	0	1	0	0	0	1	0	0	0.0255714	0.974429	0	0	0.0384286	0.961571	0	0	0.258	0.742	0	0	0.000857143	0	0.999143	0	0.000857143	0	0.999143	0	0.000142857	0.999857	0	0	0.000857143	0.999143	0	0	0.00542857	0.503571	0.491	0	0.0208571	0.979143	0	0	0	1	0	0	0	1	0	0	0	1	0	0	0.001	0.999	0	0	0.0495714	0.950429	0	0	0.33	0.67	0	0	0.961571	0.0384286	0
16	8.00057	0.259134	0.22735	0.866253	0	0	0.999429	0.000571429	0	0	0.967143	0.0328571	0	0	0.999143	0.000857143	0	0	0	0	1	0	0	0	1	0	0	0	1	0	0.944857	0.0551429	0	0	0.970286	0.0297143	0	0	0	0	1	0	0	0	1	0	0.000142857	0.999857	0	0	0.000142857	0.999857	0	0	0	1	0	0	0	1	0	0	0.0807143	0.919286	0	0	0.755429	0.244571	0	0	0.999429	0.000571429	0	0	0.999714	0.000285714	0	0	0	0.013	0.987	0	0	1	0	0	0.977286	0.0227143	0	0	0.977571	0.0224286	0	0	0	1	0	0	0.977571	0.0224286	0	0	0.000142857	0.999857	0	0	0	1	0	0	0.000285714	0.999714	0	0	0.152	0.848	0	0	0.977571	0.0224286	0	0	0.978571	0.0214286	0	0	0.999714	0.000285714	0
3	2.14801	0.0852118	0.498098	0.795402	0	0	0	1	0	0	0	1	0	0	0	1	0	0	0	0	1	0	0	0	1	0	0	0	1	0	0	1	0	0	0	1	0	0	0	0	1	0	0	0	1	0	0	1	0	0	0	1	0	0	0	1	0	0	0	1	0	0	0	1	0	0	0	1	0	0	0	1	0	0	0	1	0	0	0	0	1	0	0	0	1	0	0	1	0	0	0	1	0	0	0	0	1	0	0	1	0	0	0	1	0	0	0	1	0	0	0	1	0	0	0	1	0	0	0	1	0	0	0	1	0	0	0	1	0
61	6.636	0.4124	0.597023	0.640421	0	0	0.0542857	0.945714	0	0	0.0721429	0.927857	0	0	0.00628571	0.993714	0	0	0	0	1	0	0	0	1	0	0	0.001	0.999	0	0.009	0.991	0	0	0.0105714	0.989429	0	0	0	0	1	0	0	0	1	0	0	1	0	0	0	1	0	0	0	1	0	0	0	1	0	0	0.000714286	0.999286	0	0	0.01	0.99	0	0	0.0817143	0.918286	0	0	0.126714	0.873286	0	0	0	0.0477143	0.952286	0	0	0.999857	0.000142857	0	0.0124286	0.987571	0	0	0.018	0.982	0	0	0	0.934857	0.0651429	0	0.0218571	0.978143	0	0	0	1	0	0	0	1	0	0	0	1	0	0	0.00257143	0.997429	0	0	0.0278571	0.972143	0	0	0.0804286	0.919571	0	0	0.407571	0.592429	0
54	5.12373	0.188294	0.658402	0.639405	0	0	0.017	0.983	0	0	0.00171429	0.998286	0	0	0	1	0	0	0	0	1	0	0	0	1	0	0	0	1	0	0.000428571	0.999571	0	0	0.000571429	0.999429	0	0	0	0	1	0	0	0	1	0	0	1	0	0	0	1	0	0	0	1	0	0	0	1	0	0	0	1	0	0	0.000571429	0.999429	0	0	0.0195714	0.980429	0	0	0.113143	0.886857	0	0	0	0.164	0.836	0	0	0.986857	0.0131429	0	0.000571429	0.999429	0	0	0.000714286	0.999286	0	0	0	0.763429	0.236571	0	0.00114286	0.998857	0	0	0	1	0	0	0	1	0	0	0	1	0	0	0	1	0	0	0.002	0.998	0	0	0.0218571	0.978143	0	0	0.514	0.486	0
67	3.74357	0.234549	0.576757	0.791349	0	0	0	1	0	0	0.000142857	0.999857	0	0	0	1	0	0	0	0	1	0	0	0	1	0	0	0	1	0	0	1	0	0	0	1	0	0	0	0	1	0	0	0	1	0	0	1	0	0	0	1	0	0	0	1	0	0	0	1	0	0	0	1	0	0	0.000571429	0.999429	0	0	0.000428571	0.999571	0	0	0.00542857	0.994571	0	0	0	0	1	0	0	0	1	0	0	1	0	0	0	1	0	0	0	0	1	0	0	1	0	0	0	1	0	0	0	1	0	0	0	1	0	0	0	1	0	0	0.000285714	0.999714	0	0	0.0102857	0.989714	0	0	0.168857	0.831143	0
46	2.52365	0.132328	0.492839	0.793877	0	0	0	1	0	0	0	1	0	0	0	1	0	0	0	0	1	0	0	0	1	0	0	0	1	0	0	1	0	0	0	1	0	0	0	0	1	0	0	0	1	0	0	1	0	0	0	1	0	0	0	1	0	0	0	1	0	0	0	1	0	0	0	1	0	0	0	1	0	0	0.000285714	0.999714	0	0	0	0	1	0	0	0	1	0	0	1	0	0	0	1	0	0	0	0	1	0	0	1	0	0	0	1	0	0	0	1	0	0	0	1	0	0	0	1	0	0	0	1	0	0	0	1	0	0	0.00428571	0.995714	0
38	1.64082	0.146242	0.491085	0.780944	0	0	0	1	0	0	0	1	0	0	0	1	0	0	0	0.000857143	0.999143	0	0	0.000857143	0.999143	0	0	0.0124286	0.987571	0	0	1	0	0	0	1	0	0	0	0	1	0	0	0	1	0	0	1	0	0	0	1	0	0	0	1	0	0	0	1	0	0	0	1	0	0	0	1	0	0	0	1	0	0	0	1	0	0	0	0.00157143	0.998429	0	0	0.0498571	0.950143	0	0	1	0	0	0	1	0	0	0	0	1	0	0	1	0	0	0	1	0	0	0	1	0	0	0	1	0	0	0	1	0	0	0	1	0	0	0	1	0	0	0.00328571	0.996714	0
28	2.94927	0.191607	0.509039	0.794374	0	0	0	1	0	0	0	1	0	0	0	1	0	0	0	0	1	0	0	0	1	0	0	0	1	0	0	1	0	0	0	1	0	0	0	0	1	0	0	0	1	0	0	1	0	0	0	1	0	0	0	1	0	0	0	1	0	0	0	1	0	0	0	1	0	0	0	1	0	0	0.000285714	0.999714	0	0	0	0	1	0	0	0	1	0	0	1	0	0	0	1	0	0	0	0	1	0	0	1	0	0	0	1	0	0	0	1	0	0	0	1	0	0	0	1	0	0	0	1	0	0	0	1	0	0	0.0105714	0.989429	0
68	1.52886	0.123235	0.501486	0.78561	0	0	0.000285714	0.999714	0	0	0.000571429	0.999429	0	0	0	1	0	0	0.000142857	0.000428571	0.999429	0	0.000285714	0.00185714	0.997857	0	0.000142857	0.0247143	0.975143	0	0	1	0	0	0	1	0	0	0.000714286	0.000428571	0.998857	0	0.001	0.000285714	0.998714	0	0	1	0	0	0	1	0	0	0	1	0	0	0	1	0	0	0.000142857	0.999857	0	0	0.0141429	0.985857	0	0	0.00214286	0.997857	0	0	0.00385714	0.996143	0	0	0.000285714	0.004	0.995714	0	0.000285714	0.0475714	0.952143	0	0	1	0	0	0.000285714	0.999714	0	0	0.00114286	0.000285714	0.998571	0	0.00114286	0.998857	0	0	0	1	0	0	0	1	0	0	0	1	0	0	0.000142857	0.999857	0	0	0.002	0.998	0	0	0.029	0.971	0	0	0.0318571	0.968143	0
4	7.82931	0.125513	0.527001	0.646572	0	0	0.000857143	0.999143	0	0	0.000142857	0.999857	0	0	0.666429	0.333571	0	0	0	0	1	0	0	0	1	0	0	0	1	0	0.0204286	0.979571	0	0	0.0115714	0.988429	0	0	0	0	1	0	0	0	1	0	0	1	0	0	0	1	0	0	0	1	0	0	0	1	0	0	0	1	0	0	0.172714	0.827286	0	0	0.0318571	0.968143	0	0	0.693	0.307	0	0	0	0.267714	0.732286	0	0	0.999857	0.000142857	0	0.0362857	0.963714	0	0	0.0718571	0.928143	0	0	0	1	0	0	0.108857	0.891143	0	0	0	1	0	0	0	1	0	0	0	1	0	0	0.00114286	0.998857	0	0	0.169143	0.830857	0	0	0.999714	0.000285714	0	0	1	0	0
55	4.52336	0.121734	0.672735	0.683396	0	0	0	1	0	0	0	1	0	0	0	1	0	0	0	0	1	0	0	0.00157143	0.998429	0	0	0	1	0	0	1	0	0	0	1	0	0	0	0	1	0	0	0	1	0	0	1	0	0	0	1	0	0	0	1	0	0	0	1	0	0	0	1	0	0	0.00814286	0.991857	0	0	0	1	0	0	0.00585714	0.994143	0	0	0	0.059	0.941	0	0	0.993857	0.00614286	0	0	1	0	0	0	1	0	0	0	0	1	0	0	1	0	0	0	1	0	0	0	1	0	0	0	1	0	0	0	1	0	0	0.0281429	0.971857	0	0	0.807143	0.192857	0	0	0.887429	0.112571	0
17	3.24635	0.386241	0.433445	0.705157	0	0	0.398286	0.601714	0	0	0.288429	0.711571	0	0	0.127714	0.872286	0	0	0.000142857	0.000142857	0.999714	0	0.000142857	0	0.999857	0	0.00728571	0.00814286	0.984571	0	0.121	0.879	0	0	0.100714	0.899286	0	0	0.112	0.00842857	0.879571	0	0.0951429	0.0254286	0.879429	0	0	1	0	0	0	1	0	0	0	1	0	0	0	1	0	0	0.000142857	0.999857	0	0	0.0302857	0.969714	0	0	0.400429	0.599571	0	0	0.405571	0.594429	0	0	0.000142857	0.0754286	0.924429	0	0.00785714	0.848571	0.143571	0	0.121	0.879	0	0	0.121	0.879	0	0	0.120429	0.000714286	0.878857	0	0.121	0.879	0	0	0	1	0	0	0	1	0	0	0	1	0	0	0.00314286	0.996857	0	0	0.121143	0.878857	0	0	0.128571	0.871429	0	0	0.541857	0.458143	0
47	1.73836	0.210345	0.500564	0.787232	0	0	0	1	0	0	0	1	0	0	0	1	0	0	0	0.000857143	0.999143	0	0	0.000571429	0.999429	0	0	0.00814286	0.991857	0	0	1	0	0	0	1	0	0	0	0	1	0	0	0	1	0	0	1	0	0	0	1	0	0	0	1	0	0	0	1	0	0	0	1	0	0	0	1	0	0	0	1	0	0	0	1	0	0	0	0.002	0.998	0	0	0.0592857	0.940714	0	0	1	0	0	0	1	0	0	0	0.000142857	0.999857	0	0	1	0	0	0	1	0	0	0	1	0	0	0	1	0	0	0	1	0	0	0	1	0	0	0	1	0	0	0	1	0
62	3.02645	0.137496	0.497084	0.796474	0	0	0	1	0	0	0	1	0	0	0	1	0	0	0	0	1	0	0	0	1	0	0	0	1	0	0	1	0	0	0	1	0	0	0	0	1	0	0	0	1	0	0	1	0	0	0	1	0	0	0	1	0	0	0	1	0	0	0	1	0	0	0	1	0	0	0	1	0	0	0	1	0	0	0	0	1	0	0	0	1	0	0	1	0	0	0	1	0	0	0	0	1	0	0	1	0	0	0	1	0	0	0	1	0	0	0	1	0	0	0	1	0	0	0	1	0	0	0	1	0	0	0	1	0
29	2.15594	0.297172	0.511103	0.741514	0	0	0.000428571	0.999571	0	0	0.000428571	0.999571	0	0	0.00171429	0.998286	0	0	0	0	1	0	0	0	1	0	0	0	1	0	0	1	0	0	0	1	0	0	0	0.0705714	0.929429	0	0	0.02	0.98	0	0	1	0	0	0	1	0	0	0	1	0	0	0	1	0	0	0	1	0	0	0.000285714	0.999714	0	0	0.000428571	0.999571	0	0	0.00685714	0.993143	0	0	0	0	1	0	0	0	1	0	0	1	0	0	0	1	0	0	0	0.295143	0.704857	0	0	1	0	0	0	1	0	0	0	1	0	0	0	1	0	0	0	1	0	0	0	1	0	0	0.000428571	0.999571	0	0	0.0464286	0.953571	0
39	6.45296	0.259149	0.356675	0.665364	0	0	0.960143	0.0398571	0	0	0.800286	0.199714	0	0	0.276571	0.723429	0	0	0	0	1	0	0	0	1	0	0	0	1	0	0	1	0	0	0	1	0	0	0	0	1	0	0	0	1	0	0	1	0	0	0	1	0	0	0	1	0	0	0	1	0	0	0	1	0	0	0.004	0.996	0	0	0.961571	0.0384286	0	0	0.964	0.036	0	0	0	0.000142857	0.999857	0	0	0.996571	0.00342857	0	0.000142857	0.999857	0	0	0.000571429	0.999429	0	0	0	0.411571	0.588429	0	0.00128571	0.998714	0	0	0	1	0	0	0	1	0	0	0	1	0	0	0.000428571	0.999571	0	0	0.00242857	0.997571	0	0	0.0248571	0.975143	0	0	0.974714	0.0252857	0
69	1.76912	0.138717	0.636457	0.784376	0	0	0	1	0	0	0.000142857	0.999857	0	0	0.000142857	0.999857	0	0	0	0	1	0	0	0	1	0	0	0	1	0	0	1	0	0	0	1	0	0	0	0.009	0.991	0	0	0.0201429	0.979857	0	0	1	0	0	0	1	0	0	0	1	0	0	0	1	0	0	0	1	0	0	0.00314286	0.996857	0	0	0.000142857	0.999857	0	0	0.005	0.995	0	0	0	0	1	0	0	0	1	0	0	1	0	0	0	1	0	0	0	0.0542857	0.945714	0	0	1	0	0	0	1	0	0	0	1	0	0	0	1	0	0	0	1	0	0	0	1	0	0	0.00514286	0.994857	0	0	0.347714	0.652286	0
5	2.50569	0.197515	0.550755	0.794383	0	0	0.000285714	0.999714	0	0	0	1	0	0	0	1	0	0	0	0	1	0	0	0	1	0	0	0	1	0	0	1	0	0	0	1	0	0	0	0	1	0	0	0	1	0	0	1	0	0	0	1	0	0	0	1	0	0	0	1	0	0	0	1	0	0	0.000142857	0.999857	0	0	0.001	0.999	0	0	0.006	0.994	0	0	0	0	1	0	0	0	1	0	0	1	0	0	0	1	0	0	0	0	1	0	0	1	0	0	0	1	0	0	0	1	0	0	0	1	0	0	0	1	0	0	0	1	0	0	0.00614286	0.993857	0	0	0.114143	0.885857	0
18	1.80879	0.234452	0.524304	0.653995	0	0	0.0138571	0.986143	0	0	0.101429	0.898571	0	0	0.707143	0.292857	0	0	0.000142857	0.00971429	0.990143	0	0.000285714	0.00642857	0.993286	0	0.000571429	0.0462857	0.953143	0	0	1	0	0	0.000142857	0.999857	0	0	0.000428571	0.166857	0.832714	0	0.000571429	0.256571	0.742857	0	0	1	0	0	0	1	0	0	0	1	0	0	0	1	0	0	0.00128571	0.998714	0	0	0.00485714	0.995143	0	0	0.139286	0.860714	0	0	0.732571	0.267429	0	0	0.000428571	0.0135714	0.986	0	0.000571429	0.172143	0.827286	0	0.000142857	0.999857	0	0	0.000571429	0.999429	0	0	0.000571429	0.408571	0.590857	0	0.001	0.999	0	0	0	1	0	0	0	1	0	0	0	1	0	0	0.00228571	0.997714	0	0	0.00757143	0.992429	0	0	0.0258571	0.974143	0	0	0.894714	0.105286	0
48	1.58441	0.11389	0.505605	0.795234	0	0	0	1	0	0	0	1	0	0	0	1	0	0	0	0	1	0	0	0	1	0	0	0	1	0	0	1	0	0	0	1	0	0	0	0	1	0	0	0	1	0	0	1	0	0	0	1	0	0	0	1	0	0	0	1	0	0	0	1	0	0	0	1	0	0	0	1	0	0	0	1	0	0	0	0	1	0	0	0.00171429	0.998286	0	0	1	0	0	0	1	0	0	0	0	1	0	0	1	0	0	0	1	0	0	0	1	0	0	0	1	0	0	0	1	0	0	0	1	0	0	0	1	0	0	0.00571429	0.994286	0
56	2.46442	0.259458	0.516052	0.791152	0	0	0	1	0	0	0	1	0	0	0	1	0	0	0	0.004	0.996	0	0	0.00185714	0.998143	0	0	0.00171429	0.998286	0	0	1	0	0	0	1	0	0	0	0	1	0	0	0	1	0	0	1	0	0	0	1	0	0	0	1	0	0	0	1	0	0	0	1	0	0	0.000142857	0.999857	0	0	0	1	0	0	0.00157143	0.998429	0	0	0	0.00885714	0.991143	0	0	0.0175714	0.982429	0	0	1	0	0	0	1	0	0	0	0	1	0	0	1	0	0	0	1	0	0	0	1	0	0	0	1	0	0	0	1	0	0	0	1	0	0	0.000714286	0.999286	0	0	0.0252857	0.974714	0
63	3.10893	0.210142	0.502643	0.793202	0	0	0	1	0	0	0	1	0	0	0	1	0	0	0	0	1	0	0	0	1	0	0	0	1	0	0	1	0	0	0	1	0	0	0	0	1	0	0	0	1	0	0	1	0	0	0	1	0	0	0	1	0	0	0	1	0	0	0	1	0	0	0.000428571	0.999571	0	0	0	1	0	0	0.000857143	0.999143	0	0	0	0	1	0	0	0	1	0	0	1	0	0	0	1	0	0	0	0	1	0	0	1	0	0	0	1	0	0	0	1	0	0	0	1	0	0	0	1	0	0	0	1	0	0	0.00128571	0.998714	0	0	0.0267143	0.973286	0
30	2.61045	0.171027	0.502581	0.794916	0	0	0	1	0	0	0	1	0	0	0	1	0	0	0	0	1	0	0	0	1	0	0	0	1	0	0	1	0	0	0	1	0	0	0	0	1	0	0	0	1	0	0	1	0	0	0	1	0	0	0	1	0	0	0	1	0	0	0	1	0	0	0	1	0	0	0	1	0	0	0	1	0	0	0	0	1	0	0	0	1	0	0	1	0	0	0	1	0	0	0	0	1	0	0	1	0	0	0	1	0	0	0	1	0	0	0	1	0	0	0	1	0	0	0	1	0	0	0	1	0	0	0.00271429	0.997286	0
40	1.81961	0.343493	0.555267	0.790099	0	0	0.00285714	0.997143	0	0	0.00442857	0.995571	0	0	0.0272857	0.972714	0	0	0.000142857	0.000857143	0.999	0	0	0.00114286	0.998857	0	0.000571429	0.00142857	0.998	0	0.000285714	0.999714	0	0	0	1	0	0	0.000428571	0.00157143	0.998	0	0.000714286	0.000571429	0.998714	0	0	1	0	0	0	1	0	0	0	1	0	0	0	1	0	0	0	1	0	0	0.00228571	0.997714	0	0	0.01	0.99	0	0	0.0561429	0.943857	0	0	0.000142857	0.00185714	0.998	0	0.000571429	0.0208571	0.978571	0	0.000285714	0.999714	0	0	0.000571429	0.999429	0	0	0.001	0.00385714	0.995143	0	0.00128571	0.998714	0	0	0	1	0	0	0	1	0	0	0	1	0	0	0.000142857	0.999857	0	0	0.00342857	0.996571	0	0	0.0255714	0.974429	0	0	0.193143	0.806857	0
70	2.27967	0.119419	0.495663	0.674625	0	0	0	1	0	0	0	1	0	0	0	1	0	0	0	0	1	0	0	0	1	0	0	0	1	0	0	1	0	0	0	1	0	0	0	0.151714	0.848286	0	0	0.0777143	0.922286	0	0	1	0	0	0	1	0	0	0	1	0	0	0	1	0	0	0	1	0	0	0	1	0	0	0	1	0	0	0	1	0	0	0	0	1	0	0	0	1	0	0	1	0	0	0	1	0	0	0	0.679143	0.320857	0	0	1	0	0	0	1	0	0	0	1	0	0	0	1	0	0	0	1	0	0	0	1	0	0	0	1	0	0	0.000428571	0.999571	0
6	1.58499	0.213549	0.509295	0.779221	0	0	0	1	0	0	0	1	0	0	0	1	0	0	0	0	1	0	0	0	1	0	0	0	1	0	0	1	0	0	0	1	0	0	0	0.0195714	0.980429	0	0	0.0184286	0.981571	0	0	1	0	0	0	1	0	0	0	1	0	0	0	1	0	0	0	1	0	0	0	1	0	0	0	1	0	0	0.000142857	0.999857	0	0	0	0	1	0	0	0	1	0	0	1	0	0	0	1	0	0	0	0.0804286	0.919571	0	0	1	0	0	0	1	0	0	0	1	0	0	0	1	0	0	0	1	0	0	0	1	0	0	0	1	0	0	0.0101429	0.989857	0
49	3.48841	0.27485	0.479772	0.783338	0	0	0.088	0.912	0	0	0.624	0.376	0	0	0.251714	0.748286	0	0	0	0	1	0	0	0	1	0	0.000142857	0.00228571	0.997571	0	0.000142857	0.999857	0	0	0.000142857	0.999857	0	0	0	0.000142857	0.999857	0	0.000142857	0	0.999857	0	0	1	0	0	0	1	0	0	0	1	0	0	0	1	0	0	0.000285714	0.999714	0	0	0.226143	0.773857	0	0	0.963714	0.0362857	0	0	0.966857	0.0331429	0	0	0	0.00328571	0.996714	0	0.000142857	0.0442857	0.955571	0	0.000142857	0.999857	0	0	0.000142857	0.999857	0	0	0.000142857	0	0.999857	0	0.000142857	0.999857	0	0	0	1	0	0	0	1	0	0	0	1	0	0	0.000571429	0.999429	0	0	0.0361429	0.963857	0	0	0.602714	0.397286	0	0	0.979429	0.0205714	0
19	5.3273	0.266659	0.645523	0.794247	0	0	0.0117143	0.988286	0	0	0.021	0.979	0	0	0.000857143	0.999143	0	0	0	0	1	0	0	0	1	0	0	0	1	0	0	1	0	0	0	1	0	0	0	0	1	0	0	0	1	0	0	1	0	0	0	1	0	0	0	1	0	0	0	1	0	0	0.007	0.993	0	0	0.0874286	0.912571	0	0	0.0504286	0.949571	0	0	0.792143	0.207857	0	0	0	0	1	0	0	0.007	0.993	0	0	1	0	0	0	1	0	0	0	0	1	0	0	1	0	0	0	1	0	0	0	1	0	0	0	1	0	0	0.0187143	0.981286	0	0	0.065	0.935	0	0	0.417857	0.582143	0	0	0.968143	0.0318571	0
73	1.91743	0.303116	0.513383	0.787481	0	0	0	1	0	0	0	1	0	0	0	1	0	0	0	0.00242857	0.997571	0	0	0.00228571	0.997714	0	0	0.00742857	0.992571	0	0	1	0	0	0	1	0	0	0	0	1	0	0	0	1	0	0	1	0	0	0	1	0	0	0	1	0	0	0	1	0	0	0	1	0	0	0	1	0	0	0	1	0	0	0.000142857	0.999857	0	0	0	0.00442857	0.995571	0	0	0.024	0.976	0	0	1	0	0	0	1	0	0	0	0	1	0	0	1	0	0	0	1	0	0	0	1	0	0	0	1	0	0	0	1	0	0	0.000285714	0.999714	0	0	0.000714286	0.999286	0	0	0.0227143	0.977286	0
57	7.94698	0.383723	0.339333	0.669121	0	0	0.994857	0.00514286	0	0	0.996	0.004	0	0	0.311	0.689	0	0	0	0.106	0.894	0	0	0.0192857	0.980714	0	0	0	1	0	0.111286	0.888714	0	0	0.140143	0.859857	0	0	0	0	1	0	0	0	1	0	0.00242857	0.997571	0	0	0.002	0.998	0	0	0.0195714	0.980429	0	0	0.0437143	0.956286	0	0	0.0571429	0.942857	0	0	0.0718571	0.928143	0	0	0.997286	0.00271429	0	0	0.997286	0.00271429	0	0	0	0.159	0.841	0	0	0.984286	0.0157143	0	0.158	0.842	0	0	0.212571	0.787429	0	0	0	1	0	0	0.269571	0.730429	0	0	0.00742857	0.992571	0	0	0.0482857	0.951714	0	0	0.0568571	0.943143	0	0	0.176143	0.823857	0	0	0.355714	0.644286	0	0	0.596429	0.403571	0	0	0.998143	0.00185714	0
31	1.53003	0.279682	0.453544	0.743071	0	0	0.976571	0.0234286	0	0	0.253857	0.746143	0	0	0.0408571	0.959143	0	0	0.0138571	0.0592857	0.926857	0	0.0134286	0.0572857	0.929286	0	0.0191429	0.104857	0.876	0	0.0234286	0.976571	0	0	0.0177143	0.982286	0	0	0.0448571	0.0298571	0.925286	0	0.0451429	0.0325714	0.922286	0	0.000142857	0.999857	0	0	0.000142857	0.999857	0	0	0.00157143	0.998429	0	0	0.000285714	0.999714	0	0	0.016	0.984	0	0	0.0451429	0.954857	0	0	0.994143	0.00585714	0	0	0.997857	0.00214286	0	0	0.0195714	0.0881429	0.892286	0	0.0285714	0.187	0.784429	0	0.0301429	0.969857	0	0	0.047	0.953	0	0	0.0704286	0.0174286	0.912143	0	0.073	0.927	0	0	0.000428571	0.999571	0	0	0.00342857	0.996571	0	0	0.007	0.993	0	0	0.0432857	0.956714	0	0	0.1	0.9	0	0	0.195	0.805	0	0	1	0	0
71	2.42884	0.179127	0.524492	0.792263	0	0	0.000142857	0.999857	0	0	0	1	0	0	0	1	0	0	0	0	1	0	0	0	1	0	0	0	1	0	0	1	0	0	0	1	0	0	0	0	1	0	0	0	1	0	0	1	0	0	0	1	0	0	0	1	0	0	0	1	0	0	0	1	0	0	0	1	0	0	0.000142857	0.999857	0	0	0.00514286	0.994857	0	0	0	0	1	0	0	0	1	0	0	1	0	0	0	1	0	0	0	0	1	0	0	1	0	0	0	1	0	0	0	1	0	0	0	1	0	0	0	1	0	0	0.000142857	0.999857	0	0	0.000142857	0.999857	0	0	0.0525714	0.947429	0
41	7.85096	0.181641	0.370626	0.85794	0	0	0.0907143	0.909286	0	0	0.992429	0.00757143	0	0	0.0268571	0.973143	0	0	0	0	1	0	0	0	1	0	0.00142857	0	0.998571	0	0.438286	0.561714	0	0	0.844857	0.155143	0	0	0	0	1	0	0	0	1	0	0.0301429	0.969857	0	0	0.0755714	0.924429	0	0	0.795	0.205	0	0	0.316	0.684	0	0	0.0598571	0.940143	0	0	0.344286	0.655714	0	0	0.992429	0.00757143	0	0	0.992714	0.00728571	0	0	0	0.144143	0.855857	0	0.00142857	0.998571	0	0	1	0	0	0	1	0	0	0	0	1	0	0	1	0	0	0	0.157429	0.842571	0	0	0.857571	0.142429	0	0	0.946143	0.0538571	0	0	0.963571	0.0364286	0	0	1	0	0	0	1	0	0	0	1	0	0
7	2.36506	0.104732	0.515098	0.656335	0	0	0	1	0	0	0	1	0	0	0	1	0	0	0	0	1	0	0	0	1	0	0	0	1	0	0	1	0	0	0	1	0	0	0	0.082	0.918	0	0	0.172429	0.827571	0	0	1	0	0	0	1	0	0	0	1	0	0	0	1	0	0	0	1	0	0	0	1	0	0	0	1	0	0	0.000714286	0.999286	0	0	0	0	1	0	0	0.000142857	0.999857	0	0	1	0	0	0	1	0	0	0	0.870286	0.129714	0	0	1	0	0	0	1	0	0	0	1	0	0	0	1	0	0	0	1	0	0	0	1	0	0	0.000142857	0.999857	0	0	0.06	0.94	0
50	2.04894	0.14693	0.510753	0.794846	0	0	0	1	0	0	0	1	0	0	0	1	0	0	0	0	1	0	0	0	1	0	0	0	1	0	0	1	0	0	0	1	0	0	0	0	1	0	0	0	1	0	0	1	0	0	0	1	0	0	0	1	0	0	0	1	0	0	0	1	0	0	0	1	0	0	0	1	0	0	0.00114286	0.998857	0	0	0	0	1	0	0	0	1	0	0	1	0	0	0	1	0	0	0	0	1	0	0	1	0	0	0	1	0	0	0	1	0	0	0	1	0	0	0	1	0	0	0	1	0	0	0	1	0	0	0.01	0.99	0
74	6.8311	0.221702	0.650557	0.643054	0	0	0.000571429	0.999429	0	0	0.000714286	0.999286	0	0	0.00957143	0.990429	0	0	0	0	1	0	0	0	1	0	0	0.000285714	0.999714	0	0.000142857	0.999857	0	0	0.000285714	0.999714	0	0	0	0	1	0	0	0	1	0	0	1	0	0	0	1	0	0	0	1	0	0	0	1	0	0	0.000571429	0.999429	0	0	0.129429	0.870571	0	0	0.002	0.998	0	0	0.0258571	0.974143	0	0	0	0.0102857	0.989714	0	0	0.995	0.005	0	0.001	0.999	0	0	0.0255714	0.974429	0	0	0	1	0	0	0.0457143	0.954286	0	0	0	1	0	0	0	1	0	0	0	1	0	0	0.00257143	0.997429	0	0	0.0737143	0.926286	0	0	0.887714	0.112286	0	0	0.929857	0.0701429	0
20	2.23231	0.239729	0.559811	0.796634	0	0	0.000285714	0.999714	0	0	0	1	0	0	0.00128571	0.998714	0	0	0	0	1	0	0	0	1	0	0	0	1	0	0	1	0	0	0	1	0	0	0.00214286	0.001	0.996857	0	0.00171429	0.00142857	0.996857	0	0	1	0	0	0	1	0	0	0	1	0	0	0	1	0	0	0.000428571	0.999571	0	0	0.00485714	0.995143	0	0	0.000714286	0.999286	0	0	0.0298571	0.970143	0	0	0	0	1	0	0	0	1	0	0	1	0	0	0	1	0	0	0.00314286	0	0.996857	0	0.00314286	0.996857	0	0	0	1	0	0	0	1	0	0	0	1	0	0	0.00414286	0.995857	0	0	0.0202857	0.979714	0	0	0.0507143	0.949286	0	0	0.180714	0.819286	0
77	5.22528	0.358658	0.27579	0.70938	0	0	0.691143	0.308857	0	0	0.953429	0.0465714	0	0	0.885429	0.114571	0	0	0	0.000428571	0.999571	0	0	0	1	0	0.000428571	0.000285714	0.999286	0	0.363	0.637	0	0	0.346429	0.653571	0	0	0.000142857	0	0.999857	0	0.000142857	0.00185714	0.998	0	0.00585714	0.994143	0	0	0.00828571	0.991714	0	0	0.00271429	0.997286	0	0	0.000428571	0.999571	0	0	0.0567143	0.943286	0	0	0.293	0.707	0	0	0.964143	0.0358571	0	0	0.975	0.025	0	0	0	0.110571	0.889429	0	0.000428571	0.992143	0.00742857	0	0.376571	0.623429	0	0	0.381429	0.618571	0	0	0.000142857	0.975	0.0248571	0	0.387143	0.612857	0	0	0.011	0.989	0	0	0.00471429	0.995286	0	0	0.022	0.978	0	0	0.116143	0.883857	0	0	0.393714	0.606286	0	0	0.515286	0.484714	0	0	0.985143	0.0148571	0
32	1.99051	0.236222	0.504337	0.787771	0	0	0	1	0	0	0	1	0	0	0	1	0	0	0	0.001	0.999	0	0	0.000571429	0.999429	0	0	0.00142857	0.998571	0	0	1	0	0	0	1	0	0	0	0	1	0	0	0	1	0	0	1	0	0	0	1	0	0	0	1	0	0	0	1	0	0	0	1	0	0	0	1	0	0	0	1	0	0	0	1	0	0	0	0.00157143	0.998429	0	0	0.0118571	0.988143	0	0	1	0	0	0	1	0	0	0	0	1	0	0	1	0	0	0	1	0	0	0	1	0	0	0	1	0	0	0	1	0	0	0	1	0	0	0	1	0	0	0.000857143	0.999143	0
42	2.02677	0.146489	0.491406	0.789315	0	0	0	1	0	0	0	1	0	0	0	1	0	0	0	0	1	0	0	0	1	0	0	0	1	0	0	1	0	0	0	1	0	0	0	0	1	0	0	0	1	0	0	1	0	0	0	1	0	0	0	1	0	0	0	1	0	0	0	1	0	0	0	1	0	0	0	1	0	0	0.000142857	0.999857	0	0	0	0	1	0	0	0	1	0	0	1	0	0	0	1	0	0	0	0	1	0	0	1	0	0	0	1	0	0	0	1	0	0	0	1	0	0	0	1	0	0	0	1	0	0	0	1	0	0	0.00614286	0.993857	0
72	8.43183	0.142345	0.305459	0.662922	0	0	0.0667143	0.933286	0	0	0.835714	0.164286	0	0	1	0	0	0	0	0	1	0	0	0	1	0	0	0.0265714	0.973429	0	0.000857143	0.999143	0	0	0.000857143	0.999143	0	0	0	0	1	0	0	0	1	0	0	1	0	0	0	1	0	0	0	1	0	0	0	1	0	0	0.000142857	0.999857	0	0	0.996714	0.00328571	0	0	0.886	0.114	0	0	1	0	0	0	0	0	1	0	0	0.872714	0.127286	0	0.00228571	0.997714	0	0	0.0424286	0.957571	0	0	0	0.924714	0.0752857	0	0.0982857	0.901714	0	0	0	1	0	0	0	1	0	0	0.000142857	0.999857	0	0	0.00257143	0.997429	0	0	0.190857	0.809143	0	0	1	0	0	0	1	0	0
8	1.73444	0.187111	0.5052	0.793798	0	0	0	1	0	0	0	1	0	0	0	1	0	0	0	0.000857143	0.999143	0	0	0.00157143	0.998429	0	0	0.000428571	0.999571	0	0	1	0	0	0	1	0	0	0	0	1	0	0	0	1	0	0	1	0	0	0	1	0	0	0	1	0	0	0	1	0	0	0	1	0	0	0	1	0	0	0	1	0	0	0.000285714	0.999714	0	0	0	0.00257143	0.997429	0	0	0.005	0.995	0	0	1	0	0	0	1	0	0	0	0	1	0	0	1	0	0	0	1	0	0	0	1	0	0	0	1	0	0	0	1	0	0	0	1	0	0	0	1	0	0	0.0102857	0.989714	0
75	2.06797	0.139624	0.524713	0.740789	0	0	0.000142857	0.999857	0	0	0.00157143	0.998429	0	0	0	1	0	0	0	0	1	0	0	0	1	0	0	0	1	0	0	1	0	0	0	1	0	0	0.000142857	0.00214286	0.997714	0	0	0.150714	0.849286	0	0	1	0	0	0	1	0	0	0	1	0	0	0	1	0	0	0	1	0	0	0.000142857	0.999857	0	0	0.00414286	0.995857	0	0	0.0141429	0.985857	0	0	0	0	1	0	0	0	1	0	0	1	0	0	0	1	0	0	0.000285714	0.239286	0.760429	0	0.000714286	0.999286	0	0	0	1	0	0	0	1	0	0	0	1	0	0	0	1	0	0	0.000714286	0.999286	0	0	0.0112857	0.988714	0	0	0.0691429	0.930857	0
80	11.1954	0.255062	0.561381	0.627184	0	0	0.0124286	0.987571	0	0	0.00714286	0.992857	0	0	0.0734286	0.926571	0	0	0	0	1	0	0	0	1	0	0	0	1	0	0.000142857	0.999857	0	0	0.000142857	0.999857	0	0	0	0	1	0	0	0	1	0	0	1	0	0	0	1	0	0	0	1	0	0	0	1	0	0	0	1	0	0	0.000285714	0.999714	0	0	0.0414286	0.958571	0	0	0.0938571	0.906143	0	0	0	0.131	0.869	0	0	1	0	0	0.000142857	0.999857	0	0	0.000142857	0.999857	0	0	0	1	0	0	0.000142857	0.999857	0	0	0	1	0	0	0	1	0	0	0	1	0	0	0	1	0	0	0.000142857	0.999857	0	0	0.003	0.997	0	0	0.268	0.732	0
21	2.54783	0.346952	0.515907	0.754308	0	0	0.000428571	0.999571	0	0	0.000714286	0.999286	0	0	0.000142857	0.999857	0	0	0	0	1	0	0	0	1	0	0	0	1	0	0	1	0	0	0	1	0	0	0	0.108	0.892	0	0	0.00657143	0.993429	0	0	1	0	0	0	1	0	0	0	1	0	0	0	1	0	0	0	1	0	0	0	1	0	0	0.00142857	0.998571	0	0	0.00485714	0.995143	0	0	0	0	1	0	0	0	1	0	0	1	0	0	0	1	0	0	0	0.21	0.79	0	0	1	0	0	0	1	0	0	0	1	0	0	0	1	0	0	0	1	0	0	0.000142857	0.999857	0	0	0.000714286	0.999286	0	0	0.0424286	0.957571	0
78	2.3831	0.296587	0.513223	0.79359	0	0	0.000142857	0.999857	0	0	0	1	0	0	0.00128571	0.998714	0	0	0	0	1	0	0	0	1	0	0	0	1	0	0	1	0	0	0	1	0	0	0	0	1	0	0	0	1	0	0	1	0	0	0	1	0	0	0	1	0	0	0	1	0	0	0	1	0	0	0	1	0	0	0.000428571	0.999571	0	0	0.00457143	0.995429	0	0	0	0	1	0	0	0.000142857	0.999857	0	0	1	0	0	0	1	0	0	0	0	1	0	0	1	0	0	0	1	0	0	0	1	0	0	0	1	0	0	0	1	0	0	0	1	0	0	0.000571429	0.999429	0	0	0.0148571	0.985143	0
83	3.76257	0.236628	0.567256	0.725905	0	0	0.000142857	0.999857	0	0	0.000857143	0.999143	0	0	0	1	0	0	0	0.00257143	0.997429	0	0	0	1	0	0	0	1	0	0.000428571	0.999571	0	0	0.000142857	0.999857	0	0	0	0	1	0	0	0	1	0	0	1	0	0	0	1	0	0	0	1	0	0	0	1	0	0	0	1	0	0	0.000142857	0.999857	0	0	0.001	0.999	0	0	0.00228571	0.997714	0	0	0	0.0461429	0.953857	0	0	0.331571	0.668429	0	0.000428571	0.999571	0	0	0.000714286	0.999286	0	0	0	0.362857	0.637143	0	0.000714286	0.999286	0	0	0	1	0	0	0	1	0	0	0	1	0	0	0.000142857	0.999857	0	0	0.00242857	0.997571	0	0	0.0131429	0.986857	0	0	0.181	0.819	0
33	2.29664	0.295659	0.516814	0.789553	0	0	0	1	0	0	0	1	0	0	0	1	0	0	0	0	1	0	0	0	1	0	0	0	1	0	0	1	0	0	0	1	0	0	0	0.00157143	0.998429	0	0	0.00242857	0.997571	0	0	1	0	0	0	1	0	0	0	1	0	0	0	1	0	0	0	1	0	0	0.00342857	0.996571	0	0	0	1	0	0	0.001	0.999	0	0	0	0	1	0	0	0	1	0	0	1	0	0	0	1	0	0	0	0.0104286	0.989571	0	0	1	0	0	0	1	0	0	0	1	0	0	0	1	0	0	0	1	0	0	0.000714286	0.999286	0	0	0.00914286	0.990857	0	0	0.0348571	0.965143	0
86	1.68355	0.217865	0.329914	0.794108	0	0	0.232571	0.767429	0	0	0.799286	0.200714	0	0	0.999571	0.000428571	0	0	0.000714286	0.000285714	0.999	0	0.000428571	0.000571429	0.999	0	0.000857143	0.000285714	0.998857	0	0.000142857	0.999857	0	0	0	1	0	0	0.00257143	0.000714286	0.996714	0	0.00214286	0.00128571	0.996571	0	0	1	0	0	0	1	0	0	0	1	0	0	0	1	0	0	0	1	0	0	0.239857	0.760143	0	0	0.871857	0.128143	0	0	1	0	0	0	0.000857143	0.000428571	0.998714	0	0.000857143	0.00157143	0.997571	0	0.000142857	0.999857	0	0	0.000857143	0.999143	0	0	0.00328571	0.000142857	0.996571	0	0.00328571	0.996714	0	0	0	1	0	0	0	1	0	0	0	1	0	0	0	1	0	0	0.0111429	0.988857	0	0	0.276286	0.723714	0	0	1	0	0
9	2.11026	0.198094	0.602131	0.792265	0	0	0.000285714	0.999714	0	0	0.000571429	0.999429	0	0	0.0227143	0.977286	0	0	0	0	1	0	0	0	1	0	0	0	1	0	0	1	0	0	0	1	0	0	0	0	1	0	0	0	1	0	0	1	0	0	0	1	0	0	0	1	0	0	0	1	0	0	0	1	0	0	0.00157143	0.998429	0	0	0.00471429	0.995286	0	0	0.0651429	0.934857	0	0	0	0	1	0	0	0.000857143	0.999143	0	0	1	0	0	0	1	0	0	0	0	1	0	0	1	0	0	0	1	0	0	0	1	0	0	0	1	0	0	0	1	0	0	0	1	0	0	0.0102857	0.989714	0	0	0.317429	0.682571	0
76	1.88925	0.164924	0.501551	0.794714	0	0	0	1	0	0	0	1	0	0	0	1	0	0	0	0	1	0	0	0	1	0	0	0.000428571	0.999571	0	0	1	0	0	0	1	0	0	0	0.000428571	0.999571	0	0	0.000428571	0.999571	0	0	1	0	0	0	1	0	0	0	1	0	0	0	1	0	0	0	1	0	0	0.000142857	0.999857	0	0	0	1	0	0	0.00114286	0.998857	0	0	0	0	1	0	0	0.00142857	0.998571	0	0	1	0	0	0	1	0	0	0	0.00285714	0.997143	0	0	1	0	0	0	1	0	0	0	1	0	0	0	1	0	0	0	1	0	0	0	1	0	0	0.000142857	0.999857	0	0	0.0104286	0.989571	0
81	1.98975	0.218301	0.5268	0.78386	0	0	0.000142857	0.999857	0	0	0	1	0	0	0	1	0	0	0	0.00242857	0.997571	0	0	0.00257143	0.997429	0	0	0.00957143	0.990429	0	0	1	0	0	0	1	0	0	0	0.000142857	0.999857	0	0	0.000142857	0.999857	0	0	1	0	0	0	1	0	0	0	1	0	0	0	1	0	0	0	1	0	0	0.000285714	0.999714	0	0	0.000428571	0.999571	0	0	0.00371429	0.996286	0	0	0	0.005	0.995	0	0	0.0344286	0.965571	0	0	1	0	0	0	1	0	0	0	0.000428571	0.999571	0	0	1	0	0	0	1	0	0	0	1	0	0	0	1	0	0	0	1	0	0	0.000428571	0.999571	0	0	0.000857143	0.999143	0	0	0.0738571	0.926143	0
22	2.3233	0.128124	0.514046	0.802241	0	0	0	1	0	0	0	1	0	0	0	1	0	0	0	0	1	0	0	0	1	0	0	0	1	0	0	1	0	0	0	1	0	0	0	0	1	0	0	0	1	0	0	1	0	0	0	1	0	0	0	1	0	0	0	1	0	0	0	1	0	0	0	1	0	0	0	1	0	0	0	1	0	0	0	0	1	0	0	0	1	0	0	1	0	0	0	1	0	0	0	0	1	0	0	1	0	0	0	1	0	0	0	1	0	0	0	1	0	0	0	1	0	0	0	1	0	0	0	1	0	0	0.000285714	0.999714	0
79	5.3186	0.0930493	0.589338	0.700419	0	0	0	1	0	0	0	1	0	0	0	1	0	0	0	0	1	0	0	0	1	0	0	0	1	0	0	1	0	0	0	1	0	0	0	0	1	0	0	0	1	0	0	1	0	0	0	1	0	0	0	1	0	0	0	1	0	0	0	1	0	0	0	1	0	0	0	1	0	0	0.00228571	0.997714	0	0	0	0.00814286	0.991857	0	0	0.868286	0.131714	0	0	1	0	0	0	1	0	0	0	0	1	0	0	1	0	0	0	1	0	0	0	1	0	0	0	1	0	0	0	1	0	0	0	1	0	0	0.000428571	0.999571	0	0	0.226143	0.773857	0
84	4.37874	0.194184	0.632788	0.795707	0	0	0.002	0.998	0	0	0.011	0.989	0	0	0.000142857	0.999857	0	0	0	0	1	0	0	0	1	0	0	0	1	0	0	1	0	0	0	1	0	0	0	0	1	0	0	0	1	0	0	1	0	0	0	1	0	0	0	1	0	0	0	1	0	0	0	1	0	0	0.0251429	0.974857	0	0	0.0324286	0.967571	0	0	0.99	0.01	0	0	0	0	1	0	0	0.000428571	0.999571	0	0	1	0	0	0	1	0	0	0	0	1	0	0	1	0	0	0	1	0	0	0	1	0	0	0	1	0	0	0.001	0.999	0	0	0.0407143	0.959286	0	0	0.993286	0.00671429	0	0	1	0	0
10	1.3834	0.117005	0.525505	0.779389	0	0	0	1	0	0	0	1	0	0	0	1	0	0	0	0.009	0.991	0	0	0.00785714	0.992143	0	0	0.00714286	0.992857	0	0	1	0	0	0	1	0	0	0	0.016	0.984	0	0	0.0145714	0.985429	0	0	1	0	0	0	1	0	0	0	1	0	0	0	1	0	0	0	1	0	0	0.001	0.999	0	0	0	1	0	0	0.00142857	0.998571	0	0	0	0.0132857	0.986714	0	0	0.0194286	0.980571	0	0	1	0	0	0	1	0	0	0	0.0635714	0.936429	0	0	1	0	0	0	1	0	0	0	1	0	0	0	1	0	0	0	1	0	0	0	1	0	0	0.00285714	0.997143	0	0	0.0731429	0.926857	0
88	3.74103	0.455212	0.594237	0.779655	0	0	0.0357143	0.964286	0	0	0.0252857	0.974714	0	0	0.0102857	0.989714	0	0	0	0	1	0	0	0	1	0	0	0.000285714	0.999714	0	0	1	0	0	0	1	0	0	0	0	1	0	0	0	1	0	0	1	0	0	0	1	0	0	0	1	0	0	0	1	0	0	0	1	0	0	0.00128571	0.998714	0	0	0.0391429	0.960857	0	0	0.061	0.939	0	0	0	0.0144286	0.985571	0	0	0.127	0.873	0	0	1	0	0	0	1	0	0	0	0.001	0.999	0	0	1	0	0	0	1	0	0	0	1	0	0	0	1	0	0	0.000142857	0.999857	0	0	0.00185714	0.998143	0	0	0.0271429	0.972857	0	0	0.317	0.683	0
87	6.45364	0.158672	0.787091	0.801446	0	0	0	1	0	0	0	1	0	0	0	1	0	0	0	0	1	0	0	0	1	0	0	0	1	0	0	1	0	0	0	1	0	0	0	0	1	0	0	0	1	0	0	1	0	0	0	1	0	0	0	1	0	0	0	1	0	0	0	1	0	0	0.000428571	0.999571	0	0	0.000714286	0.999286	0	0	0.0205714	0.979429	0	0	0	0	1	0	0	0	1	0	0	1	0	0	0	1	0	0	0	0	1	0	0	1	0	0	0	1	0	0	0	1	0	0	0	1	0	0	0.000428571	0.999571	0	0	0.009	0.991	0	0	0.0258571	0.974143	0	0	1	0	0
90	2.38487	0.161656	0.518388	0.796658	0	0	0.000285714	0.999714	0	0	0.00114286	0.998857	0	0	0	1	0	0	0	0	1	0	0	0	1	0	0	0	1	0	0	1	0	0	0	1	0	0	0	0	1	0	0	0	1	0	0	1	0	0	0	1	0	0	0	1	0	0	0	1	0	0	0	1	0	0	0.000142857	0.999857	0	0	0.00185714	0.998143	0	0	0.00342857	0.996571	0	0	0	0	1	0	0	0	1	0	0	1	0	0	0	1	0	0	0	0	1	0	0	1	0	0	0	1	0	0	0	1	0	0	0	1	0	0	0	1	0	0	0.000142857	0.999857	0	0	0.00257143	0.997429	0	0	0.0514286	0.948571	0
82	3.98121	0.299232	0.403632	0.654796	0	0	0.439571	0.560429	0	0	0.400429	0.599571	0	0	0.604	0.396	0	0	0	0	1	0	0	0.00528571	0.994714	0	0.00257143	0.104	0.893429	0	0.028	0.972	0	0	0.0122857	0.987714	0	0	0	0.000142857	0.999857	0	0	0	1	0	0	1	0	0	0	1	0	0	0	1	0	0	0	1	0	0	0.00114286	0.998857	0	0	0.0667143	0.933286	0	0	0.637286	0.362714	0	0	0.737286	0.262714	0	0	0	0.145143	0.854857	0	0.00385714	0.968714	0.0274286	0	0.029	0.971	0	0	0.0331429	0.966857	0	0	0	0.327286	0.672714	0	0.036	0.964	0	0	0	1	0	0	0	1	0	0	0.000142857	0.999857	0	0	0.00628571	0.993714	0	0	0.0577143	0.942286	0	0	0.318429	0.681571	0	0	0.837143	0.162857	0
23	2.25282	0.118788	0.508331	0.779593	0	0	0	1	0	0	0	1	0	0	0	1	0	0	0	0	1	0	0	0	1	0	0	0.0317143	0.968286	0	0	1	0	0	0	1	0	0	0	0	1	0	0	0	1	0	0	1	0	0	0	1	0	0	0	1	0	0	0	1	0	0	0	1	0	0	0	1	0	0	0	1	0	0	0.000428571	0.999571	0	0	0	0.001	0.999	0	0	0.0517143	0.948286	0	0	1	0	0	0	1	0	0	0	0	1	0	0	1	0	0	0	1	0	0	0	1	0	0	0	1	0	0	0	1	0	0	0	1	0	0	0	1	0	0	0.0321429	0.967857	0
92	3.77921	0.376743	0.61999	0.696679	0	0	0.024	0.976	0	0	0.0391429	0.960857	0	0	0.0217143	0.978286	0	0	0	0	1	0	0	0	1	0	0	0.000142857	0.999857	0	0	1	0	0	0	1	0	0	0.000285714	0	0.999714	0	0	0.000285714	0.999714	0	0	1	0	0	0	1	0	0	0	1	0	0	0	1	0	0	0.000714286	0.999286	0	0	0.0142857	0.985714	0	0	0.122	0.878	0	0	0.254286	0.745714	0	0	0	0.0132857	0.986714	0	0	0.896429	0.103571	0	0	1	0	0	0.000142857	0.999857	0	0	0.000285714	0	0.999714	0	0.000285714	0.999714	0	0	0	1	0	0	0	1	0	0	0	1	0	0	0.00185714	0.998143	0	0	0.00614286	0.993857	0	0	0.0658571	0.934143	0	0	0.526	0.474	0
85	1.2657	0.0750432	0.503607	0.784165	0	0	0	1	0	0	0	1	0	0	0	1	0	0	0	0.0175714	0.982429	0	0	0.0184286	0.981571	0	0	0.0157143	0.984286	0	0	1	0	0	0	1	0	0	0	0	1	0	0	0	1	0	0	1	0	0	0	1	0	0	0	1	0	0	0	1	0	0	0	1	0	0	0	1	0	0	0	1	0	0	0	1	0	0	0	0.0291429	0.970857	0	0	0.0677143	0.932286	0	0	1	0	0	0	1	0	0	0	0	1	0	0	1	0	0	0	1	0	0	0	1	0	0	0	1	0	0	0	1	0	0	0	1	0	0	0	1	0	0	0.00228571	0.997714	0
11	1.74556	0.16751	0.493762	0.791081	0	0	0	1	0	0	0	1	0	0	0	1	0	0	0	0	1	0	0	0	1	0	0	0.000142857	0.999857	0	0	1	0	0	0	1	0	0	0	0	1	0	0	0	1	0	0	1	0	0	0	1	0	0	0	1	0	0	0	1	0	0	0	1	0	0	0	1	0	0	0	1	0	0	0	1	0	0	0	0	1	0	0	0.000857143	0.999143	0	0	1	0	0	0	1	0	0	0	0.000571429	0.999429	0	0	1	0	0	0	1	0	0	0	1	0	0	0	1	0	0	0	1	0	0	0	1	0	0	0	1	0	0	0.00357143	0.996429	0
89	1.62099	0.133804	0.5173	0.792038	0	0	0	1	0	0	0	1	0	0	0	1	0	0	0	0.000428571	0.999571	0	0	0.000142857	0.999857	0	0	0.00214286	0.997857	0	0	1	0	0	0	1	0	0	0.000142857	0.000285714	0.999571	0	0.000142857	0.000857143	0.999	0	0	1	0	0	0	1	0	0	0	1	0	0	0	1	0	0	0	1	0	0	0.018	0.982	0	0	0	1	0	0	0.000714286	0.999286	0	0	0	0.000714286	0.999286	0	0	0.00985714	0.990143	0	0	1	0	0	0	1	0	0	0.000142857	0.00257143	0.997286	0	0.000142857	0.999857	0	0	0	1	0	0	0	1	0	0	0	1	0	0	0	1	0	0	0.000142857	0.999857	0	0	0.0224286	0.977571	0	0	0.0474286	0.952571	0
93	1.95036	0.139428	0.511813	0.795698	0	0	0	1	0	0	0	1	0	0	0	1	0	0	0	0	1	0	0	0	1	0	0	0	1	0	0	1	0	0	0	1	0	0	0	0	1	0	0	0	1	0	0	1	0	0	0	1	0	0	0	1	0	0	0	1	0	0	0	1	0	0	0	1	0	0	0	1	0	0	0.000142857	0.999857	0	0	0	0	1	0	0	0	1	0	0	1	0	0	0	1	0	0	0	0	1	0	0	1	0	0	0	1	0	0	0	1	0	0	0	1	0	0	0	1	0	0	0	1	0	0	0	1	0	0	0.00557143	0.994429	0
91	5.08787	0.226881	0.593622	0.68841	0	0	0	1	0	0	0	1	0	0	0	1	0	0	0	0	1	0	0	0	1	0	0	0.00128571	0.998714	0	0	1	0	0	0	1	0	0	0	0	1	0	0	0	1	0	0	1	0	0	0	1	0	0	0	1	0	0	0	1	0	0	0	1	0	0	0.00857143	0.991429	0	0	0.000142857	0.999857	0	0	0.004	0.996	0	0	0	0.0382857	0.961714	0	0	0.998429	0.00157143	0	0	1	0	0	0	1	0	0	0	0	1	0	0	1	0	0	0	1	0	0	0	1	0	0	0	1	0	0	0.000142857	0.999857	0	0	0.0102857	0.989714	0	0	0.0842857	0.915714	0	0	0.281714	0.718286	0
95	1.71707	0.259426	0.700793	0.767208	0	0	0.002	0.998	0	0	0.00514286	0.994857	0	0	0.00671429	0.993286	0	0	0	0.0395714	0.960429	0	0	0.0398571	0.960143	0	0	0.041	0.959	0	0	1	0	0	0	1	0	0	0	0	1	0	0	0	1	0	0	1	0	0	0	1	0	0	0	1	0	0	0	1	0	0	0	1	0	0	0.00142857	0.998571	0	0	0.015	0.985	0	0	0.109571	0.890429	0	0	0	0.0634286	0.936571	0	0	0.108857	0.891143	0	0	1	0	0	0	1	0	0	0	0	1	0	0	1	0	0	0	1	0	0	0	1	0	0	0	1	0	0	0	1	0	0	0.00142857	0.998571	0	0	0.0245714	0.975429	0	0	0.629143	0.370857	0
94	4.79272	0.438952	0.343124	0.780904	0	0	0.737143	0.262857	0	0	0.398	0.602	0	0	0.806	0.194	0	0	0	0	1	0	0	0	1	0	0	0	1	0	0	1	0	0	0	1	0	0	0	0	1	0	0	0	1	0	0.000142857	0.999857	0	0	0.000142857	0.999857	0	0	0.000142857	0.999857	0	0	0.000142857	0.999857	0	0	0.00257143	0.997429	0	0	0.456714	0.543286	0	0	0.827571	0.172429	0	0	0.905429	0.0945714	0	0	0	0	1	0	0	0.093	0.907	0	0	1	0	0	0	1	0	0	0	0	1	0	0	1	0	0	0.000142857	0.999857	0	0	0.000142857	0.999857	0	0	0.000285714	0.999714	0	0	0.00514286	0.994857	0	0	0.0665714	0.933429	0	0	0.991857	0.00814286	0	0	0.997	0.003	0
96	2.15326	0.226622	0.499615	0.794041	0	0	0	1	0	0	0	1	0	0	0	1	0	0	0	0	1	0	0	0	1	0	0	0.000571429	0.999429	0	0	1	0	0	0	1	0	0	0	0	1	0	0	0	1	0	0	1	0	0	0	1	0	0	0	1	0	0	0	1	0	0	0	1	0	0	0	1	0	0	0	1	0	0	0	1	0	0	0	0.000285714	0.999714	0	0	0.00357143	0.996429	0	0	1	0	0	0	1	0	0	0	0	1	0	0	1	0	0	0	1	0	0	0	1	0	0	0	1	0	0	0	1	0	0	0	1	0	0	0	1	0	0	0	1	0
97	1.62497	0.143807	0.492736	0.792513	0	0	0	1	0	0	0	1	0	0	0	1	0	0	0	0	1	0	0	0	1	0	0	0.000142857	0.999857	0	0	1	0	0	0	1	0	0	0	0	1	0	0	0	1	0	0	1	0	0	0	1	0	0	0	1	0	0	0	1	0	0	0	1	0	0	0	1	0	0	0	1	0	0	0	1	0	0	0	0	1	0	0	0.00228571	0.997714	0	0	1	0	0	0	1	0	0	0	0	1	0	0	1	0	0	0	1	0	0	0	1	0	0	0	1	0	0	0	1	0	0	0	1	0	0	0	1	0	0	0	1	0
99	1.59434	0.147202	0.506847	0.739894	0	0	0	1	0	0	0	1	0	0	0	1	0	0	0	0.0134286	0.986571	0	0	0.00857143	0.991429	0	0	0.142143	0.857857	0	0	1	0	0	0	1	0	0	0	0.000142857	0.999857	0	0	0	1	0	0	1	0	0	0	1	0	0	0	1	0	0	0	1	0	0	0	1	0	0	0	1	0	0	0	1	0	0	0	1	0	0	0	0.0377143	0.962286	0	0	0.257	0.743	0	0	1	0	0	0	1	0	0	0	0.000142857	0.999857	0	0	1	0	0	0	1	0	0	0	1	0	0	0	1	0	0	0	1	0	0	0	1	0	0	0	1	0	0	0.0214286	0.978571	0
12	1.77805	0.0802702	0.502845	0.636402	0	0	0	1	0	0	0	1	0	0	0	1	0	0	0	0	1	0	0	0	1	0	0	0	1	0	0	1	0	0	0	1	0	0	0	0.365714	0.634286	0	0	0.114429	0.885571	0	0	1	0	0	0	1	0	0	0	1	0	0	0	1	0	0	0	1	0	0	0	1	0	0	0	1	0	0	0	1	0	0	0	0	1	0	0	0	1	0	0	1	0	0	0	1	0	0	0	0.596429	0.403571	0	0	1	0	0	0	1	0	0	0	1	0	0	0	1	0	0	0	1	0	0	0	1	0	0	0	1	0	0	0.00171429	0.998286	0
98	1.99524	0.278753	0.630744	0.800196	0	0	0.0235714	0.976429	0	0	0.0398571	0.960143	0	0	0.0535714	0.946429	0	0	0.000285714	0.000571429	0.999143	0	0.000571429	0.000285714	0.999143	0	0.000571429	0.000714286	0.998714	0	0.000285714	0.999714	0	0	0.000142857	0.999857	0	0	0.00385714	0.00271429	0.993429	0	0.00428571	0.00142857	0.994286	0	0	1	0	0	0	1	0	0	0	1	0	0	0	1	0	0	0.000142857	0.999857	0	0	0.0225714	0.977429	0	0	0.0795714	0.920429	0	0	0.192571	0.807429	0	0	0.000571429	0.000285714	0.999143	0	0.000857143	0.00171429	0.997429	0	0.000285714	0.999714	0	0	0.000857143	0.999143	0	0	0.00571429	0.00157143	0.992714	0	0.00571429	0.994286	0	0	0	1	0	0	0	1	0	0	0	1	0	0	0.000571429	0.999429	0	0	0.0218571	0.978143	0	0	0.115714	0.884286	0	0	0.561571	0.438429	0
