No.	ID	loglik_Null_W	loglik_Acc_W	loglik_Full_W	logBF1	logBF2	loglik_Max_M0	loglik_Max_M1	loglik_Max_M2
0	0	-539.77829	-537.64588	-517.02929	2.132408	-20.616594	-527.20987	-524.98542	-503.46464
1	1	-373.81093	-372.55649	-359.26909	1.2544367	-13.2874	-359.74535	-358.68396	-348.77633
2	2	-451.14883	-452.53279	-453.74714	-1.3839579	1.2143523	-443.1189	-444.30665	-443.88352
3	3	-334.30878	-331.04752	-330.46804	3.2612638	-0.57947486	-321.39224	-321.89095	-320.16191
4	4	-394.27037	-390.81898	-382.70729	3.4513925	-8.1116881	-381.5356	-381.9323	-369.45614
5	5	-415.35122	-410.95136	-410.09493	4.3998616	-0.85642839	-403.2385	-398.45855	-394.72773
6	6	-383.87603	-380.36455	-368.7277	3.5114838	-11.636844	-370.81324	-371.39418	-357.44995
7	7	-550.61104	-542.99249	-527.23568	7.6185556	-15.756811	-537.67659	-528.63471	-515.11125
8	8	-529.61513	-513.62647	-507.60493	15.988659	-6.0215397	-517.5348	-499.76226	-491.10517
9	9	-555.26726	-541.27833	-511.97346	13.988927	-29.304875	-542.39505	-526.38049	-503.4982
10	10	-565.69151	-553.23563	-545.79023	12.455877	-7.445397	-552.36667	-539.36775	-532.38426
11	11	-453.56859	-452.92922	-439.55289	0.63936958	-13.376335	-438.1299	-438.01268	-422.30929
12	12	-387.60821	-382.71238	-373.93504	4.895829	-8.7773411	-372.76509	-370.89048	-359.36388
13	13	-475.84481	-469.63821	-453.25215	6.2065968	-16.386068	-462.41278	-454.90644	-442.15296
14	14	-330.0697	-329.24642	-319.04439	0.82328303	-10.202027	-317.73249	-316.30244	-309.52028
15	15	-549.14442	-545.3077	-545.83074	3.8367196	0.52304016	-538.64066	-533.39724	-532.23814
16	16	-294.09529	-293.59653	-290.90647	0.49875723	-2.6900572	-283.9193	-283.71095	-280.8491
17	17	-435.91384	-426.91605	-429.78967	8.9977842	2.8736131	-426.7158	-419.5485	-415.97289
18	18	-402.73953	-401.48843	-389.94848	1.2511049	-11.539952	-388.9385	-387.94846	-376.89797
19	19	-417.10648	-414.27551	-399.95006	2.8309679	-14.325445	-405.63592	-399.06603	-389.1547
20	20	-405.59309	-406.31412	-394.20044	-0.72102878	-12.113676	-392.24078	-392.66099	-383.97964
21	21	-482.79873	-472.23005	-472.84193	10.568679	0.6118788	-467.70745	-460.64293	-459.0632
22	22	-389.61135	-386.0179	-385.85061	3.5934493	-0.16729572	-379.55871	-380.32335	-376.54691
23	23	-511.83388	-507.47127	-488.53798	4.3626187	-18.933283	-499.34717	-493.20709	-475.98435
24	24	-428.60206	-425.2104	-408.36649	3.3916605	-16.84391	-415.40758	-416.03461	-399.01808
25	25	-561.84001	-529.74427	-513.03955	32.095739	-16.704725	-549.55134	-516.7263	-499.45599
26	26	-481.77761	-474.41635	-467.61014	7.3612653	-6.8062064	-469.04982	-468.54744	-457.74181
27	27	-428.71814	-427.52114	-421.1871	1.1969972	-6.3340447	-416.31091	-414.51363	-410.65261
28	28	-405.67419	-405.77506	-397.0564	-0.10086704	-8.7186567	-392.44951	-392.92134	-387.40954
29	29	-494.91478	-492.02007	-475.30837	2.8947093	-16.711703	-482.04346	-478.97129	-460.98786
30	30	-584.58098	-582.55928	-574.25262	2.0216972	-8.3066553	-569.56562	-566.74007	-559.84281
31	31	-435.27892	-435.1824	-438.21234	0.096524054	3.0299419	-428.3862	-427.73685	-427.68883
32	32	-474.99125	-470.43671	-452.80321	4.5545386	-17.6335	-462.56093	-457.29483	-437.44016
33	33	-517.76158	-505.43227	-503.31925	12.329313	-2.1130155	-504.50507	-494.06193	-489.2635
34	34	-431.34258	-432.42844	-419.24628	-1.0858574	-13.182158	-419.73147	-420.29371	-408.31732
35	35	-450.39341	-449.72982	-427.12401	0.6635902	-22.605807	-437.50439	-436.29383	-417.10568
36	36	-439.71323	-433.72424	-411.7304	5.9889908	-21.993836	-426.42914	-419.07817	-398.77638
37	37	-402.20929	-395.01578	-391.60491	7.1935052	-3.4108679	-389.17509	-384.48231	-379.14866
38	38	-507.23517	-502.80943	-493.34349	4.4257452	-9.4659416	-494.35144	-488.24116	-478.05513
39	39	-479.25145	-476.17356	-467.87268	3.0778906	-8.3008783	-466.2199	-462.94974	-455.12341
40	40	-508.74157	-496.85494	-489.64631	11.886625	-7.2086298	-495.61418	-486.42228	-475.35724
41	41	-493.58898	-490.82381	-483.28392	2.7651734	-7.5398835	-479.98772	-473.85221	-465.40457
42	42	-440.16708	-438.92838	-428.43885	1.2387001	-10.489539	-428.33351	-426.30225	-413.13738
43	43	-386.9347	-387.37595	-373.43477	-0.44125253	-13.941185	-375.17163	-375.706	-361.73761
44	44	-426.8933	-427.77074	-418.72917	-0.87743538	-9.0415662	-415.17975	-415.67573	-406.22515
45	45	-332.73348	-332.36691	-326.2529	0.36657209	-6.1140019	-321.87516	-322.30591	-315.07526
46	46	-605.12859	-590.27071	-592.59846	14.857876	2.3277435	-593.81893	-577.46708	-576.85711
47	47	-432.20143	-429.07624	-421.46305	3.125191	-7.6131921	-418.27062	-413.86155	-408.70116
48	48	-391.59762	-387.70857	-387.2148	3.8890442	-0.49376974	-380.34298	-381.55577	-376.27835
49	49	-459.08894	-459.65999	-446.44319	-0.57105533	-13.216809	-448.57331	-448.5609	-431.43844
50	50	-399.76083	-400.26578	-384.99776	-0.50495475	-15.268025	-387.26309	-387.73	-376.21918
51	51	-276.5496	-274.19764	-272.52365	2.3519567	-1.6739905	-265.9574	-264.74953	-262.21619
52	52	-484.25188	-481.94676	-455.25592	2.305119	-26.690839	-469.44656	-468.12977	-444.72976
53	53	-363.92496	-361.52027	-351.51297	2.4046916	-10.007303	-351.23879	-348.51406	-342.62809
54	54	-575.98716	-565.79914	-545.74248	10.188018	-20.056656	-562.31615	-550.10829	-527.9172
55	55	-339.37184	-339.70318	-330.0704	-0.33133453	-9.6327793	-327.00663	-325.37578	-321.35637
56	56	-384.50987	-380.17042	-373.96977	4.3394486	-6.2006529	-371.60471	-370.74677	-360.16084
57	57	-444.54282	-423.65298	-423.06285	20.889832	-0.59013187	-430.44733	-417.87925	-411.51979
58	58	-474.02368	-467.52356	-455.54133	6.5001202	-11.982236	-460.38047	-452.60337	-444.91122
59	59	-400.01327	-398.73131	-392.56761	1.2819626	-6.1636983	-386.93766	-386.16934	-379.99713
60	60	-457.67165	-440.12935	-438.0058	17.542298	-2.123553	-443.74211	-434.41793	-427.41475
61	61	-615.34582	-612.05151	-601.75152	3.2943081	-10.299994	-606.72281	-598.38354	-587.97876
62	62	-403.32756	-401.329	-396.0219	1.9985655	-5.3070925	-391.46789	-392.87734	-386.51676
63	63	-262.33293	-258.52412	-257.80299	3.808813	-0.72112615	-251.05161	-252.01579	-248.94902
64	64	-507.78647	-499.90508	-503.31281	7.8813877	3.4077278	-498.45307	-492.94617	-490.9398
65	65	-347.21262	-346.56269	-340.5731	0.64993528	-5.9895933	-335.24344	-333.96185	-330.40016
66	66	-313.94788	-313.84241	-308.14195	0.10547294	-5.7004574	-301.77426	-300.73939	-299.60235
67	67	-341.63083	-342.46436	-330.04396	-0.83352826	-12.420397	-329.92848	-330.34767	-321.28587
68	68	-443.80779	-443.84334	-419.9184	-0.035553042	-23.924941	-431.01483	-430.48812	-411.25593
69	69	-390.42545	-383.03897	-378.4724	7.3864762	-4.5665667	-378.04528	-369.21347	-363.83063
70	70	-434.51884	-433.34548	-422.4574	1.1733625	-10.888083	-421.27314	-418.9547	-410.2516
71	71	-548.51455	-534.03537	-511.46865	14.479182	-22.566726	-534.1491	-519.13375	-494.68632
72	72	-405.20415	-403.7596	-395.25163	1.4445535	-8.5079673	-390.91211	-390.50368	-381.97749
73	73	-467.94608	-460.23203	-453.45061	7.7140506	-6.7814162	-454.14714	-453.58029	-443.37832
74	74	-416.08136	-414.53632	-403.6749	1.5450415	-10.861415	-404.82152	-405.37389	-393.02385
75	75	-555.44636	-546.30345	-531.20449	9.1429175	-15.098956	-542.87034	-534.18777	-516.46737
76	76	-417.31073	-417.45782	-403.83107	-0.14709416	-13.626749	-404.98998	-405.40748	-394.95546
77	77	-339.60778	-340.17033	-332.81896	-0.56255607	-7.3513772	-327.59647	-326.77938	-321.94092
78	78	-689.68236	-672.07008	-666.92106	17.612282	-5.149025	-677.04555	-658.08355	-653.94018
79	79	-365.3261	-363.48673	-351.6393	1.8393769	-11.847426	-351.76641	-350.18422	-337.48261
80	80	-319.81963	-306.23844	-309.80682	13.581195	3.5683799	-306.76965	-301.13453	-300.61334
81	81	-464.90727	-460.98603	-430.19073	3.9212388	-30.795307	-450.63185	-446.99553	-415.64028
82	82	-487.29724	-479.37165	-473.2582	7.9255947	-6.113453	-475.27569	-466.50121	-458.72901
83	83	-456.99535	-456.95723	-429.753	0.038113463	-27.204235	-444.20983	-441.07467	-415.31413
84	84	-433.62901	-432.66029	-418.93752	0.96872216	-13.722769	-417.54244	-415.75334	-409.41823
85	85	-513.86392	-513.58992	-508.8954	0.2740006	-4.6945181	-502.25939	-502.46885	-498.28506
86	86	-395.25955	-391.23972	-389.13358	4.0198323	-2.1061322	-382.94295	-383.71403	-378.47082
87	87	-328.99728	-328.92172	-316.18113	0.075561184	-12.740592	-316.37079	-315.30173	-308.02108
88	88	-319.51417	-318.85418	-316.48023	0.65999429	-2.3739501	-312.2418	-312.52957	-306.09899
89	89	-374.37595	-366.02685	-369.73375	8.3491061	3.7068996	-363.79647	-357.53707	-357.68266
90	90	-432.87667	-432.30163	-422.53577	0.57504737	-9.7658542	-420.14478	-419.50279	-408.87407
91	91	-337.30737	-337.28271	-329.65832	0.024657154	-7.6243885	-324.86445	-325.28257	-320.46574
92	92	-431.0677	-431.28971	-426.20831	-0.22201049	-5.0814027	-419.38689	-419.7643	-412.40485
93	93	-418.96068	-415.94398	-415.84402	3.0167004	-0.099962584	-405.78025	-404.01176	-404.72306
94	94	-359.4988	-354.98379	-352.03493	4.5150074	-2.9488565	-348.01424	-348.67204	-338.77079
95	95	-444.51244	-440.02171	-433.0042	4.4907286	-7.0175136	-431.59309	-426.20719	-419.90903
96	96	-704.12847	-668.10684	-632.55984	36.021629	-35.547004	-692.25391	-655.10977	-620.72427
97	97	-368.44786	-365.7481	-360.57657	2.6997556	-5.1715311	-356.81041	-356.8482	-351.16362
98	98	-522.03451	-515.12175	-501.22963	6.9127594	-13.892122	-509.11277	-501.43234	-485.46512
99	99	-373.13648	-371.4148	-365.86472	1.7216783	-5.5500813	-360.96196	-360.05409	-355.19367
