No.	n_rate	c_rate	g_rate	l_rate	l2_rate	halLeu_0	halLeu_1	halLeu_2	halLeu_3	nipNip_0	nipNip_1	nipNip_2	nipNip_3	galGal_0	galGal_1	galGal_2	galGal_3	aptHaa_0	aptHaa_1	aptHaa_2	aptHaa_3	aptOwe_0	aptOwe_1	aptOwe_2	aptOwe_3	aptRow_0	aptRow_1	aptRow_2	aptRow_3	casCas_0	casCas_1	casCas_2	casCas_3	droNov_0	droNov_1	droNov_2	droNov_3	rheAme_0	rheAme_1	rheAme_2	rheAme_3	rhePen_0	rhePen_1	rhePen_2	rhePen_3	cryCin_0	cryCin_1	cryCin_2	cryCin_3	tinGut_0	tinGut_1	tinGut_2	tinGut_3	eudEle_0	eudEle_1	eudEle_2	eudEle_3	notPer_0	notPer_1	notPer_2	notPer_3	anoDid_0	anoDid_1	anoDid_2	anoDid_3	strCam_0	strCam_1	strCam_2	strCam_3	taeGut-aptFor_0	taeGut-aptFor_1	taeGut-aptFor_2	taeGut-aptFor_3	taeGut-galGal_0	taeGut-galGal_1	taeGut-galGal_2	taeGut-galGal_3	aptHaa-aptOwe_0	aptHaa-aptOwe_1	aptHaa-aptOwe_2	aptHaa-aptOwe_3	aptHaa-aptRow_0	aptHaa-aptRow_1	aptHaa-aptRow_2	aptHaa-aptRow_3	casCas-droNov_0	casCas-droNov_1	casCas-droNov_2	casCas-droNov_3	aptHaa-casCas_0	aptHaa-casCas_1	aptHaa-casCas_2	aptHaa-casCas_3	rheAme-rhePen_0	rheAme-rhePen_1	rheAme-rhePen_2	rheAme-rhePen_3	aptHaa-rheAme_0	aptHaa-rheAme_1	aptHaa-rheAme_2	aptHaa-rheAme_3	cryCin-tinGut_0	cryCin-tinGut_1	cryCin-tinGut_2	cryCin-tinGut_3	eudEle-notPer_0	eudEle-notPer_1	eudEle-notPer_2	eudEle-notPer_3	cryCin-eudEle_0	cryCin-eudEle_1	cryCin-eudEle_2	cryCin-eudEle_3	cryCin-anoDid_0	cryCin-anoDid_1	cryCin-anoDid_2	cryCin-anoDid_3	aptHaa-cryCin_0	aptHaa-cryCin_1	aptHaa-cryCin_2	aptHaa-cryCin_3	aptHaa-strCam_0	aptHaa-strCam_1	aptHaa-strCam_2	aptHaa-strCam_3	taeGut-aptHaa_0	taeGut-aptHaa_1	taeGut-aptHaa_2	taeGut-aptHaa_3
18	1	0.07858	0.127935	0.494744	0	0	0	1	0	0	0	1	0	0	0	1	0	0	0.99	0.01	0	0	0.9945	0.0055	0	0	1	0	0	0	1	0	0	0	1	0	0	0	1	0	0	0	1	0	0	0	0	1	0	0	0	1	0	0	0	1	0	0	0	1	0	0	1	0	0	0	1	0	0	0	0	1	0	0	0.0055	0.9945	0	0	1	0	0	0	1	0	0	0	1	0	0	0	1	0	0	0	1	0	0	0	1	0	0	0	0	1	0	0	0	1	0	0	0	1	0	0	1	0	0	0	1	0	0	0	1	0	0	0	1	0	0
8	1	0.123296	0.171336	0.527659	0	0	0	1	0	0	0	1	0	0	0	1	0	0	0.9765	0.0235	0	0	0.9525	0.0475	0	0	0.794	0.206	0	0	0.7415	0.2585	0	0	0.565	0.435	0	0	0.988	0.012	0	0	0.972	0.028	0	0	0.169	0.831	0	0	0.0325	0.9675	0	0	0	1	0	0	0.0015	0.9985	0	0	1	0	0	0	0.9995	0.0005	0	0	0	1	0	0	0.0075	0.9925	0	0	0.989	0.011	0	0	0.991	0.009	0	0	0.94	0.06	0	0	0.995	0.005	0	0	1	0	0	0	1	0	0	0	0.1695	0.8305	0	0	0.0115	0.9885	0	0	0.173	0.827	0	0	1	0	0	0	1	0	0	0	1	0	0	0	1	0	0
14	1	0.195135	0.146995	0.499774	0	0	0.0055	0.9945	0	0	0	1	0	0	0.0005	0.9995	0	0	0.948	0.052	0	0	0.8185	0.1815	0	0	0.9905	0.0095	0	0	0.9995	0.0005	0	0	1	0	0	0	0.9885	0.0115	0	0	0.7955	0.2045	0	0	0	1	0	0	0.0005	0.9995	0	0	0.0195	0.9805	0	0	0.0025	0.9975	0	0	0.999	0.001	0	0	1	0	0	0	0.0105	0.9895	0	0	0.029	0.971	0	0	0.994	0.006	0	0	1	0	0	0	1	0	0	0	1	0	0	0	1	0	0	0	1	0	0	0	0.0015	0.9985	0	0	0.0195	0.9805	0	0	0.0215	0.9785	0	0	0.999	0.001	0	0	1	0	0	0	1	0	0	0	1	0	0
0	1	0.164332	0.137178	0.513739	0	0	0	1	0	0	0.0005	0.9995	0	0	0.0005	0.9995	0	0	0.844	0.156	0	0	0.9975	0.0025	0	0	0.953	0.047	0	0	1	0	0	0	0.999	0.001	0	0	0.8185	0.1815	0	0	0.998	0.002	0	0	0.0225	0.9775	0	0	0.052	0.948	0	0	0.387	0.613	0	0	0.365	0.635	0	0	0.995	0.005	0	0	1	0	0	0	0.002	0.998	0	0	0.0985	0.9015	0	0	0.9985	0.0015	0	0	1	0	0	0	1	0	0	0	1	0	0	0	1	0	0	0	1	0	0	0	0.0675	0.9325	0	0	0.4035	0.5965	0	0	0.4125	0.5875	0	0	0.995	0.005	0	0	1	0	0	0	1	0	0	0	1	0	0
19	1	0.27492	0.103545	0.496277	0	0	0.141	0.859	0	0	0.0615	0.9385	0	0	0.076	0.924	0	0	0.959	0.041	0	0	0.961	0.039	0	0	0.998	0.002	0	0	1	0	0	0	0.9995	0.0005	0	0	0.987	0.013	0	0	0.972	0.028	0	0	0.423	0.577	0	0	0.368	0.632	0	0	0.5615	0.4385	0	0	0.5045	0.4955	0	0	0.992	0.008	0	0	0.998	0.002	0	0	0.1585	0.8415	0	0	0.1755	0.8245	0	0	1	0	0	0	1	0	0	0	1	0	0	0	1	0	0	0	1	0	0	0	1	0	0	0	0.464	0.536	0	0	0.5685	0.4315	0	0	0.571	0.429	0	0	0.992	0.008	0	0	1	0	0	0	1	0	0	0	1	0	0
15	1	0.186481	0.168584	0.499821	0	0	0	1	0	0	0.0005	0.9995	0	0	0.002	0.998	0	0	0.803	0.197	0	0	0.9875	0.0125	0	0	0.953	0.047	0	0	0.979	0.021	0	0	0.999	0.001	0	0	0.8445	0.1555	0	0	0.984	0.016	0	0	0.0135	0.9865	0	0	0.0215	0.9785	0	0	0.001	0.999	0	0	0.0145	0.9855	0	0	0.9935	0.0065	0	0	0.602	0.398	0	0	0.001	0.999	0	0	0.031	0.969	0	0	0.996	0.004	0	0	1	0	0	0	1	0	0	0	1	0	0	0	0.998	0.002	0	0	1	0	0	0	0.0225	0.9775	0	0	0.016	0.984	0	0	0.0235	0.9765	0	0	0.9935	0.0065	0	0	1	0	0	0	1	0	0	0	1	0	0
9	1	0.160094	0.139834	0.497363	0	0	0.002	0.998	0	0	0.0005	0.9995	0	0	0	1	0	0	0.812	0.188	0	0	0.8775	0.1225	0	0	0.9905	0.0095	0	0	0.999	0.001	0	0	0.998	0.002	0	0	1	0	0	0	0.9995	0.0005	0	0	0.001	0.999	0	0	0.001	0.999	0	0	0.0015	0.9985	0	0	0.0035	0.9965	0	0	0.929	0.071	0	0	1	0	0	0	0.0025	0.9975	0	0	0.0465	0.9535	0	0	0.968	0.032	0	0	1	0	0	0	1	0	0	0	1	0	0	0	1	0	0	0	1	0	0	0	0.003	0.997	0	0	0.006	0.994	0	0	0.0475	0.9525	0	0	0.9305	0.0695	0	0	1	0	0	0	1	0	0	0	1	0	0
1	1	0.130685	0.174036	0.494075	0	0	0.0005	0.9995	0	0	0.001	0.999	0	0	0	1	0	0	0.811	0.189	0	0	0.7875	0.2125	0	0	0.9765	0.0235	0	0	0.9995	0.0005	0	0	0.9175	0.0825	0	0	0.945	0.055	0	0	0.743	0.257	0	0	0	1	0	0	0	1	0	0	0	1	0	0	0	1	0	0	0.202	0.798	0	0	0.991	0.009	0	0	0.0015	0.9985	0	0	0.013	0.987	0	0	0.9975	0.0025	0	0	1	0	0	0	1	0	0	0	1	0	0	0	0.952	0.048	0	0	1	0	0	0	0	1	0	0	0.0005	0.9995	0	0	0.0005	0.9995	0	0	0.2485	0.7515	0	0	1	0	0	0	1	0	0	0	1	0	0
20	1	0.21092	0.443216	0.50335	0	0	0	1	0	0	0	1	0	0	0	1	0	0	0.157	0.843	0	0	0.163	0.837	0	0	0.22	0.78	0	0	0.167	0.833	0	0	0.209	0.791	0	0	0.081	0.919	0	0	0.104	0.896	0	0	0.001	0.999	0	0	0	1	0	0	0	1	0	0	0	1	0	0	0.2125	0.7875	0	0	0.4295	0.5705	0	0	0	1	0	0	0.0055	0.9945	0	0	0.2215	0.7785	0	0	0.24	0.76	0	0	0.243	0.757	0	0	0.2505	0.7495	0	0	0.1095	0.8905	0	0	0.256	0.744	0	0	0.004	0.996	0	0	0.006	0.994	0	0	0.077	0.923	0	0	0.2155	0.7845	0	0	0.286	0.714	0	0	0.432	0.568	0	0	0.5825	0.4175	0
16	1	0.176723	0.141012	0.478044	0	0	0	1	0	0	0.0005	0.9995	0	0	0	1	0	0	0.762	0.238	0	0	0.861	0.139	0	0	0.7675	0.2325	0	0	1	0	0	0	0.9285	0.0715	0	0	1	0	0	0	1	0	0	0	0.26	0.74	0	0	0.0805	0.9195	0	0	0.2	0.8	0	0	0.2575	0.7425	0	0	1	0	0	0	0.9985	0.0015	0	0	0.003	0.997	0	0	0.0135	0.9865	0	0	0.8875	0.1125	0	0	0.944	0.056	0	0	1	0	0	0	1	0	0	0	1	0	0	0	1	0	0	0	0.2605	0.7395	0	0	0.2625	0.7375	0	0	0.286	0.714	0	0	1	0	0	0	1	0	0	0	1	0	0	0	1	0	0
10	1	0.281575	0.150738	0.496984	0	0	0.0095	0.9905	0	0	0.004	0.996	0	0	0	1	0	0	0.894	0.106	0	0	0.8855	0.1145	0	0	0.8465	0.1535	0	0	1	0	0	0	1	0	0	0	0.9495	0.0505	0	0	0.96	0.04	0	0	0.097	0.903	0	0	0.0825	0.9175	0	0	0.0525	0.9475	0	0	0.0775	0.9225	0	0	0.601	0.399	0	0	1	0	0	0	0.011	0.989	0	0	0.027	0.973	0	0	0.944	0.056	0	0	0.981	0.019	0	0	1	0	0	0	1	0	0	0	1	0	0	0	1	0	0	0	0.1245	0.8755	0	0	0.096	0.904	0	0	0.18	0.82	0	0	0.6145	0.3855	0	0	1	0	0	0	1	0	0	0	1	0	0
2	1	0.15135	0.125918	0.503566	0	0	0.009	0.991	0	0	0.0075	0.9925	0	0	0	1	0	0	1	0	0	0	0.998	0.002	0	0	1	0	0	0	1	0	0	0	1	0	0	0	1	0	0	0	1	0	0	0	0	1	0	0	0	1	0	0	0	1	0	0	0	1	0	0	0.9955	0.0045	0	0	1	0	0	0	0.009	0.991	0	0	0.017	0.983	0	0	1	0	0	0	1	0	0	0	1	0	0	0	1	0	0	0	1	0	0	0	1	0	0	0	0	1	0	0	0	1	0	0	0.003	0.997	0	0	0.9955	0.0045	0	0	1	0	0	0	1	0	0	0	1	0	0
21	1	0.26375	0.130394	0.495227	0	0	0.016	0.984	0	0	0.0165	0.9835	0	0	0.009	0.991	0	0	0.9885	0.0115	0	0	0.983	0.017	0	0	0.908	0.092	0	0	1	0	0	0	0.9985	0.0015	0	0	0.831	0.169	0	0	0.926	0.074	0	0	0.3315	0.6685	0	0	0.529	0.471	0	0	0.567	0.433	0	0	0.401	0.599	0	0	0.765	0.235	0	0	0.994	0.006	0	0	0.0225	0.9775	0	0	0.0615	0.9385	0	0	1	0	0	0	1	0	0	0	1	0	0	0	1	0	0	0	1	0	0	0	1	0	0	0	0.587	0.413	0	0	0.6035	0.3965	0	0	0.7055	0.2945	0	0	0.803	0.197	0	0	1	0	0	0	1	0	0	0	1	0	0
17	1	0.209907	0.0888487	0.509208	0	0	0.821	0.179	0	0	0.906	0.094	0	0	0.5785	0.4215	0	0	0.8685	0.1315	0	0	0.9575	0.0425	0	0	0.9845	0.0155	0	0	0.9655	0.0345	0	0	0.9675	0.0325	0	0	0.866	0.134	0	0	0.983	0.017	0	0	0.6365	0.3635	0	0	0.5825	0.4175	0	0	0.192	0.808	0	0	0.4295	0.5705	0	0	0.999	0.001	0	0	1	0	0	0	0.924	0.076	0	0	0.947	0.053	0	0	0.9855	0.0145	0	0	1	0	0	0	0.9875	0.0125	0	0	1	0	0	0	1	0	0	0	1	0	0	0	0.6475	0.3525	0	0	0.5285	0.4715	0	0	0.673	0.327	0	0	0.999	0.001	0	0	1	0	0	0	1	0	0	0	1	0	0
11	1	0.160452	0.119555	0.504128	0	0	0.014	0.986	0	0	0.0225	0.9775	0	0	0	1	0	0	0.9945	0.0055	0	0	0.9115	0.0885	0	0	1	0	0	0	0.997	0.003	0	0	0.9595	0.0405	0	0	1	0	0	0	0.998	0.002	0	0	0.7005	0.2995	0	0	0.537	0.463	0	0	0.576	0.424	0	0	0.268	0.732	0	0	1	0	0	0	1	0	0	0	0.0245	0.9755	0	0	0.369	0.631	0	0	0.9995	0.0005	0	0	1	0	0	0	1	0	0	0	1	0	0	0	1	0	0	0	1	0	0	0	0.7155	0.2845	0	0	0.618	0.382	0	0	0.753	0.247	0	0	1	0	0	0	1	0	0	0	1	0	0	0	1	0	0
3	1	0.175571	0.131768	0.500512	0	0	0.0015	0.9985	0	0	0.0015	0.9985	0	0	0	1	0	0	0.99	0.01	0	0	0.853	0.147	0	0	0.961	0.039	0	0	0.9955	0.0045	0	0	0.9165	0.0835	0	0	1	0	0	0	1	0	0	0	0.001	0.999	0	0	0.0015	0.9985	0	0	0	1	0	0	0	1	0	0	0.9995	0.0005	0	0	1	0	0	0	0.002	0.998	0	0	0.0065	0.9935	0	0	0.994	0.006	0	0	1	0	0	0	0.9995	0.0005	0	0	1	0	0	0	1	0	0	0	1	0	0	0	0.003	0.997	0	0	0	1	0	0	0.0045	0.9955	0	0	0.9995	0.0005	0	0	1	0	0	0	1	0	0	0	1	0	0
22	1	0.220395	0.137453	0.499741	0	0	0.002	0.998	0	0	0.02	0.98	0	0	0.001	0.999	0	0	0.847	0.153	0	0	0.968	0.032	0	0	0.999	0.001	0	0	1	0	0	0	0.992	0.008	0	0	0.964	0.036	0	0	0.986	0.014	0	0	0.0275	0.9725	0	0	0.025	0.975	0	0	0.0015	0.9985	0	0	0.008	0.992	0	0	1	0	0	0	1	0	0	0	0.0235	0.9765	0	0	0.042	0.958	0	0	0.9995	0.0005	0	0	1	0	0	0	1	0	0	0	1	0	0	0	1	0	0	0	1	0	0	0	0.0285	0.9715	0	0	0.0105	0.9895	0	0	0.038	0.962	0	0	1	0	0	0	1	0	0	0	1	0	0	0	1	0	0
24	1	0.363231	0.580449	0.513044	0	0	0.0005	0.9995	0	0	0.002	0.998	0	0	0	1	0	0	0	1	0	0	0	1	0	0	0	1	0	0	0.0005	0.9995	0	0	0.0005	0.9995	0	0	0	1	0	0	0	1	0	0	0	1	0	0	0	1	0	0	0	1	0	0	0	1	0	0	0	1	0	0	0	1	0	0	0.003	0.997	0	0	0.0085	0.9915	0	0	0	1	0	0	0	1	0	0	0.0005	0.9995	0	0	0.0005	0.9995	0	0	0	1	0	0	0.0005	0.9995	0	0	0	1	0	0	0	1	0	0	0	1	0	0	0	1	0	0	0.002	0.998	0	0	0.0085	0.9915	0	0	0.2475	0.7525	0
12	1	0.150706	0.164379	0.500555	0	0	0	1	0	0	0	1	0	0	0	1	0	0	0.8335	0.1665	0	0	0.7035	0.2965	0	0	0.7795	0.2205	0	0	0.998	0.002	0	0	0.9485	0.0515	0	0	0.9985	0.0015	0	0	0.9975	0.0025	0	0	0	1	0	0	0	1	0	0	0	1	0	0	0	1	0	0	0.333	0.667	0	0	1	0	0	0	0.0005	0.9995	0	0	0.0095	0.9905	0	0	0.862	0.138	0	0	0.918	0.082	0	0	0.998	0.002	0	0	0.999	0.001	0	0	1	0	0	0	1	0	0	0	0	1	0	0	0	1	0	0	0.0005	0.9995	0	0	0.3455	0.6545	0	0	1	0	0	0	1	0	0	0	1	0	0
4	1	0.112264	0.167181	0.504824	0	0	0.0035	0.9965	0	0	0.0005	0.9995	0	0	0	1	0	0	0.6085	0.3915	0	0	0.61	0.39	0	0	0.9645	0.0355	0	0	0.988	0.012	0	0	0.998	0.002	0	0	0.8385	0.1615	0	0	0.975	0.025	0	0	0	1	0	0	0.0015	0.9985	0	0	0	1	0	0	0.0015	0.9985	0	0	1	0	0	0	1	0	0	0	0.0045	0.9955	0	0	0.012	0.988	0	0	0.7525	0.2475	0	0	0.9995	0.0005	0	0	0.9985	0.0015	0	0	1	0	0	0	1	0	0	0	1	0	0	0	0.0055	0.9945	0	0	0.0065	0.9935	0	0	0.07	0.93	0	0	1	0	0	0	1	0	0	0	1	0	0	0	1	0	0
23	1	0.231565	0.151104	0.488354	0	0	0.0895	0.9105	0	0	0.122	0.878	0	0	0.002	0.998	0	0	0.9955	0.0045	0	0	0.936	0.064	0	0	0.825	0.175	0	0	0.844	0.156	0	0	1	0	0	0	0.797	0.203	0	0	0.9365	0.0635	0	0	0.004	0.996	0	0	0.007	0.993	0	0	0.0045	0.9955	0	0	0.001	0.999	0	0	1	0	0	0	1	0	0	0	0.1235	0.8765	0	0	0.1725	0.8275	0	0	1	0	0	0	1	0	0	0	1	0	0	0	1	0	0	0	1	0	0	0	1	0	0	0	0.007	0.993	0	0	0.008	0.992	0	0	0.0375	0.9625	0	0	1	0	0	0	1	0	0	0	1	0	0	0	1	0	0
25	1	0.175371	0.140396	0.512701	0	0	0	1	0	0	0	1	0	0	0	1	0	0	0.834	0.166	0	0	0.965	0.035	0	0	0.9905	0.0095	0	0	0.9885	0.0115	0	0	0.9995	0.0005	0	0	0.9935	0.0065	0	0	0.9355	0.0645	0	0	0.0005	0.9995	0	0	0.0005	0.9995	0	0	0.001	0.999	0	0	0.001	0.999	0	0	0.958	0.042	0	0	1	0	0	0	0	1	0	0	0.0105	0.9895	0	0	0.999	0.001	0	0	1	0	0	0	1	0	0	0	1	0	0	0	1	0	0	0	1	0	0	0	0.0005	0.9995	0	0	0.0015	0.9985	0	0	0.0025	0.9975	0	0	0.959	0.041	0	0	1	0	0	0	1	0	0	0	1	0	0
5	1	0.0970779	0.125293	0.500548	0	0	0	1	0	0	0	1	0	0	0	1	0	0	1	0	0	0	0.993	0.007	0	0	1	0	0	0	0.994	0.006	0	0	0.9975	0.0025	0	0	0.999	0.001	0	0	0.9845	0.0155	0	0	0	1	0	0	0	1	0	0	0	1	0	0	0	1	0	0	1	0	0	0	1	0	0	0	0	1	0	0	0.0035	0.9965	0	0	1	0	0	0	1	0	0	0	1	0	0	0	1	0	0	0	1	0	0	0	1	0	0	0	0	1	0	0	0	1	0	0	0	1	0	0	1	0	0	0	1	0	0	0	1	0	0	0	1	0	0
13	1	0.0451807	0.16431	0.484903	0	0	0	1	0	0	0	1	0	0	0	1	0	0	1	0	0	0	0.845	0.155	0	0	0.8105	0.1895	0	0	0.9655	0.0345	0	0	1	0	0	0	0.764	0.236	0	0	0.763	0.237	0	0	0	1	0	0	0	1	0	0	0	1	0	0	0	1	0	0	0.952	0.048	0	0	1	0	0	0	0	1	0	0	0.0055	0.9945	0	0	1	0	0	0	1	0	0	0	1	0	0	0	1	0	0	0	1	0	0	0	1	0	0	0	0	1	0	0	0.0005	0.9995	0	0	0.001	0.999	0	0	0.953	0.047	0	0	1	0	0	0	1	0	0	0	1	0	0
26	1	0.188666	0.148009	0.508111	0	0	0	1	0	0	0	1	0	0	0.0005	0.9995	0	0	0.834	0.166	0	0	0.989	0.011	0	0	0.9975	0.0025	0	0	0.984	0.016	0	0	0.787	0.213	0	0	1	0	0	0	0.999	0.001	0	0	0.174	0.826	0	0	0.188	0.812	0	0	0.0065	0.9935	0	0	0.0045	0.9955	0	0	0.9575	0.0425	0	0	0.889	0.111	0	0	0	1	0	0	0.0065	0.9935	0	0	0.9965	0.0035	0	0	0.9995	0.0005	0	0	1	0	0	0	1	0	0	0	1	0	0	0	1	0	0	0	0.202	0.798	0	0	0.0215	0.9785	0	0	0.215	0.785	0	0	0.9585	0.0415	0	0	1	0	0	0	1	0	0	0	1	0	0
6	1	0.143759	0.147863	0.494763	0	0	0	1	0	0	0	1	0	0	0	1	0	0	0.789	0.211	0	0	0.776	0.224	0	0	0.9705	0.0295	0	0	0.972	0.028	0	0	0.9755	0.0245	0	0	1	0	0	0	1	0	0	0	0.0115	0.9885	0	0	0.016	0.984	0	0	0.006	0.994	0	0	0	1	0	0	1	0	0	0	1	0	0	0	0	1	0	0	0.006	0.994	0	0	0.9565	0.0435	0	0	0.9995	0.0005	0	0	1	0	0	0	1	0	0	0	1	0	0	0	1	0	0	0	0.016	0.984	0	0	0.0065	0.9935	0	0	0.0175	0.9825	0	0	1	0	0	0	1	0	0	0	1	0	0	0	1	0	0
27	1	0.170257	0.161977	0.495602	0	0	0	1	0	0	0	1	0	0	0.015	0.985	0	0	0.625	0.375	0	0	0.617	0.383	0	0	0.9925	0.0075	0	0	0.9965	0.0035	0	0	0.992	0.008	0	0	0.9965	0.0035	0	0	0.95	0.05	0	0	0.3645	0.6355	0	0	0.1035	0.8965	0	0	0.0015	0.9985	0	0	0.001	0.999	0	0	0.999	0.001	0	0	1	0	0	0	0.001	0.999	0	0	0.0525	0.9475	0	0	0.755	0.245	0	0	1	0	0	0	0.999	0.001	0	0	1	0	0	0	1	0	0	0	1	0	0	0	0.372	0.628	0	0	0.028	0.972	0	0	0.3725	0.6275	0	0	0.999	0.001	0	0	1	0	0	0	1	0	0	0	1	0	0
28	1	0.24005	0.196536	0.503776	0	0	0	1	0	0	0.0035	0.9965	0	0	0	1	0	0	0.992	0.008	0	0	0.786	0.214	0	0	0.7555	0.2445	0	0	0.85	0.15	0	0	0.828	0.172	0	0	0.846	0.154	0	0	0.7115	0.2885	0	0	0.0165	0.9835	0	0	0.006	0.994	0	0	0.0215	0.9785	0	0	0.007	0.993	0	0	0.057	0.943	0	0	0.9875	0.0125	0	0	0.0035	0.9965	0	0	0.058	0.942	0	0	0.992	0.008	0	0	0.992	0.008	0	0	0.9815	0.0185	0	0	0.9925	0.0075	0	0	0.888	0.112	0	0	0.9925	0.0075	0	0	0.0165	0.9835	0	0	0.0215	0.9785	0	0	0.022	0.978	0	0	0.16	0.84	0	0	0.9935	0.0065	0	0	0.9945	0.0055	0	0	0.9955	0.0045	0
29	1	0.0883079	0.132334	0.501223	0	0	0	1	0	0	0	1	0	0	0	1	0	0	0.841	0.159	0	0	0.988	0.012	0	0	0.999	0.001	0	0	1	0	0	0	1	0	0	0	0.9995	0.0005	0	0	0.9945	0.0055	0	0	0	1	0	0	0	1	0	0	0	1	0	0	0	1	0	0	1	0	0	0	1	0	0	0	0	1	0	0	0.006	0.994	0	0	0.9995	0.0005	0	0	1	0	0	0	1	0	0	0	1	0	0	0	1	0	0	0	1	0	0	0	0.001	0.999	0	0	0.0005	0.9995	0	0	0.0025	0.9975	0	0	1	0	0	0	1	0	0	0	1	0	0	0	1	0	0
7	1	0.112859	0.188892	0.495581	0	0	0	1	0	0	0.0025	0.9975	0	0	0	1	0	0	0.5595	0.4405	0	0	0.5695	0.4305	0	0	0.9525	0.0475	0	0	0.6265	0.3735	0	0	1	0	0	0	0.9995	0.0005	0	0	0.988	0.012	0	0	0	1	0	0	0	1	0	0	0	1	0	0	0	1	0	0	0.461	0.539	0	0	1	0	0	0	0.0025	0.9975	0	0	0.012	0.988	0	0	0.7175	0.2825	0	0	0.994	0.006	0	0	1	0	0	0	1	0	0	0	0.9995	0.0005	0	0	1	0	0	0	0	1	0	0	0	1	0	0	0	1	0	0	0.475	0.525	0	0	1	0	0	0	1	0	0	0	1	0	0
71	1	0.0948804	0.130954	0.511245	0	0	0.0005	0.9995	0	0	0.001	0.999	0	0	0	1	0	0	0.991	0.009	0	0	0.9735	0.0265	0	0	0.9955	0.0045	0	0	0.945	0.055	0	0	1	0	0	0	0.9975	0.0025	0	0	0.998	0.002	0	0	0	1	0	0	0	1	0	0	0.0005	0.9995	0	0	0	1	0	0	1	0	0	0	1	0	0	0	0.001	0.999	0	0	0.012	0.988	0	0	0.999	0.001	0	0	1	0	0	0	1	0	0	0	1	0	0	0	1	0	0	0	1	0	0	0	0	1	0	0	0.002	0.998	0	0	0.003	0.997	0	0	1	0	0	0	1	0	0	0	1	0	0	0	1	0	0
61	1	0.207047	0.126625	0.503805	0	0	0.002	0.998	0	0	0.0025	0.9975	0	0	0	1	0	0	0.9695	0.0305	0	0	0.9885	0.0115	0	0	1	0	0	0	0.9885	0.0115	0	0	0.9995	0.0005	0	0	0.993	0.007	0	0	0.9715	0.0285	0	0	0.0015	0.9985	0	0	0.0005	0.9995	0	0	0.0025	0.9975	0	0	0.0025	0.9975	0	0	1	0	0	0	1	0	0	0	0.004	0.996	0	0	0.013	0.987	0	0	1	0	0	0	1	0	0	0	1	0	0	0	1	0	0	0	1	0	0	0	1	0	0	0	0.0015	0.9985	0	0	0.003	0.997	0	0	0.005	0.995	0	0	1	0	0	0	1	0	0	0	1	0	0	0	1	0	0
30	1	0.151528	0.149566	0.50333	0	0	0	1	0	0	0.0005	0.9995	0	0	0	1	0	0	0.792	0.208	0	0	0.872	0.128	0	0	0.968	0.032	0	0	0.9985	0.0015	0	0	0.9805	0.0195	0	0	0.9965	0.0035	0	0	0.95	0.05	0	0	0.0005	0.9995	0	0	0.0005	0.9995	0	0	0.003	0.997	0	0	0.001	0.999	0	0	0.968	0.032	0	0	0.995	0.005	0	0	0.001	0.999	0	0	0.068	0.932	0	0	0.9635	0.0365	0	0	0.9975	0.0025	0	0	1	0	0	0	1	0	0	0	1	0	0	0	1	0	0	0	0.0005	0.9995	0	0	0.003	0.997	0	0	0.0035	0.9965	0	0	0.9685	0.0315	0	0	1	0	0	0	1	0	0	0	1	0	0
48	1	0.14895	0.169547	0.514306	0	0	0	1	0	0	0	1	0	0	0	1	0	0	0.775	0.225	0	0	0.9065	0.0935	0	0	0.7635	0.2365	0	0	1	0	0	0	1	0	0	0	0.765	0.235	0	0	0.7415	0.2585	0	0	0.007	0.993	0	0	0.0305	0.9695	0	0	0.0145	0.9855	0	0	0.0155	0.9845	0	0	1	0	0	0	1	0	0	0	0	1	0	0	0.004	0.996	0	0	0.939	0.061	0	0	0.995	0.005	0	0	1	0	0	0	1	0	0	0	1	0	0	0	1	0	0	0	0.0465	0.9535	0	0	0.0215	0.9785	0	0	0.052	0.948	0	0	1	0	0	0	1	0	0	0	1	0	0	0	1	0	0
72	1	0.0965647	0.148191	0.507856	0	0	0	1	0	0	0	1	0	0	0	1	0	0	0.8335	0.1665	0	0	0.83	0.17	0	0	1	0	0	0	0.955	0.045	0	0	0.947	0.053	0	0	0.9705	0.0295	0	0	0.9655	0.0345	0	0	0	1	0	0	0	1	0	0	0	1	0	0	0	1	0	0	0.9995	0.0005	0	0	1	0	0	0	0	1	0	0	0.007	0.993	0	0	0.9995	0.0005	0	0	1	0	0	0	1	0	0	0	1	0	0	0	1	0	0	0	1	0	0	0	0	1	0	0	0.0005	0.9995	0	0	0.0095	0.9905	0	0	0.9995	0.0005	0	0	1	0	0	0	1	0	0	0	1	0	0
62	1	0.162599	0.157819	0.502198	0	0	0.002	0.998	0	0	0.0085	0.9915	0	0	0.002	0.998	0	0	0.985	0.015	0	0	0.9535	0.0465	0	0	0.787	0.213	0	0	0.6725	0.3275	0	0	0.988	0.012	0	0	0.9975	0.0025	0	0	0.9925	0.0075	0	0	0	1	0	0	0	1	0	0	0.0005	0.9995	0	0	0.004	0.996	0	0	1	0	0	0	1	0	0	0	0.023	0.977	0	0	0.043	0.957	0	0	0.99	0.01	0	0	0.9935	0.0065	0	0	0.9985	0.0015	0	0	0.999	0.001	0	0	1	0	0	0	1	0	0	0	0.001	0.999	0	0	0.007	0.993	0	0	0.041	0.959	0	0	1	0	0	0	1	0	0	0	1	0	0	0	1	0	0
31	1	0.132217	0.147412	0.490307	0	0	0	1	0	0	0	1	0	0	0	1	0	0	0.9675	0.0325	0	0	0.998	0.002	0	0	0.785	0.215	0	0	1	0	0	0	0.995	0.005	0	0	0.8755	0.1245	0	0	0.998	0.002	0	0	0.002	0.998	0	0	0.0035	0.9965	0	0	0.0015	0.9985	0	0	0.0015	0.9985	0	0	0.8295	0.1705	0	0	1	0	0	0	0	1	0	0	0.0035	0.9965	0	0	0.9995	0.0005	0	0	1	0	0	0	1	0	0	0	1	0	0	0	1	0	0	0	1	0	0	0	0.0035	0.9965	0	0	0.0015	0.9985	0	0	0.0045	0.9955	0	0	0.8485	0.1515	0	0	1	0	0	0	1	0	0	0	1	0	0
49	1	0.200152	0.136647	0.495521	0	0	0.5245	0.4755	0	0	0.2585	0.7415	0	0	0.048	0.952	0	0	0.9085	0.0915	0	0	0.87	0.13	0	0	1	0	0	0	0.999	0.001	0	0	0.994	0.006	0	0	0.9685	0.0315	0	0	1	0	0	0	0.0015	0.9985	0	0	0.001	0.999	0	0	0.039	0.961	0	0	0.0035	0.9965	0	0	1	0	0	0	1	0	0	0	0.549	0.451	0	0	0.5655	0.4345	0	0	1	0	0	0	1	0	0	0	1	0	0	0	1	0	0	0	1	0	0	0	1	0	0	0	0.0045	0.9955	0	0	0.041	0.959	0	0	0.061	0.939	0	0	1	0	0	0	1	0	0	0	1	0	0	0	1	0	0
73	1	0.269075	0.128012	0.498929	0	0	0.0805	0.9195	0	0	0.1305	0.8695	0	0	0.002	0.998	0	0	0.949	0.051	0	0	0.838	0.162	0	0	0.9845	0.0155	0	0	0.9995	0.0005	0	0	1	0	0	0	0.9515	0.0485	0	0	0.9855	0.0145	0	0	0.2745	0.7255	0	0	0.2295	0.7705	0	0	0.34	0.66	0	0	0.535	0.465	0	0	0.9995	0.0005	0	0	1	0	0	0	0.134	0.866	0	0	0.1565	0.8435	0	0	0.996	0.004	0	0	0.9995	0.0005	0	0	1	0	0	0	1	0	0	0	1	0	0	0	1	0	0	0	0.332	0.668	0	0	0.5395	0.4605	0	0	0.5605	0.4395	0	0	0.9995	0.0005	0	0	1	0	0	0	1	0	0	0	1	0	0
63	1	0.144702	0.138933	0.515823	0	0	0	1	0	0	0	1	0	0	0	1	0	0	0.816	0.184	0	0	0.8325	0.1675	0	0	0.9995	0.0005	0	0	0.999	0.001	0	0	1	0	0	0	0.999	0.001	0	0	0.9985	0.0015	0	0	0	1	0	0	0	1	0	0	0	1	0	0	0	1	0	0	1	0	0	0	1	0	0	0	0	1	0	0	0.01	0.99	0	0	0.9975	0.0025	0	0	1	0	0	0	1	0	0	0	1	0	0	0	1	0	0	0	1	0	0	0	0	1	0	0	0	1	0	0	0.0015	0.9985	0	0	1	0	0	0	1	0	0	0	1	0	0	0	1	0	0
32	1	0.168193	0.104263	0.492183	0	0	0.0525	0.9475	0	0	0.0175	0.9825	0	0	0.952	0.048	0	0	0.9945	0.0055	0	0	0.9905	0.0095	0	0	0.996	0.004	0	0	0.9965	0.0035	0	0	1	0	0	0	0.849	0.151	0	0	0.9945	0.0055	0	0	0.1795	0.8205	0	0	0.7775	0.2225	0	0	0.549	0.451	0	0	0.739	0.261	0	0	1	0	0	0	1	0	0	0	0.0575	0.9425	0	0	0.953	0.047	0	0	1	0	0	0	1	0	0	0	1	0	0	0	1	0	0	0	1	0	0	0	1	0	0	0	0.7805	0.2195	0	0	0.75	0.25	0	0	0.8	0.2	0	0	1	0	0	0	1	0	0	0	1	0	0	0	1	0	0
50	1	0.215139	0.136395	0.52004	0	0	0.0025	0.9975	0	0	0.001	0.999	0	0	0.0005	0.9995	0	0	0.834	0.166	0	0	0.995	0.005	0	0	0.9835	0.0165	0	0	0.9955	0.0045	0	0	0.9955	0.0045	0	0	0.9575	0.0425	0	0	0.993	0.007	0	0	0.014	0.986	0	0	0.006	0.994	0	0	0.1145	0.8855	0	0	0.074	0.926	0	0	1	0	0	0	1	0	0	0	0.0025	0.9975	0	0	0.0075	0.9925	0	0	0.9975	0.0025	0	0	1	0	0	0	1	0	0	0	1	0	0	0	1	0	0	0	1	0	0	0	0.02	0.98	0	0	0.1295	0.8705	0	0	0.1545	0.8455	0	0	1	0	0	0	1	0	0	0	1	0	0	0	1	0	0
74	1	0.142446	0.157336	0.523273	0	0	0	1	0	0	0	1	0	0	0	1	0	0	0.7865	0.2135	0	0	0.7155	0.2845	0	0	0.96	0.04	0	0	1	0	0	0	1	0	0	0	0.861	0.139	0	0	0.9925	0.0075	0	0	0	1	0	0	0	1	0	0	0	1	0	0	0	1	0	0	0.761	0.239	0	0	1	0	0	0	0	1	0	0	0.0055	0.9945	0	0	0.8625	0.1375	0	0	0.998	0.002	0	0	1	0	0	0	1	0	0	0	1	0	0	0	1	0	0	0	0	1	0	0	0	1	0	0	0.0005	0.9995	0	0	0.7675	0.2325	0	0	1	0	0	0	1	0	0	0	1	0	0
64	1	0.244528	0.157902	0.488721	0	0	0.005	0.995	0	0	0.007	0.993	0	0	0.022	0.978	0	0	0.78	0.22	0	0	0.751	0.249	0	0	0.9325	0.0675	0	0	0.873	0.127	0	0	0.989	0.011	0	0	0.788	0.212	0	0	0.9575	0.0425	0	0	0.027	0.973	0	0	0.0165	0.9835	0	0	0.2995	0.7005	0	0	0.297	0.703	0	0	0.9995	0.0005	0	0	1	0	0	0	0.007	0.993	0	0	0.067	0.933	0	0	0.935	0.065	0	0	0.9965	0.0035	0	0	0.998	0.002	0	0	0.9995	0.0005	0	0	1	0	0	0	1	0	0	0	0.0465	0.9535	0	0	0.311	0.689	0	0	0.323	0.677	0	0	0.9995	0.0005	0	0	1	0	0	0	1	0	0	0	1	0	0
51	1	0.120291	0.139978	0.495852	0	0	0	1	0	0	0.0005	0.9995	0	0	0.0005	0.9995	0	0	0.976	0.024	0	0	0.908	0.092	0	0	0.9955	0.0045	0	0	1	0	0	0	0.9705	0.0295	0	0	0.9725	0.0275	0	0	0.778	0.222	0	0	0	1	0	0	0	1	0	0	0	1	0	0	0	1	0	0	1	0	0	0	1	0	0	0	0.0005	0.9995	0	0	0.0065	0.9935	0	0	0.9985	0.0015	0	0	1	0	0	0	1	0	0	0	1	0	0	0	1	0	0	0	1	0	0	0	0.004	0.996	0	0	0.0015	0.9985	0	0	0.0105	0.9895	0	0	1	0	0	0	1	0	0	0	1	0	0	0	1	0	0
33	1	0.138417	0.154777	0.48771	0	0	0	1	0	0	0	1	0	0	0.0005	0.9995	0	0	0.8265	0.1735	0	0	0.9985	0.0015	0	0	1	0	0	0	0.805	0.195	0	0	0.996	0.004	0	0	0.792	0.208	0	0	0.992	0.008	0	0	0.001	0.999	0	0	0.0005	0.9995	0	0	0	1	0	0	0.001	0.999	0	0	0.997	0.003	0	0	0.9985	0.0015	0	0	0.001	0.999	0	0	0.0115	0.9885	0	0	0.9995	0.0005	0	0	1	0	0	0	1	0	0	0	1	0	0	0	1	0	0	0	1	0	0	0	0.002	0.998	0	0	0.0025	0.9975	0	0	0.0085	0.9915	0	0	0.997	0.003	0	0	1	0	0	0	1	0	0	0	1	0	0
75	1	0.177438	0.0345281	0.502211	0	0	0.831	0.169	0	0	0.8595	0.1405	0	0	0.7675	0.2325	0	0	0.947	0.053	0	0	0.992	0.008	0	0	0.984	0.016	0	0	0.968	0.032	0	0	0.9975	0.0025	0	0	0.9325	0.0675	0	0	0.9935	0.0065	0	0	0.985	0.015	0	0	0.9905	0.0095	0	0	0.9685	0.0315	0	0	0.985	0.015	0	0	1	0	0	0	1	0	0	0	0.869	0.131	0	0	0.883	0.117	0	0	0.995	0.005	0	0	1	0	0	0	1	0	0	0	1	0	0	0	1	0	0	0	1	0	0	0	0.991	0.009	0	0	0.9905	0.0095	0	0	0.9915	0.0085	0	0	1	0	0	0	1	0	0	0	1	0	0	0	1	0	0
65	1	0.131488	0.138665	0.495126	0	0	0.001	0.999	0	0	0.001	0.999	0	0	0	1	0	0	0.827	0.173	0	0	0.9575	0.0425	0	0	0.9995	0.0005	0	0	0.938	0.062	0	0	0.9995	0.0005	0	0	0.9905	0.0095	0	0	0.973	0.027	0	0	0.6885	0.3115	0	0	0.1745	0.8255	0	0	0.035	0.965	0	0	0.7225	0.2775	0	0	1	0	0	0	1	0	0	0	0.001	0.999	0	0	0.0065	0.9935	0	0	0.992	0.008	0	0	1	0	0	0	1	0	0	0	1	0	0	0	1	0	0	0	1	0	0	0	0.691	0.309	0	0	0.7225	0.2775	0	0	0.7245	0.2755	0	0	1	0	0	0	1	0	0	0	1	0	0	0	1	0	0
52	1	0.170909	0.140501	0.479841	0	0	0.04	0.96	0	0	0.021	0.979	0	0	0	1	0	0	0.8415	0.1585	0	0	0.9055	0.0945	0	0	1	0	0	0	1	0	0	0	1	0	0	0	0.995	0.005	0	0	0.9995	0.0005	0	0	0.0095	0.9905	0	0	0.047	0.953	0	0	0.002	0.998	0	0	0.014	0.986	0	0	1	0	0	0	1	0	0	0	0.0405	0.9595	0	0	0.1135	0.8865	0	0	1	0	0	0	1	0	0	0	1	0	0	0	1	0	0	0	1	0	0	0	1	0	0	0	0.048	0.952	0	0	0.0205	0.9795	0	0	0.0995	0.9005	0	0	1	0	0	0	1	0	0	0	1	0	0	0	1	0	0
34	1	0.137946	0.161281	0.510787	0	0	0	1	0	0	0.001	0.999	0	0	0	1	0	0	0.823	0.177	0	0	0.9965	0.0035	0	0	0.997	0.003	0	0	0.6455	0.3545	0	0	0.8935	0.1065	0	0	0.95	0.05	0	0	0.9945	0.0055	0	0	0	1	0	0	0	1	0	0	0	1	0	0	0.0005	0.9995	0	0	0.69	0.31	0	0	1	0	0	0	0.002	0.998	0	0	0.029	0.971	0	0	0.9985	0.0015	0	0	1	0	0	0	0.966	0.034	0	0	1	0	0	0	0.9995	0.0005	0	0	1	0	0	0	0.0005	0.9995	0	0	0.0005	0.9995	0	0	0.0015	0.9985	0	0	0.7075	0.2925	0	0	1	0	0	0	1	0	0	0	1	0	0
76	1	0.0795246	0.135824	0.481929	0	0	0	1	0	0	0	1	0	0	0	1	0	0	0.9985	0.0015	0	0	0.8405	0.1595	0	0	0.991	0.009	0	0	1	0	0	0	1	0	0	0	0.9705	0.0295	0	0	0.9975	0.0025	0	0	0	1	0	0	0.0005	0.9995	0	0	0.0005	0.9995	0	0	0.0005	0.9995	0	0	1	0	0	0	1	0	0	0	0	1	0	0	0.0055	0.9945	0	0	1	0	0	0	1	0	0	0	1	0	0	0	1	0	0	0	1	0	0	0	1	0	0	0	0.001	0.999	0	0	0.0075	0.9925	0	0	0.014	0.986	0	0	1	0	0	0	1	0	0	0	1	0	0	0	1	0	0
66	1	0.10538	0.13995	0.494713	0	0	0	1	0	0	0	1	0	0	0	1	0	0	0.799	0.201	0	0	0.8145	0.1855	0	0	0.995	0.005	0	0	1	0	0	0	1	0	0	0	0.98	0.02	0	0	0.961	0.039	0	0	0	1	0	0	0	1	0	0	0	1	0	0	0.0005	0.9995	0	0	1	0	0	0	1	0	0	0	0	1	0	0	0.004	0.996	0	0	0.967	0.033	0	0	1	0	0	0	1	0	0	0	1	0	0	0	1	0	0	0	1	0	0	0	0.0005	0.9995	0	0	0.001	0.999	0	0	0.001	0.999	0	0	1	0	0	0	1	0	0	0	1	0	0	0	1	0	0
53	1	0.176021	0.156638	0.521515	0	0	0.0045	0.9955	0	0	0.0045	0.9955	0	0	0	1	0	0	0.825	0.175	0	0	0.952	0.048	0	0	0.997	0.003	0	0	0.9985	0.0015	0	0	0.99	0.01	0	0	0.966	0.034	0	0	0.9265	0.0735	0	0	0.408	0.592	0	0	0.0965	0.9035	0	0	0.016	0.984	0	0	0.001	0.999	0	0	0.482	0.518	0	0	0.999	0.001	0	0	0.006	0.994	0	0	0.0285	0.9715	0	0	0.999	0.001	0	0	1	0	0	0	0.9995	0.0005	0	0	1	0	0	0	1	0	0	0	1	0	0	0	0.408	0.592	0	0	0.0545	0.9455	0	0	0.41	0.59	0	0	0.711	0.289	0	0	1	0	0	0	1	0	0	0	1	0	0
35	1	0.158305	0.126059	0.519638	0	0	0.001	0.999	0	0	0	1	0	0	0	1	0	0	0.997	0.003	0	0	1	0	0	0	0.9795	0.0205	0	0	1	0	0	0	1	0	0	0	0.999	0.001	0	0	0.9995	0.0005	0	0	0.0935	0.9065	0	0	0.0845	0.9155	0	0	0.0395	0.9605	0	0	0.0185	0.9815	0	0	1	0	0	0	1	0	0	0	0.001	0.999	0	0	0.0105	0.9895	0	0	1	0	0	0	1	0	0	0	1	0	0	0	1	0	0	0	1	0	0	0	1	0	0	0	0.0995	0.9005	0	0	0.0495	0.9505	0	0	0.1455	0.8545	0	0	1	0	0	0	1	0	0	0	1	0	0	0	1	0	0
77	1	0.16182	0.114877	0.491899	0	0	0.505	0.495	0	0	0.52	0.48	0	0	0	1	0	0	0.999	0.001	0	0	0.999	0.001	0	0	0.9915	0.0085	0	0	0.9975	0.0025	0	0	1	0	0	0	0.9925	0.0075	0	0	1	0	0	0	0.0075	0.9925	0	0	0.0025	0.9975	0	0	0.001	0.999	0	0	0.0015	0.9985	0	0	1	0	0	0	1	0	0	0	0.523	0.477	0	0	0.5335	0.4665	0	0	1	0	0	0	1	0	0	0	1	0	0	0	1	0	0	0	1	0	0	0	1	0	0	0	0.0085	0.9915	0	0	0.003	0.997	0	0	0.018	0.982	0	0	1	0	0	0	1	0	0	0	1	0	0	0	1	0	0
54	1	0.161638	0.129428	0.494482	0	0	0	1	0	0	0	1	0	0	0	1	0	0	0.995	0.005	0	0	0.97	0.03	0	0	0.992	0.008	0	0	1	0	0	0	1	0	0	0	1	0	0	0	1	0	0	0	0.0055	0.9945	0	0	0.005	0.995	0	0	0.0045	0.9955	0	0	0	1	0	0	1	0	0	0	1	0	0	0	0	1	0	0	0.006	0.994	0	0	1	0	0	0	1	0	0	0	1	0	0	0	1	0	0	0	1	0	0	0	1	0	0	0	0.0055	0.9945	0	0	0.0045	0.9955	0	0	0.0065	0.9935	0	0	1	0	0	0	1	0	0	0	1	0	0	0	1	0	0
36	1	0.124543	0.0780824	0.486274	0	0	0.002	0.998	0	0	0.004	0.996	0	0	0.91	0.09	0	0	0.9085	0.0915	0	0	1	0	0	0	0.999	0.001	0	0	0.9645	0.0355	0	0	0.9965	0.0035	0	0	0.985	0.015	0	0	1	0	0	0	0.614	0.386	0	0	0.5525	0.4475	0	0	0.999	0.001	0	0	0.9985	0.0015	0	0	1	0	0	0	1	0	0	0	0.0105	0.9895	0	0	0.916	0.084	0	0	1	0	0	0	1	0	0	0	1	0	0	0	1	0	0	0	1	0	0	0	1	0	0	0	0.653	0.347	0	0	0.999	0.001	0	0	0.999	0.001	0	0	1	0	0	0	1	0	0	0	1	0	0	0	1	0	0
67	1	0.127337	0.157222	0.476313	0	0	0.0005	0.9995	0	0	0	1	0	0	0	1	0	0	0.6975	0.3025	0	0	0.7055	0.2945	0	0	0.961	0.039	0	0	0.997	0.003	0	0	1	0	0	0	0.9995	0.0005	0	0	0.7815	0.2185	0	0	0	1	0	0	0	1	0	0	0	1	0	0	0	1	0	0	0.9895	0.0105	0	0	1	0	0	0	0.0005	0.9995	0	0	0.011	0.989	0	0	0.8565	0.1435	0	0	0.999	0.001	0	0	1	0	0	0	1	0	0	0	1	0	0	0	1	0	0	0	0	1	0	0	0	1	0	0	0	1	0	0	0.99	0.01	0	0	1	0	0	0	1	0	0	0	1	0	0
78	1	0.143657	0.134263	0.491817	0	0	0.0025	0.9975	0	0	0.0045	0.9955	0	0	0.0005	0.9995	0	0	1	0	0	0	1	0	0	0	0.999	0.001	0	0	0.9995	0.0005	0	0	1	0	0	0	0.895	0.105	0	0	0.999	0.001	0	0	0	1	0	0	0	1	0	0	0	1	0	0	0	1	0	0	0.998	0.002	0	0	1	0	0	0	0.0395	0.9605	0	0	0.146	0.854	0	0	1	0	0	0	1	0	0	0	1	0	0	0	1	0	0	0	1	0	0	0	1	0	0	0	0	1	0	0	0	1	0	0	0.001	0.999	0	0	0.998	0.002	0	0	1	0	0	0	1	0	0	0	1	0	0
55	1	0.06882	0.126657	0.508161	0	0	0	1	0	0	0.0005	0.9995	0	0	0	1	0	0	0.9875	0.0125	0	0	1	0	0	0	1	0	0	0	0.999	0.001	0	0	0.9665	0.0335	0	0	1	0	0	0	1	0	0	0	0.0005	0.9995	0	0	0	1	0	0	0	1	0	0	0	1	0	0	1	0	0	0	1	0	0	0	0.0005	0.9995	0	0	0.0065	0.9935	0	0	1	0	0	0	1	0	0	0	1	0	0	0	1	0	0	0	1	0	0	0	1	0	0	0	0.0005	0.9995	0	0	0	1	0	0	0.0015	0.9985	0	0	1	0	0	0	1	0	0	0	1	0	0	0	1	0	0
37	1	0.23736	0.0532024	0.496931	0	0	0.3715	0.6285	0	0	0.362	0.638	0	0	0.2895	0.7105	0	0	0.996	0.004	0	0	0.975	0.025	0	0	0.978	0.022	0	0	0.976	0.024	0	0	0.9985	0.0015	0	0	0.988	0.012	0	0	0.9855	0.0145	0	0	0.974	0.026	0	0	0.9795	0.0205	0	0	0.995	0.005	0	0	0.9615	0.0385	0	0	1	0	0	0	0.9995	0.0005	0	0	0.372	0.628	0	0	0.384	0.616	0	0	0.9975	0.0025	0	0	1	0	0	0	1	0	0	0	1	0	0	0	1	0	0	0	1	0	0	0	0.998	0.002	0	0	0.997	0.003	0	0	0.998	0.002	0	0	1	0	0	0	1	0	0	0	1	0	0	0	1	0	0
68	1	0.221471	0.141048	0.50439	0	0	0.2345	0.7655	0	0	0.125	0.875	0	0	0.001	0.999	0	0	0.764	0.236	0	0	0.7565	0.2435	0	0	0.9915	0.0085	0	0	0.994	0.006	0	0	0.9995	0.0005	0	0	1	0	0	0	1	0	0	0	0.6095	0.3905	0	0	0.4215	0.5785	0	0	0.023	0.977	0	0	0.023	0.977	0	0	0.9995	0.0005	0	0	1	0	0	0	0.235	0.765	0	0	0.2525	0.7475	0	0	0.9095	0.0905	0	0	1	0	0	0	1	0	0	0	1	0	0	0	1	0	0	0	1	0	0	0	0.6155	0.3845	0	0	0.089	0.911	0	0	0.695	0.305	0	0	0.9995	0.0005	0	0	1	0	0	0	1	0	0	0	1	0	0
79	1	0.210868	0.138527	0.49965	0	0	0.0005	0.9995	0	0	0	1	0	0	0.006	0.994	0	0	0.9785	0.0215	0	0	0.962	0.038	0	0	0.816	0.184	0	0	0.985	0.015	0	0	0.998	0.002	0	0	0.9825	0.0175	0	0	0.9675	0.0325	0	0	0.036	0.964	0	0	0.059	0.941	0	0	0.032	0.968	0	0	0.0445	0.9555	0	0	0.9995	0.0005	0	0	1	0	0	0	0.001	0.999	0	0	0.046	0.954	0	0	0.9935	0.0065	0	0	1	0	0	0	1	0	0	0	1	0	0	0	1	0	0	0	1	0	0	0	0.061	0.939	0	0	0.051	0.949	0	0	0.0765	0.9235	0	0	0.9995	0.0005	0	0	1	0	0	0	1	0	0	0	1	0	0
56	1	0.187316	0.126303	0.499719	0	0	0.016	0.984	0	0	0.0135	0.9865	0	0	0.001	0.999	0	0	0.9035	0.0965	0	0	0.9585	0.0415	0	0	0.9915	0.0085	0	0	0.986	0.014	0	0	0.9995	0.0005	0	0	1	0	0	0	0.966	0.034	0	0	0.5325	0.4675	0	0	0.961	0.039	0	0	0.3865	0.6135	0	0	0.0215	0.9785	0	0	1	0	0	0	1	0	0	0	0.0175	0.9825	0	0	0.0345	0.9655	0	0	0.9975	0.0025	0	0	1	0	0	0	1	0	0	0	1	0	0	0	1	0	0	0	1	0	0	0	0.961	0.039	0	0	0.4255	0.5745	0	0	0.961	0.039	0	0	1	0	0	0	1	0	0	0	1	0	0	0	1	0	0
69	1	0.162819	0.1247	0.497735	0	0	0	1	0	0	0	1	0	0	0	1	0	0	0.965	0.035	0	0	0.9885	0.0115	0	0	0.9955	0.0045	0	0	1	0	0	0	1	0	0	0	0.96	0.04	0	0	0.95	0.05	0	0	0.06	0.94	0	0	0.0255	0.9745	0	0	0.349	0.651	0	0	0.303	0.697	0	0	0.999	0.001	0	0	0.999	0.001	0	0	0	1	0	0	0.0055	0.9945	0	0	0.996	0.004	0	0	1	0	0	0	1	0	0	0	1	0	0	0	1	0	0	0	1	0	0	0	0.1115	0.8885	0	0	0.363	0.637	0	0	0.388	0.612	0	0	0.999	0.001	0	0	1	0	0	0	1	0	0	0	1	0	0
38	1	0.145147	0.155961	0.501935	0	0	0.002	0.998	0	0	0.001	0.999	0	0	0.0005	0.9995	0	0	0.939	0.061	0	0	0.9515	0.0485	0	0	0.7555	0.2445	0	0	0.9415	0.0585	0	0	0.9495	0.0505	0	0	0.818	0.182	0	0	0.921	0.079	0	0	0	1	0	0	0.0015	0.9985	0	0	0.0015	0.9985	0	0	0.0025	0.9975	0	0	0.751	0.249	0	0	0.759	0.241	0	0	0.006	0.994	0	0	0.0185	0.9815	0	0	0.9525	0.0475	0	0	0.9525	0.0475	0	0	0.952	0.048	0	0	0.953	0.047	0	0	0.948	0.052	0	0	0.953	0.047	0	0	0.0015	0.9985	0	0	0.0025	0.9975	0	0	0.0085	0.9915	0	0	0.752	0.248	0	0	0.953	0.047	0	0	0.953	0.047	0	0	0.9625	0.0375	0
80	1	0.235508	0.152123	0.479021	0	0	0.008	0.992	0	0	0.0115	0.9885	0	0	0.0015	0.9985	0	0	0.746	0.254	0	0	0.755	0.245	0	0	0.942	0.058	0	0	1	0	0	0	1	0	0	0	0.999	0.001	0	0	0.9965	0.0035	0	0	0.018	0.982	0	0	0.0145	0.9855	0	0	0.0005	0.9995	0	0	0.001	0.999	0	0	1	0	0	0	1	0	0	0	0.0115	0.9885	0	0	0.0285	0.9715	0	0	0.915	0.085	0	0	1	0	0	0	1	0	0	0	1	0	0	0	1	0	0	0	1	0	0	0	0.0235	0.9765	0	0	0.004	0.996	0	0	0.059	0.941	0	0	1	0	0	0	1	0	0	0	1	0	0	0	1	0	0
57	1	0.172358	0.163239	0.508509	0	0	0.073	0.927	0	0	0.0355	0.9645	0	0	0	1	0	0	1	0	0	0	0.8145	0.1855	0	0	0.7765	0.2235	0	0	0.6695	0.3305	0	0	0.9885	0.0115	0	0	1	0	0	0	1	0	0	0	0.0005	0.9995	0	0	0.0005	0.9995	0	0	0	1	0	0	0	1	0	0	0.995	0.005	0	0	0.996	0.004	0	0	0.0745	0.9255	0	0	0.113	0.887	0	0	1	0	0	0	1	0	0	0	0.998	0.002	0	0	1	0	0	0	1	0	0	0	1	0	0	0	0.0015	0.9985	0	0	0.0045	0.9955	0	0	0.0115	0.9885	0	0	0.9955	0.0045	0	0	1	0	0	0	1	0	0	0	1	0	0
70	1	0.22865	0.163058	0.492811	0	0	0	1	0	0	0.0005	0.9995	0	0	0.001	0.999	0	0	0.9345	0.0655	0	0	0.973	0.027	0	0	0.922	0.078	0	0	0.9835	0.0165	0	0	0.8715	0.1285	0	0	0.771	0.229	0	0	0.967	0.033	0	0	0.028	0.972	0	0	0.049	0.951	0	0	0.0105	0.9895	0	0	0.0055	0.9945	0	0	0.556	0.444	0	0	0.846	0.154	0	0	0.0005	0.9995	0	0	0.027	0.973	0	0	0.9875	0.0125	0	0	0.993	0.007	0	0	0.989	0.011	0	0	0.994	0.006	0	0	0.989	0.011	0	0	0.994	0.006	0	0	0.055	0.945	0	0	0.0145	0.9855	0	0	0.058	0.942	0	0	0.608	0.392	0	0	0.994	0.006	0	0	0.994	0.006	0	0	0.996	0.004	0
39	1	0.203472	0.129355	0.491078	0	0	0.016	0.984	0	0	0.0315	0.9685	0	0	0.0005	0.9995	0	0	0.9995	0.0005	0	0	0.9835	0.0165	0	0	0.995	0.005	0	0	0.9995	0.0005	0	0	0.9995	0.0005	0	0	1	0	0	0	1	0	0	0	0.004	0.996	0	0	0.0045	0.9955	0	0	0	1	0	0	0.0005	0.9995	0	0	0.997	0.003	0	0	1	0	0	0	0.0375	0.9625	0	0	0.076	0.924	0	0	1	0	0	0	1	0	0	0	1	0	0	0	1	0	0	0	1	0	0	0	1	0	0	0	0.0045	0.9955	0	0	0.001	0.999	0	0	0.0045	0.9955	0	0	0.997	0.003	0	0	1	0	0	0	1	0	0	0	1	0	0
81	1	0.162344	0.112901	0.493052	0	0	0	1	0	0	0.002	0.998	0	0	0.004	0.996	0	0	0.9725	0.0275	0	0	1	0	0	0	0.854	0.146	0	0	1	0	0	0	1	0	0	0	0.9915	0.0085	0	0	0.998	0.002	0	0	0.9805	0.0195	0	0	0.964	0.036	0	0	0.052	0.948	0	0	0.318	0.682	0	0	1	0	0	0	1	0	0	0	0.004	0.996	0	0	0.029	0.971	0	0	1	0	0	0	1	0	0	0	1	0	0	0	1	0	0	0	1	0	0	0	1	0	0	0	0.9805	0.0195	0	0	0.4785	0.5215	0	0	0.981	0.019	0	0	1	0	0	0	1	0	0	0	1	0	0	0	1	0	0
58	1	0.167893	0.183086	0.508553	0	0	0.0005	0.9995	0	0	0.0015	0.9985	0	0	0	1	0	0	0.789	0.211	0	0	0.947	0.053	0	0	0.9915	0.0085	0	0	0.9795	0.0205	0	0	0.6015	0.3985	0	0	0.747	0.253	0	0	0.725	0.275	0	0	0.002	0.998	0	0	0.004	0.996	0	0	0	1	0	0	0	1	0	0	0.9615	0.0385	0	0	1	0	0	0	0.0035	0.9965	0	0	0.0305	0.9695	0	0	0.9945	0.0055	0	0	1	0	0	0	0.9995	0.0005	0	0	1	0	0	0	1	0	0	0	1	0	0	0	0.005	0.995	0	0	0.001	0.999	0	0	0.01	0.99	0	0	0.967	0.033	0	0	1	0	0	0	1	0	0	0	1	0	0
85	1	0.151483	0.161728	0.515692	0	0	0	1	0	0	0	1	0	0	0	1	0	0	0.915	0.085	0	0	0.7545	0.2455	0	0	0.993	0.007	0	0	0.95	0.05	0	0	0.9995	0.0005	0	0	0.966	0.034	0	0	0.9455	0.0545	0	0	0.001	0.999	0	0	0.001	0.999	0	0	0	1	0	0	0.0045	0.9955	0	0	0.082	0.918	0	0	1	0	0	0	0	1	0	0	0.006	0.994	0	0	0.947	0.053	0	0	1	0	0	0	1	0	0	0	1	0	0	0	1	0	0	0	1	0	0	0	0.001	0.999	0	0	0.0045	0.9955	0	0	0.0045	0.9955	0	0	0.099	0.901	0	0	1	0	0	0	1	0	0	0	1	0	0
40	1	0.230617	0.148455	0.50695	0	0	0.0075	0.9925	0	0	0.0035	0.9965	0	0	0.0305	0.9695	0	0	0.998	0.002	0	0	0.867	0.133	0	0	0.845	0.155	0	0	0.9995	0.0005	0	0	0.6955	0.3045	0	0	0.993	0.007	0	0	0.7995	0.2005	0	0	0.0935	0.9065	0	0	0.046	0.954	0	0	0.7225	0.2775	0	0	0.78	0.22	0	0	0.9775	0.0225	0	0	0.8925	0.1075	0	0	0.0105	0.9895	0	0	0.0675	0.9325	0	0	0.9985	0.0015	0	0	1	0	0	0	0.9995	0.0005	0	0	1	0	0	0	1	0	0	0	1	0	0	0	0.14	0.86	0	0	0.784	0.216	0	0	0.7935	0.2065	0	0	0.982	0.018	0	0	1	0	0	0	1	0	0	0	1	0	0
82	1	0.128542	0.14091	0.49483	0	0	0.0305	0.9695	0	0	0.0025	0.9975	0	0	0	1	0	0	0.9955	0.0045	0	0	0.9965	0.0035	0	0	0.9935	0.0065	0	0	0.725	0.275	0	0	0.9505	0.0495	0	0	0.9995	0.0005	0	0	0.998	0.002	0	0	0.0005	0.9995	0	0	0.001	0.999	0	0	0.0005	0.9995	0	0	0.001	0.999	0	0	0.983	0.017	0	0	0.997	0.003	0	0	0.0305	0.9695	0	0	0.0515	0.9485	0	0	1	0	0	0	1	0	0	0	1	0	0	0	1	0	0	0	1	0	0	0	1	0	0	0	0.001	0.999	0	0	0.0015	0.9985	0	0	0.0015	0.9985	0	0	0.983	0.017	0	0	1	0	0	0	1	0	0	0	1	0	0
59	1	0.140324	0.135218	0.498855	0	0	0	1	0	0	0	1	0	0	0	1	0	0	0.9725	0.0275	0	0	0.8475	0.1525	0	0	1	0	0	0	1	0	0	0	1	0	0	0	0.954	0.046	0	0	0.9935	0.0065	0	0	0.0005	0.9995	0	0	0.0005	0.9995	0	0	0.005	0.995	0	0	0.0045	0.9955	0	0	1	0	0	0	1	0	0	0	0	1	0	0	0.0065	0.9935	0	0	0.992	0.008	0	0	1	0	0	0	1	0	0	0	1	0	0	0	1	0	0	0	1	0	0	0	0.0015	0.9985	0	0	0.0075	0.9925	0	0	0.0085	0.9915	0	0	1	0	0	0	1	0	0	0	1	0	0	0	1	0	0
86	1	0.206422	0.144754	0.49394	0	0	0.032	0.968	0	0	0.0495	0.9505	0	0	0.1095	0.8905	0	0	0.9705	0.0295	0	0	0.8115	0.1885	0	0	0.8025	0.1975	0	0	0.9975	0.0025	0	0	0.938	0.062	0	0	0.9965	0.0035	0	0	1	0	0	0	0.001	0.999	0	0	0.0005	0.9995	0	0	0	1	0	0	0	1	0	0	0.9885	0.0115	0	0	0.9855	0.0145	0	0	0.055	0.945	0	0	0.1255	0.8745	0	0	0.979	0.021	0	0	0.9985	0.0015	0	0	1	0	0	0	1	0	0	0	1	0	0	0	1	0	0	0	0.003	0.997	0	0	0.0015	0.9985	0	0	0.027	0.973	0	0	0.9895	0.0105	0	0	1	0	0	0	1	0	0	0	1	0	0
41	1	0.163551	0.152913	0.492358	0	0	0	1	0	0	0.0005	0.9995	0	0	0	1	0	0	0.832	0.168	0	0	0.824	0.176	0	0	0.9965	0.0035	0	0	0.987	0.013	0	0	0.8195	0.1805	0	0	0.97	0.03	0	0	0.9985	0.0015	0	0	0.0005	0.9995	0	0	0.001	0.999	0	0	0.016	0.984	0	0	0.065	0.935	0	0	1	0	0	0	1	0	0	0	0.0015	0.9985	0	0	0.0105	0.9895	0	0	0.9985	0.0015	0	0	1	0	0	0	0.9995	0.0005	0	0	1	0	0	0	1	0	0	0	1	0	0	0	0.004	0.996	0	0	0.0655	0.9345	0	0	0.0765	0.9235	0	0	1	0	0	0	1	0	0	0	1	0	0	0	1	0	0
83	1	0.143651	0.145705	0.50659	0	0	0	1	0	0	0	1	0	0	0	1	0	0	0.9575	0.0425	0	0	0.8365	0.1635	0	0	0.824	0.176	0	0	1	0	0	0	0.9955	0.0045	0	0	0.971	0.029	0	0	1	0	0	0	0.0405	0.9595	0	0	0.0535	0.9465	0	0	0.0255	0.9745	0	0	0.005	0.995	0	0	0.9995	0.0005	0	0	1	0	0	0	0	1	0	0	0.019	0.981	0	0	1	0	0	0	1	0	0	0	1	0	0	0	1	0	0	0	1	0	0	0	1	0	0	0	0.0785	0.9215	0	0	0.03	0.97	0	0	0.118	0.882	0	0	0.9995	0.0005	0	0	1	0	0	0	1	0	0	0	1	0	0
60	1	0.218344	0.150525	0.501761	0	0	0	1	0	0	0.001	0.999	0	0	0	1	0	0	0.8815	0.1185	0	0	0.7655	0.2345	0	0	0.806	0.194	0	0	0.997	0.003	0	0	0.9725	0.0275	0	0	0.999	0.001	0	0	1	0	0	0	0.0155	0.9845	0	0	0.0135	0.9865	0	0	0.0105	0.9895	0	0	0.0085	0.9915	0	0	0.999	0.001	0	0	1	0	0	0	0.001	0.999	0	0	0.012	0.988	0	0	0.9275	0.0725	0	0	0.993	0.007	0	0	1	0	0	0	1	0	0	0	1	0	0	0	1	0	0	0	0.017	0.983	0	0	0.011	0.989	0	0	0.0205	0.9795	0	0	1	0	0	0	1	0	0	0	1	0	0	0	1	0	0
87	1	0.259481	0.0773185	0.507939	0	0	0.678	0.322	0	0	0.7685	0.2315	0	0	0.9355	0.0645	0	0	0.91	0.09	0	0	0.9695	0.0305	0	0	0.9965	0.0035	0	0	1	0	0	0	0.999	0.001	0	0	0.9825	0.0175	0	0	1	0	0	0	0.2405	0.7595	0	0	0.2815	0.7185	0	0	0.174	0.826	0	0	0.2815	0.7185	0	0	0.9995	0.0005	0	0	0.9995	0.0005	0	0	0.7865	0.2135	0	0	0.943	0.057	0	0	0.999	0.001	0	0	1	0	0	0	1	0	0	0	1	0	0	0	1	0	0	0	1	0	0	0	0.2885	0.7115	0	0	0.285	0.715	0	0	0.3075	0.6925	0	0	0.9995	0.0005	0	0	1	0	0	0	1	0	0	0	1	0	0
42	1	0.221852	0.146616	0.498932	0	0	0.0325	0.9675	0	0	0.015	0.985	0	0	0.0365	0.9635	0	0	0.9695	0.0305	0	0	0.814	0.186	0	0	0.796	0.204	0	0	0.998	0.002	0	0	0.9995	0.0005	0	0	1	0	0	0	0.9655	0.0345	0	0	0.0015	0.9985	0	0	0.0025	0.9975	0	0	0	1	0	0	0	1	0	0	0.98	0.02	0	0	0.9865	0.0135	0	0	0.0385	0.9615	0	0	0.084	0.916	0	0	0.983	0.017	0	0	0.9995	0.0005	0	0	1	0	0	0	1	0	0	0	1	0	0	0	1	0	0	0	0.003	0.997	0	0	0.0005	0.9995	0	0	0.006	0.994	0	0	0.9825	0.0175	0	0	1	0	0	0	1	0	0	0	1	0	0
84	1	0.0964678	0.151993	0.498256	0	0	0.0005	0.9995	0	0	0.0005	0.9995	0	0	0	1	0	0	0.811	0.189	0	0	0.802	0.198	0	0	0.967	0.033	0	0	0.9995	0.0005	0	0	0.966	0.034	0	0	0.9795	0.0205	0	0	0.9935	0.0065	0	0	0	1	0	0	0	1	0	0	0	1	0	0	0	1	0	0	0.7165	0.2835	0	0	0.9975	0.0025	0	0	0.0005	0.9995	0	0	0.0105	0.9895	0	0	1	0	0	0	1	0	0	0	0.9995	0.0005	0	0	1	0	0	0	1	0	0	0	1	0	0	0	0	1	0	0	0	1	0	0	0	1	0	0	0.719	0.281	0	0	1	0	0	0	1	0	0	0	1	0	0
89	1	0.172633	0.0837882	0.505995	0	0	0.9005	0.0995	0	0	0.8905	0.1095	0	0	0.8905	0.1095	0	0	0.9905	0.0095	0	0	0.986	0.014	0	0	0.987	0.013	0	0	0.9915	0.0085	0	0	0.9435	0.0565	0	0	0.853	0.147	0	0	0.8535	0.1465	0	0	0	1	0	0	0.0005	0.9995	0	0	0.0015	0.9985	0	0	0.001	0.999	0	0	0.975	0.025	0	0	0.9675	0.0325	0	0	0.903	0.097	0	0	0.914	0.086	0	0	0.992	0.008	0	0	0.993	0.007	0	0	0.993	0.007	0	0	0.993	0.007	0	0	0.989	0.011	0	0	0.993	0.007	0	0	0.0005	0.9995	0	0	0.0015	0.9985	0	0	0.002	0.998	0	0	0.975	0.025	0	0	0.993	0.007	0	0	0.993	0.007	0	0	0.9965	0.0035	0
88	1	0.10835	0.129789	0.495652	0	0	0	1	0	0	0	1	0	0	0	1	0	0	0.9815	0.0185	0	0	0.9805	0.0195	0	0	1	0	0	0	1	0	0	0	1	0	0	0	1	0	0	0	0.9785	0.0215	0	0	0	1	0	0	0.001	0.999	0	0	0	1	0	0	0	1	0	0	1	0	0	0	1	0	0	0	0	1	0	0	0.0175	0.9825	0	0	1	0	0	0	1	0	0	0	1	0	0	0	1	0	0	0	1	0	0	0	1	0	0	0	0.001	0.999	0	0	0	1	0	0	0.002	0.998	0	0	1	0	0	0	1	0	0	0	1	0	0	0	1	0	0
43	1	0.186164	0.116885	0.493053	0	0	0.368	0.632	0	0	0.2125	0.7875	0	0	0	1	0	0	0.948	0.052	0	0	0.978	0.022	0	0	0.9685	0.0315	0	0	1	0	0	0	0.9935	0.0065	0	0	0.997	0.003	0	0	1	0	0	0	0.017	0.983	0	0	0.0295	0.9705	0	0	0.52	0.48	0	0	0.519	0.481	0	0	1	0	0	0	1	0	0	0	0.369	0.631	0	0	0.377	0.623	0	0	1	0	0	0	1	0	0	0	1	0	0	0	1	0	0	0	1	0	0	0	1	0	0	0	0.0765	0.9235	0	0	0.5245	0.4755	0	0	0.5265	0.4735	0	0	1	0	0	0	1	0	0	0	1	0	0	0	1	0	0
92	1	0.140519	0.138691	0.5053	0	0	0	1	0	0	0	1	0	0	0	1	0	0	0.981	0.019	0	0	1	0	0	0	0.969	0.031	0	0	0.9985	0.0015	0	0	0.9925	0.0075	0	0	0.8135	0.1865	0	0	0.9955	0.0045	0	0	0	1	0	0	0	1	0	0	0.0005	0.9995	0	0	0	1	0	0	0.9985	0.0015	0	0	0.9995	0.0005	0	0	0.0005	0.9995	0	0	0.018	0.982	0	0	1	0	0	0	1	0	0	0	1	0	0	0	1	0	0	0	1	0	0	0	1	0	0	0	0	1	0	0	0.0005	0.9995	0	0	0.004	0.996	0	0	0.9985	0.0015	0	0	1	0	0	0	1	0	0	0	1	0	0
90	1	0.182721	0.108458	0.491166	0	0	0.2705	0.7295	0	0	0.42	0.58	0	0	0.5965	0.4035	0	0	0.8705	0.1295	0	0	0.982	0.018	0	0	1	0	0	0	0.998	0.002	0	0	1	0	0	0	0.9985	0.0015	0	0	0.9985	0.0015	0	0	0.0005	0.9995	0	0	0.002	0.998	0	0	0	1	0	0	0	1	0	0	1	0	0	0	1	0	0	0	0.46	0.54	0	0	0.6115	0.3885	0	0	1	0	0	0	1	0	0	0	1	0	0	0	1	0	0	0	1	0	0	0	1	0	0	0	0.002	0.998	0	0	0.0005	0.9995	0	0	0.003	0.997	0	0	1	0	0	0	1	0	0	0	1	0	0	0	1	0	0
94	1	0.121391	0.135657	0.477609	0	0	0	1	0	0	0.001	0.999	0	0	0	1	0	0	0.827	0.173	0	0	0.972	0.028	0	0	1	0	0	0	0.9935	0.0065	0	0	0.99	0.01	0	0	1	0	0	0	1	0	0	0	0	1	0	0	0	1	0	0	0	1	0	0	0	1	0	0	1	0	0	0	1	0	0	0	0.001	0.999	0	0	0.012	0.988	0	0	1	0	0	0	1	0	0	0	0.9995	0.0005	0	0	1	0	0	0	1	0	0	0	1	0	0	0	0	1	0	0	0	1	0	0	0.0015	0.9985	0	0	1	0	0	0	1	0	0	0	1	0	0	0	1	0	0
44	1	0.214362	0.147021	0.49544	0	0	0.0755	0.9245	0	0	0.5135	0.4865	0	0	0.6775	0.3225	0	0	0.6285	0.3715	0	0	0.6165	0.3835	0	0	0.8875	0.1125	0	0	0.9695	0.0305	0	0	0.982	0.018	0	0	0.948	0.052	0	0	0.992	0.008	0	0	0.012	0.988	0	0	0.039	0.961	0	0	0.0645	0.9355	0	0	0.363	0.637	0	0	0.9725	0.0275	0	0	1	0	0	0	0.5345	0.4655	0	0	0.703	0.297	0	0	0.7385	0.2615	0	0	0.9125	0.0875	0	0	0.998	0.002	0	0	0.999	0.001	0	0	1	0	0	0	1	0	0	0	0.057	0.943	0	0	0.391	0.609	0	0	0.392	0.608	0	0	0.9745	0.0255	0	0	1	0	0	0	1	0	0	0	1	0	0
93	1	0.1016	0.133467	0.488397	0	0	0.0005	0.9995	0	0	0.0025	0.9975	0	0	0	1	0	0	0.996	0.004	0	0	0.8265	0.1735	0	0	0.9965	0.0035	0	0	1	0	0	0	1	0	0	0	1	0	0	0	0.999	0.001	0	0	0.0005	0.9995	0	0	0	1	0	0	0	1	0	0	0	1	0	0	1	0	0	0	1	0	0	0	0.0025	0.9975	0	0	0.0075	0.9925	0	0	0.9985	0.0015	0	0	1	0	0	0	1	0	0	0	1	0	0	0	1	0	0	0	1	0	0	0	0.0005	0.9995	0	0	0	1	0	0	0.004	0.996	0	0	1	0	0	0	1	0	0	0	1	0	0	0	1	0	0
91	1	0.220485	0.159584	0.493958	0	0	0.0055	0.9945	0	0	0.004	0.996	0	0	0	1	0	0	0.7585	0.2415	0	0	0.7585	0.2415	0	0	0.851	0.149	0	0	0.9935	0.0065	0	0	0.9635	0.0365	0	0	0.9365	0.0635	0	0	0.9555	0.0445	0	0	0.0015	0.9985	0	0	0.0015	0.9985	0	0	0.003	0.997	0	0	0.0035	0.9965	0	0	0.9935	0.0065	0	0	0.96	0.04	0	0	0.0055	0.9945	0	0	0.019	0.981	0	0	0.935	0.065	0	0	0.9975	0.0025	0	0	1	0	0	0	1	0	0	0	1	0	0	0	1	0	0	0	0.002	0.998	0	0	0.0045	0.9955	0	0	0.013	0.987	0	0	0.9955	0.0045	0	0	1	0	0	0	1	0	0	0	1	0	0
95	1	0.218945	0.162682	0.490552	0	0	0.0085	0.9915	0	0	0.001	0.999	0	0	0	1	0	0	0.993	0.007	0	0	0.993	0.007	0	0	0.795	0.205	0	0	0.8965	0.1035	0	0	0.999	0.001	0	0	0.9585	0.0415	0	0	0.979	0.021	0	0	0.062	0.938	0	0	0.0165	0.9835	0	0	0.0425	0.9575	0	0	0.2575	0.7425	0	0	0.5195	0.4805	0	0	1	0	0	0	0.0085	0.9915	0	0	0.0185	0.9815	0	0	0.9995	0.0005	0	0	1	0	0	0	1	0	0	0	1	0	0	0	1	0	0	0	1	0	0	0	0.0765	0.9235	0	0	0.271	0.729	0	0	0.3425	0.6575	0	0	0.636	0.364	0	0	1	0	0	0	1	0	0	0	1	0	0
45	1	0.163498	0.157958	0.496507	0	0	0	1	0	0	0	1	0	0	0	1	0	0	0.7765	0.2235	0	0	0.7725	0.2275	0	0	0.994	0.006	0	0	1	0	0	0	0.9995	0.0005	0	0	0.7945	0.2055	0	0	0.9545	0.0455	0	0	0.024	0.976	0	0	0.0865	0.9135	0	0	0.002	0.998	0	0	0.0015	0.9985	0	0	0.9815	0.0185	0	0	0.973	0.027	0	0	0	1	0	0	0.007	0.993	0	0	0.9505	0.0495	0	0	0.999	0.001	0	0	1	0	0	0	1	0	0	0	0.9995	0.0005	0	0	1	0	0	0	0.0865	0.9135	0	0	0.017	0.983	0	0	0.087	0.913	0	0	0.9825	0.0175	0	0	1	0	0	0	1	0	0	0	1	0	0
96	1	0.123945	0.157801	0.494317	0	0	0	1	0	0	0	1	0	0	0.0005	0.9995	0	0	0.813	0.187	0	0	0.971	0.029	0	0	1	0	0	0	1	0	0	0	0.995	0.005	0	0	0.775	0.225	0	0	0.7705	0.2295	0	0	0	1	0	0	0	1	0	0	0	1	0	0	0	1	0	0	1	0	0	0	0.9995	0.0005	0	0	0	1	0	0	0.008	0.992	0	0	1	0	0	0	1	0	0	0	1	0	0	0	1	0	0	0	0.995	0.005	0	0	1	0	0	0	0	1	0	0	0.0005	0.9995	0	0	0.001	0.999	0	0	1	0	0	0	1	0	0	0	1	0	0	0	1	0	0
97	1	0.28681	0.133893	0.504303	0	0	0.0365	0.9635	0	0	0.034	0.966	0	0	0.3355	0.6645	0	0	0.7895	0.2105	0	0	0.7675	0.2325	0	0	0.9865	0.0135	0	0	0.9965	0.0035	0	0	0.9975	0.0025	0	0	0.9735	0.0265	0	0	0.9815	0.0185	0	0	0.1505	0.8495	0	0	0.1985	0.8015	0	0	0.5105	0.4895	0	0	0.512	0.488	0	0	0.6015	0.3985	0	0	0.997	0.003	0	0	0.065	0.935	0	0	0.352	0.648	0	0	0.9225	0.0775	0	0	0.991	0.009	0	0	1	0	0	0	1	0	0	0	1	0	0	0	1	0	0	0	0.249	0.751	0	0	0.626	0.374	0	0	0.633	0.367	0	0	0.6985	0.3015	0	0	1	0	0	0	1	0	0	0	1	0	0
98	1	0.123151	0.133746	0.492428	0	0	0	1	0	0	0	1	0	0	0	1	0	0	0.9895	0.0105	0	0	0.832	0.168	0	0	0.971	0.029	0	0	0.997	0.003	0	0	1	0	0	0	0.993	0.007	0	0	0.9975	0.0025	0	0	0.0005	0.9995	0	0	0.0015	0.9985	0	0	0.0005	0.9995	0	0	0	1	0	0	0.9855	0.0145	0	0	1	0	0	0	0	1	0	0	0.013	0.987	0	0	0.993	0.007	0	0	1	0	0	0	1	0	0	0	1	0	0	0	1	0	0	0	1	0	0	0	0.002	0.998	0	0	0.0005	0.9995	0	0	0.0075	0.9925	0	0	0.986	0.014	0	0	1	0	0	0	1	0	0	0	1	0	0
46	1	0.217277	0.132428	0.499601	0	0	0.009	0.991	0	0	0.0035	0.9965	0	0	0	1	0	0	0.998	0.002	0	0	1	0	0	0	1	0	0	0	0.943	0.057	0	0	0.99	0.01	0	0	0.9555	0.0445	0	0	0.9975	0.0025	0	0	0.0045	0.9955	0	0	0.0065	0.9935	0	0	0	1	0	0	0.001	0.999	0	0	0.863	0.137	0	0	1	0	0	0	0.009	0.991	0	0	0.0195	0.9805	0	0	1	0	0	0	1	0	0	0	0.9955	0.0045	0	0	1	0	0	0	1	0	0	0	1	0	0	0	0.0075	0.9925	0	0	0.002	0.998	0	0	0.0115	0.9885	0	0	0.944	0.056	0	0	1	0	0	0	1	0	0	0	1	0	0
99	1	0.203213	0.134598	0.491097	0	0	0.0025	0.9975	0	0	0.0025	0.9975	0	0	0.002	0.998	0	0	0.84	0.16	0	0	0.989	0.011	0	0	1	0	0	0	0.9995	0.0005	0	0	1	0	0	0	0.976	0.024	0	0	0.964	0.036	0	0	0.1235	0.8765	0	0	0.6095	0.3905	0	0	0.69	0.31	0	0	0.1515	0.8485	0	0	0.999	0.001	0	0	1	0	0	0	0.004	0.996	0	0	0.03	0.97	0	0	0.9995	0.0005	0	0	1	0	0	0	1	0	0	0	1	0	0	0	0.9995	0.0005	0	0	1	0	0	0	0.684	0.316	0	0	0.6935	0.3065	0	0	0.7465	0.2535	0	0	0.9995	0.0005	0	0	1	0	0	0	1	0	0	0	1	0	0
47	1	0.163955	0.176448	0.519509	0	0	0.001	0.999	0	0	0.006	0.994	0	0	0.0025	0.9975	0	0	0.8895	0.1105	0	0	0.7205	0.2795	0	0	0.7445	0.2555	0	0	0.896	0.104	0	0	0.9805	0.0195	0	0	0.939	0.061	0	0	0.8335	0.1665	0	0	0	1	0	0	0	1	0	0	0	1	0	0	0.0055	0.9945	0	0	0.832	0.168	0	0	0.972	0.028	0	0	0.009	0.991	0	0	0.1485	0.8515	0	0	0.921	0.079	0	0	0.993	0.007	0	0	1	0	0	0	1	0	0	0	1	0	0	0	1	0	0	0	0.001	0.999	0	0	0.007	0.993	0	0	0.019	0.981	0	0	0.849	0.151	0	0	1	0	0	0	1	0	0	0	1	0	0