No.	n_rate	c_rate	g_rate	l_rate	l2_rate	halLeu_0	halLeu_1	halLeu_2	halLeu_3	nipNip_0	nipNip_1	nipNip_2	nipNip_3	galGal_0	galGal_1	galGal_2	galGal_3	aptHaa_0	aptHaa_1	aptHaa_2	aptHaa_3	aptOwe_0	aptOwe_1	aptOwe_2	aptOwe_3	aptRow_0	aptRow_1	aptRow_2	aptRow_3	casCas_0	casCas_1	casCas_2	casCas_3	droNov_0	droNov_1	droNov_2	droNov_3	rheAme_0	rheAme_1	rheAme_2	rheAme_3	rhePen_0	rhePen_1	rhePen_2	rhePen_3	cryCin_0	cryCin_1	cryCin_2	cryCin_3	tinGut_0	tinGut_1	tinGut_2	tinGut_3	eudEle_0	eudEle_1	eudEle_2	eudEle_3	notPer_0	notPer_1	notPer_2	notPer_3	anoDid_0	anoDid_1	anoDid_2	anoDid_3	strCam_0	strCam_1	strCam_2	strCam_3	taeGut-aptFor_0	taeGut-aptFor_1	taeGut-aptFor_2	taeGut-aptFor_3	taeGut-galGal_0	taeGut-galGal_1	taeGut-galGal_2	taeGut-galGal_3	aptHaa-aptOwe_0	aptHaa-aptOwe_1	aptHaa-aptOwe_2	aptHaa-aptOwe_3	aptHaa-aptRow_0	aptHaa-aptRow_1	aptHaa-aptRow_2	aptHaa-aptRow_3	casCas-droNov_0	casCas-droNov_1	casCas-droNov_2	casCas-droNov_3	aptHaa-casCas_0	aptHaa-casCas_1	aptHaa-casCas_2	aptHaa-casCas_3	rheAme-rhePen_0	rheAme-rhePen_1	rheAme-rhePen_2	rheAme-rhePen_3	aptHaa-rheAme_0	aptHaa-rheAme_1	aptHaa-rheAme_2	aptHaa-rheAme_3	cryCin-tinGut_0	cryCin-tinGut_1	cryCin-tinGut_2	cryCin-tinGut_3	eudEle-notPer_0	eudEle-notPer_1	eudEle-notPer_2	eudEle-notPer_3	cryCin-eudEle_0	cryCin-eudEle_1	cryCin-eudEle_2	cryCin-eudEle_3	cryCin-anoDid_0	cryCin-anoDid_1	cryCin-anoDid_2	cryCin-anoDid_3	aptHaa-cryCin_0	aptHaa-cryCin_1	aptHaa-cryCin_2	aptHaa-cryCin_3	aptHaa-strCam_0	aptHaa-strCam_1	aptHaa-strCam_2	aptHaa-strCam_3	taeGut-aptHaa_0	taeGut-aptHaa_1	taeGut-aptHaa_2	taeGut-aptHaa_3
18	3.25613	0.0686264	0.615803	0.806077	0	0	0	1	0	0	0	1	0	0	0	1	0	0	0	0	1	0	0	0	1	0	0	0	1	0	0	0	1	0	0	0	1	0	0	0	1	0	0	0	1	0	0	1	0	0	0	1	0	0	0	1	0	0	0	1	0	0	0	0	1	0	0	0	1	0	0	1	0	0	0.001	0.999	0	0	0	0	1	0	0	0	1	0	0	0	1	0	0	0.065	0.935	0	0	0	1	0	0	0.24	0.76	0	0	1	0	0	0	1	0	0	0	1	0	0	0	1	0	0	0	1	0	0	0	1	0	0	0.2685	0.7315	0
14	2.63098	0.183875	0.593879	0.744535	0	0	0.0005	0.9995	0	0	0	1	0	0	0.001	0.999	0	0	0	0	1	0	0	0	1	0	0	0	1	0	0	0	1	0	0	0	1	0	0.002	0	0.998	0	0.0015	0.0005	0.998	0	0	1	0	0	0	1	0	0	0	1	0	0	0	1	0	0	0	0	1	0	0.01	0	0.99	0	0.0025	0.9975	0	0	0.011	0.989	0	0	0	0	1	0	0	0	1	0	0	0.3385	0.6615	0	0	0.3695	0.6305	0	0.002	0	0.998	0	0.002	0.4695	0.5285	0	0	1	0	0	0	1	0	0	0	1	0	0	0	1	0	0	0.003	0.997	0	0	0.01	0.99	0	0	0.2595	0.7405	0
8	1.44724	0.121769	0.59685	0.775635	0	0	0	1	0	0	0	1	0	0	0	1	0	0	0	0.0035	0.9965	0	0	0.0025	0.9975	0	0	0.0705	0.9295	0	0	0.075	0.925	0	0.0005	0.0775	0.922	0	0.0005	0	0.9995	0	0.0005	0	0.9995	0	0	1	0	0	0	1	0	0	0	1	0	0	0	1	0	0	0	0	1	0	0.002	0	0.998	0	0	1	0	0	0.001	0.999	0	0	0	0.0565	0.9435	0	0	0.1975	0.8025	0	0.0005	0.0895	0.91	0	0.0005	0.234	0.7655	0	0.0005	0	0.9995	0	0.0005	0.346	0.6535	0	0	1	0	0	0	1	0	0	0	1	0	0	0	1	0	0	0.001	0.999	0	0	0.002	0.998	0	0	0.2555	0.7445	0
0	2.38537	0.2097	0.652511	0.816054	0	0	0	1	0	0	0.0005	0.9995	0	0	0	1	0	0	0	0	1	0	0	0	1	0	0	0	1	0	0	0	1	0	0	0	1	0	0	0.0005	0.9995	0	0	0	1	0	0	1	0	0	0	1	0	0	0	1	0	0	0	1	0	0	0	0.0015	0.9985	0	0.0145	0	0.9855	0	0.005	0.995	0	0	0.449	0.551	0	0	0	0	1	0	0	0	1	0	0	0	1	0	0	0.032	0.968	0	0	0.0005	0.9995	0	0	0.172	0.828	0	0	1	0	0	0	1	0	0	0	1	0	0	0	1	0	0	0.0045	0.9955	0	0	0.0145	0.9855	0	0	0.602	0.398	0
19	2.80314	0.312373	0.601993	0.691615	0	0	0.005	0.995	0	0	0	1	0	0	0.0005	0.9995	0	0	0	0	1	0	0	0	1	0	0	0	1	0	0	0	1	0	0	0	1	0	0.0005	0	0.9995	0	0.0005	0	0.9995	0	0	1	0	0	0	1	0	0	0	1	0	0	0	1	0	0	0.002	0	0.998	0	0.0655	0.07	0.8645	0	0.0185	0.9815	0	0	0.028	0.972	0	0	0	0	1	0	0	0	1	0	0	0.579	0.421	0	0	0.6025	0.3975	0	0.0005	0	0.9995	0	0.0005	0.6615	0.338	0	0	1	0	0	0	1	0	0	0.0005	0.9995	0	0	0.002	0.998	0	0	0.0155	0.9845	0	0	0.069	0.931	0	0	0.322	0.678	0
15	1.82321	0.19354	0.608929	0.631295	0	0	0	1	0	0	0	1	0	0	0	1	0	0	0	0	1	0	0	0	1	0	0	0	1	0	0	0	1	0	0	0	1	0	0.0015	0.0185	0.98	0	0.0015	0.0025	0.996	0	0	1	0	0	0	1	0	0	0	1	0	0	0	1	0	0	0	0	1	0	0.018	0.892	0.09	0	0.0005	0.9995	0	0	0.021	0.979	0	0	0	0	1	0	0	0	1	0	0	0.0075	0.9925	0	0	0.0855	0.9145	0	0.0015	0.0305	0.968	0	0.0015	0.286	0.7125	0	0	1	0	0	0	1	0	0	0	1	0	0	0	1	0	0	0.008	0.992	0	0	0.0875	0.9125	0	0	0.335	0.665	0
9	2.04784	0.174619	0.62623	0.805413	0	0	0.001	0.999	0	0	0	1	0	0	0	1	0	0	0	0	1	0	0	0	1	0	0	0	1	0	0	0	1	0	0	0	1	0	0	0	1	0	0	0	1	0	0	1	0	0	0	1	0	0	0	1	0	0	0	1	0	0	0.0005	0.0135	0.986	0	0.011	0	0.989	0	0.003	0.997	0	0	0.195	0.805	0	0	0	0	1	0	0	0	1	0	0	0.0675	0.9325	0	0	0.1075	0.8925	0	0	0.0015	0.9985	0	0	0.2385	0.7615	0	0	1	0	0	0	1	0	0	0	1	0	0	0.0005	0.9995	0	0	0.0015	0.9985	0	0	0.011	0.989	0	0	0.3975	0.6025	0
1	1.36035	0.132024	0.612833	0.569109	0	0	0.0005	0.9995	0	0	0.0005	0.9995	0	0	0	1	0	0	0.0005	0	0.9995	0	0.0005	0	0.9995	0	0.0005	0.002	0.9975	0	0.0005	0.0005	0.999	0	0.0005	0.105	0.8945	0	0.0005	0.0065	0.993	0	0.0005	0.3395	0.66	0	0	1	0	0	0	1	0	0	0	1	0	0	0	1	0	0	0.0005	0.6155	0.384	0	0.024	0.1125	0.8635	0	0.0005	0.9995	0	0	0.0105	0.9895	0	0	0.0005	0.0005	0.999	0	0.0005	0.0175	0.982	0	0.0005	0.195	0.8045	0	0.0005	0.3065	0.693	0	0.0005	0.532	0.4675	0	0.003	0.636	0.361	0	0	1	0	0	0	1	0	0	0	1	0	0	0.001	0.999	0	0	0.0045	0.9955	0	0	0.026	0.974	0	0	0.3025	0.6975	0
20	1.05883	0.121445	0.592396	0.677327	0	0	0	1	0	0	0	1	0	0	0	1	0	0	0	0.0095	0.9905	0	0	0.0115	0.9885	0	0	0.01	0.99	0	0	0.0235	0.9765	0	0.0005	0.0145	0.985	0	0	0.2925	0.7075	0	0	0.0885	0.9115	0	0	1	0	0	0	1	0	0	0	1	0	0	0	1	0	0	0	0.0175	0.9825	0	0.0025	0	0.9975	0	0	1	0	0	0.001	0.999	0	0	0	0.016	0.984	0	0	0.078	0.922	0	0.0005	0.037	0.9625	0	0.0005	0.214	0.7855	0	0	0.556	0.444	0	0.001	0.636	0.363	0	0	1	0	0	0	1	0	0	0	1	0	0	0	1	0	0	0.001	0.999	0	0	0.0025	0.9975	0	0	0.255	0.745	0
16	2.11877	0.182729	0.576097	0.765148	0	0	0	1	0	0	0	1	0	0	0	1	0	0	0	0.0575	0.9425	0	0	0.0125	0.9875	0	0	0.1275	0.8725	0	0	0	1	0	0	0.018	0.982	0	0	0	1	0	0	0	1	0	0	1	0	0	0	1	0	0	0	1	0	0	0	1	0	0	0	0	1	0	0.0015	0.0015	0.997	0	0.0005	0.9995	0	0	0.0025	0.9975	0	0	0	0.099	0.901	0	0	0.188	0.812	0	0	0.0425	0.9575	0	0	0.2265	0.7735	0	0	0.038	0.962	0	0	0.357	0.643	0	0	1	0	0	0	1	0	0	0	1	0	0	0	1	0	0	0.0005	0.9995	0	0	0.0015	0.9985	0	0	0.2495	0.7505	0
10	2.78129	0.277004	0.562552	0.632469	0	0	0	1	0	0	0	1	0	0	0	1	0	0	0	0.02	0.98	0	0	0.0225	0.9775	0	0	0.157	0.843	0	0	0	1	0	0	0	1	0	0	0	1	0	0	0	1	0	0	1	0	0	0	1	0	0	0	1	0	0	0	1	0	0	0.0035	0.5975	0.399	0	0.027	0.01	0.963	0	0.0005	0.9995	0	0	0.0035	0.9965	0	0	0	0.144	0.856	0	0	0.352	0.648	0	0	0	1	0	0	0.3915	0.6085	0	0	0	1	0	0	0.4935	0.5065	0	0	1	0	0	0	1	0	0	0.0005	0.9995	0	0	0.0035	0.9965	0	0	0.0055	0.9945	0	0	0.027	0.973	0	0	0.267	0.733	0
2	8.21411	0.179841	0.418146	0.864943	0	0	0.0015	0.9985	0	0	0.001	0.999	0	0	0	1	0	0	0	0	1	0	0	0	1	0	0	0	1	0	0	0	1	0	0	0	1	0	0	0	1	0	0	0	1	0	0	1	0	0	0	1	0	0	0	1	0	0	0.0005	0.9995	0	0	0.98	0.02	0	0	0.9965	0.0035	0	0	0.002	0.998	0	0	0.009	0.991	0	0	0	0.0345	0.9655	0	0	0.9995	0.0005	0	0	1	0	0	0.8015	0.1985	0	0	0	1	0	0	0.912	0.088	0	0	0	1	0	0	0.0015	0.9985	0	0	0.0095	0.9905	0	0	0.9815	0.0185	0	0	0.989	0.011	0	0	0.9965	0.0035	0	0	0.9985	0.0015	0
21	2.40701	0.337357	0.556725	0.654995	0	0	0.001	0.999	0	0	0.001	0.999	0	0	0.0005	0.9995	0	0	0	0	1	0	0	0	1	0	0	0.0015	0.9985	0	0	0	1	0	0	0	1	0	0.0005	0.001	0.9985	0	0.0015	0	0.9985	0	0.0075	0.9925	0	0	0.013	0.987	0	0	0.015	0.985	0	0	0.008	0.992	0	0	0.027	0.673	0.3	0	0.1245	0.1165	0.759	0	0.005	0.995	0	0	0.0315	0.9685	0	0	0	0	1	0	0	0.0015	0.9985	0	0	0	1	0	0	0.074	0.926	0	0.0015	0	0.9985	0	0.0015	0.269	0.7295	0	0.0185	0.9815	0	0	0.0175	0.9825	0	0	0.026	0.974	0	0	0.0335	0.9665	0	0	0.0375	0.9625	0	0	0.131	0.869	0	0	0.3555	0.6445	0
17	1.97664	0.398766	0.527166	0.795094	0	0	0.1515	0.8485	0	0	0.2545	0.7455	0	0	0.062	0.938	0	0	0	0	1	0	0	0	1	0	0	0	1	0	0	0.0075	0.9925	0	0	0.012	0.988	0	0.0005	0.003	0.9965	0	0.003	0	0.997	0	0	1	0	0	0	1	0	0	0	1	0	0	0	1	0	0	0.002	0	0.998	0	0.108	0.0005	0.8915	0	0.3095	0.6905	0	0	0.474	0.526	0	0	0	0.0005	0.9995	0	0	0.0015	0.9985	0	0	0.0935	0.9065	0	0	0.128	0.872	0	0.003	0.001	0.996	0	0.003	0.26	0.737	0	0	1	0	0	0	1	0	0	0.0005	0.9995	0	0	0.002	0.998	0	0	0.018	0.982	0	0	0.108	0.892	0	0	0.6085	0.3915	0
11	2.62314	0.261653	0.595624	0.816815	0	0	0.0005	0.9995	0	0	0.001	0.999	0	0	0	1	0	0	0	0	1	0	0	0	1	0	0	0	1	0	0	0	1	0	0	0	1	0	0	0	1	0	0	0	1	0	0.0135	0.9865	0	0	0.0075	0.9925	0	0	0.0115	0.9885	0	0	0.003	0.997	0	0	0.0255	0	0.9745	0	0.3575	0.0005	0.642	0	0.012	0.988	0	0	0.6525	0.3475	0	0	0	0	1	0	0	0.002	0.998	0	0	0	1	0	0	0.069	0.931	0	0	0.0835	0.9165	0	0.0415	0.147	0.8115	0	0.014	0.986	0	0	0.012	0.988	0	0	0.0165	0.9835	0	0	0.0255	0.9745	0	0	0.093	0.907	0	0	0.358	0.642	0	0	0.8745	0.1255	0
3	2.56569	0.167943	0.61764	0.628314	0	0	0	1	0	0	0	1	0	0	0	1	0	0	0	0	1	0	0	0.0005	0.9995	0	0.001	0	0.999	0	0.0005	0.002	0.9975	0	0	0.2285	0.7715	0	0	0	1	0	0	0	1	0	0	1	0	0	0	1	0	0	0	1	0	0	0	1	0	0	0.0005	0	0.9995	0	0.0035	0	0.9965	0	0	1	0	0	0.0035	0.9965	0	0	0	0.001	0.999	0	0.001	0.0005	0.9985	0	0.0005	0.453	0.5465	0	0.001	0.602	0.397	0	0	0.9975	0.0025	0	0.0015	0.997	0.0015	0	0	1	0	0	0	1	0	0	0	1	0	0	0.0005	0.9995	0	0	0.0015	0.9985	0	0	0.0035	0.9965	0	0	0.2725	0.7275	0
22	2.57653	0.214566	0.591735	0.813048	0	0	0.0005	0.9995	0	0	0.007	0.993	0	0	0	1	0	0	0	0	1	0	0	0	1	0	0	0	1	0	0	0	1	0	0	0	1	0	0	0	1	0	0	0	1	0	0	1	0	0	0	1	0	0	0	1	0	0	0	1	0	0	0	0	1	0	0	0	1	0	0.0125	0.9875	0	0	0.0375	0.9625	0	0	0	0	1	0	0	0	1	0	0	0.007	0.993	0	0	0.0625	0.9375	0	0	0	1	0	0	0.212	0.788	0	0	1	0	0	0	1	0	0	0	1	0	0	0	1	0	0	0	1	0	0	0	1	0	0	0.2955	0.7045	0
24	1.67255	0.334843	0.597176	0.198693	0	0	0.0005	0.9995	0	0	0.001	0.999	0	0	0	1	0	0	0	0.541	0.459	0	0	0.547	0.453	0	0	0.46	0.54	0	0.0005	0.6445	0.355	0	0.0005	0.289	0.7105	0	0.0005	0.6125	0.387	0	0.0005	0.7555	0.244	0	0	1	0	0	0	1	0	0	0	1	0	0	0	1	0	0	0	0.9345	0.0655	0	0.001	0.942	0.057	0	0.002	0.998	0	0	0.007	0.993	0	0	0	0.648	0.352	0	0	0.734	0.266	0	0.0005	0.682	0.3175	0	0.0005	0.8355	0.164	0	0.001	0.959	0.04	0	0.001	0.9695	0.0295	0	0	1	0	0	0	1	0	0	0	1	0	0	0	1	0	0	0.002	0.998	0	0	0.01	0.99	0	0	0.2505	0.7495	0
12	1.5763	0.147734	0.591287	0.64998	0	0	0	1	0	0	0	1	0	0	0	1	0	0	0.0035	0.027	0.9695	0	0.001	0.102	0.897	0	0.004	0.178	0.818	0	0.002	0	0.998	0	0.002	0.104	0.894	0	0.001	0.001	0.998	0	0.001	0	0.999	0	0	1	0	0	0	1	0	0	0	1	0	0	0	1	0	0	0.0015	0.393	0.6055	0	0.0115	0	0.9885	0	0	1	0	0	0.004	0.996	0	0	0.0035	0.168	0.8285	0	0.0045	0.316	0.6795	0	0.002	0.2795	0.7185	0	0.0095	0.359	0.6315	0	0.001	0.342	0.657	0	0.01	0.513	0.477	0	0	1	0	0	0	1	0	0	0	1	0	0	0.0025	0.9975	0	0	0.011	0.989	0	0	0.0115	0.9885	0	0	0.2595	0.7405	0
4	1.64402	0.103232	0.584491	0.759561	0	0	0	1	0	0	0	1	0	0	0	1	0	0	0	0.001	0.999	0	0	0.0005	0.9995	0	0.0005	0	0.9995	0	0	0.002	0.998	0	0	0.001	0.999	0	0.0005	0.0005	0.999	0	0.001	0	0.999	0	0	1	0	0	0	1	0	0	0	1	0	0	0	1	0	0	0.0005	0	0.9995	0	0.001	0	0.999	0	0	1	0	0	0.002	0.998	0	0	0	0.001	0.999	0	0.0005	0.001	0.9985	0	0	0.2805	0.7195	0	0.0005	0.3045	0.695	0	0.001	0	0.999	0	0.001	0.414	0.585	0	0	1	0	0	0	1	0	0	0	1	0	0	0.0005	0.9995	0	0	0.001	0.999	0	0	0.001	0.999	0	0	0.2265	0.7735	0
23	2.56366	0.277161	0.593693	0.814788	0	0	0.0055	0.9945	0	0	0.015	0.985	0	0	0	1	0	0	0	0	1	0	0	0	1	0	0	0.001	0.999	0	0	0	1	0	0	0	1	0	0	0	1	0	0	0	1	0	0	1	0	0	0	1	0	0	0	1	0	0	0	1	0	0	0	0	1	0	0.0015	0	0.9985	0	0.018	0.982	0	0	0.096	0.904	0	0	0	0.001	0.999	0	0	0.002	0.998	0	0	0	1	0	0	0.045	0.955	0	0	0	1	0	0	0.191	0.809	0	0	1	0	0	0	1	0	0	0	1	0	0	0	1	0	0	0.0005	0.9995	0	0	0.0015	0.9985	0	0	0.3145	0.6855	0
25	1.85043	0.16679	0.62275	0.694074	0	0	0	1	0	0	0	1	0	0	0	1	0	0	0	0.0005	0.9995	0	0	0	1	0	0	0.0055	0.9945	0	0	0.0125	0.9875	0	0	0.0005	0.9995	0	0.0045	0	0.9955	0	0.0045	0	0.9955	0	0	1	0	0	0	1	0	0	0	1	0	0	0	1	0	0	0.0015	0.003	0.9955	0	0.0115	0.0005	0.988	0	0	1	0	0	0.0055	0.9945	0	0	0	0.001	0.999	0	0	0.4265	0.5735	0	0	0.4965	0.5035	0	0.0045	0.527	0.4685	0	0.0045	0	0.9955	0	0.0045	0.5665	0.429	0	0	1	0	0	0	1	0	0	0	1	0	0	0.0015	0.9985	0	0	0.007	0.993	0	0	0.0115	0.9885	0	0	0.2845	0.7155	0
5	2.59241	0.0838178	0.590082	0.804349	0	0	0	1	0	0	0	1	0	0	0	1	0	0	0	0	1	0	0	0	1	0	0	0	1	0	0	0	1	0	0	0	1	0	0	0	1	0	0	0	1	0	0	1	0	0	0	1	0	0	0	1	0	0	0	1	0	0	0	0	1	0	0	0	1	0	0	1	0	0	0.0025	0.9975	0	0	0	0	1	0	0	0.003	0.997	0	0	0	1	0	0	0.063	0.937	0	0	0	1	0	0	0.238	0.762	0	0	1	0	0	0	1	0	0	0	1	0	0	0	1	0	0	0	1	0	0	0	1	0	0	0.25	0.75	0
13	1.77226	0.0425303	0.597651	0.817732	0	0	0	1	0	0	0	1	0	0	0	1	0	0	0	0	1	0	0	0	1	0	0	0	1	0	0	0	1	0	0	0	1	0	0	0	1	0	0	0	1	0	0	1	0	0	0	1	0	0	0	1	0	0	0	1	0	0	0	0.012	0.988	0	0	0	1	0	0	1	0	0	0.0015	0.9985	0	0	0	0	1	0	0	0	1	0	0	0	1	0	0	0.0295	0.9705	0	0	0	1	0	0	0.1745	0.8255	0	0	1	0	0	0	1	0	0	0	1	0	0	0	1	0	0	0	1	0	0	0	1	0	0	0.2455	0.7545	0
26	2.12353	0.182977	0.591854	0.611148	0	0	0	1	0	0	0	1	0	0	0	1	0	0	0	0.0135	0.9865	0	0	0.0005	0.9995	0	0	0.0005	0.9995	0	0	0.0005	0.9995	0	0	0.0005	0.9995	0	0	0	1	0	0	0	1	0	0	1	0	0	0	1	0	0	0	1	0	0	0	1	0	0	0.0005	0.022	0.9775	0	0.0115	0.6355	0.353	0	0	1	0	0	0.003	0.997	0	0	0	0.024	0.976	0	0	0.605	0.395	0	0	0.0005	0.9995	0	0	0.624	0.376	0	0	0	1	0	0	0.6995	0.3005	0	0	1	0	0	0	1	0	0	0	1	0	0	0.0005	0.9995	0	0	0.0025	0.9975	0	0	0.0155	0.9845	0	0	0.266	0.734	0
6	2.41333	0.142301	0.627625	0.822354	0	0	0	1	0	0	0	1	0	0	0	1	0	0	0	0	1	0	0	0	1	0	0	0	1	0	0	0	1	0	0	0	1	0	0	0	1	0	0	0	1	0	0	1	0	0	0	1	0	0	0	1	0	0	0	1	0	0	0	0	1	0	0.001	0	0.999	0	0.0005	0.9995	0	0	0.0085	0.9915	0	0	0	0	1	0	0	0	1	0	0	0	1	0	0	0.0435	0.9565	0	0	0	1	0	0	0.1985	0.8015	0	0	1	0	0	0	1	0	0	0	1	0	0	0	1	0	0	0	1	0	0	0.001	0.999	0	0	0.2845	0.7155	0
27	2.00382	0.211225	0.598007	0.810568	0	0	0	1	0	0	0	1	0	0	0.001	0.999	0	0	0	0.0005	0.9995	0	0	0.0015	0.9985	0	0	0	1	0	0	0	1	0	0	0.0025	0.9975	0	0	0	1	0	0	0	1	0	0	1	0	0	0	1	0	0	0	1	0	0	0	1	0	0	0	0	1	0	0.004	0	0.996	0	0.0005	0.9995	0	0	0.054	0.946	0	0	0	0.002	0.998	0	0	0.003	0.997	0	0	0.0635	0.9365	0	0	0.1025	0.8975	0	0	0	1	0	0	0.253	0.747	0	0	1	0	0	0	1	0	0	0	1	0	0	0	1	0	0	0	1	0	0	0.004	0.996	0	0	0.281	0.719	0
28	1.99176	0.264854	0.494065	0.445817	0	0	0.0005	0.9995	0	0	0.0005	0.9995	0	0	0	1	0	0	0.0005	0	0.9995	0	0.0005	0.2145	0.785	0	0.0545	0.394	0.5515	0	0.166	0.207	0.627	0	0.1515	0.235	0.6135	0	0.066	0.1195	0.8145	0	0.0565	0.5045	0.439	0	0.007	0.993	0	0	0.001	0.999	0	0	0.01	0.99	0	0	0.0035	0.9965	0	0	0.019	0.9495	0.0315	0	0.4025	0.058	0.5395	0	0.0045	0.9955	0	0	0.069	0.931	0	0	0.0005	0.366	0.6335	0	0.0965	0.5705	0.333	0	0.213	0.2045	0.5825	0	0.221	0.5035	0.2755	0	0.0725	0.775	0.1525	0	0.2435	0.653	0.1035	0	0.007	0.993	0	0	0.0105	0.9895	0	0	0.012	0.988	0	0	0.095	0.905	0	0	0.2665	0.7335	0	0	0.4115	0.5885	0	0	0.5825	0.4175	0
29	2.62357	0.0871714	0.597325	0.81047	0	0	0	1	0	0	0	1	0	0	0	1	0	0	0	0	1	0	0	0	1	0	0	0	1	0	0	0	1	0	0	0	1	0	0	0	1	0	0	0	1	0	0	1	0	0	0	1	0	0	0	1	0	0	0	1	0	0	0	0	1	0	0	0	1	0	0	1	0	0	0.001	0.999	0	0	0	0	1	0	0	0	1	0	0	0	1	0	0	0.062	0.938	0	0	0	1	0	0	0.2175	0.7825	0	0	1	0	0	0	1	0	0	0	1	0	0	0	1	0	0	0	1	0	0	0	1	0	0	0.2305	0.7695	0
7	1.66599	0.10516	0.540721	0.636352	0	0	0	1	0	0	0	1	0	0	0	1	0	0	0.0205	0.0215	0.958	0	0.0225	0.0205	0.957	0	0.042	0.006	0.952	0	0.003	0.1245	0.8725	0	0.0045	0	0.9955	0	0	0	1	0	0	0.0065	0.9935	0	0	1	0	0	0	1	0	0	0	1	0	0	0	1	0	0	0.026	0.2345	0.7395	0	0.0675	0.0005	0.932	0	0	1	0	0	0.0065	0.9935	0	0	0.0315	0.0225	0.946	0	0.046	0.012	0.942	0	0.0045	0.147	0.8485	0	0.0465	0.179	0.7745	0	0	0.97	0.03	0	0.0475	0.9275	0.025	0	0	1	0	0	0	1	0	0	0	1	0	0	0.0275	0.9725	0	0	0.055	0.945	0	0	0.0675	0.9325	0	0	0.2855	0.7145	0
71	2.51546	0.106849	0.578207	0.800069	0	0	0	1	0	0	0	1	0	0	0	1	0	0	0	0	1	0	0	0.0005	0.9995	0	0	0	1	0	0	0	1	0	0	0	1	0	0	0	1	0	0	0	1	0	0	1	0	0	0	1	0	0	0	1	0	0	0	1	0	0	0.0005	0	0.9995	0	0.0245	0	0.9755	0	0.0005	0.9995	0	0	0.042	0.958	0	0	0	0.001	0.999	0	0	0.073	0.927	0	0	0	1	0	0	0.121	0.879	0	0	0	1	0	0	0.2685	0.7315	0	0	1	0	0	0	1	0	0	0	1	0	0	0.0005	0.9995	0	0	0.002	0.998	0	0	0.0245	0.9755	0	0	0.294	0.706	0
61	2.64604	0.190479	0.61288	0.820049	0	0	0	1	0	0	0	1	0	0	0	1	0	0	0	0	1	0	0	0	1	0	0	0	1	0	0	0	1	0	0	0	1	0	0	0	1	0	0	0	1	0	0	1	0	0	0	1	0	0	0	1	0	0	0	1	0	0	0	0	1	0	0.0015	0	0.9985	0	0	1	0	0	0.0025	0.9975	0	0	0	0	1	0	0	0	1	0	0	0	1	0	0	0.0175	0.9825	0	0	0	1	0	0	0.1845	0.8155	0	0	1	0	0	0	1	0	0	0	1	0	0	0	1	0	0	0	1	0	0	0.0015	0.9985	0	0	0.2625	0.7375	0
30	1.56519	0.155099	0.570818	0.801614	0	0	0	1	0	0	0	1	0	0	0	1	0	0	0	0.001	0.999	0	0.0005	0	0.9995	0	0.0005	0	0.9995	0	0.0005	0	0.9995	0	0.0005	0	0.9995	0	0.0025	0	0.9975	0	0.002	0.0005	0.9975	0	0	1	0	0	0	1	0	0	0	1	0	0	0	1	0	0	0.0005	0.0015	0.998	0	0.3915	0.0145	0.594	0	0	1	0	0	0.223	0.777	0	0	0.0005	0.0005	0.999	0	0.0005	0.002	0.9975	0	0.0005	0.005	0.9945	0	0.0005	0.0485	0.951	0	0.0025	0	0.9975	0	0.0025	0.214	0.7835	0	0	1	0	0	0	1	0	0	0	1	0	0	0.0005	0.9995	0	0	0.0345	0.9655	0	0	0.3975	0.6025	0	0	0.6835	0.3165	0
48	2.44056	0.142826	0.60503	0.662812	0	0	0	1	0	0	0	1	0	0	0	1	0	0	0	0.0385	0.9615	0	0	0.0095	0.9905	0	0.0005	0.103	0.8965	0	0	0	1	0	0	0	1	0	0	0.0005	0.9995	0	0	0.0005	0.9995	0	0	1	0	0	0	1	0	0	0	1	0	0	0	1	0	0	0	0	1	0	0.0005	0	0.9995	0	0.0005	0.9995	0	0	0.0015	0.9985	0	0	0	0.0705	0.9295	0	0.0005	0.139	0.8605	0	0	0.7225	0.2775	0	0.0005	0.7325	0.267	0	0.0005	0	0.9995	0	0.0005	0.7725	0.227	0	0	1	0	0	0	1	0	0	0	1	0	0	0	1	0	0	0.0005	0.9995	0	0	0.0005	0.9995	0	0	0.246	0.754	0
72	1.85974	0.0933808	0.606919	0.826996	0	0	0	1	0	0	0	1	0	0	0	1	0	0	0	0	1	0	0	0	1	0	0	0	1	0	0	0	1	0	0	0	1	0	0	0	1	0	0	0	1	0	0	1	0	0	0	1	0	0	0	1	0	0	0	1	0	0	0	0	1	0	0.0025	0	0.9975	0	0	1	0	0	0.004	0.996	0	0	0	0	1	0	0	0	1	0	0	0	1	0	0	0.012	0.988	0	0	0	1	0	0	0.153	0.847	0	0	1	0	0	0	1	0	0	0	1	0	0	0	1	0	0	0	1	0	0	0.0025	0.9975	0	0	0.256	0.744	0
62	1.8175	0.164466	0.614219	0.805675	0	0	0	1	0	0	0.001	0.999	0	0	0	1	0	0	0	0	1	0	0	0.002	0.998	0	0	0.0475	0.9525	0	0	0.0015	0.9985	0	0	0	1	0	0	0	1	0	0	0	1	0	0	1	0	0	0	1	0	0	0	1	0	0	0	1	0	0	0	0	1	0	0.0005	0	0.9995	0	0.017	0.983	0	0	0.0225	0.9775	0	0	0	0.0225	0.9775	0	0	0.08	0.92	0	0	0.002	0.998	0	0	0.1085	0.8915	0	0	0	1	0	0	0.238	0.762	0	0	1	0	0	0	1	0	0	0	1	0	0	0	1	0	0	0	1	0	0	0.0005	0.9995	0	0	0.2885	0.7115	0
31	1.7533	0.133161	0.590112	0.774008	0	0	0	1	0	0	0	1	0	0	0	1	0	0	0	0	1	0	0	0	1	0	0	0	1	0	0	0	1	0	0	0.0005	0.9995	0	0	0.0005	0.9995	0	0	0	1	0	0	1	0	0	0	1	0	0	0	1	0	0	0	1	0	0	0.0015	0.209	0.7895	0	0.0065	0.011	0.9825	0	0	1	0	0	0.0015	0.9985	0	0	0	0	1	0	0	0	1	0	0	0.0535	0.9465	0	0	0.098	0.902	0	0	0.0005	0.9995	0	0	0.232	0.768	0	0	1	0	0	0	1	0	0	0	1	0	0	0.0015	0.9985	0	0	0.0015	0.9985	0	0	0.0065	0.9935	0	0	0.2575	0.7425	0
49	3.5097	0.217138	0.512695	0.744799	0	0	0.2925	0.7075	0	0	0.0585	0.9415	0	0	0.0095	0.9905	0	0	0	0	1	0	0	0	1	0	0	0	1	0	0	0	1	0	0	0	1	0	0	0	1	0	0	0	1	0	0	1	0	0	0	1	0	0	0	1	0	0	0	1	0	0	0.0025	0	0.9975	0	0.3145	0.008	0.6775	0	0.3435	0.6565	0	0	0.371	0.629	0	0	0	0	1	0	0	0.275	0.725	0	0	0	1	0	0	0.3165	0.6835	0	0	0	1	0	0	0.442	0.558	0	0	1	0	0	0	1	0	0	0	1	0	0	0.0025	0.9975	0	0	0.0955	0.9045	0	0	0.316	0.684	0	0	0.653	0.347	0
73	2.70793	0.29803	0.607158	0.695656	0	0	0	1	0	0	0.004	0.996	0	0	0	1	0	0	0	0	1	0	0	0	1	0	0	0.001	0.999	0	0	0	1	0	0	0	1	0	0	0	1	0	0	0	1	0	0	1	0	0	0	1	0	0	0	1	0	0	0	1	0	0	0	0	1	0	0.0035	0	0.9965	0	0.006	0.994	0	0	0.019	0.981	0	0	0	0	1	0	0	0.0245	0.9755	0	0	0.6215	0.3785	0	0	0.6365	0.3635	0	0	0	1	0	0	0.6875	0.3125	0	0	1	0	0	0	1	0	0	0	1	0	0	0	1	0	0	0.0005	0.9995	0	0	0.0035	0.9965	0	0	0.2775	0.7225	0
63	2.61918	0.147666	0.600581	0.82944	0	0	0	1	0	0	0	1	0	0	0	1	0	0	0	0	1	0	0	0	1	0	0	0	1	0	0	0	1	0	0	0	1	0	0	0	1	0	0	0	1	0	0	1	0	0	0	1	0	0	0	1	0	0	0	1	0	0	0	0	1	0	0	0	1	0	0.0005	0.9995	0	0	0.0075	0.9925	0	0	0	0	1	0	0	0	1	0	0	0.0005	0.9995	0	0	0.0135	0.9865	0	0	0	1	0	0	0.165	0.835	0	0	1	0	0	0	1	0	0	0	1	0	0	0	1	0	0	0	1	0	0	0	1	0	0	0.2525	0.7475	0
32	2.97564	0.300704	0.547004	0.81081	0	0	0.0025	0.9975	0	0	0	1	0	0	0.2965	0.7035	0	0	0	0	1	0	0	0	1	0	0	0	1	0	0	0	1	0	0	0	1	0	0	0	1	0	0	0	1	0	0	1	0	0	0	1	0	0	0	1	0	0	0	1	0	0	0	0	1	0	0	0	1	0	0.0075	0.9925	0	0	0.299	0.701	0	0	0	0	1	0	0	0.0005	0.9995	0	0	0	1	0	0	0.0535	0.9465	0	0	0	1	0	0	0.1945	0.8055	0	0	1	0	0	0	1	0	0	0	1	0	0	0	1	0	0	0	1	0	0	0	1	0	0	0.4795	0.5205	0
50	2.91709	0.213451	0.585121	0.817504	0	0	0	1	0	0	0	1	0	0	0	1	0	0	0	0	1	0	0	0	1	0	0	0	1	0	0	0	1	0	0	0	1	0	0	0	1	0	0	0	1	0	0	1	0	0	0	1	0	0	0	1	0	0	0	1	0	0	0	0	1	0	0	0	1	0	0	1	0	0	0.0005	0.9995	0	0	0	0	1	0	0	0	1	0	0	0	1	0	0	0.0515	0.9485	0	0	0	1	0	0	0.2115	0.7885	0	0	1	0	0	0	1	0	0	0	1	0	0	0	1	0	0	0	1	0	0	0	1	0	0	0.239	0.761	0
74	1.95767	0.127003	0.598296	0.800831	0	0	0	1	0	0	0	1	0	0	0	1	0	0	0	0.001	0.999	0	0	0	1	0	0	0	1	0	0	0	1	0	0	0	1	0	0	0	1	0	0	0	1	0	0	1	0	0	0	1	0	0	0	1	0	0	0	1	0	0	0	0.0745	0.9255	0	0.0005	0	0.9995	0	0	1	0	0	0.002	0.998	0	0	0	0.002	0.998	0	0	0.003	0.997	0	0	0.005	0.995	0	0	0.0515	0.9485	0	0	0	1	0	0	0.195	0.805	0	0	1	0	0	0	1	0	0	0	1	0	0	0	1	0	0	0	1	0	0	0.0005	0.9995	0	0	0.255	0.745	0
64	2.01466	0.266366	0.585497	0.827212	0	0	0	1	0	0	0	1	0	0	0.001	0.999	0	0	0	0.0015	0.9985	0	0	0.001	0.999	0	0	0.0005	0.9995	0	0	0.002	0.998	0	0	0.0005	0.9995	0	0	0.0005	0.9995	0	0	0	1	0	0	1	0	0	0	1	0	0	0	1	0	0	0	1	0	0	0	0	1	0	0	0	1	0	0.001	0.999	0	0	0.036	0.964	0	0	0	0.0015	0.9985	0	0	0.002	0.998	0	0	0.003	0.997	0	0	0.042	0.958	0	0	0.0005	0.9995	0	0	0.175	0.825	0	0	1	0	0	0	1	0	0	0	1	0	0	0	1	0	0	0	1	0	0	0	1	0	0	0.2505	0.7495	0
51	2.15433	0.115622	0.584398	0.70033	0	0	0	1	0	0	0	1	0	0	0	1	0	0	0	0	1	0	0	0	1	0	0	0	1	0	0	0	1	0	0	0.082	0.918	0	0	0	1	0	0	0	1	0	0	1	0	0	0	1	0	0	0	1	0	0	0	1	0	0	0	0	1	0	0	0	1	0	0	1	0	0	0.0015	0.9985	0	0	0	0	1	0	0	0	1	0	0	0.57	0.43	0	0	0.5905	0.4095	0	0	0	1	0	0	0.659	0.341	0	0	1	0	0	0	1	0	0	0	1	0	0	0	1	0	0	0	1	0	0	0	1	0	0	0.247	0.753	0
33	1.79298	0.142425	0.602208	0.818168	0	0	0	1	0	0	0	1	0	0	0	1	0	0	0	0	1	0	0	0	1	0	0	0	1	0	0	0	1	0	0	0	1	0	0	0.0005	0.9995	0	0.0005	0	0.9995	0	0	1	0	0	0	1	0	0	0	1	0	0	0	1	0	0	0	0	1	0	0.0245	0.0145	0.961	0	0.0005	0.9995	0	0	0.008	0.992	0	0	0	0	1	0	0	0.004	0.996	0	0	0	1	0	0	0.034	0.966	0	0.0005	0	0.9995	0	0.0005	0.181	0.8185	0	0	1	0	0	0	1	0	0	0	1	0	0	0	1	0	0	0.001	0.999	0	0	0.0245	0.9755	0	0	0.2635	0.7365	0
75	1.94679	0.448859	0.596436	0.822088	0	0	0.0045	0.9955	0	0	0.009	0.991	0	0	0.0065	0.9935	0	0	0	0	1	0	0	0	1	0	0	0	1	0	0	0.0005	0.9995	0	0	0	1	0	0	0	1	0	0	0	1	0	0.001	0.999	0	0	0.001	0.999	0	0	0.001	0.999	0	0	0.0005	0.9995	0	0	0.001	0	0.999	0	0.018	0.0075	0.9745	0	0.0135	0.9865	0	0	0.037	0.963	0	0	0	0	1	0	0	0	1	0	0	0.002	0.998	0	0	0.042	0.958	0	0	0	1	0	0	0.195	0.805	0	0.001	0.999	0	0	0.001	0.999	0	0	0.001	0.999	0	0	0.001	0.999	0	0	0.006	0.994	0	0	0.02	0.98	0	0	0.304	0.696	0
65	2.31595	0.185054	0.608861	0.825416	0	0	0	1	0	0	0.0005	0.9995	0	0	0	1	0	0	0	0	1	0	0	0	1	0	0	0	1	0	0	0	1	0	0	0	1	0	0	0	1	0	0	0	1	0	0	1	0	0	0	1	0	0	0	1	0	0	0	1	0	0	0	0	1	0	0.0005	0	0.9995	0	0.0005	0.9995	0	0	0.003	0.997	0	0	0	0	1	0	0	0.0005	0.9995	0	0	0	1	0	0	0.0435	0.9565	0	0	0	1	0	0	0.1785	0.8215	0	0	1	0	0	0	1	0	0	0	1	0	0	0	1	0	0	0	1	0	0	0.0005	0.9995	0	0	0.2585	0.7415	0
52	3.74583	0.192582	0.647029	0.80304	0	0	0.0255	0.9745	0	0	0.005	0.995	0	0	0	1	0	0	0	0	1	0	0	0	1	0	0	0	1	0	0	0	1	0	0	0	1	0	0	0	1	0	0	0	1	0	0	1	0	0	0	1	0	0	0	1	0	0	0	1	0	0	0	0	1	0	0	0	1	0	0.0275	0.9725	0	0	0.4625	0.5375	0	0	0	0	1	0	0	0	1	0	0	0.006	0.994	0	0	0.078	0.922	0	0	0	1	0	0	0.2455	0.7545	0	0	1	0	0	0	1	0	0	0	1	0	0	0	1	0	0	0	1	0	0	0	1	0	0	0.596	0.404	0
34	1.38915	0.139421	0.593485	0.809966	0	0	0	1	0	0	0	1	0	0	0	1	0	0	0.001	0.0015	0.9975	0	0.001	0	0.999	0	0.001	0	0.999	0	0.0015	0.0155	0.983	0	0.0035	0.0075	0.989	0	0.002	0.0045	0.9935	0	0.0025	0	0.9975	0	0	1	0	0	0	1	0	0	0	1	0	0	0	1	0	0	0.002	0.0485	0.9495	0	0.0255	0	0.9745	0	0.0015	0.9985	0	0	0.036	0.964	0	0	0.001	0.006	0.993	0	0.001	0.0195	0.9795	0	0.005	0.017	0.978	0	0.005	0.065	0.93	0	0.0025	0.027	0.9705	0	0.005	0.213	0.782	0	0	1	0	0	0	1	0	0	0	1	0	0	0.002	0.998	0	0	0.008	0.992	0	0	0.0255	0.9745	0	0	0.2935	0.7065	0
76	2.90021	0.0785225	0.582433	0.812633	0	0	0	1	0	0	0	1	0	0	0	1	0	0	0	0	1	0	0	0	1	0	0	0	1	0	0	0	1	0	0	0	1	0	0	0	1	0	0	0	1	0	0	1	0	0	0	1	0	0	0	1	0	0	0	1	0	0	0	0	1	0	0.0005	0	0.9995	0	0	1	0	0	0.003	0.997	0	0	0	0	1	0	0	0	1	0	0	0	1	0	0	0.057	0.943	0	0	0	1	0	0	0.235	0.765	0	0	1	0	0	0	1	0	0	0	1	0	0	0	1	0	0	0	1	0	0	0.0005	0.9995	0	0	0.2485	0.7515	0
66	2.19956	0.100918	0.585286	0.760328	0	0	0	1	0	0	0	1	0	0	0	1	0	0	0	0	1	0	0	0	1	0	0	0	1	0	0	0	1	0	0	0	1	0	0	0	1	0	0	0	1	0	0	1	0	0	0	1	0	0	0	1	0	0	0	1	0	0	0	0	1	0	0	0	1	0	0	1	0	0	0.0005	0.9995	0	0	0	0	1	0	0	0.0015	0.9985	0	0	0.2885	0.7115	0	0	0.3205	0.6795	0	0	0	1	0	0	0.439	0.561	0	0	1	0	0	0	1	0	0	0	1	0	0	0	1	0	0	0	1	0	0	0	1	0	0	0.246	0.754	0
53	2.16939	0.225059	0.558988	0.593761	0	0	0.001	0.999	0	0	0	1	0	0	0	1	0	0	0	0	1	0	0	0	1	0	0	0	1	0	0	0	1	0	0	0.0115	0.9885	0	0.0005	0	0.9995	0	0	0.0005	0.9995	0	0.015	0.985	0	0	0.0015	0.9985	0	0	0.0005	0.9995	0	0	0	1	0	0	0.0135	0.891	0.0955	0	0.1535	0.076	0.7705	0	0.0015	0.9985	0	0	0.026	0.974	0	0	0	0	1	0	0	0	1	0	0	0.092	0.908	0	0	0.1185	0.8815	0	0.0005	0	0.9995	0	0.0005	0.288	0.7115	0	0.015	0.985	0	0	0.0035	0.9965	0	0	0.015	0.985	0	0	0.0315	0.9685	0	0	0.037	0.963	0	0	0.1575	0.8425	0	0	0.3685	0.6315	0
35	3.45252	0.165059	0.591724	0.813297	0	0	0	1	0	0	0	1	0	0	0	1	0	0	0	0	1	0	0	0	1	0	0	0	1	0	0	0	1	0	0	0	1	0	0	0	1	0	0	0	1	0	0	1	0	0	0	1	0	0	0	1	0	0	0	1	0	0	0	0	1	0	0	0	1	0	0	1	0	0	0.009	0.991	0	0	0	0	1	0	0	0	1	0	0	0	1	0	0	0.076	0.924	0	0	0	1	0	0	0.241	0.759	0	0	1	0	0	0	1	0	0	0	1	0	0	0	1	0	0	0	1	0	0	0	1	0	0	0.241	0.759	0
77	3.09208	0.215661	0.58474	0.810748	0	0	0.028	0.972	0	0	0.0385	0.9615	0	0	0	1	0	0	0	0	1	0	0	0	1	0	0	0	1	0	0	0	1	0	0	0	1	0	0	0	1	0	0	0	1	0	0	1	0	0	0	1	0	0	0	1	0	0	0	1	0	0	0	0	1	0	0.0345	0	0.9655	0	0.039	0.961	0	0	0.066	0.934	0	0	0	0	1	0	0	0	1	0	0	0	1	0	0	0.061	0.939	0	0	0	1	0	0	0.2275	0.7725	0	0	1	0	0	0	1	0	0	0	1	0	0	0	1	0	0	0.002	0.998	0	0	0.0345	0.9655	0	0	0.3225	0.6775	0
54	3.61606	0.141566	0.602777	0.694402	0	0	0	1	0	0	0	1	0	0	0	1	0	0	0	0	1	0	0	0	1	0	0	0.002	0.998	0	0	0	1	0	0	0	1	0	0	0	1	0	0	0	1	0	0	1	0	0	0	1	0	0	0	1	0	0	0	1	0	0	0	0	1	0	0	0	1	0	0	1	0	0	0.0005	0.9995	0	0	0	0	1	0	0	0.017	0.983	0	0	0.574	0.426	0	0	0.6105	0.3895	0	0	0.005	0.995	0	0	0.6905	0.3095	0	0	1	0	0	0	1	0	0	0	1	0	0	0	1	0	0	0	1	0	0	0	1	0	0	0.246	0.754	0
36	2.50191	0.352532	0.491965	0.813753	0	0	0	1	0	0	0	1	0	0	0.1905	0.8095	0	0	0	0	1	0	0	0	1	0	0	0	1	0	0	0	1	0	0	0	1	0	0	0	1	0	0	0	1	0	0.066	0.934	0	0	0.0555	0.9445	0	0	0.1715	0.8285	0	0	0.1715	0.8285	0	0	0.1725	0.001	0.8265	0	0.215	0.014	0.771	0	0.005	0.995	0	0	0.228	0.772	0	0	0	0	1	0	0	0.002	0.998	0	0	0	1	0	0	0.012	0.988	0	0	0	1	0	0	0.3145	0.6855	0	0.0775	0.9225	0	0	0.1715	0.8285	0	0	0.1715	0.8285	0	0	0.1725	0.8275	0	0	0.1775	0.8225	0	0	0.2155	0.7845	0	0	0.4635	0.5365	0
67	1.93962	0.117499	0.594774	0.75662	0	0	0	1	0	0	0	1	0	0	0	1	0	0	0	0.0005	0.9995	0	0	0	1	0	0	0	1	0	0	0	1	0	0	0	1	0	0	0	1	0	0	0	1	0	0	1	0	0	0	1	0	0	0	1	0	0	0	1	0	0	0	0.0015	0.9985	0	0.0005	0	0.9995	0	0.0005	0.9995	0	0	0.0075	0.9925	0	0	0	0.001	0.999	0	0	0.0025	0.9975	0	0	0.241	0.759	0	0	0.2765	0.7235	0	0	0	1	0	0	0.39	0.61	0	0	1	0	0	0	1	0	0	0	1	0	0	0	1	0	0	0	1	0	0	0.0005	0.9995	0	0	0.256	0.744	0
78	3.21127	0.145039	0.638073	0.785475	0	0	0.002	0.998	0	0	0.004	0.996	0	0	0	1	0	0	0	0	1	0	0	0	1	0	0	0	1	0	0	0	1	0	0	0	1	0	0	0	1	0	0	0	1	0	0	1	0	0	0	1	0	0	0	1	0	0	0	1	0	0	0	0.001	0.999	0	0.0025	0	0.9975	0	0.2305	0.7695	0	0	0.66	0.34	0	0	0	0.004	0.996	0	0	0.1045	0.8955	0	0	0	1	0	0	0.161	0.839	0	0	0	1	0	0	0.3185	0.6815	0	0	1	0	0	0	1	0	0	0	1	0	0	0	1	0	0	0	1	0	0	0.0025	0.9975	0	0	0.737	0.263	0
55	3.03416	0.063819	0.576306	0.822659	0	0	0	1	0	0	0	1	0	0	0	1	0	0	0	0	1	0	0	0	1	0	0	0	1	0	0	0	1	0	0	0	1	0	0	0	1	0	0	0	1	0	0	1	0	0	0	1	0	0	0	1	0	0	0	1	0	0	0	0	1	0	0	0	1	0	0	1	0	0	0.0005	0.9995	0	0	0	0	1	0	0	0	1	0	0	0	1	0	0	0.0045	0.9955	0	0	0	1	0	0	0.169	0.831	0	0	1	0	0	0	1	0	0	0	1	0	0	0	1	0	0	0	1	0	0	0	1	0	0	0.238	0.762	0
37	2.37422	0.435686	0.595674	0.805877	0	0	0.001	0.999	0	0	0.0015	0.9985	0	0	0.0005	0.9995	0	0	0	0	1	0	0	0	1	0	0	0	1	0	0	0	1	0	0	0	1	0	0	0	1	0	0	0.0025	0.9975	0	0	1	0	0	0	1	0	0	0	1	0	0	0	1	0	0	0	0	1	0	0.024	0.0275	0.9485	0	0.0025	0.9975	0	0	0.0245	0.9755	0	0	0	0	1	0	0	0	1	0	0	0	1	0	0	0.0435	0.9565	0	0	0.011	0.989	0	0	0.2005	0.7995	0	0	1	0	0	0	1	0	0	0	1	0	0	0	1	0	0	0.004	0.996	0	0	0.0265	0.9735	0	0	0.2835	0.7165	0
68	3.37827	0.259674	0.60343	0.804916	0	0	0.0065	0.9935	0	0	0	1	0	0	0	1	0	0	0	0	1	0	0	0	1	0	0	0	1	0	0	0	1	0	0	0	1	0	0	0	1	0	0	0	1	0	0	1	0	0	0	1	0	0	0	1	0	0	0	1	0	0	0	0	1	0	0.0005	0	0.9995	0	0.0065	0.9935	0	0	0.016	0.984	0	0	0	0	1	0	0	0	1	0	0	0	1	0	0	0.064	0.936	0	0	0.001	0.999	0	0	0.2135	0.7865	0	0	1	0	0	0	1	0	0	0	1	0	0	0	1	0	0	0	1	0	0	0.0005	0.9995	0	0	0.27	0.73	0
79	2.31111	0.230388	0.595475	0.813064	0	0	0	1	0	0	0.0005	0.9995	0	0	0.0005	0.9995	0	0	0	0	1	0	0	0	1	0	0	0.0005	0.9995	0	0	0	1	0	0	0	1	0	0	0	1	0	0	0	1	0	0	1	0	0	0	1	0	0	0	1	0	0	0	1	0	0	0	0	1	0	0.0435	0.0005	0.956	0	0.002	0.998	0	0	0.098	0.902	0	0	0	0	1	0	0	0.0005	0.9995	0	0	0.001	0.999	0	0	0.055	0.945	0	0	0	1	0	0	0.208	0.792	0	0	1	0	0	0	1	0	0	0	1	0	0	0	1	0	0	0.0085	0.9915	0	0	0.044	0.956	0	0	0.346	0.654	0
56	2.51467	0.289934	0.596022	0.816912	0	0	0.001	0.999	0	0	0.0005	0.9995	0	0	0	1	0	0	0	0	1	0	0	0	1	0	0	0	1	0	0	0	1	0	0	0	1	0	0	0	1	0	0	0	1	0	0.002	0.998	0	0	0.0045	0.9955	0	0	0.001	0.999	0	0	0	1	0	0	0.005	0.0005	0.9945	0	0.006	0	0.994	0	0.0015	0.9985	0	0	0.011	0.989	0	0	0	0	1	0	0	0.003	0.997	0	0	0	1	0	0	0.0455	0.9545	0	0	0	1	0	0	0.203	0.797	0	0.0045	0.9955	0	0	0.0015	0.9985	0	0	0.0045	0.9955	0	0	0.005	0.995	0	0	0.005	0.995	0	0	0.006	0.994	0	0	0.2375	0.7625	0
69	2.09171	0.167468	0.586447	0.693407	0	0	0	1	0	0	0	1	0	0	0	1	0	0	0.0005	0.0065	0.993	0	0.0005	0.0015	0.998	0	0.0045	0.0005	0.995	0	0	0	1	0	0	0	1	0	0.0165	0.004	0.9795	0	0.019	0.0015	0.9795	0	0	1	0	0	0	1	0	0	0.0015	0.9985	0	0	0.0005	0.9995	0	0	0.012	0	0.988	0	0.025	0.003	0.972	0	0	1	0	0	0.001	0.999	0	0	0.0005	0.068	0.9315	0	0.0045	0.2055	0.79	0	0	0.555	0.445	0	0.017	0.5645	0.4185	0	0.0205	0	0.9795	0	0.0205	0.622	0.3575	0	0.0005	0.9995	0	0	0.002	0.998	0	0	0.0025	0.9975	0	0	0.012	0.988	0	0	0.021	0.979	0	0	0.025	0.975	0	0	0.286	0.714	0
38	1.48887	0.151004	0.580012	0.56553	0	0	0	1	0	0	0.0005	0.9995	0	0	0	1	0	0	0.001	0.003	0.996	0	0.001	0.0005	0.9985	0	0.0095	0.2705	0.72	0	0.003	0.0135	0.9835	0	0.003	0.009	0.988	0	0.0205	0.1485	0.831	0	0.028	0.045	0.927	0	0	1	0	0	0	1	0	0	0	1	0	0	0	1	0	0	0.0205	0.159	0.8205	0	0.0335	0.662	0.3045	0	0.006	0.994	0	0	0.0165	0.9835	0	0	0.001	0.159	0.84	0	0.0145	0.5105	0.475	0	0.003	0.572	0.425	0	0.034	0.587	0.379	0	0.032	0.349	0.619	0	0.0425	0.6485	0.309	0	0	1	0	0	0	1	0	0	0	1	0	0	0.021	0.979	0	0	0.044	0.956	0	0	0.062	0.938	0	0	0.2925	0.7075	0
80	3.25653	0.241321	0.582719	0.669794	0	0	0.0015	0.9985	0	0	0.0025	0.9975	0	0	0.0005	0.9995	0	0	0	0	1	0	0	0	1	0	0	0	1	0	0	0	1	0	0	0	1	0	0	0	1	0	0	0	1	0	0	1	0	0	0	1	0	0	0	1	0	0	0	1	0	0	0	0	1	0	0.025	0.0005	0.9745	0	0.0025	0.9975	0	0	0.0245	0.9755	0	0	0	0	1	0	0	0	1	0	0	0.8125	0.1875	0	0	0.818	0.182	0	0	0	1	0	0	0.851	0.149	0	0	1	0	0	0	1	0	0	0	1	0	0	0	1	0	0	0.012	0.988	0	0	0.025	0.975	0	0	0.2885	0.7115	0
57	3.98067	0.167663	0.340949	0.816354	0	0	0.0495	0.9505	0	0	0.013	0.987	0	0	0	1	0	0	0.004	0	0.996	0	0.0025	0.286	0.7115	0	0.5255	0.379	0.0955	0	0.4045	0.5075	0.088	0	0.8755	0.021	0.1035	0	0	0	1	0	0	0	1	0	0.001	0.999	0	0	0.001	0.999	0	0	0	1	0	0	0	1	0	0	0.6655	0.0015	0.333	0	0.935	0.02	0.045	0	0.0525	0.9475	0	0	0.108	0.892	0	0	0.004	0.9005	0.0955	0	0.902	0.004	0.094	0	0.896	0.02	0.084	0	0.905	0.0325	0.0625	0	0	0.997	0.003	0	0.914	0.084	0.002	0	0.003	0.997	0	0	0.0075	0.9925	0	0	0.0145	0.9855	0	0	0.6655	0.3345	0	0	0.923	0.077	0	0	0.949	0.051	0	0	0.967	0.033	0
70	1.3229	0.239733	0.59764	0.640634	0	0	0.0005	0.9995	0	0	0.001	0.999	0	0	0	1	0	0	0.0005	0.001	0.9985	0	0.0005	0	0.9995	0	0.001	0.0015	0.9975	0	0.001	0.0005	0.9985	0	0.0005	0.011	0.9885	0	0.001	0.0465	0.9525	0	0.002	0.005	0.993	0	0.0005	0.9995	0	0	0.001	0.999	0	0	0.0005	0.9995	0	0	0	1	0	0	0.0025	0.416	0.5815	0	0.017	0.438	0.545	0	0.001	0.999	0	0	0.016	0.984	0	0	0.0005	0.0025	0.997	0	0.001	0.007	0.992	0	0.001	0.0205	0.9785	0	0.001	0.078	0.921	0	0.002	0.0665	0.9315	0	0.003	0.274	0.723	0	0.0015	0.9985	0	0	0.0005	0.9995	0	0	0.0015	0.9985	0	0	0.003	0.997	0	0	0.005	0.995	0	0	0.039	0.961	0	0	0.2885	0.7115	0
39	3.4687	0.207528	0.604613	0.662135	0	0	0.002	0.998	0	0	0.014	0.986	0	0	0	1	0	0	0	0	1	0	0	0	1	0	0	0	1	0	0	0	1	0	0	0	1	0	0	0	1	0	0	0	1	0	0	1	0	0	0	1	0	0	0	1	0	0	0	1	0	0	0	0.004	0.996	0	0	0	1	0	0.0375	0.9625	0	0	0.1375	0.8625	0	0	0	0.0125	0.9875	0	0	0.1125	0.8875	0	0	0	1	0	0	0.392	0.608	0	0	1	0	0	0	1	0	0	0	1	0	0	0	1	0	0	0	1	0	0	0	1	0	0	0	1	0	0	0	1	0	0	0.3505	0.6495	0
81	3.25362	0.268171	0.589888	0.729552	0	0	0	1	0	0	0	1	0	0	0	1	0	0	0	0	1	0	0	0	1	0	0	0.0005	0.9995	0	0	0	1	0	0	0	1	0	0	0	1	0	0	0	1	0	0.0005	0.9995	0	0	0.0005	0.9995	0	0	0	1	0	0	0	1	0	0	0.0005	0.0005	0.999	0	0.0005	0	0.9995	0	0.0005	0.9995	0	0	0.016	0.984	0	0	0	0	1	0	0	0.0005	0.9995	0	0	0.3885	0.6115	0	0	0.42	0.58	0	0	0	1	0	0	0.5205	0.4795	0	0.0005	0.9995	0	0	0.0005	0.9995	0	0	0.0005	0.9995	0	0	0.0005	0.9995	0	0	0.0005	0.9995	0	0	0.0005	0.9995	0	0	0.259	0.741	0
58	1.66107	0.175043	0.619837	0.825135	0	0	0	1	0	0	0	1	0	0	0	1	0	0	0	0	1	0	0	0	1	0	0	0	1	0	0	0	1	0	0	0	1	0	0	0.0005	0.9995	0	0.0005	0	0.9995	0	0	1	0	0	0	1	0	0	0	1	0	0	0	1	0	0	0	0.002	0.998	0	0.008	0	0.992	0	0.001	0.999	0	0	0.05	0.95	0	0	0	0	1	0	0	0	1	0	0	0	1	0	0	0.0135	0.9865	0	0.0005	0	0.9995	0	0.0005	0.1535	0.846	0	0	1	0	0	0	1	0	0	0	1	0	0	0	1	0	0	0.0005	0.9995	0	0	0.008	0.992	0	0	0.309	0.691	0
85	1.57446	0.140832	0.604044	0.663993	0	0	0	1	0	0	0	1	0	0	0	1	0	0	0	0	1	0	0	0.0005	0.9995	0	0	0	1	0	0	0.0125	0.9875	0	0	0	1	0	0	0.0005	0.9995	0	0	0	1	0	0	1	0	0	0	1	0	0	0	1	0	0	0	1	0	0	0	0.652	0.348	0	0.002	0	0.998	0	0	1	0	0	0.0005	0.9995	0	0	0	0.0005	0.9995	0	0	0.0005	0.9995	0	0	0.0655	0.9345	0	0	0.1275	0.8725	0	0	0.001	0.999	0	0	0.2745	0.7255	0	0	1	0	0	0	1	0	0	0	1	0	0	0	1	0	0	0	1	0	0	0.002	0.998	0	0	0.254	0.746	0
40	1.96909	0.334918	0.576817	0.541966	0	0	0.0005	0.9995	0	0	0	1	0	0	0.001	0.999	0	0	0.001	0.0005	0.9985	0	0.001	0.0335	0.9655	0	0.0235	0.053	0.9235	0	0.0015	0	0.9985	0	0.0005	0.491	0.5085	0	0.057	0.0025	0.9405	0	0.036	0.133	0.831	0	0.004	0.996	0	0	0	1	0	0	0.033	0.967	0	0	0.041	0.959	0	0	0.0555	0.085	0.8595	0	0.088	0.726	0.186	0	0.001	0.999	0	0	0.0265	0.9735	0	0	0.001	0.0695	0.9295	0	0.0405	0.0565	0.903	0	0.0015	0.5425	0.456	0	0.042	0.5275	0.4305	0	0.057	0.1365	0.8065	0	0.0625	0.592	0.3455	0	0.005	0.995	0	0	0.0415	0.9585	0	0	0.042	0.958	0	0	0.0555	0.9445	0	0	0.0775	0.9225	0	0	0.144	0.856	0	0	0.3735	0.6265	0
82	1.88656	0.133403	0.605665	0.809578	0	0	0.021	0.979	0	0	0.0005	0.9995	0	0	0	1	0	0	0	0	1	0	0	0	1	0	0	0	1	0	0	0	1	0	0	0	1	0	0	0	1	0	0	0	1	0	0	1	0	0	0	1	0	0	0	1	0	0	0	1	0	0	0.0005	0.001	0.9985	0	0.11	0.0175	0.8725	0	0.021	0.979	0	0	0.059	0.941	0	0	0	0	1	0	0	0	1	0	0	0	1	0	0	0.0405	0.9595	0	0	0.0105	0.9895	0	0.0005	0.1925	0.807	0	0	1	0	0	0	1	0	0	0	1	0	0	0.0005	0.9995	0	0	0.0125	0.9875	0	0	0.1125	0.8875	0	0	0.3825	0.6175	0
59	2.72711	0.121791	0.596382	0.684462	0	0	0	1	0	0	0	1	0	0	0	1	0	0	0	0	1	0	0	0	1	0	0	0	1	0	0	0	1	0	0	0	1	0	0.0005	0	0.9995	0	0.0005	0	0.9995	0	0	1	0	0	0	1	0	0	0	1	0	0	0	1	0	0	0	0	1	0	0.0015	0	0.9985	0	0	1	0	0	0.0025	0.9975	0	0	0	0	1	0	0	0	1	0	0	0.7515	0.2485	0	0	0.7655	0.2345	0	0.0005	0	0.9995	0	0.0005	0.797	0.2025	0	0	1	0	0	0	1	0	0	0	1	0	0	0	1	0	0	0.0005	0.9995	0	0	0.0015	0.9985	0	0	0.25	0.75	0
86	1.90686	0.222774	0.588617	0.784387	0	0	0.001	0.999	0	0	0.0025	0.9975	0	0	0.0045	0.9955	0	0	0	0	1	0	0	0.0005	0.9995	0	0	0.001	0.999	0	0	0	1	0	0	0	1	0	0	0	1	0	0	0	1	0	0	1	0	0	0	1	0	0	0	1	0	0	0	1	0	0	0.005	0.0095	0.9855	0	0.0275	0.156	0.8165	0	0.006	0.994	0	0	0.0185	0.9815	0	0	0	0.001	0.999	0	0	0.001	0.999	0	0	0	1	0	0	0.0485	0.9515	0	0	0	1	0	0	0.222	0.778	0	0	1	0	0	0	1	0	0	0.0005	0.9995	0	0	0.005	0.995	0	0	0.0075	0.9925	0	0	0.0295	0.9705	0	0	0.3015	0.6985	0
41	2.2331	0.15561	0.58789	0.798215	0	0	0	1	0	0	0	1	0	0	0	1	0	0	0	0	1	0	0	0	1	0	0	0	1	0	0	0	1	0	0	0	1	0	0	0	1	0	0	0	1	0	0	1	0	0	0	1	0	0	0	1	0	0	0	1	0	0	0	0	1	0	0	0	1	0	0	1	0	0	0.001	0.999	0	0	0	0	1	0	0	0.013	0.987	0	0	0	1	0	0	0.0665	0.9335	0	0	0	1	0	0	0.2325	0.7675	0	0	1	0	0	0	1	0	0	0	1	0	0	0	1	0	0	0	1	0	0	0	1	0	0	0.2455	0.7545	0
83	2.44393	0.168672	0.621204	0.713734	0	0	0	1	0	0	0	1	0	0	0	1	0	0	0	0	1	0	0	0	1	0	0	0	1	0	0	0	1	0	0	0.0145	0.9855	0	0	0	1	0	0	0	1	0	0.0005	0.9995	0	0	0.0005	0.9995	0	0	0	1	0	0	0	1	0	0	0.001	0.003	0.996	0	0.001	0	0.999	0	0.0005	0.9995	0	0	0.063	0.937	0	0	0	0	1	0	0	0	1	0	0	0.521	0.479	0	0	0.543	0.457	0	0	0	1	0	0	0.6105	0.3895	0	0.001	0.999	0	0	0	1	0	0	0.001	0.999	0	0	0.001	0.999	0	0	0.001	0.999	0	0	0.001	0.999	0	0	0.3	0.7	0
60	2.43053	0.234097	0.585082	0.81413	0	0	0	1	0	0	0	1	0	0	0	1	0	0	0	0.001	0.999	0	0	0.003	0.997	0	0	0.0065	0.9935	0	0	0	1	0	0	0	1	0	0	0	1	0	0	0	1	0	0	1	0	0	0	1	0	0	0	1	0	0	0	1	0	0	0	0	1	0	0	0	1	0	0.0005	0.9995	0	0	0.0075	0.9925	0	0	0	0.006	0.994	0	0	0.009	0.991	0	0	0	1	0	0	0.055	0.945	0	0	0	1	0	0	0.2025	0.7975	0	0	1	0	0	0	1	0	0	0	1	0	0	0	1	0	0	0	1	0	0	0	1	0	0	0.2575	0.7425	0
87	3.09969	0.327374	0.47202	0.814791	0	0	0.1295	0.8705	0	0	0.197	0.803	0	0	0.4215	0.5785	0	0	0	0	1	0	0	0	1	0	0	0	1	0	0	0	1	0	0	0	1	0	0	0	1	0	0	0	1	0	0	1	0	0	0	1	0	0	0	1	0	0	0	1	0	0	0	0	1	0	0.132	0.003	0.865	0	0.216	0.784	0	0	0.45	0.55	0	0	0	0	1	0	0	0	1	0	0	0	1	0	0	0.0555	0.9445	0	0	0.0015	0.9985	0	0	0.232	0.768	0	0	1	0	0	0	1	0	0	0	1	0	0	0	1	0	0	0.0105	0.9895	0	0	0.1325	0.8675	0	0	0.607	0.393	0
42	1.89139	0.242663	0.550936	0.713574	0	0	0.0035	0.9965	0	0	0	1	0	0	0.0015	0.9985	0	0	0	0	1	0	0	0.0085	0.9915	0	0	0.016	0.984	0	0	0.0005	0.9995	0	0	0	1	0	0.0015	0	0.9985	0	0.001	0.0005	0.9985	0	0	1	0	0	0	1	0	0	0	1	0	0	0	1	0	0	0.0215	0.011	0.9675	0	0.1765	0.09	0.7335	0	0.005	0.995	0	0	0.052	0.948	0	0	0	0.0125	0.9875	0	0.001	0.0205	0.9785	0	0	0.4305	0.5695	0	0.001	0.4525	0.5465	0	0.0015	0	0.9985	0	0.0015	0.5415	0.457	0	0	1	0	0	0	1	0	0	0	1	0	0	0.0215	0.9785	0	0	0.0545	0.9455	0	0	0.187	0.813	0	0	0.409	0.591	0
84	1.30648	0.0910432	0.586931	0.812207	0	0	0	1	0	0	0	1	0	0	0	1	0	0	0	0	1	0	0	0	1	0	0	0.0015	0.9985	0	0	0	1	0	0	0.002	0.998	0	0	0.0005	0.9995	0	0	0	1	0	0	1	0	0	0	1	0	0	0	1	0	0	0	1	0	0	0	0.026	0.974	0	0.04	0.006	0.954	0	0	1	0	0	0.0245	0.9755	0	0	0	0	1	0	0	0.002	0.998	0	0	0.0115	0.9885	0	0	0.0465	0.9535	0	0	0.0015	0.9985	0	0	0.1895	0.8105	0	0	1	0	0	0	1	0	0	0	1	0	0	0	1	0	0	0.003	0.997	0	0	0.0405	0.9595	0	0	0.287	0.713	0
89	1.52037	0.215494	0.34491	0.771681	0	0	0.4415	0.5585	0	0	0.433	0.567	0	0	0.44	0.56	0	0	0.0005	0.001	0.9985	0	0.0005	0	0.9995	0	0.009	0	0.991	0	0.011	0	0.989	0	0.01	0.0125	0.9775	0	0.03	0.033	0.937	0	0.0245	0.04	0.9355	0	0	1	0	0	0	1	0	0	0	1	0	0	0	1	0	0	0.0085	0.007	0.9845	0	0.118	0.192	0.69	0	0.4435	0.5565	0	0	0.459	0.541	0	0	0.0005	0.0135	0.986	0	0.009	0.0225	0.9685	0	0.011	0.0205	0.9685	0	0.0135	0.089	0.8975	0	0.0365	0.0365	0.927	0	0.037	0.2165	0.7465	0	0	1	0	0	0	1	0	0	0	1	0	0	0.0085	0.9915	0	0	0.0405	0.9595	0	0	0.1215	0.8785	0	0	0.604	0.396	0
88	3.19757	0.114058	0.616114	0.650198	0	0	0	1	0	0	0	1	0	0	0	1	0	0	0	0	1	0	0	0	1	0	0	0	1	0	0	0	1	0	0	0	1	0	0	0	1	0	0	0	1	0	0	1	0	0	0	1	0	0	0	1	0	0	0	1	0	0	0	0	1	0	0.0085	0	0.9915	0	0	1	0	0	0.047	0.953	0	0	0	0	1	0	0	0.8555	0.1445	0	0	0.4195	0.5805	0	0	0.8675	0.1325	0	0	0	1	0	0	0.8895	0.1105	0	0	1	0	0	0	1	0	0	0	1	0	0	0	1	0	0	0.0015	0.9985	0	0	0.0085	0.9915	0	0	0.2855	0.7145	0
43	2.49099	0.251792	0.590646	0.829702	0	0	0.015	0.985	0	0	0.004	0.996	0	0	0	1	0	0	0	0	1	0	0	0	1	0	0	0	1	0	0	0	1	0	0	0	1	0	0	0	1	0	0	0	1	0	0	1	0	0	0	1	0	0	0	1	0	0	0	1	0	0	0	0	1	0	0.003	0	0.997	0	0.0155	0.9845	0	0	0.0245	0.9755	0	0	0	0	1	0	0	0	1	0	0	0	1	0	0	0.018	0.982	0	0	0.0215	0.9785	0	0.0005	0.0895	0.91	0	0	1	0	0	0	1	0	0	0	1	0	0	0	1	0	0	0.001	0.999	0	0	0.003	0.997	0	0	0.2735	0.7265	0
92	2.05697	0.143165	0.595714	0.812756	0	0	0	1	0	0	0	1	0	0	0	1	0	0	0	0	1	0	0	0	1	0	0	0	1	0	0	0	1	0	0	0	1	0	0	0	1	0	0	0	1	0	0	1	0	0	0	1	0	0	0	1	0	0	0	1	0	0	0	0	1	0	0.016	0	0.984	0	0	1	0	0	0.027	0.973	0	0	0	0.001	0.999	0	0	0.0105	0.9895	0	0	0	1	0	0	0.055	0.945	0	0	0	1	0	0	0.193	0.807	0	0	1	0	0	0	1	0	0	0	1	0	0	0	1	0	0	0.002	0.998	0	0	0.016	0.984	0	0	0.2675	0.7325	0
90	3.29885	0.216284	0.590569	0.80265	0	0	0.013	0.987	0	0	0.039	0.961	0	0	0.0635	0.9365	0	0	0	0	1	0	0	0	1	0	0	0	1	0	0	0	1	0	0	0	1	0	0	0	1	0	0	0	1	0	0	1	0	0	0	1	0	0	0	1	0	0	0	1	0	0	0	0	1	0	0.002	0	0.998	0	0.053	0.947	0	0	0.071	0.929	0	0	0	0	1	0	0	0.0155	0.9845	0	0	0	1	0	0	0.081	0.919	0	0	0	1	0	0	0.2525	0.7475	0	0	1	0	0	0	1	0	0	0	1	0	0	0	1	0	0	0	1	0	0	0.002	0.998	0	0	0.3125	0.6875	0
94	2.40653	0.113736	0.597275	0.799699	0	0	0	1	0	0	0	1	0	0	0	1	0	0	0	0	1	0	0	0	1	0	0	0	1	0	0	0.001	0.999	0	0	0.0005	0.9995	0	0	0	1	0	0	0	1	0	0	1	0	0	0	1	0	0	0	1	0	0	0	1	0	0	0	0	1	0	0	0	1	0	0	1	0	0	0.008	0.992	0	0	0	0	1	0	0	0.001	0.999	0	0	0.0235	0.9765	0	0	0.081	0.919	0	0	0.1045	0.8955	0	0	0.287	0.713	0	0	1	0	0	0	1	0	0	0	1	0	0	0	1	0	0	0	1	0	0	0	1	0	0	0.2515	0.7485	0
44	1.73161	0.284256	0.583864	0.82002	0	0	0.005	0.995	0	0	0.06	0.94	0	0	0.085	0.915	0	0	0.0005	0.007	0.9925	0	0	0.0105	0.9895	0	0.0005	0.003	0.9965	0	0.0005	0	0.9995	0	0.0005	0	0.9995	0	0.0005	0	0.9995	0	0.0005	0	0.9995	0	0	1	0	0	0.0005	0.9995	0	0	0	1	0	0	0.0005	0.9995	0	0	0.001	0.001	0.998	0	0.0035	0	0.9965	0	0.074	0.926	0	0	0.103	0.897	0	0	0.0005	0.015	0.9845	0	0.0005	0.027	0.9725	0	0.0005	0.0005	0.999	0	0.0005	0.0325	0.967	0	0.0005	0.002	0.9975	0	0.0005	0.1745	0.825	0	0.0005	0.9995	0	0	0.0005	0.9995	0	0	0.0005	0.9995	0	0	0.001	0.999	0	0	0.001	0.999	0	0	0.0035	0.9965	0	0	0.3305	0.6695	0
93	2.64415	0.098678	0.599783	0.799416	0	0	0.0025	0.9975	0	0	0.0005	0.9995	0	0	0	1	0	0	0	0	1	0	0	0.0005	0.9995	0	0	0	1	0	0	0	1	0	0	0	1	0	0	0	1	0	0	0	1	0	0	1	0	0	0	1	0	0	0	1	0	0	0	1	0	0	0	0	1	0	0.002	0	0.998	0	0.005	0.995	0	0	0.0085	0.9915	0	0	0	0.0005	0.9995	0	0	0.001	0.999	0	0	0.071	0.929	0	0	0.116	0.884	0	0	0	1	0	0	0.2845	0.7155	0	0	1	0	0	0	1	0	0	0	1	0	0	0	1	0	0	0	1	0	0	0.002	0.998	0	0	0.2525	0.7475	0
91	1.54283	0.230204	0.589651	0.781936	0	0	0.001	0.999	0	0	0.0005	0.9995	0	0	0	1	0	0	0.0005	0	0.9995	0	0.0005	0	0.9995	0	0.0005	0.0005	0.999	0	0.001	0	0.999	0	0.001	0	0.999	0	0.0015	0	0.9985	0	0.001	0.0005	0.9985	0	0	1	0	0	0	1	0	0	0	1	0	0	0	1	0	0	0.002	0.0075	0.9905	0	0.0115	0.1465	0.842	0	0.002	0.998	0	0	0.0085	0.9915	0	0	0.0005	0.0005	0.999	0	0.001	0	0.999	0	0.001	0.0005	0.9985	0	0.001	0.0455	0.9535	0	0.0015	0.0005	0.998	0	0.0015	0.2095	0.789	0	0	1	0	0	0	1	0	0	0	1	0	0	0.002	0.998	0	0	0.004	0.996	0	0	0.015	0.985	0	0	0.281	0.719	0
95	1.83718	0.227362	0.607284	0.702562	0	0	0.001	0.999	0	0	0	1	0	0	0	1	0	0	0	0	1	0	0	0	1	0	0	0	1	0	0	0	1	0	0	0	1	0	0	0	1	0	0	0	1	0	0	1	0	0	0	1	0	0	0	1	0	0	0	1	0	0	0.001	0.5655	0.4335	0	0.003	0.0035	0.9935	0	0.001	0.999	0	0	0.003	0.997	0	0	0	0.0005	0.9995	0	0	0.001	0.999	0	0	0	1	0	0	0.004	0.996	0	0	0	1	0	0	0.18	0.82	0	0	1	0	0	0	1	0	0	0	1	0	0	0.001	0.999	0	0	0.001	0.999	0	0	0.003	0.997	0	0	0.253	0.747	0
45	1.4747	0.156466	0.565306	0.756322	0	0	0	1	0	0	0	1	0	0	0	1	0	0	0.002	0.0005	0.9975	0	0.001	0.0015	0.9975	0	0.0025	0	0.9975	0	0	0	1	0	0	0	1	0	0.0035	0.0045	0.992	0	0.005	0.0015	0.9935	0	0	1	0	0	0	1	0	0	0	1	0	0	0	1	0	0	0.001	0.0015	0.9975	0	0.0135	0.133	0.8535	0	0	1	0	0	0.003	0.997	0	0	0.0025	0	0.9975	0	0.0025	0.003	0.9945	0	0	0.193	0.807	0	0.0025	0.2285	0.769	0	0.0055	0.0035	0.991	0	0.0055	0.348	0.6465	0	0	1	0	0	0	1	0	0	0	1	0	0	0.001	0.999	0	0	0.0085	0.9915	0	0	0.0165	0.9835	0	0	0.235	0.765	0
96	2.83897	0.119425	0.443015	0.731388	0	0	0	1	0	0	0	1	0	0	0.0005	0.9995	0	0	0	0	1	0	0	0	1	0	0	0	1	0	0.008	0	0.992	0	0.008	0.0015	0.9905	0	0.307	0.374	0.319	0	0.2945	0.395	0.3105	0	0	1	0	0	0	1	0	0	0	1	0	0	0	1	0	0	0.0055	0	0.9945	0	0.64	0.0055	0.3545	0	0	1	0	0	0.0135	0.9865	0	0	0	0	1	0	0	0.851	0.149	0	0.008	0.123	0.869	0	0.107	0.757	0.136	0	0.621	0.0845	0.2945	0	0.6225	0.2685	0.109	0	0	1	0	0	0	1	0	0	0	1	0	0	0.0055	0.9945	0	0	0.626	0.374	0	0	0.64	0.36	0	0	0.739	0.261	0
97	1.78759	0.348256	0.597956	0.638508	0	0	0.001	0.999	0	0	0.001	0.999	0	0	0.009	0.991	0	0	0	0.01	0.99	0	0	0.009	0.991	0	0	0.0005	0.9995	0	0	0.0005	0.9995	0	0	0	1	0	0.001	0.002	0.997	0	0.0015	0.0015	0.997	0	0	1	0	0	0	1	0	0	0	1	0	0	0.0005	0.9995	0	0	0.0005	0.7535	0.246	0	0.0095	0.016	0.9745	0	0.0035	0.9965	0	0	0.0155	0.9845	0	0	0	0.015	0.985	0	0	0.047	0.953	0	0	0.019	0.981	0	0.001	0.074	0.925	0	0.0015	0.017	0.9815	0	0.0015	0.243	0.7555	0	0	1	0	0	0.002	0.998	0	0	0.002	0.998	0	0	0.002	0.998	0	0	0.0035	0.9965	0	0	0.0095	0.9905	0	0	0.2765	0.7235	0
98	1.84292	0.13337	0.598187	0.745074	0	0	0	1	0	0	0	1	0	0	0	1	0	0	0	0	1	0	0	0	1	0	0	0	1	0	0	0.003	0.997	0	0	0	1	0	0	0	1	0	0	0	1	0	0	1	0	0	0	1	0	0	0	1	0	0	0	1	0	0	0.0015	0.0115	0.987	0	0.008	0	0.992	0	0	1	0	0	0.009	0.991	0	0	0	0.0005	0.9995	0	0	0.0005	0.9995	0	0	0.3615	0.6385	0	0	0.3825	0.6175	0	0	0	1	0	0	0.47	0.53	0	0	1	0	0	0	1	0	0	0	1	0	0	0.0015	0.9985	0	0	0.003	0.997	0	0	0.008	0.992	0	0	0.2855	0.7145	0
46	2.98784	0.240771	0.348852	0.605595	0	0	0.004	0.996	0	0	0.001	0.999	0	0	0	1	0	0	0	0	1	0	0	0	1	0	0	0	1	0	0.2905	0.218	0.4915	0	0.308	0.014	0.678	0	0.35	0.0405	0.6095	0	0.3855	0.0045	0.61	0	0.0005	0.9995	0	0	0.001	0.999	0	0	0	1	0	0	0	1	0	0	0.3795	0.473	0.1475	0	0.4245	0.003	0.5725	0	0.0045	0.9955	0	0	0.014	0.986	0	0	0	0.3025	0.6975	0	0	0.8775	0.1225	0	0.312	0.5465	0.1415	0	0.3665	0.547	0.0865	0	0.39	0.0045	0.6055	0	0.393	0.535	0.072	0	0.001	0.999	0	0	0.0005	0.9995	0	0	0.004	0.996	0	0	0.4105	0.5895	0	0	0.417	0.583	0	0	0.4245	0.5755	0	0	0.568	0.432	0
99	3.14891	0.269528	0.595372	0.660442	0	0	0	1	0	0	0	1	0	0	0	1	0	0	0	0	1	0	0	0	1	0	0	0	1	0	0	0	1	0	0	0	1	0	0.01	0.005	0.985	0	0.0105	0.0115	0.978	0	0	1	0	0	0	1	0	0	0	1	0	0	0	1	0	0	0.0005	0	0.9995	0	0.014	0	0.986	0	0.001	0.999	0	0	0.016	0.984	0	0	0	0	1	0	0	0.8125	0.1875	0	0	0.2745	0.7255	0	0.011	0.8115	0.1775	0	0.0105	0.107	0.8825	0	0.014	0.834	0.152	0	0	1	0	0	0	1	0	0	0	1	0	0	0.0005	0.9995	0	0	0.014	0.986	0	0	0.014	0.986	0	0	0.2845	0.7155	0
47	1.85774	0.173151	0.533486	0.719625	0	0	0	1	0	0	0.0025	0.9975	0	0	0	1	0	0	0	0.004	0.996	0	0	0.0085	0.9915	0	0	0.013	0.987	0	0.0005	0	0.9995	0	0.0005	0	0.9995	0	0.0015	0	0.9985	0	0.0005	0.001	0.9985	0	0	1	0	0	0	1	0	0	0	1	0	0	0.0005	0.9995	0	0	0.092	0.237	0.671	0	0.712	0.168	0.12	0	0.003	0.997	0	0	0.249	0.751	0	0	0	0.012	0.988	0	0.0005	0.0175	0.982	0	0.0005	0	0.9995	0	0.0005	0.083	0.9165	0	0.0015	0	0.9985	0	0.0015	0.336	0.6625	0	0	1	0	0	0.0005	0.9995	0	0	0.0025	0.9975	0	0	0.0975	0.9025	0	0	0.1585	0.8415	0	0	0.8265	0.1735	0	0	0.9445	0.0555	0