No.	halLeu	nipNip	galGal	aptHaa	aptOwe	aptRow	casCas	droNov	rheAme	rhePen	cryCin	tinGut	eudEle	notPer	anoDid	strCam	taeGut-aptFor	taeGut-galGal	aptHaa-aptOwe	aptHaa-aptRow	casCas-droNov	aptHaa-casCas	rheAme-rhePen	aptHaa-rheAme	cryCin-tinGut	eudEle-notPer	cryCin-eudEle	cryCin-anoDid	aptHaa-cryCin	aptHaa-strCam	taeGut-aptHaa
0	1	1	1	2	2	2	2	2	2	2	1	1	1	1	2	2	1	0	2	2	2	1	2	1	1	1	1	1	1	1	0
1	1	1	1	2	2	2	2	1	2	1	1	1	1	1	1	0	1	1	2	2	1	1	1	1	1	1	1	1	1	0	0
2	1	1	1	2	2	2	2	2	2	2	1	1	1	1	0	0	1	1	2	1	1	1	1	1	1	1	1	0	0	0	0
3	1	1	1	2	2	2	2	1	2	2	1	1	1	1	2	2	1	1	2	2	1	1	1	1	1	1	1	1	1	1	0
4	1	1	1	2	2	2	2	2	2	2	1	1	1	1	2	2	1	1	2	2	1	1	2	1	1	1	1	1	1	1	0
5	1	1	1	2	2	2	2	2	2	2	1	1	1	1	2	2	1	1	2	2	2	1	2	1	1	1	1	1	1	1	0
6	1	1	1	2	2	2	2	2	2	2	1	2	1	1	2	2	1	1	2	2	2	1	2	1	1	1	1	1	1	1	1
7	1	1	1	1	1	0	1	2	2	2	1	1	1	1	1	0	1	1	1	0	1	0	1	0	1	1	1	1	0	0	0
8	1	1	1	2	2	2	2	2	2	2	2	1	1	1	2	2	1	1	1	1	2	1	2	1	1	1	1	1	1	1	1
9	1	1	1	2	2	2	2	2	2	2	1	1	1	1	2	2	1	0	2	2	1	1	2	1	1	1	1	1	1	1	0
10	1	1	1	2	2	2	2	2	2	2	1	1	1	1	1	2	1	1	1	1	2	1	2	1	1	1	1	1	1	1	1
11	1	1	1	2	2	2	2	2	2	2	1	1	1	1	2	0	1	0	2	2	2	1	1	0	1	1	1	1	0	0	0
12	1	1	1	2	1	2	2	2	2	2	1	1	1	1	1	2	1	1	1	1	1	1	1	1	1	1	1	1	1	1	1
13	1	1	1	2	2	2	2	2	2	2	1	1	1	1	2	2	1	1	2	2	2	1	2	1	1	1	1	1	1	1	0
14	1	1	1	2	2	2	2	2	2	2	1	1	1	1	2	2	1	1	2	2	1	1	2	1	1	1	1	1	1	1	0
15	1	1	1	2	2	2	2	2	2	2	1	2	1	1	2	1	1	1	2	2	2	1	2	1	1	1	1	1	1	1	1
16	1	1	1	1	2	1	2	2	2	2	2	1	1	1	2	2	1	1	1	1	2	1	2	1	1	1	1	1	1	1	0
17	1	0	1	2	2	2	2	2	2	2	1	1	1	1	2	2	0	0	2	2	1	1	2	1	1	1	1	1	1	1	0
18	1	1	1	2	2	2	2	2	2	2	1	1	1	1	2	2	1	1	2	2	2	1	2	1	1	1	1	1	1	1	0
19	1	1	1	2	2	2	2	2	2	2	1	1	1	1	2	0	1	1	2	2	1	1	2	1	1	1	1	1	1	0	0
20	1	1	1	2	2	2	2	2	1	2	1	1	1	1	2	2	1	1	2	1	2	1	1	1	1	1	1	1	1	1	0
21	1	1	1	2	2	2	2	2	2	2	1	1	0	1	0	0	1	1	2	2	2	1	2	1	0	0	0	0	0	0	0
22	1	1	1	2	2	2	2	2	2	2	1	1	1	1	2	2	1	1	2	2	2	1	2	1	1	1	1	1	1	1	1
23	1	1	1	2	2	2	2	2	2	2	1	1	1	1	2	2	1	0	2	2	2	1	2	1	1	1	1	1	1	1	0
24	1	1	1	1	1	2	1	2	2	1	1	2	1	1	1	1	1	1	1	1	1	1	1	1	1	1	1	1	1	1	1
25	1	1	1	2	2	2	2	2	2	2	1	1	1	1	2	2	1	1	2	1	1	1	2	1	1	1	1	1	1	1	1
26	1	1	1	2	2	2	2	2	2	2	1	1	1	1	2	1	1	1	2	1	2	1	2	1	1	1	1	1	1	1	1
27	1	1	1	2	2	2	2	2	2	2	1	1	1	1	2	2	1	1	2	2	1	1	2	1	1	1	1	1	1	1	0
28	1	1	1	2	1	0	0	0	2	1	1	1	1	1	1	0	1	1	1	0	0	0	1	0	1	1	1	1	0	0	0
29	1	1	1	2	2	2	2	2	2	2	1	1	1	1	2	2	1	1	2	2	2	1	2	1	1	1	1	1	1	1	1
30	1	1	1	2	2	2	2	2	2	2	1	1	1	1	2	2	1	0	2	2	2	1	2	1	1	1	1	1	1	1	0
31	1	1	1	2	2	2	2	2	2	2	1	1	1	1	1	2	1	1	2	2	1	1	2	1	1	1	1	1	1	1	0
32	1	1	0	2	2	2	2	2	2	2	1	2	1	1	2	2	1	0	2	2	2	1	2	1	1	1	1	1	1	1	0
33	1	1	1	2	2	2	2	2	2	2	1	1	1	1	2	2	1	1	2	2	2	1	2	1	1	1	1	1	1	1	1
34	1	1	1	2	2	2	0	0	2	2	1	1	1	1	0	0	1	1	1	1	0	0	1	0	1	1	1	0	0	0	0
35	1	1	1	2	2	2	2	2	2	2	1	1	1	1	2	2	1	1	2	2	2	1	2	1	1	1	1	1	1	1	0
36	1	1	0	2	2	2	2	2	2	2	1	1	2	2	2	2	1	0	2	2	2	2	2	1	1	1	1	1	1	1	0
37	1	1	1	2	2	2	2	2	2	2	2	2	2	1	2	2	1	1	2	2	2	1	2	1	2	1	1	1	1	1	0
38	1	1	1	2	2	1	2	2	2	2	1	1	1	1	2	1	1	1	1	1	1	1	1	1	1	1	1	1	1	1	1
39	1	1	1	2	2	2	2	2	2	2	1	1	1	1	2	2	1	0	2	1	2	1	1	1	1	1	1	1	1	1	0
40	1	1	1	2	1	1	2	1	0	1	1	1	0	0	0	0	1	1	1	0	1	0	0	0	1	0	0	0	0	0	0
41	1	1	1	2	2	2	2	2	2	2	1	1	1	1	2	2	1	1	2	1	2	1	2	1	1	1	1	1	1	1	0
42	1	1	1	2	2	2	2	2	2	2	1	1	1	1	2	0	1	1	2	2	1	1	2	1	1	1	1	1	1	0	0
43	1	1	1	2	2	2	2	2	2	2	1	1	1	1	2	2	1	1	2	2	2	2	2	2	1	1	1	1	1	1	1
44	1	1	1	1	1	2	2	2	2	2	1	1	1	1	2	2	1	1	1	1	2	1	2	1	1	1	1	1	1	1	1
45	1	1	1	2	2	2	2	2	2	2	1	2	1	1	2	2	1	1	2	2	1	1	2	1	1	1	1	1	1	1	0
46	1	1	1	2	2	2	0	0	0	0	1	1	1	1	0	0	1	1	1	1	0	0	0	0	1	1	1	0	0	0	0
47	1	1	1	2	2	2	2	2	2	2	1	1	1	1	0	0	1	0	2	2	2	1	2	1	1	1	1	0	0	0	0
48	1	1	1	1	2	1	2	2	2	2	1	1	1	1	2	2	1	1	1	1	1	1	2	1	1	1	1	1	1	1	1
49	0	1	1	2	2	2	2	2	2	2	1	1	1	1	2	0	0	0	2	1	2	1	2	1	1	1	1	1	0	0	0
50	1	1	1	2	2	2	2	2	2	2	1	1	1	1	2	2	1	1	2	2	2	1	2	1	1	1	1	1	1	1	0
51	1	1	1	2	2	2	2	2	2	2	1	1	1	1	2	2	1	1	2	2	1	1	2	1	1	1	1	1	1	1	1
52	1	1	1	2	2	2	2	2	2	2	1	1	1	1	2	2	1	0	2	2	2	1	2	1	1	1	1	1	1	1	0
53	1	1	1	2	2	2	2	2	2	2	2	1	1	1	1	0	1	1	2	2	2	2	2	1	1	1	1	1	1	0	0
54	1	1	1	2	2	2	2	2	2	2	1	1	1	1	2	2	1	1	2	2	1	1	2	1	1	1	1	1	1	1	1
55	1	1	1	2	2	2	2	2	2	2	1	1	1	1	2	2	1	1	2	2	2	2	2	1	1	1	1	1	1	1	0
56	1	1	1	2	2	2	2	2	2	2	1	2	1	1	2	2	1	1	2	2	2	1	2	1	1	1	1	1	1	1	1
57	1	1	1	2	1	1	1	0	2	2	1	1	1	1	0	0	1	1	1	0	0	0	1	0	1	1	1	0	0	0	0
58	1	1	1	2	2	2	2	2	2	2	1	1	1	1	2	2	1	0	2	2	2	2	2	2	1	1	1	1	1	1	0
59	1	1	1	2	2	2	2	2	2	2	1	1	1	1	2	2	1	1	2	2	1	1	2	1	1	1	1	1	1	1	0
60	1	1	1	2	2	2	2	2	2	2	1	1	1	1	2	2	1	1	2	2	2	1	2	1	1	1	1	1	1	1	1
61	1	1	1	2	2	2	2	2	2	2	1	1	1	1	2	2	1	1	2	2	2	2	2	1	1	1	1	1	1	1	1
62	1	1	1	2	2	1	2	2	2	2	1	1	1	1	2	2	1	1	1	1	2	1	2	1	1	1	1	1	1	1	0
63	1	1	1	2	2	2	2	2	2	2	1	1	1	1	2	2	1	1	2	2	2	2	2	1	1	1	1	1	1	1	1
64	1	1	1	2	2	2	2	2	2	2	1	1	1	1	2	2	1	1	2	2	2	1	2	1	1	1	1	1	1	1	1
65	1	1	1	2	2	2	2	2	2	2	2	1	1	2	2	2	1	1	2	2	2	1	2	1	1	1	1	1	1	1	0
66	1	1	1	2	2	2	2	2	2	2	1	1	1	1	2	2	1	1	2	2	1	1	2	1	1	1	1	1	1	1	1
67	1	1	1	2	2	2	2	2	2	2	1	1	1	1	2	2	1	1	2	2	1	1	2	1	1	1	1	1	1	1	1
68	1	1	1	2	2	2	2	2	2	2	1	1	1	1	2	2	1	1	2	2	2	1	2	1	1	1	1	1	1	1	0
69	1	1	1	2	2	2	2	2	2	2	1	1	1	1	2	2	1	1	1	1	1	1	2	1	1	1	1	1	1	1	1
70	1	1	1	2	2	2	2	2	2	2	1	1	1	1	2	2	1	1	2	2	2	1	2	1	1	1	1	1	1	1	1
71	1	1	1	2	2	2	2	2	2	2	1	1	1	1	2	2	1	1	2	2	2	1	2	1	1	1	1	1	1	1	1
72	1	1	1	2	2	2	2	2	2	2	1	1	1	1	2	2	1	1	2	2	2	2	2	1	1	1	1	1	1	1	1
73	1	1	1	2	2	2	2	2	2	2	1	1	1	1	2	2	1	1	2	2	1	1	2	1	1	1	1	1	1	1	0
74	1	1	1	2	2	2	2	2	2	2	1	1	1	1	2	2	1	1	2	2	2	1	2	1	1	1	1	1	1	1	1
75	0	0	1	2	2	2	2	2	2	2	2	2	2	2	2	2	0	0	2	2	2	2	2	1	1	1	1	1	1	1	0
76	1	1	1	2	2	2	2	2	2	2	1	1	1	1	2	2	1	1	2	2	2	1	2	1	1	1	1	1	1	1	1
77	0	0	1	2	2	2	2	2	2	2	1	1	1	1	2	2	0	0	2	2	2	1	2	1	1	1	1	1	1	1	0
78	1	1	1	2	2	2	2	2	2	2	1	1	1	1	2	2	0	0	2	1	2	1	2	1	1	1	1	1	1	1	0
79	1	1	1	2	2	2	2	2	2	2	1	1	1	1	2	2	1	0	2	2	2	1	2	1	1	1	1	1	1	1	0
80	1	1	1	2	2	2	2	2	2	2	1	1	1	1	2	2	1	1	2	2	1	1	2	1	1	1	1	1	1	1	0
81	1	1	1	2	2	2	2	2	2	2	2	1	1	1	2	2	1	1	2	2	1	1	2	1	1	1	1	1	1	1	0
82	1	1	1	2	2	2	2	2	2	2	1	1	1	1	2	0	1	1	2	2	2	1	2	1	1	1	1	1	1	0	0
83	1	1	1	2	2	2	2	2	2	2	1	1	1	1	2	2	1	0	2	2	1	1	2	1	1	1	1	1	1	1	0
84	1	1	1	2	2	2	2	2	2	2	1	1	1	1	2	0	1	1	2	2	2	1	2	1	1	1	1	1	1	0	0
85	1	1	1	2	2	2	2	2	2	2	1	1	1	1	1	2	1	1	2	2	1	1	2	1	1	1	1	1	1	1	1
86	1	1	1	2	2	2	2	2	2	2	1	1	1	1	2	2	1	1	2	2	2	1	2	1	1	1	1	1	1	1	1
87	1	1	0	2	2	2	2	2	2	2	1	1	1	1	2	0	1	0	2	2	2	1	2	1	1	1	1	1	1	0	0
88	1	1	1	2	2	2	2	2	2	2	1	1	1	1	2	2	1	1	2	1	1	1	2	1	1	1	1	1	1	1	0
89	0	0	0	2	2	2	2	2	2	2	1	1	1	1	2	2	0	0	2	2	2	1	2	1	1	1	1	1	1	1	0
90	1	1	1	2	2	2	2	2	2	2	1	1	1	1	2	2	1	1	2	1	2	1	2	1	1	1	1	1	1	1	0
91	1	1	1	2	2	2	2	2	2	2	1	1	1	1	2	2	1	1	2	2	2	1	2	1	1	1	1	1	1	1	1
92	1	1	1	2	2	2	2	2	2	2	1	1	1	1	2	2	1	1	2	2	2	1	2	1	1	1	1	1	1	1	1
93	1	1	1	2	2	2	2	2	2	2	1	1	1	1	2	2	1	1	2	2	1	1	2	1	1	1	1	1	1	1	1
94	1	1	1	2	2	2	2	2	2	2	1	1	1	1	2	2	1	1	2	2	1	1	1	1	1	1	1	1	1	1	1
95	1	1	1	2	2	2	2	2	2	2	1	1	1	1	1	2	1	1	2	2	2	2	2	1	1	1	1	1	1	1	1
96	1	1	1	2	2	2	2	2	1	1	1	1	1	1	2	0	1	1	2	1	2	1	0	0	1	1	1	1	0	0	0
97	1	1	1	2	2	2	2	2	2	2	1	1	1	1	1	2	1	1	2	1	1	1	2	1	1	1	1	1	1	1	1
98	1	1	1	2	2	2	2	2	2	2	1	1	1	1	2	2	1	1	2	2	1	1	2	1	1	1	1	1	1	1	1
99	1	1	1	2	2	2	2	2	2	2	1	1	1	1	2	2	1	1	2	1	1	1	1	1	1	1	1	1	1	1	1