No.	ID	loglik_Null_W	loglik_Acc_W	loglik_Full_W	logBF1	logBF2
0	0	-421.24304	-419.96404	-423.54443	1.2790009	3.5803838
1	1	-685.88597	-692.06154	-692.38784	-6.175572	0.32630081
2	2	-344.68458	-345.09236	-348.27793	-0.40777808	3.1855704
3	3	-430.68477	-430.30756	-431.88782	0.37721738	1.5802618
4	4	-420.06107	-423.02934	-416.69471	-2.9682723	-6.3346283
5	5	-386.41946	-385.82986	-383.33571	0.58959591	-2.4941544
6	6	-597.43561	-596.87051	-597.43327	0.56509891	0.56275971
7	7	-529.4015	-526.32683	-528.74504	3.0746706	2.4182111
8	8	-491.42304	-486.82915	-485.51957	4.5938916	-1.3095785
9	9	-605.07404	-601.96722	-601.39242	3.1068228	-0.57480175
10	10	-506.6833	-506.66602	-505.99043	0.017278362	-0.67558513
11	11	-356.52899	-358.36115	-358.41031	-1.832162	0.049157916
12	12	-420.77582	-422.22482	-426.64341	-1.4489978	4.4185953
13	13	-397.04052	-397.81247	-399.29207	-0.77195653	1.4795986
14	14	-608.11182	-606.61067	-608.66421	1.5011582	2.0535461
15	15	-517.65869	-520.10848	-505.7303	-2.4497912	-14.378181
16	16	-562.26445	-561.36368	-555.79178	0.90077219	-5.5718934
17	17	-306.87625	-304.13729	-308.61313	2.7389618	4.4758393
18	18	-703.444	-714.07578	-699.49377	-10.631783	-14.582013
19	19	-461.65466	-462.52938	-461.28143	-0.87472231	-1.2479494
20	20	-352.45626	-355.48828	-356.18669	-3.0320195	0.69840976
21	21	-491.45369	-491.75094	-491.04789	-0.29724409	-0.7030469
22	22	-428.61368	-422.59526	-424.44201	6.0184191	1.8467425
23	23	-493.59282	-494.02771	-490.94728	-0.43488801	-3.0804278
24	24	-463.20914	-463.74061	-463.84	-0.53147276	0.099383525
25	25	-550.78054	-554.77325	-550.91689	-3.9927041	-3.8563517
26	26	-326.75741	-327.76119	-331.37256	-1.0037859	3.6113698
27	27	-258.12588	-258.47532	-260.02637	-0.34943668	1.5510536
28	28	-480.36334	-480.9884	-476.85601	-0.62506628	-4.1323988
29	29	-711.93499	-706.82406	-703.28943	5.1109298	-3.5346304
30	30	-710.06998	-712.43084	-709.09228	-2.3608631	-3.3385665
31	31	-622.31212	-614.63072	-606.72416	7.6814079	-7.9065598
32	32	-501.5597	-502.73018	-501.45614	-1.1704795	-1.27404
33	33	-507.11065	-508.96658	-503.81437	-1.855925	-5.1522057
34	34	-422.81354	-423.43405	-421.82326	-0.62050596	-1.6107899
35	35	-412.20596	-412.78969	-415.80746	-0.58373124	3.0177695
36	36	-582.41216	-582.68266	-580.8615	-0.27050091	-1.8211617
37	37	-260.48048	-262.94503	-264.65544	-2.4645497	1.7104091
38	38	-354.38205	-353.14209	-350.44998	1.2399565	-2.6921086
39	39	-484.7471	-479.92646	-479.23517	4.8206416	-0.69129085
40	40	-455.89845	-454.25196	-455.45791	1.6464862	1.2059513
41	41	-582.15141	-583.03732	-581.99282	-0.88590809	-1.0445009
42	42	-394.0348	-387.40841	-390.8168	6.6263969	3.4083892
43	43	-735.64946	-719.00538	-719.86098	16.64408	0.85559641
44	44	-670.5384	-664.51956	-658.89576	6.0188411	-5.623804
45	45	-394.65622	-392.50651	-393.5822	2.1497046	1.0756909
46	46	-389.77029	-391.64505	-391.4672	-1.8747618	-0.17785091
47	47	-280.58912	-281.92142	-285.33805	-1.3322951	3.4166351
48	48	-413.08629	-414.88738	-414.85828	-1.8010935	-0.029102805
49	49	-498.24325	-499.63663	-499.5705	-1.3933827	-0.066135094
50	50	-450.41388	-451.54244	-449.43255	-1.128554	-2.109884
51	51	-384.46631	-382.03507	-382.93097	2.431237	0.89589735
52	52	-517.15917	-515.67963	-515.04814	1.4795411	-0.63148647
53	53	-498.15381	-496.66696	-495.54907	1.4868512	-1.1178942
54	54	-745.48163	-741.13545	-734.51531	4.3461843	-6.6201391
55	55	-651.68707	-654.56771	-646.45633	-2.8806352	-8.1113725
56	56	-491.45116	-487.82144	-484.13682	3.6297185	-3.6846207
57	57	-523.79973	-522.943	-520.53549	0.85672766	-2.4075107
58	58	-548.93086	-536.28383	-533.34907	12.647038	-2.9347541
59	59	-664.66103	-653.63608	-646.64053	11.024949	-6.9955463
60	60	-439.65088	-440.09076	-435.41667	-0.43988397	-4.6740866
61	61	-228.07621	-231.4944	-232.69344	-3.4181821	1.1990478
62	62	-635.09846	-629.19977	-626.97472	5.8986815	-2.2250499
63	63	-557.21361	-550.33738	-541.55422	6.8762334	-8.7831567
64	64	-378.25068	-371.2532	-374.50583	6.997484	3.2526302
65	65	-548.05418	-549.6018	-549.77929	-1.5476153	0.17749192
66	66	-368.79772	-372.58748	-372.46327	-3.7897621	-0.12421497
67	67	-469.47558	-473.02612	-477.26275	-3.5505422	4.2366267
68	68	-395.05594	-395.98622	-397.83384	-0.93028425	1.8476191
69	69	-425.98254	-416.50979	-417.58409	9.4727471	1.0742973
70	70	-527.62484	-529.66973	-529.51924	-2.0448945	-0.15049756
71	71	-329.27253	-331.8601	-334.43587	-2.5875691	2.575767
72	72	-789.13959	-779.30008	-777.08217	9.8395067	-2.2179096
73	73	-442.23066	-438.81922	-443.08497	3.4114398	4.2657469
74	74	-368.87868	-367.57687	-365.0134	1.3018061	-2.5634691
75	75	-478.22828	-476.14076	-470.00164	2.0875181	-6.1391128
76	76	-491.61589	-494.73284	-492.05257	-3.1169455	-2.6802729
77	77	-283.38052	-286.18369	-288.63867	-2.8031685	2.4549791
78	78	-670.3694	-667.64723	-653.49134	2.7221713	-14.155895
79	79	-399.49207	-400.37043	-400.11027	-0.87836662	-0.26016602
80	80	-322.06768	-328.4463	-325.42885	-6.3786249	-3.0174502
81	81	-706.1994	-700.78103	-697.74755	5.4183706	-3.0334829
82	82	-400.25012	-402.84961	-403.0192	-2.5994931	0.16958508
83	83	-474.37081	-474.20611	-475.29797	0.16469953	1.0918562
84	84	-624.07239	-604.54113	-586.46369	19.531261	-18.07744
85	85	-640.53641	-642.63115	-643.46713	-2.094738	0.83597902
86	86	-420.48328	-421.29723	-422.58517	-0.81395183	1.2879392
87	87	-526.15654	-530.48376	-534.49112	-4.3272191	4.0073605
88	88	-377.73264	-377.24557	-381.68251	0.48707415	4.4369429
89	89	-404.83537	-399.57258	-405.63399	5.2627806	6.0614096
90	90	-683.12528	-684.4371	-683.57496	-1.311821	-0.8621365
91	91	-483.69773	-476.99785	-469.02055	6.6998783	-7.9772955
92	92	-506.85476	-506.10421	-505.33339	0.75054447	-0.77082256
93	93	-513.73292	-514.8362	-515.87709	-1.1032806	1.0408954
94	94	-434.61523	-435.88929	-435.07399	-1.2740544	-0.81529581
95	95	-368.17761	-366.57141	-361.90551	1.6062051	-4.6658948
96	96	-560.88818	-559.47857	-559.47853	1.409612	-4.3898942e-05
97	97	-328.51635	-329.89242	-327.7662	-1.376068	-2.1262172
98	98	-420.00373	-425.75605	-418.55358	-5.7523211	-7.20247
99	99	-308.09579	-309.52747	-311.38991	-1.4316738	1.8624461
100	100	-399.72681	-400.8067	-403.12821	-1.0798871	2.3215139
101	101	-467.70254	-464.85351	-461.7778	2.8490245	-3.0757093
102	102	-432.88008	-430.77104	-433.76984	2.1090346	2.9987957
103	103	-666.64632	-650.32794	-646.23616	16.318379	-4.0917796
104	104	-420.22841	-417.38764	-418.04963	2.8407619	0.6619833
105	105	-403.01077	-402.27222	-406.33172	0.73854882	4.0594965
106	106	-477.67549	-480.82046	-481.11467	-3.1449723	0.29420709
107	107	-559.22217	-554.34877	-556.32821	4.8734028	1.9794397
108	108	-548.52711	-544.29386	-544.11823	4.2332531	-0.17562987
109	109	-503.79754	-506.8989	-497.96663	-3.1013623	-8.9322743
110	110	-365.08444	-366.90427	-371.91873	-1.8198299	5.0144617
111	111	-299.76578	-297.14496	-301.54468	2.6208142	4.399716
112	112	-473.97753	-468.46714	-471.25541	5.5103831	2.7882616
113	113	-349.67617	-351.82981	-351.22061	-2.1536396	-0.60920431
114	114	-290.22016	-290.80413	-291.71968	-0.58397511	0.91554461
115	115	-608.00104	-607.04956	-608.8208	0.95147709	1.7712398
116	116	-389.4653	-390.1039	-393.52053	-0.63859519	3.416632
117	117	-559.1573	-562.47459	-562.21499	-3.3172892	-0.25959706
118	118	-408.62908	-409.53876	-407.49698	-0.90968687	-2.0417846
119	119	-431.67576	-433.28885	-432.67171	-1.6130938	-0.61714313
120	120	-420.24323	-418.62492	-418.1266	1.6183102	-0.49832274
121	121	-486.06208	-483.69953	-486.16184	2.3625454	2.4623028
122	122	-399.70643	-398.52785	-399.26898	1.17858	0.74112874
123	123	-604.09788	-600.57763	-604.78863	3.520243	4.2109996
124	124	-365.54016	-365.33363	-366.50269	0.20652672	1.1690542
125	125	-464.70137	-465.37353	-465.52192	-0.67215404	0.1483949
126	126	-403.47146	-394.39681	-396.8076	9.0746492	2.4107882
127	127	-375.6704	-376.71067	-377.94976	-1.0402649	1.2390886
128	128	-392.67243	-394.99789	-396.52023	-2.3254605	1.5223429
129	129	-375.8355	-377.20851	-373.6258	-1.3730102	-3.5827101
130	130	-381.65039	-381.64018	-380.54355	0.010208738	-1.0966282
131	131	-338.83903	-342.9587	-343.27745	-4.1196703	0.3187477
132	132	-298.91115	-300.06896	-298.94859	-1.1578177	-1.1203695
133	133	-487.98299	-488.00832	-490.68542	-0.025335017	2.6770969
134	134	-415.85631	-419.22949	-421.17019	-3.3731809	1.9407024
135	135	-337.64283	-337.03169	-342.33004	0.61114739	5.2983562
136	136	-447.28211	-440.81144	-449.72134	6.4706712	8.9099037
137	137	-266.23698	-267.24217	-269.69064	-1.0051963	2.4484654
138	138	-250.98705	-253.82696	-256.75485	-2.8399068	2.9278982
139	139	-599.30371	-560.58747	-570.841	38.716238	10.253531
140	140	-660.57833	-660.84347	-655.20332	-0.26513499	-5.640145
141	141	-636.65268	-642.93789	-643.79896	-6.2852181	0.86106223
142	142	-416.82553	-410.6273	-412.96596	6.198236	2.3386597
143	143	-368.51152	-365.08976	-364.37536	3.421764	-0.71439966
144	144	-448.94089	-446.64546	-448.31672	2.2954326	1.6712629
145	145	-392.9688	-391.97537	-393.69392	0.99343369	1.7185562
146	146	-566.70354	-566.11688	-561.55776	0.58665572	-4.5591257
147	147	-351.65658	-351.46379	-353.10139	0.19278744	1.6376049
148	148	-641.40334	-643.61898	-645.38272	-2.2156392	1.7637418
149	149	-553.18813	-550.41711	-540.72732	2.7710242	-9.6897927
150	150	-386.97692	-383.38598	-385.89618	3.5909392	2.5101956
151	151	-413.56372	-412.68392	-410.24749	0.87980176	-2.4364318
152	152	-270.67272	-271.56056	-272.92182	-0.88784005	1.3612588
153	153	-257.60449	-258.83405	-259.80788	-1.229558	0.97382664
154	154	-550.10027	-552.22505	-547.96106	-2.1247794	-4.2639893
155	155	-425.82487	-427.90774	-427.31212	-2.0828685	-0.59561827
156	156	-334.45943	-332.35471	-336.07982	2.1047159	3.7251032
157	157	-579.33204	-574.66632	-570.87372	4.6657162	-3.7926023
158	158	-320.8969	-323.05645	-326.99963	-2.1595433	3.9431808
159	159	-461.46336	-460.85278	-462.0795	0.61057629	1.2267148
160	160	-556.60287	-561.09136	-553.18145	-4.4884893	-7.9099054
161	161	-471.97937	-470.79845	-474.16746	1.1809224	3.369013
162	162	-318.21167	-318.66197	-319.83419	-0.45029956	1.1722185
163	163	-466.01338	-461.14754	-456.18507	4.8658465	-4.962469
164	164	-569.18563	-564.7394	-558.90599	4.4462267	-5.8334172
165	165	-544.11001	-538.21151	-541.08265	5.8985026	2.8711442
166	166	-349.09098	-349.05377	-352.01942	0.037210501	2.9656497
167	167	-486.02451	-485.20562	-485.92449	0.81889178	0.71887597
168	168	-319.67115	-323.63338	-324.16929	-3.9622342	0.53590777
169	169	-343.43274	-345.23711	-344.13945	-1.8043743	-1.0976664
170	170	-452.05556	-448.75811	-455.16045	3.2974526	6.4023367
171	171	-527.26168	-526.7707	-525.81131	0.49097397	-0.95938932
172	172	-411.34143	-411.99602	-413.27854	-0.65458852	1.282518
173	173	-322.59345	-325.02214	-325.73412	-2.4286951	0.71197493
174	174	-587.6544	-592.26596	-589.56152	-4.6115584	-2.7044435
175	175	-342.83429	-345.16751	-346.16065	-2.3332195	0.99314093
176	176	-417.89397	-417.49645	-420.04579	0.39751682	2.5493447
177	177	-465.38113	-459.23958	-458.69722	6.1415497	-0.54235627
178	178	-403.28979	-403.92864	-405.86148	-0.6388437	1.932842
179	179	-567.53284	-563.14246	-557.3056	4.3903737	-5.8368607
180	180	-401.22621	-406.91967	-401.70735	-5.6934567	-5.2123239
181	181	-422.81059	-425.9774	-427.46322	-3.1668065	1.4858154
182	182	-472.25901	-470.39683	-471.73738	1.862176	1.3405485
183	183	-334.77809	-330.03368	-333.54664	4.7444105	3.5129629
184	184	-404.10943	-406.22197	-407.44779	-2.1125436	1.2258149
185	185	-460.83187	-455.29567	-453.91917	5.5361997	-1.3764978
186	186	-401.91517	-401.33981	-400.10366	0.57536029	-1.2361547
187	187	-445.26151	-438.85386	-436.5363	6.407646	-2.3175642
188	188	-348.81836	-351.70739	-353.04249	-2.8890295	1.3350981
189	189	-290.15236	-290.71526	-292.58194	-0.56289706	1.8666764
190	190	-290.90577	-288.52837	-292.61734	2.3774018	4.0889696
191	191	-452.95632	-449.64078	-452.30027	3.3155318	2.6594897
192	192	-451.1664	-454.63515	-456.50767	-3.4687428	1.8725212
193	193	-716.63309	-713.64184	-714.98339	2.9912545	1.3415542
194	194	-418.27318	-418.58741	-418.75661	-0.31423104	0.16920166
195	195	-512.31172	-514.71754	-514.27962	-2.4058216	-0.43792214
196	196	-524.24609	-512.74411	-516.32422	11.501985	3.5801116
197	197	-436.38228	-432.41807	-422.09299	3.9642102	-10.325085
198	198	-462.68224	-447.81123	-453.74893	14.871008	5.9376971
199	199	-305.07229	-300.87207	-308.08996	4.2002209	7.2178898
