No.	ID	loglik_Null	loglik_Acc	loglik_Full	logBF1	logBF2	loglik_Max_M0	loglik_Max_M1	loglik_Max_M2
0	0	-476.80542	-477.01963	-475.22683	-0.21421378	-1.7927971	-459.79363	-460.21241	-458.19823
1	1	-1063.315	-1037.2632	-992.55822	26.05179	-44.705031	-1049.71	-1015.2071	-966.48605
2	2	-367.14663	-363.03416	-364.89407	4.1124739	1.85991	-362.72388	-351.40711	-351.43964
3	3	-631.40942	-608.68861	-599.28206	22.720804	-9.406557	-614.85395	-587.84822	-581.59126
4	4	-753.39876	-731.47193	-716.40926	21.926827	-15.062671	-737.78115	-714.69371	-697.88531
5	5	-540.53806	-486.57579	-488.34616	53.962268	1.770373	-524.91507	-473.05651	-473.06859
6	6	-699.97933	-698.25664	-685.46786	1.7226899	-12.788779	-685.83052	-677.85405	-663.56825
7	7	-682.47948	-641.33549	-641.12615	41.143993	-0.20933594	-665.73351	-617.86211	-617.86511
8	8	-645.12745	-621.7708	-620.11359	23.356656	-1.6572131	-630.34815	-603.09522	-603.50297
9	9	-759.77499	-735.81649	-735.96776	23.958499	0.1512712	-745.25799	-712.99643	-712.99522
10	10	-573.21373	-561.40293	-560.86947	11.810798	-0.53345973	-560.05002	-539.73815	-538.39284
11	11	-354.3492	-353.53583	-353.72656	0.81336228	0.19072431	-351.88394	-346.52409	-343.17294
12	12	-480.09679	-463.57926	-464.41791	16.517527	0.83864797	-468.72567	-450.94065	-447.05854
13	13	-441.66155	-428.51937	-430.4078	13.142179	1.8884238	-437.36591	-416.75119	-416.74401
14	14	-1196.6807	-1066.6682	-1047.9569	130.0125	-18.711266	-1182.1208	-1043.8461	-1026.3626
15	15	-680.97047	-660.63651	-639.05139	20.333959	-21.585127	-664.37335	-639.34448	-618.95196
16	16	-882.64597	-845.03361	-826.62891	37.612358	-18.404698	-868.28127	-832.15923	-808.07873
17	17	-323.38727	-319.54437	-321.4949	3.8429	1.9505327	-319.39237	-306.80176	-306.88871
18	18	-1174.0281	-1106.2765	-1057.3427	67.751579	-48.933791	-1162.1795	-1086.4495	-1035.1898
19	19	-661.94569	-598.60679	-600.33642	63.338907	1.7296386	-648.4633	-584.92446	-584.92785
20	20	-364.64641	-361.68801	-362.8234	2.9584009	1.1353953	-359.75586	-347.88723	-347.85352
21	21	-529.24671	-518.69711	-511.45267	10.549605	-7.2444358	-514.9977	-496.90723	-493.56267
22	22	-474.31966	-460.1003	-461.43623	14.219358	1.3359303	-469.5708	-450.43891	-450.4461
23	23	-545.87762	-537.74464	-528.62662	8.1329834	-9.1180203	-527.64212	-514.67992	-505.88366
24	24	-508.30878	-504.60967	-503.35276	3.6991108	-1.256901	-506.24005	-494.79904	-488.22108
25	25	-629.99892	-628.6742	-623.25953	1.3247262	-5.4146635	-614.35763	-610.5984	-602.94988
26	26	-371.47235	-359.19929	-360.68223	12.273064	1.4829406	-360.24182	-345.2822	-345.26725
27	27	-289.66371	-278.35791	-278.88972	11.305797	0.53180679	-280.44395	-271.97029	-271.70729
28	28	-564.26743	-548.86475	-550.94834	15.402679	2.0835917	-552.94048	-535.41703	-535.24438
29	29	-955.99951	-916.53014	-916.45603	39.469372	-0.074110795	-939.87045	-894.00784	-894.00762
30	30	-920.96196	-908.02171	-888.8046	12.940257	-19.217103	-908.49001	-887.8082	-865.48319
31	31	-793.0358	-779.61265	-766.37798	13.42315	-13.234666	-779.52674	-765.03898	-749.20095
32	32	-557.81905	-556.31663	-552.38642	1.5024199	-3.9302141	-542.32136	-536.69462	-531.69651
33	33	-587.8018	-574.35203	-569.65611	13.449773	-4.6959185	-571.58596	-551.2375	-543.88633
34	34	-460.72962	-452.09662	-453.32349	8.6329936	1.2268641	-454.75048	-442.93621	-442.84525
35	35	-468.73582	-452.90057	-447.56446	15.835247	-5.3361146	-454.6995	-438.00843	-428.08445
36	36	-734.33057	-732.10736	-731.00336	2.2232077	-1.1040021	-721.43272	-713.18573	-711.54117
37	37	-239.99007	-240.77814	-241.3662	-0.78806143	0.5880597	-236.87931	-237.29729	-237.2983
38	38	-406.93035	-393.64988	-394.18314	13.280474	0.53325803	-404.4908	-383.39545	-380.60251
39	39	-629.35592	-623.53756	-607.91559	5.8183642	-15.621972	-613.08806	-605.47107	-591.21769
40	40	-483.1192	-479.84154	-470.67499	3.2776555	-9.1665575	-469.7182	-461.76133	-453.9401
41	41	-699.8858	-685.42433	-685.52454	14.461467	0.10021246	-688.52541	-665.17698	-665.17678
42	42	-451.87028	-434.45423	-435.99701	17.416053	1.5427786	-433.75247	-420.63201	-420.92422
43	43	-1550.1556	-1253.5955	-1253.866	296.56008	0.27052054	-1534.4788	-1232.5872	-1232.5865
44	44	-1271.6103	-1160.5266	-1133.9509	111.08373	-26.575652	-1257.805	-1138.5139	-1110.6229
45	45	-486.84675	-472.44762	-470.85483	14.399122	-1.5927958	-469.24426	-454.01417	-451.67599
46	46	-412.5594	-412.28133	-411.63518	0.27807066	-0.64614678	-406.11427	-400.80565	-395.09427
47	47	-284.94871	-280.69523	-281.25158	4.2534797	0.55635006	-282.07085	-272.43226	-270.62016
48	48	-420.45975	-419.754	-417.67234	0.70574459	-2.0816603	-413.32227	-407.29888	-401.57614
49	49	-600.29059	-594.39182	-593.7616	5.8987723	-0.63022196	-582.85398	-570.59505	-570.58173
50	50	-567.28211	-529.80364	-531.74598	37.478465	1.942344	-552.88362	-516.09807	-516.09325
51	51	-494.15198	-455.49589	-457.5378	38.656092	2.0419146	-480.70878	-443.70064	-443.69758
52	52	-582.47038	-558.33091	-559.2088	24.139465	0.87788613	-567.43484	-547.37199	-547.38734
53	53	-584.83611	-575.21749	-575.84484	9.6186182	0.62734533	-572.1876	-560.50033	-559.91994
54	54	-1356.0354	-1221.0906	-1232.2623	134.94481	11.171695	-1342.5737	-1198.5388	-1198.5251
55	55	-827.36418	-818.96882	-800.82345	8.3953566	-18.145369	-814.80427	-798.39635	-776.67639
56	56	-694.94462	-629.09164	-631.31316	65.852983	2.2215243	-679.65335	-619.42494	-615.91059
57	57	-582.47672	-573.96781	-560.541	8.5089112	-13.426806	-569.33632	-553.66047	-541.99095
58	58	-684.89714	-655.12787	-648.10971	29.769267	-7.018161	-669.03368	-633.66516	-626.30568
59	59	-1095.0978	-1012.6939	-980.05605	82.403956	-32.637813	-1078.2069	-989.45344	-960.56748
60	60	-527.51149	-513.23609	-503.67443	14.275403	-9.5616518	-512.24014	-495.30903	-487.98614
61	61	-219.14445	-219.11116	-219.63439	0.033290007	0.52322711	-216.00651	-211.04895	-211.05264
62	62	-721.95976	-710.94153	-704.47428	11.018228	-6.4672508	-708.91804	-689.42467	-680.61616
63	63	-905.18681	-826.27562	-795.8478	78.911199	-30.427818	-889.87207	-806.17337	-776.3381
64	64	-450.8718	-423.21056	-424.00405	27.661241	0.7934891	-438.489	-416.23419	-416.26094
65	65	-703.97636	-700.31914	-677.58714	3.6572184	-22.731998	-687.72756	-683.20688	-657.96989
66	66	-362.8859	-363.48736	-363.66145	-0.6014556	0.17409563	-360.05274	-358.5276	-355.62915
67	67	-495.80965	-485.59964	-486.83364	10.210007	1.2340016	-483.93987	-472.54071	-472.55242
68	68	-504.79773	-492.60981	-492.86127	12.187919	0.25145776	-491.96668	-481.27952	-478.36637
69	69	-576.21958	-540.75815	-530.93529	35.461427	-9.8228664	-562.32617	-527.36408	-512.58851
70	70	-583.12866	-576.08731	-575.34213	7.0413504	-0.7451839	-570.63961	-561.36005	-557.57246
71	71	-319.49896	-320.16609	-320.32175	-0.66713429	0.15566339	-316.7653	-317.18336	-314.28227
72	72	-1379.7843	-1211.1678	-1141.8155	168.61655	-69.352272	-1366.7652	-1198.1668	-1120.9738
73	73	-484.76966	-473.80552	-475.4483	10.964143	1.642779	-468.50849	-456.62354	-456.62376
74	74	-369.38266	-366.0315	-360.62526	3.3511634	-5.4062367	-357.53684	-353.87213	-344.39262
75	75	-619.73939	-587.7039	-588.7053	32.03549	1.0014039	-601.85826	-576.75052	-574.10256
76	76	-550.26258	-542.93417	-537.44875	7.3284061	-5.4854182	-532.51953	-523.29294	-517.25857
77	77	-321.98679	-318.99928	-319.17393	2.9875153	0.17464588	-319.20051	-313.27025	-311.27364
78	78	-1060.7431	-1010.0152	-973.6953	50.727853	-36.319918	-1048.6462	-990.35399	-952.906
79	79	-402.48113	-403.16697	-403.71967	-0.68583208	0.55270661	-400.16736	-400.58505	-389.70526
80	80	-347.85989	-340.60738	-342.0699	7.252505	1.4625119	-336.17088	-328.66062	-326.80599
81	81	-1172.3489	-1088.4945	-1055.8752	83.854493	-32.619202	-1159.2945	-1072.0764	-1032.5749
82	82	-532.65098	-516.27871	-512.11786	16.372277	-4.1608518	-515.86963	-496.50477	-494.72411
83	83	-509.40427	-497.78022	-499.17115	11.624051	1.3909313	-504.274	-487.86198	-487.84947
84	84	-1008.5655	-917.33782	-890.02704	91.227704	-27.31078	-991.8842	-895.23996	-866.41473
85	85	-767.39354	-761.96589	-756.98907	5.4276483	-4.976821	-755.83593	-740.79165	-733.74615
86	86	-435.7209	-428.29355	-429.1021	7.4273469	0.80854247	-430.86541	-415.94481	-415.10254
87	87	-803.50098	-773.82612	-754.17365	29.674863	-19.652464	-787.81643	-752.28064	-734.04641
88	88	-383.39525	-378.00663	-379.34061	5.3886218	1.3339838	-380.94616	-367.96855	-367.08609
89	89	-492.1123	-463.42521	-465.34066	28.687089	1.9154434	-474.24126	-448.34097	-448.34085
90	90	-751.07958	-740.66301	-738.10552	10.416574	-2.5574928	-738.7402	-719.77542	-714.37009
91	91	-714.82097	-662.7568	-664.4942	52.06417	1.7373938	-700.93904	-646.67549	-646.68343
92	92	-605.80876	-596.75589	-590.89421	9.052868	-5.8616842	-587.69441	-575.58019	-572.21848
93	93	-563.98173	-560.27235	-560.36008	3.7093727	0.087727321	-556.4382	-544.29406	-542.07215
94	94	-449.01327	-445.83438	-446.2503	3.1788889	0.41592155	-440.61175	-432.77759	-431.00634
95	95	-405.9191	-400.08574	-396.78793	5.8333556	-3.2978064	-393.56557	-390.5707	-382.39384
96	96	-718.37891	-704.33326	-696.77803	14.045648	-7.5552274	-705.24044	-683.43261	-676.98081
97	97	-398.56038	-385.41823	-386.63746	13.142142	1.2192308	-390.18153	-376.59624	-376.59127
98	98	-584.21071	-566.89654	-562.52231	17.314174	-4.3742253	-566.87789	-547.49123	-543.4058
99	99	-360.07445	-354.39953	-352.26572	5.6749145	-2.1338086	-357.51129	-348.29723	-341.098
100	100	-602.31375	-581.34314	-578.70961	20.970612	-2.63353	-581.82193	-554.33656	-553.01734
101	101	-621.34274	-596.46712	-588.46362	24.875614	-8.0035027	-601.80218	-575.69529	-571.21473
102	102	-537.84447	-527.93217	-524.29218	9.9123032	-3.6399856	-523.10275	-512.36209	-505.7348
103	103	-1486.095	-1282.8201	-1282.6656	203.27485	-0.15451506	-1468.9815	-1262.1534	-1262.0838
104	104	-505.31745	-490.95666	-492.14539	14.36079	1.1887281	-497.03045	-482.47999	-482.49695
105	105	-436.8236	-434.05121	-434.87611	2.7723915	0.82490433	-431.11355	-421.6101	-420.00366
106	106	-561.39527	-555.75521	-554.10369	5.6400625	-1.6515224	-545.9684	-537.05935	-532.17098
107	107	-652.88433	-635.91903	-640.65369	16.965302	4.7346651	-641.73471	-620.53495	-617.32394
108	108	-754.59344	-708.52637	-698.87117	46.067072	-9.6551934	-739.80203	-684.02994	-677.08485
109	109	-805.07786	-758.8836	-758.96904	46.194264	0.085439279	-788.93319	-738.89511	-738.90454
110	110	-478.79479	-454.10718	-455.69089	24.68762	1.5837127	-465.13272	-439.63723	-439.60522
111	111	-331.96778	-330.6632	-330.98524	1.3045725	0.32203642	-320.54529	-317.72573	-317.72541
112	112	-537.42909	-515.06112	-517.60618	22.367974	2.5450587	-524.91402	-501.89465	-501.89471
113	113	-428.96156	-423.45067	-419.30272	5.5108875	-4.1479495	-426.57303	-414.79917	-404.08397
114	114	-290.76695	-291.23425	-291.6555	-0.46730048	0.42125485	-287.87864	-285.47736	-285.71656
115	115	-729.66704	-717.6109	-717.762	12.056138	0.15110377	-718.03594	-698.9438	-698.94577
116	116	-537.44435	-514.34552	-516.04882	23.098828	1.7032927	-524.85285	-502.92915	-502.92078
117	117	-851.39437	-788.2501	-788.27569	63.14427	0.025585665	-835.83168	-764.04118	-764.04115
118	118	-450.54992	-440.00195	-434.79771	10.547973	-5.2042419	-443.55468	-427.54042	-418.07126
119	119	-529.72906	-527.63436	-511.04111	2.0946989	-16.593251	-510.87069	-507.09023	-491.07202
120	120	-475.50678	-463.41554	-461.56695	12.09124	-1.8485914	-458.84921	-445.37961	-442.99825
121	121	-667.2719	-637.27295	-631.5091	29.998945	-5.7638543	-652.80751	-619.86233	-613.63931
122	122	-436.40386	-430.19635	-431.74981	6.2075145	1.5534629	-427.0787	-418.06888	-418.32962
123	123	-888.62777	-823.72855	-824.53856	64.89922	0.81001228	-872.66695	-801.69699	-801.69228
124	124	-429.37526	-423.53589	-424.42519	5.8393644	0.88929747	-416.67644	-414.12047	-413.72586
125	125	-474.45291	-474.51723	-471.1102	-0.06432205	-3.407031	-468.07561	-460.7824	-448.5535
126	126	-571.66689	-500.83372	-503.38258	70.833175	2.5488621	-556.86186	-488.00323	-488.00318
127	127	-376.83625	-375.27773	-376.04159	1.5585191	0.7638616	-371.66968	-367.92871	-365.86714
128	128	-428.18835	-425.16487	-426.18753	3.0234856	1.0226606	-419.83027	-411.31538	-411.24552
129	129	-421.84433	-413.35447	-413.06908	8.4898664	-0.28538373	-418.80488	-404.30009	-400.8776
130	130	-398.92485	-397.4886	-397.34869	1.4362516	-0.13990144	-396.26946	-387.7934	-378.20843
131	131	-353.35103	-353.97154	-353.91044	-0.62050919	-0.061100097	-348.82466	-348.2486	-343.4949
132	132	-302.27337	-301.47057	-299.95159	0.80280057	-1.518975	-296.31578	-291.93075	-281.75844
133	133	-575.37688	-560.19534	-555.27464	15.181541	-4.9206984	-561.45788	-540.19563	-535.73984
134	134	-458.562	-449.56546	-450.43398	8.9965433	0.86851681	-443.63452	-436.61818	-435.98595
135	135	-363.6201	-361.95158	-362.06015	1.6685128	0.10856344	-360.79234	-355.43906	-349.06455
136	136	-602.89452	-591.8695	-574.06725	11.025018	-17.802254	-586.64508	-570.96821	-555.39277
137	137	-252.34683	-252.60687	-253.12437	-0.26003536	0.51750045	-249.22095	-246.76477	-246.71278
138	138	-243.04319	-244.17422	-244.33302	-1.1310226	0.15880165	-240.11888	-240.53841	-240.53631
139	139	-967.19826	-901.61857	-900.5505	65.579686	-1.0680711	-951.8334	-879.76756	-879.72108
140	140	-719.57523	-709.52227	-707.73686	10.052957	-1.7854081	-706.32714	-686.98543	-683.31268
141	141	-1099.9485	-1046.4469	-955.73844	53.501575	-90.708485	-1085.9312	-1024.6877	-932.70118
142	142	-464.81504	-443.86279	-445.46155	20.952247	1.5987576	-454.92036	-433.62112	-433.6461
143	143	-448.00736	-419.18038	-420.82535	28.826975	1.6449632	-434.45247	-408.74782	-408.74797
144	144	-493.81665	-477.86395	-478.7925	15.952706	0.92855565	-478.79551	-462.53619	-460.13901
145	145	-569.15314	-547.15297	-532.62083	22.000167	-14.532141	-552.33083	-526.85312	-514.08255
146	146	-779.676	-771.58789	-751.68155	8.0881088	-19.906341	-766.03842	-753.18803	-728.81299
147	147	-359.27641	-353.6406	-354.46944	5.6358049	0.82883843	-354.87388	-345.27768	-345.28158
148	148	-804.20348	-786.64104	-780.63112	17.562441	-6.0099153	-792.15063	-766.18224	-758.79658
149	149	-666.4203	-629.69393	-615.98706	36.726371	-13.706874	-652.42199	-610.26545	-600.87439
150	150	-460.09506	-452.15537	-446.52332	7.9396964	-5.6320489	-445.49509	-441.36654	-429.3781
151	151	-470.69852	-461.84677	-462.93198	8.8517488	1.0852071	-463.92299	-450.38119	-448.11173
152	152	-275.41445	-271.61494	-272.4452	3.7995109	0.83025883	-271.33934	-265.02494	-265.42477
153	153	-266.05675	-263.20128	-264.22135	2.855465	1.0200678	-263.10609	-254.43247	-254.43201
154	154	-1222.4341	-1123.7687	-1060.2535	98.665361	-63.51518	-1208.6413	-1104.0197	-1035.5861
155	155	-422.81925	-423.13656	-422.63264	-0.31731818	-0.50392591	-414.25246	-413.58433	-402.82313
156	156	-404.21627	-397.57684	-398.00682	6.6394239	0.429973	-401.89198	-387.24868	-382.0842
157	157	-1240.1416	-1060.0042	-1061.3705	180.13745	1.3662945	-1225.7683	-1045.0948	-1045.0845
158	158	-355.47967	-348.33705	-349.09736	7.1426144	0.76031117	-348.06237	-342.92078	-342.93244
159	159	-516.17345	-504.37002	-505.68016	11.803434	1.3101368	-503.43259	-489.36096	-489.32343
160	160	-681.06321	-676.44313	-653.11758	4.6200766	-23.325554	-665.25728	-655.34262	-631.69956
161	161	-565.08631	-558.62207	-559.01144	6.4642427	0.38937356	-552.37923	-539.18524	-539.17164
162	162	-335.0955	-327.20159	-329.01312	7.8939072	1.8115302	-332.40865	-316.48334	-316.50919
163	163	-652.39385	-643.98166	-630.52255	8.4121911	-13.459117	-637.14378	-623.01162	-609.30639
164	164	-776.79475	-753.96191	-734.01997	22.832841	-19.941939	-763.57219	-734.99206	-716.98403
165	165	-597.90374	-586.09635	-587.5479	11.807399	1.4515577	-585.52663	-566.28988	-566.20035
166	166	-370.31745	-364.90175	-366.27445	5.4157006	1.3727003	-365.24362	-356.06029	-355.09602
167	167	-562.03198	-548.45409	-544.69233	13.577889	-3.7617556	-544.76019	-528.3287	-525.788
168	168	-314.70051	-314.65155	-315.00537	0.048959903	0.35382366	-306.85767	-302.9264	-302.93242
169	169	-398.71653	-387.69878	-389.33772	11.017753	1.6389358	-388.05482	-378.28775	-378.28787
170	170	-582.31168	-570.09547	-568.13454	12.216209	-1.9609242	-563.82339	-546.89543	-547.00467
171	171	-624.19693	-597.02212	-598.49824	27.174802	1.4761174	-610.59086	-576.67974	-576.67843
172	172	-449.69795	-441.30382	-442.08842	8.3941351	0.78460205	-437.27831	-426.37532	-421.47034
173	173	-416.76352	-400.43118	-401.30967	16.332339	0.87848183	-403.18708	-382.73273	-379.50417
174	174	-713.28517	-706.02199	-705.52157	7.2631782	-0.50041994	-698.35629	-686.84703	-683.44762
175	175	-362.8449	-363.32491	-363.45819	-0.48000798	0.13328275	-360.30858	-358.04214	-355.4618
176	176	-418.84572	-412.64904	-413.92893	6.1966826	1.2798904	-409.93336	-398.97983	-399.70508
177	177	-702.63722	-637.2673	-627.44939	65.369917	-9.8179169	-680.28064	-618.33104	-608.62855
178	178	-427.6953	-425.88441	-427.06892	1.8108944	1.1845139	-420.02736	-411.64185	-411.65358
179	179	-801.57931	-762.14072	-756.20707	39.438596	-5.9336429	-786.11687	-742.96488	-736.89963
180	180	-432.77156	-423.23806	-424.74751	9.5335038	1.5094547	-417.9646	-407.73697	-407.75072
181	181	-431.68998	-432.24848	-432.45888	-0.55850362	0.210399	-427.39698	-427.17287	-423.11268
182	182	-573.53138	-551.17805	-545.57731	22.353328	-5.6007389	-558.17038	-533.88709	-528.9192
183	183	-348.27641	-335.92618	-337.71424	12.350228	1.7880641	-338.56805	-323.20642	-323.19621
184	184	-436.45506	-424.71442	-426.24624	11.740633	1.5318123	-423.13341	-409.64865	-409.76926
185	185	-628.67686	-594.02714	-587.38711	34.649722	-6.6400314	-612.75723	-576.76389	-567.26134
186	186	-481.08665	-465.04059	-464.82103	16.046064	-0.21956341	-464.76774	-447.49679	-444.31993
187	187	-628.58129	-624.67011	-612.02596	3.9111795	-12.644151	-613.43216	-608.16861	-594.74782
188	188	-415.2522	-399.0971	-400.71436	16.155101	1.61726	-403.71462	-388.61793	-388.61352
189	189	-284.18011	-283.48698	-284.18668	0.69312624	0.69969879	-281.30847	-275.91289	-275.91814
190	190	-303.39115	-285.24355	-285.98396	18.147601	0.74040712	-293.48053	-274.45704	-274.45701
191	191	-664.31873	-644.50547	-643.70139	19.81326	-0.80408305	-648.4075	-622.83168	-622.84958
192	192	-817.20317	-730.20473	-731.39529	86.998433	1.1905558	-800.09966	-716.11939	-716.13523
193	193	-916.93182	-853.03874	-852.98524	63.893085	-0.053500327	-904.84125	-830.27242	-830.27298
194	194	-434.34011	-429.3336	-431.48656	5.0065094	2.1529595	-431.21627	-419.45976	-414.21885
195	195	-580.4338	-567.62077	-563.02256	12.813033	-4.5982034	-567.91864	-554.51133	-544.98065
196	196	-693.7848	-634.72952	-636.9603	59.05528	2.2307734	-681.3329	-623.10661	-623.10551
197	197	-685.97111	-660.38663	-632.67556	25.584479	-27.711076	-669.46532	-641.63247	-618.34158
198	198	-943.17069	-866.37661	-841.5374	76.79408	-24.839204	-927.63506	-849.58157	-823.70848
199	199	-437.46157	-370.93148	-371.96777	66.530097	1.0362942	-422.64956	-359.75502	-359.75422
