No.	n_rate	c_rate	g_rate	l_rate	l2_rate	halLeu_0	halLeu_1	halLeu_2	halLeu_3	nipNip_0	nipNip_1	nipNip_2	nipNip_3	galGal_0	galGal_1	galGal_2	galGal_3	aptHaa_0	aptHaa_1	aptHaa_2	aptHaa_3	aptOwe_0	aptOwe_1	aptOwe_2	aptOwe_3	aptRow_0	aptRow_1	aptRow_2	aptRow_3	casCas_0	casCas_1	casCas_2	casCas_3	droNov_0	droNov_1	droNov_2	droNov_3	rheAme_0	rheAme_1	rheAme_2	rheAme_3	rhePen_0	rhePen_1	rhePen_2	rhePen_3	cryCin_0	cryCin_1	cryCin_2	cryCin_3	tinGut_0	tinGut_1	tinGut_2	tinGut_3	eudEle_0	eudEle_1	eudEle_2	eudEle_3	notPer_0	notPer_1	notPer_2	notPer_3	anoDid_0	anoDid_1	anoDid_2	anoDid_3	strCam_0	strCam_1	strCam_2	strCam_3	taeGut-aptFor_0	taeGut-aptFor_1	taeGut-aptFor_2	taeGut-aptFor_3	taeGut-galGal_0	taeGut-galGal_1	taeGut-galGal_2	taeGut-galGal_3	aptHaa-aptOwe_0	aptHaa-aptOwe_1	aptHaa-aptOwe_2	aptHaa-aptOwe_3	aptHaa-aptRow_0	aptHaa-aptRow_1	aptHaa-aptRow_2	aptHaa-aptRow_3	casCas-droNov_0	casCas-droNov_1	casCas-droNov_2	casCas-droNov_3	aptHaa-casCas_0	aptHaa-casCas_1	aptHaa-casCas_2	aptHaa-casCas_3	rheAme-rhePen_0	rheAme-rhePen_1	rheAme-rhePen_2	rheAme-rhePen_3	aptHaa-rheAme_0	aptHaa-rheAme_1	aptHaa-rheAme_2	aptHaa-rheAme_3	cryCin-tinGut_0	cryCin-tinGut_1	cryCin-tinGut_2	cryCin-tinGut_3	eudEle-notPer_0	eudEle-notPer_1	eudEle-notPer_2	eudEle-notPer_3	cryCin-eudEle_0	cryCin-eudEle_1	cryCin-eudEle_2	cryCin-eudEle_3	cryCin-anoDid_0	cryCin-anoDid_1	cryCin-anoDid_2	cryCin-anoDid_3	aptHaa-cryCin_0	aptHaa-cryCin_1	aptHaa-cryCin_2	aptHaa-cryCin_3	aptHaa-strCam_0	aptHaa-strCam_1	aptHaa-strCam_2	aptHaa-strCam_3	taeGut-aptHaa_0	taeGut-aptHaa_1	taeGut-aptHaa_2	taeGut-aptHaa_3
51	2.28282	0.221215	0.663175	0.796394	0	0	0	1	0	0	0.000142857	0.999857	0	0	0.000142857	0.999857	0	0	0	0	1	0	0	0	1	0	0	0.000142857	0.999857	0	0	1	0	0	0	1	0	0	0.000142857	0.000285714	0.999571	0	0.000428571	0	0.999571	0	0	1	0	0	0	1	0	0	0	1	0	0	0	1	0	0	0.000571429	0.999429	0	0	0.0758571	0.924143	0	0	0.000714286	0.999286	0	0	0.0154286	0.984571	0	0	0	0.000285714	0.999714	0	0	0.00428571	0.995714	0	0	1	0	0	0	1	0	0	0.000428571	0	0.999571	0	0.000428571	0.999571	0	0	0	1	0	0	0	1	0	0	0	1	0	0	0.00971429	0.990286	0	0	0.162429	0.837571	0	0	0.989	0.011	0	0	0.994286	0.00571429	0
58	2.81892	0.142087	0.472911	0.797607	0	0	0.217143	0.782857	0	0	0.996857	0.00314286	0	0	0.00585714	0.994143	0	0	0	0	1	0	0	0	1	0	0	0.000428571	0.999571	0	0	1	0	0	0	1	0	0	0	0	1	0	0	0	1	0	0	1	0	0	0	1	0	0	0	1	0	0	0	1	0	0	0	1	0	0	0.000142857	0.999857	0	0	1	0	0	0	1	0	0	0	0	0	1	0	0	0.000428571	0.999571	0	0	1	0	0	0	1	0	0	0	0	1	0	0	1	0	0	0	1	0	0	0	1	0	0	0	1	0	0	0	1	0	0	0.000571429	0.999429	0	0	0.0132857	0.986714	0	0	1	0	0
24	2.16772	0.218554	0.601428	0.793343	0	0	0	1	0	0	0	1	0	0	0	1	0	0	0	0	1	0	0	0	1	0	0	0	1	0	0	1	0	0	0	1	0	0	0	0.000285714	0.999714	0	0	0.000285714	0.999714	0	0	1	0	0	0	1	0	0	0	1	0	0	0	1	0	0	0	1	0	0	0.000285714	0.999714	0	0	0.000857143	0.999143	0	0	0.0238571	0.976143	0	0	0	0	1	0	0	0	1	0	0	1	0	0	0	1	0	0	0.000285714	0	0.999714	0	0.000285714	0.999714	0	0	0	1	0	0	0	1	0	0	0	1	0	0	0	1	0	0	0.000714286	0.999286	0	0	0.00857143	0.991429	0	0	0.290857	0.709143	0
0	2.30916	0.25268	0.786085	0.795074	0	0	0.000428571	0.999571	0	0	0.000857143	0.999143	0	0	0.000142857	0.999857	0	0	0	0	1	0	0	0	1	0	0	0.000428571	0.999571	0	0	1	0	0	0	1	0	0	0	0	1	0	0	0	1	0	0	1	0	0	0	1	0	0	0	1	0	0	0	1	0	0	0	1	0	0	0.00142857	0.998571	0	0	0.00242857	0.997571	0	0	0.0504286	0.949571	0	0	0	0.000142857	0.999857	0	0	0.00428571	0.995714	0	0	1	0	0	0	1	0	0	0	0	1	0	0	1	0	0	0	1	0	0	0	1	0	0	0	1	0	0	0	1	0	0	0.00128571	0.998714	0	0	0.0305714	0.969429	0	0	0.999857	0.000142857	0
43	2.47279	0.266713	0.569087	0.794551	0	0	0.00442857	0.995571	0	0	0.00771429	0.992286	0	0	0.000571429	0.999429	0	0	0	0	1	0	0	0	1	0	0	0	1	0	0	1	0	0	0	1	0	0	0.000142857	0.000142857	0.999714	0	0.000285714	0	0.999714	0	0	1	0	0	0	1	0	0	0	1	0	0	0	1	0	0	0.000714286	0.999286	0	0	0.466286	0.533714	0	0	0.0262857	0.973714	0	0	0.151714	0.848286	0	0	0	0	1	0	0	0	1	0	0	1	0	0	0	1	0	0	0.000285714	0	0.999714	0	0.000285714	0.999714	0	0	0	1	0	0	0	1	0	0	0	1	0	0	0.00271429	0.997286	0	0	0.0815714	0.918429	0	0	0.74	0.26	0	0	0.825286	0.174714	0
64	2.5937	0.262043	0.395074	0.774475	0	0	0.837	0.163	0	0	0.132714	0.867286	0	0	0.671857	0.328143	0	0	0	0.00257143	0.997429	0	0	0.002	0.998	0	0	0.0428571	0.957143	0	0	1	0	0	0	1	0	0	0	0	1	0	0	0	1	0	0	1	0	0	0	1	0	0	0	1	0	0	0	1	0	0	0.00257143	0.997429	0	0	0.379857	0.620143	0	0	0.896714	0.103286	0	0	0.988857	0.0111429	0	0	0	0.00714286	0.992857	0	0	0.127286	0.872714	0	0	1	0	0	0	1	0	0	0	0	1	0	0	1	0	0	0	1	0	0	0	1	0	0	0	1	0	0	0.0178571	0.982143	0	0	0.366571	0.633429	0	0	0.990857	0.00914286	0	0	0.998714	0.00128571	0
34	2.29104	0.238794	0.581205	0.790614	0	0	0	1	0	0	0.000428571	0.999571	0	0	0	1	0	0	0	0	1	0	0	0	1	0	0	0	1	0	0	1	0	0	0	1	0	0	0	0	1	0	0	0	1	0	0	1	0	0	0	1	0	0	0	1	0	0	0	1	0	0	0	1	0	0	0.00885714	0.991143	0	0	0.00157143	0.998429	0	0	0.00957143	0.990429	0	0	0	0	1	0	0	0	1	0	0	1	0	0	0	1	0	0	0	0	1	0	0	1	0	0	0	1	0	0	0	1	0	0	0	1	0	0	0.000428571	0.999571	0	0	0.0124286	0.987571	0	0	0.0394286	0.960571	0	0	0.231143	0.768857	0
13	1.87612	0.104638	0.674749	0.795318	0	0	0	1	0	0	0	1	0	0	0	1	0	0	0.000571429	0.00228571	0.997143	0	0.000714286	0.00185714	0.997429	0	0.001	0.00114286	0.997857	0	0.000142857	0.999857	0	0	0.000142857	0.999857	0	0	0.00128571	0.00142857	0.997286	0	0.00214286	0.000571429	0.997286	0	0	1	0	0	0	1	0	0	0	1	0	0	0	1	0	0	0	1	0	0	0.00542857	0.994571	0	0	0	1	0	0	0.01	0.99	0	0	0.000857143	0.00514286	0.994	0	0.00128571	0.0295714	0.969143	0	0.000285714	0.999714	0	0	0.002	0.998	0	0	0.00271429	0	0.997286	0	0.00271429	0.997286	0	0	0	1	0	0	0	1	0	0	0	1	0	0	0	1	0	0	0.0377143	0.962286	0	0	0.626	0.374	0	0	0.803429	0.196571	0
44	2.23076	0.11555	0.513466	0.751442	0	0	0	1	0	0	0	1	0	0	0	1	0	0	0	0.0207143	0.979286	0	0	0.0437143	0.956286	0	0	0.00214286	0.997857	0	0	1	0	0	0	1	0	0	0	0	1	0	0	0	1	0	0	1	0	0	0	1	0	0	0	1	0	0	0	1	0	0	0	1	0	0	0	1	0	0	0	1	0	0	0	1	0	0	0	0.0817143	0.918286	0	0	0.268714	0.731286	0	0	1	0	0	0	1	0	0	0	0	1	0	0	1	0	0	0	1	0	0	0	1	0	0	0	1	0	0	0	1	0	0	0	1	0	0	0	1	0	0	0.0234286	0.976571	0
59	1.71332	0.179553	0.606	0.790655	0	0	0	1	0	0	0	1	0	0	0	1	0	0	0	0.000428571	0.999571	0	0	0.000285714	0.999714	0	0	0.001	0.999	0	0	1	0	0	0	1	0	0	0	0	1	0	0	0	1	0	0	1	0	0	0	1	0	0	0	1	0	0	0	1	0	0	0	1	0	0	0	1	0	0	0	1	0	0	0.00371429	0.996286	0	0	0	0.000714286	0.999286	0	0	0.025	0.975	0	0	1	0	0	0	1	0	0	0	0	1	0	0	1	0	0	0	1	0	0	0	1	0	0	0	1	0	0	0	1	0	0	0	1	0	0	0.000428571	0.999571	0	0	0.283857	0.716143	0
65	2.24479	0.243605	0.7884	0.793836	0	0	0	1	0	0	0	1	0	0	0	1	0	0	0	0.000285714	0.999714	0	0	0.000285714	0.999714	0	0	0	1	0	0	1	0	0	0	1	0	0	0	0	1	0	0	0	1	0	0	1	0	0	0	1	0	0	0	1	0	0	0	1	0	0	0	1	0	0	0.00171429	0.998286	0	0	0.000142857	0.999857	0	0	0.0168571	0.983143	0	0	0	0.00142857	0.998571	0	0	0.00871429	0.991286	0	0	1	0	0	0	1	0	0	0	0	1	0	0	1	0	0	0	1	0	0	0	1	0	0	0	1	0	0	0	1	0	0	0.00271429	0.997286	0	0	0.0164286	0.983571	0	0	1	0	0
52	3.21554	0.182331	0.568651	0.796232	0	0	0	1	0	0	0	1	0	0	0	1	0	0	0	0	1	0	0	0	1	0	0	0	1	0	0	1	0	0	0	1	0	0	0	0	1	0	0	0	1	0	0	1	0	0	0	1	0	0	0	1	0	0	0	1	0	0	0	1	0	0	0.000142857	0.999857	0	0	0	1	0	0	0.00285714	0.997143	0	0	0	0	1	0	0	0	1	0	0	1	0	0	0	1	0	0	0	0	1	0	0	1	0	0	0	1	0	0	0	1	0	0	0	1	0	0	0	1	0	0	0.000857143	0.999143	0	0	0.00457143	0.995429	0	0	0.195429	0.804571	0
25	2.16878	0.225049	0.635145	0.784809	0	0	0.00371429	0.996286	0	0	0.00442857	0.995571	0	0	0.00571429	0.994286	0	0	0.000285714	0	0.999714	0	0.000285714	0	0.999714	0	0.000142857	0.000142857	0.999714	0	0	1	0	0	0	1	0	0	0.0162857	0.0162857	0.967429	0	0.0204286	0.0121429	0.967429	0	0	1	0	0	0	1	0	0	0	1	0	0	0	1	0	0	0.00842857	0.991571	0	0	0.0715714	0.928429	0	0	0.0274286	0.972571	0	0	0.324286	0.675714	0	0	0.000285714	0	0.999714	0	0.000285714	0	0.999714	0	0	1	0	0	0.000285714	0.999714	0	0	0.0325714	0	0.967429	0	0.0325714	0.967429	0	0	0	1	0	0	0	1	0	0	0	1	0	0	0.0174286	0.982571	0	0	0.317571	0.682429	0	0	0.999429	0.000571429	0	0	0.999714	0.000285714	0
1	1.82531	0.235915	0.66863	0.795494	0	0	0.051	0.949	0	0	0.017	0.983	0	0	0.0185714	0.981429	0	0	0	0	1	0	0	0	1	0	0	0	1	0	0	1	0	0	0	1	0	0	0	0.000714286	0.999286	0	0	0.000285714	0.999714	0	0	1	0	0	0	1	0	0	0	1	0	0	0	1	0	0	0	1	0	0	0.009	0.991	0	0	0.150143	0.849857	0	0	0.723286	0.276714	0	0	0	0	1	0	0	0	1	0	0	1	0	0	0	1	0	0	0	0.00257143	0.997429	0	0	1	0	0	0	1	0	0	0	1	0	0	0	1	0	0	0	1	0	0	0.00128571	0.998714	0	0	0.0494286	0.950571	0	0	0.885429	0.114571	0
35	1.63099	0.268293	0.593362	0.312947	0	0	0.000142857	0.999857	0	0	0.000571429	0.999429	0	0	0	1	0	0	0.000571429	0.396286	0.603143	0	0.000428571	0.358429	0.641143	0	0.00157143	0.543571	0.454857	0	0.000285714	0.999714	0	0	0	1	0	0	0.001	0.649143	0.349857	0	0.000857143	0.536571	0.462571	0	0	1	0	0	0	1	0	0	0	1	0	0	0	1	0	0	0.00514286	0.994857	0	0	0.00742857	0.992571	0	0	0.00157143	0.998429	0	0	0.0112857	0.988714	0	0	0.00128571	0.484857	0.513857	0	0.00228571	0.674	0.323714	0	0.000857143	0.999143	0	0	0.00857143	0.991429	0	0	0.00214286	0.911143	0.0867143	0	0.0251429	0.974857	0	0	0	1	0	0	0	1	0	0	0	1	0	0	0.0135714	0.986429	0	0	0.0712857	0.928714	0	0	0.130286	0.869714	0	0	0.297143	0.702857	0
14	2.37182	0.266781	0.46943	0.789557	0	0	0.023	0.977	0	0	0.0227143	0.977286	0	0	0.808714	0.191286	0	0	0.00271429	0.000285714	0.997	0	0.00228571	0.000571429	0.997143	0	0.00271429	0.000428571	0.996857	0	0.00257143	0.997429	0	0	0.00242857	0.997571	0	0	0.00885714	0.00271429	0.988429	0	0.00928571	0.00228571	0.988429	0	0.000142857	0.999857	0	0	0.000142857	0.999857	0	0	0	1	0	0	0.000142857	0.999857	0	0	0.016	0.984	0	0	0.408857	0.591143	0	0	0.0922857	0.907714	0	0	0.909143	0.0908571	0	0	0.00285714	0.000285714	0.996857	0	0.00314286	0	0.996857	0	0.00285714	0.997143	0	0	0.00314286	0.996857	0	0	0.0115714	0	0.988429	0	0.0115714	0.988429	0	0	0.000142857	0.999857	0	0	0.000142857	0.999857	0	0	0.000142857	0.999857	0	0	0.0322857	0.967714	0	0	0.29	0.71	0	0	0.94	0.06	0	0	0.998857	0.00114286	0
45	1.82154	0.18956	0.577358	0.468109	0	0	0.000142857	0.999857	0	0	0	1	0	0	0.000142857	0.999857	0	0	0	0.419	0.581	0	0	0.426	0.574	0	0	0.426714	0.573286	0	0	1	0	0	0	1	0	0	0	0.000142857	0.999857	0	0	0.00142857	0.998571	0	0	1	0	0	0	1	0	0	0	1	0	0	0	1	0	0	0	1	0	0	0.000285714	0.999714	0	0	0.001	0.999	0	0	0.0165714	0.983429	0	0	0	0.664714	0.335286	0	0	0.961286	0.0387143	0	0	1	0	0	0	1	0	0	0	0.00242857	0.997571	0	0	1	0	0	0	1	0	0	0	1	0	0	0	1	0	0	0	1	0	0	0.000142857	0.999857	0	0	0.00228571	0.997714	0	0	0.227714	0.772286	0
36	1.52571	0.115503	0.511653	0.793651	0	0	0	1	0	0	0	1	0	0	0	1	0	0	0	0	1	0	0	0.000285714	0.999714	0	0	0.00128571	0.998714	0	0	1	0	0	0	1	0	0	0	0	1	0	0	0.000285714	0.999714	0	0	1	0	0	0	1	0	0	0	1	0	0	0	1	0	0	0	1	0	0	0.000428571	0.999571	0	0	0	1	0	0	0.000571429	0.999429	0	0	0	0.000714286	0.999286	0	0	0.003	0.997	0	0	1	0	0	0	1	0	0	0	0.00228571	0.997714	0	0	1	0	0	0	1	0	0	0	1	0	0	0	1	0	0	0	1	0	0	0	1	0	0	0.000857143	0.999143	0	0	0.0531429	0.946857	0
60	2.60474	0.276372	0.622509	0.784501	0	0	0.001	0.999	0	0	0.000142857	0.999857	0	0	0.000142857	0.999857	0	0	0	0	1	0	0	0	1	0	0	0.001	0.999	0	0	1	0	0	0	1	0	0	0	0	1	0	0	0	1	0	0	1	0	0	0	1	0	0	0	1	0	0	0	1	0	0	0	1	0	0	0.0531429	0.946857	0	0	0.00357143	0.996429	0	0	0.0264286	0.973571	0	0	0	0	1	0	0	0.00342857	0.996571	0	0	1	0	0	0	1	0	0	0	0	1	0	0	1	0	0	0	1	0	0	0	1	0	0	0	1	0	0	0.00171429	0.998286	0	0	0.0385714	0.961429	0	0	0.284429	0.715571	0	0	0.509857	0.490143	0
66	3.20969	0.23737	0.625435	0.792367	0	0	0.00228571	0.997714	0	0	0.00128571	0.998714	0	0	0.0432857	0.956714	0	0	0	0	1	0	0	0	1	0	0	0	1	0	0	1	0	0	0	1	0	0	0	0	1	0	0	0	1	0	0	1	0	0	0	1	0	0	0	1	0	0	0	1	0	0	0	1	0	0	0.0647143	0.935286	0	0	0.0142857	0.985714	0	0	0.386	0.614	0	0	0	0	1	0	0	0	1	0	0	1	0	0	0	1	0	0	0	0	1	0	0	1	0	0	0	1	0	0	0	1	0	0	0	1	0	0	0.00128571	0.998714	0	0	0.0552857	0.944714	0	0	0.386857	0.613143	0	0	0.666	0.334	0
26	1.77156	0.119658	0.49394	0.79942	0	0	0	1	0	0	0	1	0	0	0	1	0	0	0	0	1	0	0	0	1	0	0	0	1	0	0	1	0	0	0	1	0	0	0	0	1	0	0	0	1	0	0	1	0	0	0	1	0	0	0	1	0	0	0	1	0	0	0	1	0	0	0	1	0	0	0	1	0	0	0.000571429	0.999429	0	0	0	0	1	0	0	0.000142857	0.999857	0	0	1	0	0	0	1	0	0	0	0	1	0	0	1	0	0	0	1	0	0	0	1	0	0	0	1	0	0	0	1	0	0	0	1	0	0	0	1	0	0	0.0132857	0.986714	0
2	2.5367	0.294051	0.501628	0.794881	0	0	0.00271429	0.997286	0	0	0.000428571	0.999571	0	0	0.0137143	0.986286	0	0	0.000142857	0	0.999857	0	0.000142857	0	0.999857	0	0.000142857	0	0.999857	0	0	1	0	0	0	1	0	0	0.000714286	0.000428571	0.998857	0	0.000714286	0.000428571	0.998857	0	0	1	0	0	0	1	0	0	0	1	0	0	0	1	0	0	0.408714	0.591286	0	0	0.597571	0.402429	0	0	0.007	0.993	0	0	0.119857	0.880143	0	0	0.000142857	0	0.999857	0	0.000142857	0	0.999857	0	0	1	0	0	0.000142857	0.999857	0	0	0.00114286	0	0.998857	0	0.00114286	0.998857	0	0	0	1	0	0	0.000142857	0.999857	0	0	0.000428571	0.999571	0	0	0.448571	0.551429	0	0	0.651571	0.348429	0	0	0.973857	0.0261429	0	0	0.984857	0.0151429	0
53	2.14952	0.290159	0.417974	0.794736	0	0	0.162143	0.837857	0	0	0.930857	0.0691429	0	0	0.465143	0.534857	0	0	0	0	1	0	0	0	1	0	0	0	1	0	0	1	0	0	0	1	0	0	0.00214286	0.000857143	0.997	0	0.00228571	0.000714286	0.997	0	0	1	0	0	0	1	0	0	0.000142857	0.999857	0	0	0	1	0	0	0.000285714	0.999714	0	0	0.157714	0.842286	0	0	0.973143	0.0268571	0	0	0.996143	0.00385714	0	0	0	0	1	0	0	0	1	0	0	1	0	0	0	1	0	0	0.003	0	0.997	0	0.003	0.997	0	0	0	1	0	0	0.000142857	0.999857	0	0	0.000285714	0.999714	0	0	0.00342857	0.996571	0	0	0.0955714	0.904429	0	0	0.521857	0.478143	0	0	0.999143	0.000857143	0
15	2.23959	0.124224	0.706595	0.796904	0	0	0	1	0	0	0	1	0	0	0	1	0	0	0	0	1	0	0	0	1	0	0	0	1	0	0	1	0	0	0	1	0	0	0	0	1	0	0	0	1	0	0	1	0	0	0	1	0	0	0	1	0	0	0	1	0	0	0	1	0	0	0.00257143	0.997429	0	0	0.000142857	0.999857	0	0	0.0317143	0.968286	0	0	0	0	1	0	0	0	1	0	0	1	0	0	0	1	0	0	0	0	1	0	0	1	0	0	0	1	0	0	0	1	0	0	0	1	0	0	0.000142857	0.999857	0	0	0.00585714	0.994143	0	0	0.293143	0.706857	0	0	0.761	0.239	0
46	1.47415	0.163718	0.626094	0.788777	0	0	0	1	0	0	0.000142857	0.999857	0	0	0	1	0	0	0.00242857	0.00214286	0.995429	0	0.002	0.00285714	0.995143	0	0.00328571	0.00985714	0.986857	0	0.000142857	0.999857	0	0	0.000285714	0.999714	0	0	0.00842857	0.00214286	0.989429	0	0.00628571	0.00428571	0.989429	0	0	1	0	0	0	1	0	0	0	1	0	0	0	1	0	0	0.004	0.996	0	0	0.246143	0.753857	0	0	0.00157143	0.998429	0	0	0.427143	0.572857	0	0	0.00328571	0.005	0.991714	0	0.00457143	0.0345714	0.960857	0	0.000285714	0.999714	0	0	0.00571429	0.994286	0	0	0.0105714	0.000285714	0.989143	0	0.0108571	0.989143	0	0	0	1	0	0	0	1	0	0	0	1	0	0	0.00557143	0.994429	0	0	0.0378571	0.962143	0	0	0.857714	0.142286	0	0	0.998	0.002	0
27	1.33175	0.186949	0.754807	0.788752	0	0	0	1	0	0	0	1	0	0	0	1	0	0	0	0.00357143	0.996429	0	0	0.00385714	0.996143	0	0	0.004	0.996	0	0	1	0	0	0	1	0	0	0	0.000571429	0.999429	0	0	0.000571429	0.999429	0	0	1	0	0	0	1	0	0	0	1	0	0	0	1	0	0	0.000428571	0.999571	0	0	0.000142857	0.999857	0	0	0	1	0	0	0.000857143	0.999143	0	0	0	0.00871429	0.991286	0	0	0.0674286	0.932571	0	0	1	0	0	0	1	0	0	0	0.00271429	0.997286	0	0	1	0	0	0	1	0	0	0	1	0	0	0	1	0	0	0.000428571	0.999571	0	0	0.000714286	0.999286	0	0	0.0141429	0.985857	0	0	0.803286	0.196714	0
61	1.43167	0.188256	0.564387	0.700857	0	0	0.0224286	0.977571	0	0	0.187286	0.812714	0	0	0.000571429	0.999429	0	0	0	0.054	0.946	0	0	0.0568571	0.943143	0	0	0.21	0.79	0	0	1	0	0	0	1	0	0	0.00142857	0.00114286	0.997429	0	0.00128571	0.00128571	0.997429	0	0	1	0	0	0	1	0	0	0	1	0	0	0	1	0	0	0	1	0	0	0.0907143	0.909286	0	0	0.268571	0.731429	0	0	0.41	0.59	0	0	0	0.101857	0.898143	0	0	0.373714	0.626286	0	0	1	0	0	0.000142857	0.999857	0	0	0.00242857	0.000428571	0.997143	0	0.00242857	0.997571	0	0	0	1	0	0	0	1	0	0	0	1	0	0	0	1	0	0	0.00428571	0.995714	0	0	0.107857	0.892143	0	0	0.540571	0.459429	0
37	3.62137	0.242646	0.700661	0.794341	0	0	0.000142857	0.999857	0	0	0.000285714	0.999714	0	0	0	1	0	0	0	0	1	0	0	0	1	0	0	0	1	0	0	1	0	0	0	1	0	0	0	0	1	0	0	0	1	0	0	1	0	0	0	1	0	0	0	1	0	0	0	1	0	0	0.00414286	0.995857	0	0	0.116	0.884	0	0	0.000571429	0.999429	0	0	0.0965714	0.903429	0	0	0	0	1	0	0	0	1	0	0	1	0	0	0	1	0	0	0	0	1	0	0	1	0	0	0	1	0	0	0	1	0	0	0	1	0	0	0.0164286	0.983571	0	0	0.170714	0.829286	0	0	0.497857	0.502143	0	0	0.99	0.01	0
3	2.55319	0.278002	0.6066	0.789355	0	0	0.000428571	0.999571	0	0	0.001	0.999	0	0	0	1	0	0	0	0	1	0	0	0	1	0	0	0.00128571	0.998714	0	0	1	0	0	0	1	0	0	0	0	1	0	0	0	1	0	0	1	0	0	0	1	0	0	0	1	0	0	0	1	0	0	0	1	0	0	0.000285714	0.999714	0	0	0.00642857	0.993571	0	0	0.0577143	0.942286	0	0	0	0	1	0	0	0.00914286	0.990857	0	0	1	0	0	0	1	0	0	0	0	1	0	0	1	0	0	0	1	0	0	0	1	0	0	0	1	0	0	0	1	0	0	0.000857143	0.999143	0	0	0.00371429	0.996286	0	0	0.282429	0.717571	0
67	2.52114	0.195684	0.193185	0.785707	0	0	0.811286	0.188714	0	0	0.658571	0.341429	0	0	0.973857	0.0261429	0	0	0.000142857	0.00142857	0.998429	0	0.000142857	0.00157143	0.998286	0	0.000142857	0.0218571	0.978	0	0.000142857	0.999857	0	0	0.000142857	0.999857	0	0	0.000285714	0	0.999714	0	0.000285714	0	0.999714	0	0.308571	0.691429	0	0	0.553143	0.446857	0	0	0.869	0.131	0	0	0.952429	0.0475714	0	0	0.815	0.185	0	0	0.751286	0.248714	0	0	0.961714	0.0382857	0	0	0.999857	0.000142857	0	0	0.000142857	0.00271429	0.997143	0	0.000285714	0.0372857	0.962429	0	0.000142857	0.999857	0	0	0.000285714	0.999714	0	0	0.000285714	0	0.999714	0	0.000285714	0.999714	0	0	0.743429	0.256571	0	0	0.973429	0.0265714	0	0	0.998714	0.00128571	0	0	0.999571	0.000428571	0	0	0.999714	0.000285714	0	0	1	0	0	0	1	0	0
54	1.44749	0.149565	0.506043	0.473339	0	0	0	1	0	0	0	1	0	0	0	1	0	0	0	0.372	0.628	0	0	0.377714	0.622286	0	0	0.561286	0.438714	0	0	1	0	0	0	1	0	0	0	0	1	0	0	0	1	0	0	1	0	0	0	1	0	0	0	1	0	0	0	1	0	0	0	1	0	0	0	1	0	0	0	1	0	0	0.000285714	0.999714	0	0	0	0.559857	0.440143	0	0	0.886286	0.113714	0	0	1	0	0	0	1	0	0	0	0	1	0	0	1	0	0	0	1	0	0	0	1	0	0	0	1	0	0	0	1	0	0	0	1	0	0	0	1	0	0	0.0144286	0.985571	0
16	1.4849	0.170547	0.757683	0.7816	0	0	0.000285714	0.999714	0	0	0.000142857	0.999857	0	0	0	1	0	0	0	0.021	0.979	0	0	0.0212857	0.978714	0	0.000142857	0.0135714	0.986286	0	0	1	0	0	0	1	0	0	0.000285714	0.000142857	0.999571	0	0.000142857	0.000285714	0.999571	0	0	1	0	0	0	1	0	0	0	1	0	0	0	1	0	0	0	1	0	0	0	1	0	0	0.000714286	0.999286	0	0	0.0448571	0.955143	0	0	0.000142857	0.0368571	0.963	0	0.000142857	0.0548571	0.945	0	0	1	0	0	0.000142857	0.999857	0	0	0.000428571	0	0.999571	0	0.000428571	0.999571	0	0	0	1	0	0	0	1	0	0	0	1	0	0	0.000428571	0.999571	0	0	0.00128571	0.998714	0	0	0.0117143	0.988286	0	0	0.831429	0.168571	0
47	2.03828	0.208321	0.587362	0.633566	0	0	0.0604286	0.939571	0	0	0.0282857	0.971714	0	0	0.0607143	0.939286	0	0	0.0218571	0.153143	0.825	0	0.0201429	0.158	0.821857	0	0.0348571	0.105429	0.859714	0	0.00842857	0.991571	0	0	0.00728571	0.992714	0	0	0.0567143	0.0311429	0.912143	0	0.0542857	0.0335714	0.912143	0	0	1	0	0	0	1	0	0	0	1	0	0	0	1	0	0	0.00171429	0.998286	0	0	0.0818571	0.918143	0	0	0.199857	0.800143	0	0	0.828714	0.171286	0	0	0.031	0.288429	0.680571	0	0.0495714	0.681714	0.268714	0	0.0184286	0.981571	0	0	0.0615714	0.938429	0	0	0.0878571	0	0.912143	0	0.0878571	0.912143	0	0	0	1	0	0	0	1	0	0	0	1	0	0	0.0252857	0.974714	0	0	0.641571	0.358429	0	0	0.993429	0.00657143	0	0	0.999571	0.000428571	0
62	2.11048	0.241669	0.419848	0.79099	0	0	0.193429	0.806571	0	0	0.0781429	0.921857	0	0	0.985286	0.0147143	0	0	0.000142857	0.000285714	0.999571	0	0.000142857	0.000714286	0.999143	0	0.000142857	0.00128571	0.998571	0	0.000142857	0.999857	0	0	0.000142857	0.999857	0	0	0.00128571	0.000714286	0.998	0	0.00171429	0.000285714	0.998	0	0	1	0	0	0	1	0	0	0	1	0	0	0	1	0	0	0.000857143	0.999143	0	0	0.410429	0.589571	0	0	0.327143	0.672857	0	0	0.993143	0.00685714	0	0	0.000285714	0.000714286	0.999	0	0.000285714	0.008	0.991714	0	0.000142857	0.999857	0	0	0.000285714	0.999714	0	0	0.002	0	0.998	0	0.002	0.998	0	0	0	1	0	0	0	1	0	0	0	1	0	0	0.00257143	0.997429	0	0	0.0501429	0.949857	0	0	0.490143	0.509857	0	0	0.995143	0.00485714	0
4	1.2751	0.16713	0.500894	0.788707	0	0	0	1	0	0	0	1	0	0	0	1	0	0	0	0.00185714	0.998143	0	0	0.00228571	0.997714	0	0	0.00528571	0.994714	0	0	1	0	0	0	1	0	0	0	0.00157143	0.998429	0	0	0.000714286	0.999286	0	0	1	0	0	0	1	0	0	0	1	0	0	0	1	0	0	0	1	0	0	0.000142857	0.999857	0	0	0	1	0	0	0.000714286	0.999286	0	0	0	0.00442857	0.995571	0	0	0.0227143	0.977286	0	0	1	0	0	0	1	0	0	0	0.00471429	0.995286	0	0	1	0	0	0	1	0	0	0	1	0	0	0	1	0	0	0	1	0	0	0	1	0	0	0.000285714	0.999714	0	0	0.0262857	0.973714	0
38	3.97172	0.109438	0.583802	0.794703	0	0	0	1	0	0	0	1	0	0	0	1	0	0	0	0	1	0	0	0	1	0	0	0	1	0	0	1	0	0	0	1	0	0	0	0	1	0	0	0	1	0	0	1	0	0	0	1	0	0	0	1	0	0	0	1	0	0	0	1	0	0	0.000142857	0.999857	0	0	0	1	0	0	0.00171429	0.998286	0	0	0	0	1	0	0	0	1	0	0	1	0	0	0	1	0	0	0	0	1	0	0	1	0	0	0	1	0	0	0	1	0	0	0	1	0	0	0	1	0	0	0	1	0	0	0.002	0.998	0	0	0.197429	0.802571	0
28	1.97687	0.348557	0.596246	0.793387	0	0	0.00328571	0.996714	0	0	0.003	0.997	0	0	0.005	0.995	0	0	0.000571429	0.000142857	0.999286	0	0.000571429	0.000142857	0.999286	0	0.000714286	0.000142857	0.999143	0	0.000428571	0.999571	0	0	0.000428571	0.999571	0	0	0.00157143	0.00114286	0.997286	0	0.00128571	0.00142857	0.997286	0	0	1	0	0	0	1	0	0	0	1	0	0	0	1	0	0	0.000142857	0.999857	0	0	0.001	0.999	0	0	0.0108571	0.989143	0	0	0.0604286	0.939571	0	0	0.000714286	0.000142857	0.999143	0	0.000857143	0.000142857	0.999	0	0.000571429	0.999429	0	0	0.000857143	0.999143	0	0	0.00271429	0.00142857	0.995857	0	0.00271429	0.997286	0	0	0	1	0	0	0	1	0	0	0	1	0	0	0.000142857	0.999857	0	0	0.00614286	0.993857	0	0	0.022	0.978	0	0	0.289714	0.710286	0
55	2.38365	0.192614	0.743343	0.789929	0	0	0.000285714	0.999714	0	0	0.000857143	0.999143	0	0	0.000285714	0.999714	0	0	0	0	1	0	0	0	1	0	0	0	1	0	0	1	0	0	0	1	0	0	0	0	1	0	0	0	1	0	0	1	0	0	0	1	0	0	0	1	0	0	0	1	0	0	0.000285714	0.999714	0	0	0.0922857	0.907714	0	0	0.00642857	0.993571	0	0	0.118143	0.881857	0	0	0	0	1	0	0	0	1	0	0	1	0	0	0	1	0	0	0	0	1	0	0	1	0	0	0	1	0	0	0	1	0	0	0	1	0	0	0.000285714	0.999714	0	0	0.00742857	0.992571	0	0	0.208	0.792	0	0	0.997143	0.00285714	0
68	1.6482	0.212042	0.532199	0.568149	0	0	0	1	0	0	0.000571429	0.999429	0	0	0.00242857	0.997571	0	0	0.07	0.319	0.611	0	0.0685714	0.321714	0.609714	0	0.134	0.169571	0.696429	0	0.0998571	0.900143	0	0	0.0934286	0.906571	0	0	0.280857	0.259429	0.459714	0	0.279714	0.254714	0.465571	0	0	1	0	0	0	1	0	0	0	1	0	0	0	1	0	0	0.000285714	0.999714	0	0	0.0657143	0.934286	0	0	0.00114286	0.998857	0	0	0.119	0.881	0	0	0.108429	0.449143	0.442429	0	0.189	0.538571	0.272429	0	0.173429	0.826571	0	0	0.355429	0.644571	0	0	0.507429	0.0988571	0.393714	0	0.550571	0.449429	0	0	0	1	0	0	0	1	0	0	0	1	0	0	0.00714286	0.992857	0	0	0.656571	0.343429	0	0	0.911286	0.0887143	0	0	0.964143	0.0358571	0
17	2.32946	0.371779	0.590085	0.791998	0	0	0.000857143	0.999143	0	0	0.002	0.998	0	0	0.0302857	0.969714	0	0	0.00114286	0.000142857	0.998714	0	0.000428571	0.00114286	0.998429	0	0.00157143	0.000285714	0.998143	0	0.000714286	0.999286	0	0	0.000571429	0.999429	0	0	0.0115714	0.008	0.980429	0	0.0122857	0.00742857	0.980286	0	0	1	0	0	0	1	0	0	0.000142857	0.999857	0	0	0.000142857	0.999857	0	0	0.00471429	0.995286	0	0	0.418429	0.581571	0	0	0.004	0.996	0	0	0.0895714	0.910429	0	0	0.00128571	0.000571429	0.998143	0	0.00185714	0	0.998143	0	0.00142857	0.998571	0	0	0.00185714	0.998143	0	0	0.0194286	0.00157143	0.979	0	0.0208571	0.979143	0	0	0.000142857	0.999857	0	0	0.000857143	0.999143	0	0	0.00214286	0.997857	0	0	0.0261429	0.973857	0	0	0.283143	0.716857	0	0	0.992714	0.00728571	0	0	0.998429	0.00157143	0
39	1.39832	0.117776	0.553588	0.784667	0	0	0	1	0	0	0	1	0	0	0	1	0	0	0	0.00428571	0.995714	0	0.000142857	0.000857143	0.999	0	0.000142857	0.004	0.995857	0	0	1	0	0	0	1	0	0	0	0.022	0.978	0	0	0.00357143	0.996429	0	0	1	0	0	0	1	0	0	0	1	0	0	0	1	0	0	0	1	0	0	0	1	0	0	0	1	0	0	0.00157143	0.998429	0	0	0.000142857	0.00657143	0.993286	0	0.000142857	0.031	0.968857	0	0	1	0	0	0.000142857	0.999857	0	0	0	0.0362857	0.963714	0	0.000142857	0.999857	0	0	0	1	0	0	0	1	0	0	0	1	0	0	0	1	0	0	0.000142857	0.999857	0	0	0.000428571	0.999571	0	0	0.162143	0.837857	0
63	1.60461	0.265193	0.652604	0.769956	0	0	0.000285714	0.999714	0	0	0.00257143	0.997429	0	0	0.0197143	0.980286	0	0	0.00214286	0.0258571	0.972	0	0.00171429	0.0242857	0.974	0	0.003	0.0348571	0.962143	0	0.000571429	0.999429	0	0	0.000428571	0.999571	0	0	0.003	0.00785714	0.989143	0	0.004	0.00428571	0.991714	0	0	1	0	0	0	1	0	0	0	1	0	0	0	1	0	0	0.000571429	0.999429	0	0	0.00457143	0.995429	0	0	0.00471429	0.995286	0	0	0.0904286	0.909571	0	0	0.00271429	0.0392857	0.958	0	0.00442857	0.0714286	0.924143	0	0.000571429	0.999429	0	0	0.005	0.995	0	0	0.00714286	0.0108571	0.982	0	0.00771429	0.992286	0	0	0	1	0	0	0	1	0	0	0	1	0	0	0.00157143	0.998429	0	0	0.0168571	0.983143	0	0	0.0934286	0.906571	0	0	0.525857	0.474143	0
5	2.78487	0.421127	0.535787	0.794099	0	0	0.0532857	0.946714	0	0	0.182286	0.817714	0	0	0.00585714	0.994143	0	0	0	0	1	0	0	0	1	0	0	0	1	0	0	1	0	0	0	1	0	0	0	0	1	0	0	0	1	0	0.009	0.991	0	0	0.011	0.989	0	0	0.002	0.998	0	0	0.002	0.998	0	0	0.0204286	0.979571	0	0	0.01	0.99	0	0	0.227	0.773	0	0	0.266857	0.733143	0	0	0	0	1	0	0	0.000714286	0.999286	0	0	1	0	0	0	1	0	0	0	0	1	0	0	1	0	0	0.0155714	0.984429	0	0	0.005	0.995	0	0	0.022	0.978	0	0	0.0252857	0.974714	0	0	0.0327143	0.967286	0	0	0.0657143	0.934286	0	0	0.422	0.578	0
56	1.5652	0.299635	0.633746	0.7554	0	0	0.000857143	0.999143	0	0	0.00371429	0.996286	0	0	0.000285714	0.999714	0	0	0.00214286	0.00271429	0.995143	0	0.002	0.00314286	0.994857	0	0.00385714	0.00271429	0.993429	0	0.000428571	0.999571	0	0	0.000142857	0.999857	0	0	0.00671429	0.0857143	0.907571	0	0.00728571	0.078	0.914714	0	0	1	0	0	0	1	0	0	0	1	0	0	0	1	0	0	0	1	0	0	0.00728571	0.992714	0	0	0.00757143	0.992429	0	0	0.0497143	0.950286	0	0	0.00371429	0.00271429	0.993571	0	0.00514286	0.00314286	0.991714	0	0.000714286	0.999286	0	0	0.00528571	0.994714	0	0	0.0134286	0.173714	0.812857	0	0.0174286	0.982571	0	0	0	1	0	0	0	1	0	0	0	1	0	0	0.000285714	0.999714	0	0	0.0294286	0.970571	0	0	0.132286	0.867714	0	0	0.473857	0.526143	0
29	2.13435	0.282314	0.587297	0.796547	0	0	0.00928571	0.990714	0	0	0.021	0.979	0	0	0.00114286	0.998857	0	0	0	0	1	0	0	0	1	0	0	0	1	0	0	1	0	0	0	1	0	0	0.00157143	0.000857143	0.997571	0	0.00171429	0.000714286	0.997571	0	0	1	0	0	0	1	0	0	0	1	0	0	0	1	0	0	0.000857143	0.999143	0	0	0.260857	0.739143	0	0	0.0535714	0.946429	0	0	0.165286	0.834714	0	0	0	0	1	0	0	0.000142857	0.999857	0	0	1	0	0	0	1	0	0	0.00242857	0	0.997571	0	0.00242857	0.997571	0	0	0.000142857	0.999857	0	0	0	1	0	0	0.000285714	0.999714	0	0	0.0114286	0.988571	0	0	0.133857	0.866143	0	0	0.555429	0.444571	0	0	0.712	0.288	0
48	2.30516	0.241688	0.453689	0.795226	0	0	0.837429	0.162571	0	0	0.053	0.947	0	0	0.273857	0.726143	0	0	0	0	1	0	0	0	1	0	0	0	1	0	0	1	0	0	0	1	0	0	0.00142857	0.001	0.997571	0	0.00185714	0.000571429	0.997571	0	0	1	0	0	0	1	0	0	0	1	0	0	0	1	0	0	0	1	0	0	0.216714	0.783286	0	0	0.900857	0.0991429	0	0	0.997714	0.00228571	0	0	0	0	1	0	0	0	1	0	0	1	0	0	0	1	0	0	0.00242857	0	0.997571	0	0.00242857	0.997571	0	0	0	1	0	0	0	1	0	0	0	1	0	0	0.000714286	0.999286	0	0	0.0231429	0.976857	0	0	0.297429	0.702571	0	0	0.998429	0.00157143	0
69	1.54227	0.16525	0.77911	0.794897	0	0	0	1	0	0	0	1	0	0	0	1	0	0	0	0	1	0	0	0	1	0	0	0.000142857	0.999857	0	0	1	0	0	0	1	0	0	0	0	1	0	0	0	1	0	0	1	0	0	0	1	0	0	0	1	0	0	0	1	0	0	0	1	0	0	0.000285714	0.999714	0	0	0.000285714	0.999714	0	0	0.0341429	0.965857	0	0	0	0	1	0	0	0.00114286	0.998857	0	0	1	0	0	0	1	0	0	0	0	1	0	0	1	0	0	0	1	0	0	0	1	0	0	0	1	0	0	0	1	0	0	0.00114286	0.998857	0	0	0.0338571	0.966143	0	0	0.986714	0.0132857	0
18	3.31345	0.402453	0.582698	0.794948	0	0	0.0588571	0.941143	0	0	0.101	0.899	0	0	0.000428571	0.999571	0	0	0	0	1	0	0	0	1	0	0	0	1	0	0	1	0	0	0	1	0	0	0	0	1	0	0	0	1	0	0.00114286	0.998857	0	0	0.00128571	0.998714	0	0	0.000571429	0.999429	0	0	0.000857143	0.999143	0	0	0.00657143	0.993429	0	0	0.0258571	0.974143	0	0	0.161857	0.838143	0	0	0.217143	0.782857	0	0	0	0	1	0	0	0	1	0	0	1	0	0	0	1	0	0	0	0	1	0	0	1	0	0	0.00314286	0.996857	0	0	0.00214286	0.997857	0	0	0.0101429	0.989857	0	0	0.053	0.947	0	0	0.146429	0.853571	0	0	0.232429	0.767571	0	0	0.511143	0.488857	0
40	2.92418	0.292493	0.629283	0.794569	0	0	0.00985714	0.990143	0	0	0.00285714	0.997143	0	0	0	1	0	0	0	0	1	0	0	0	1	0	0	0	1	0	0	1	0	0	0	1	0	0	0	0	1	0	0	0	1	0	0	1	0	0	0	1	0	0	0	1	0	0	0	1	0	0	0.000285714	0.999714	0	0	0.211571	0.788429	0	0	0.0318571	0.968143	0	0	0.180714	0.819286	0	0	0	0	1	0	0	0	1	0	0	1	0	0	0	1	0	0	0	0	1	0	0	1	0	0	0	1	0	0	0	1	0	0	0	1	0	0	0.002	0.998	0	0	0.0905714	0.909429	0	0	0.632	0.368	0	0	0.859	0.141	0
30	1.69243	0.466144	0.563125	0.702353	0	0	0.00742857	0.992571	0	0	0.0104286	0.989571	0	0	0.00228571	0.997714	0	0	0.00757143	0.0108571	0.981571	0	0.00742857	0.009	0.983571	0	0.00985714	0.0271429	0.963	0	0.00528571	0.994714	0	0	0.004	0.996	0	0	0.025	0.160429	0.814571	0	0.0237143	0.171429	0.804857	0	0.00857143	0.991429	0	0	0.008	0.992	0	0	0.00157143	0.998429	0	0	0.00257143	0.997429	0	0	0.00742857	0.992571	0	0	0.0617143	0.938286	0	0	0.0218571	0.978143	0	0	0.0647143	0.935286	0	0	0.0102857	0.0131429	0.976571	0	0.0145714	0.0555714	0.929857	0	0.00757143	0.992429	0	0	0.0168571	0.983143	0	0	0.0424286	0.308286	0.649286	0	0.0487143	0.951286	0	0	0.0135714	0.986429	0	0	0.00642857	0.993571	0	0	0.024	0.976	0	0	0.0461429	0.953857	0	0	0.0698571	0.930143	0	0	0.094	0.906	0	0	0.313429	0.686571	0
6	2.07778	0.102522	0.666977	0.756805	0	0	0.00314286	0.996857	0	0	0.0265714	0.973429	0	0	0.003	0.997	0	0	0	0.000857143	0.999143	0	0	0	1	0	0	0.0395714	0.960429	0	0	1	0	0	0	1	0	0	0	0	1	0	0	0	1	0	0	1	0	0	0	1	0	0	0	1	0	0	0	1	0	0	0	1	0	0	0.00142857	0.998571	0	0	0.104571	0.895429	0	0	0.936571	0.0634286	0	0	0	0.0122857	0.987714	0	0	0.231714	0.768286	0	0	1	0	0	0	1	0	0	0	0	1	0	0	1	0	0	0	1	0	0	0	1	0	0	0	1	0	0	0	1	0	0	0.001	0.999	0	0	0.109	0.891	0	0	0.983	0.017	0
73	3.05606	0.20067	0.579551	0.79452	0	0	0.0691429	0.930857	0	0	0.197714	0.802286	0	0	0.0735714	0.926429	0	0	0	0	1	0	0	0	1	0	0	0	1	0	0	1	0	0	0	1	0	0	0	0	1	0	0	0	1	0	0	1	0	0	0	1	0	0	0	1	0	0	0	1	0	0	0.00571429	0.994286	0	0	0.0131429	0.986857	0	0	0.475	0.525	0	0	0.993286	0.00671429	0	0	0	0	1	0	0	0	1	0	0	1	0	0	0	1	0	0	0	0	1	0	0	1	0	0	0	1	0	0	0	1	0	0	0	1	0	0	0.0318571	0.968143	0	0	0.283143	0.716857	0	0	1	0	0	0	1	0	0
49	1.6289	0.144257	0.643687	0.795846	0	0	0	1	0	0	0	1	0	0	0	1	0	0	0.00257143	0.00528571	0.992143	0	0.00214286	0.00585714	0.992	0	0.00342857	0.00485714	0.991714	0	0	1	0	0	0	1	0	0	0.00614286	0.00271429	0.991143	0	0.00714286	0.00171429	0.991143	0	0	1	0	0	0	1	0	0	0	1	0	0	0	1	0	0	0	1	0	0	0.252143	0.747857	0	0	0	1	0	0	0.00671429	0.993286	0	0	0.00342857	0.00785714	0.988714	0	0.00571429	0.00928571	0.985	0	0	1	0	0	0.00571429	0.994286	0	0	0.00885714	0	0.991143	0	0.00885714	0.991143	0	0	0	1	0	0	0	1	0	0	0	1	0	0	0	1	0	0	0.0404286	0.959571	0	0	0.999714	0.000285714	0	0	1	0	0
70	1.19021	0.0906489	0.495246	0.79013	0	0	0	1	0	0	0	1	0	0	0	1	0	0	0	0.000714286	0.999286	0	0	0.000571429	0.999429	0	0	0.000857143	0.999143	0	0	1	0	0	0	1	0	0	0	0.002	0.998	0	0	0.000571429	0.999429	0	0	1	0	0	0	1	0	0	0	1	0	0	0	1	0	0	0	1	0	0	0	1	0	0	0	1	0	0	0	1	0	0	0	0.00157143	0.998429	0	0	0.0238571	0.976143	0	0	1	0	0	0	1	0	0	0	0.008	0.992	0	0	1	0	0	0	1	0	0	0	1	0	0	0	1	0	0	0	1	0	0	0	1	0	0	0	1	0	0	0.00157143	0.998429	0
57	2.97339	0.226871	0.581809	0.794538	0	0	0.125857	0.874143	0	0	0.270857	0.729143	0	0	0.001	0.999	0	0	0	0	1	0	0	0	1	0	0	0	1	0	0	1	0	0	0	1	0	0	0.000142857	0	0.999857	0	0.000142857	0	0.999857	0	0	1	0	0	0	1	0	0	0	1	0	0	0	1	0	0	0.000142857	0.999857	0	0	0.0425714	0.957429	0	0	0.511429	0.488571	0	0	0.876	0.124	0	0	0	0	1	0	0	0	1	0	0	1	0	0	0	1	0	0	0.000142857	0	0.999857	0	0.000142857	0.999857	0	0	0	1	0	0	0	1	0	0	0	1	0	0	0.00771429	0.992286	0	0	0.0635714	0.936429	0	0	0.993	0.007	0	0	1	0	0
19	2.14787	0.167927	0.669585	0.794792	0	0	0.000285714	0.999714	0	0	0.000571429	0.999429	0	0	0.00128571	0.998714	0	0	0	0	1	0	0	0	1	0	0	0	1	0	0	1	0	0	0	1	0	0	0	0	1	0	0	0	1	0	0	1	0	0	0	1	0	0	0	1	0	0	0	1	0	0	0	1	0	0	0.000285714	0.999714	0	0	0.00728571	0.992714	0	0	0.373	0.627	0	0	0	0	1	0	0	0	1	0	0	1	0	0	0	1	0	0	0	0	1	0	0	1	0	0	0	1	0	0	0	1	0	0	0	1	0	0	0	1	0	0	0.000714286	0.999286	0	0	0.00985714	0.990143	0	0	0.642143	0.357857	0
31	1.57167	0.112236	0.676266	0.795197	0	0	0.000142857	0.999857	0	0	0.000142857	0.999857	0	0	0.00214286	0.997857	0	0	0.000142857	0	0.999857	0	0	0.000142857	0.999857	0	0.000142857	0	0.999857	0	0	1	0	0	0	1	0	0	0.000714286	0.000428571	0.998857	0	0.000714286	0.00114286	0.998143	0	0	1	0	0	0	1	0	0	0	1	0	0	0	1	0	0	0	1	0	0	0.0137143	0.986286	0	0	0.00485714	0.995143	0	0	0.988857	0.0111429	0	0	0.000142857	0	0.999857	0	0.000142857	0	0.999857	0	0	1	0	0	0.000142857	0.999857	0	0	0.00114286	0.00471429	0.994143	0	0.00114286	0.998857	0	0	0	1	0	0	0	1	0	0	0	1	0	0	0	1	0	0	0.00642857	0.993571	0	0	0.188143	0.811857	0	0	1	0	0
41	2.72164	0.216911	0.653562	0.795626	0	0	0.000285714	0.999714	0	0	0.000714286	0.999286	0	0	0.0164286	0.983571	0	0	0	0	1	0	0	0	1	0	0	0	1	0	0	1	0	0	0	1	0	0	0	0.000142857	0.999857	0	0	0	1	0	0	1	0	0	0	1	0	0	0	1	0	0	0	1	0	0	0	1	0	0	0.000285714	0.999714	0	0	0.011	0.989	0	0	0.219857	0.780143	0	0	0	0	1	0	0	0	1	0	0	1	0	0	0	1	0	0	0	0.000285714	0.999714	0	0	1	0	0	0	1	0	0	0	1	0	0	0	1	0	0	0	1	0	0	0	1	0	0	0.0104286	0.989571	0	0	0.523857	0.476143	0
7	1.46798	0.166472	0.741871	0.789399	0	0	0	1	0	0	0.000428571	0.999571	0	0	0.00671429	0.993286	0	0	0.00142857	0.00128571	0.997286	0	0.00114286	0.00185714	0.997	0	0.00142857	0.00242857	0.996143	0	0	1	0	0	0	1	0	0	0.00314286	0.0144286	0.982429	0	0.004	0.009	0.987	0	0	1	0	0	0	1	0	0	0	1	0	0	0	1	0	0	0	1	0	0	0.0684286	0.931571	0	0	0.00342857	0.996571	0	0	0.144	0.856	0	0	0.00185714	0.00242857	0.995714	0	0.00271429	0.00642857	0.990857	0	0.000142857	0.999857	0	0	0.003	0.997	0	0	0.00757143	0.0381429	0.954286	0	0.00757143	0.992429	0	0	0	1	0	0	0	1	0	0	0	1	0	0	0	1	0	0	0.0115714	0.988429	0	0	0.210714	0.789286	0	0	0.973857	0.0261429	0
71	1.92185	0.154631	0.635182	0.785216	0	0	0.0171429	0.982857	0	0	0.0731429	0.926857	0	0	0	1	0	0	0	0.000857143	0.999143	0	0	0.000428571	0.999571	0	0	0.00285714	0.997143	0	0	1	0	0	0	1	0	0	0.000142857	0.000142857	0.999714	0	0.000142857	0.000142857	0.999714	0	0	1	0	0	0	1	0	0	0	1	0	0	0	1	0	0	0	1	0	0	0.00185714	0.998143	0	0	0.687429	0.312571	0	0	0.998143	0.00185714	0	0	0	0.002	0.998	0	0	0.0175714	0.982429	0	0	1	0	0	0	1	0	0	0.000285714	0	0.999714	0	0.000285714	0.999714	0	0	0	1	0	0	0	1	0	0	0	1	0	0	0.00114286	0.998857	0	0	0.017	0.983	0	0	0.0754286	0.924571	0	0	0.999	0.001	0
74	1.55051	0.140215	0.564376	0.789885	0	0	0	1	0	0	0	1	0	0	0	1	0	0	0	0	1	0	0	0	1	0	0	0	1	0	0	1	0	0	0	1	0	0	0	0	1	0	0	0	1	0	0	1	0	0	0	1	0	0	0	1	0	0	0	1	0	0	0	1	0	0	0.00114286	0.998857	0	0	0	1	0	0	0.001	0.999	0	0	0	0	1	0	0	0	1	0	0	1	0	0	0	1	0	0	0	0	1	0	0	1	0	0	0	1	0	0	0	1	0	0	0	1	0	0	0	1	0	0	0	1	0	0	0.00757143	0.992429	0	0	0.172857	0.827143	0
50	1.75039	0.234691	0.542488	0.701329	0	0	0.000714286	0.999286	0	0	0	1	0	0	0.0235714	0.976429	0	0	0.103286	0.137571	0.759143	0	0.113286	0.104429	0.782286	0	0.155	0.128571	0.716429	0	0.128714	0.871286	0	0	0.169	0.831	0	0	0.219857	0.103429	0.676714	0	0.186	0.138857	0.675143	0	0	1	0	0	0	1	0	0	0	1	0	0	0	1	0	0	0.000285714	0.999714	0	0	0.0202857	0.979714	0	0	0.00142857	0.998571	0	0	0.0807143	0.919286	0	0	0.154	0.155286	0.690714	0	0.235857	0.191857	0.572286	0	0.223429	0.776571	0	0	0.285714	0.714286	0	0	0.322571	0.003	0.674429	0	0.324571	0.675429	0	0	0	1	0	0	0	1	0	0	0	1	0	0	0.005	0.995	0	0	0.459286	0.540714	0	0	0.695429	0.304571	0	0	0.831571	0.168429	0
77	1.53082	0.160958	0.561553	0.766322	0	0	0	1	0	0	0.000142857	0.999857	0	0	0	1	0	0	0	0.0225714	0.977429	0	0	0.0202857	0.979714	0	0	0.025	0.975	0	0	1	0	0	0	1	0	0	0	0	1	0	0	0	1	0	0	1	0	0	0	1	0	0	0	1	0	0	0	1	0	0	0	1	0	0	0	1	0	0	0.000142857	0.999857	0	0	0.00142857	0.998571	0	0	0	0.0517143	0.948286	0	0	0.200286	0.799714	0	0	1	0	0	0	1	0	0	0	0	1	0	0	1	0	0	0	1	0	0	0	1	0	0	0	1	0	0	0	1	0	0	0	1	0	0	0.000142857	0.999857	0	0	0.159857	0.840143	0
20	2.34707	0.245107	0.673269	0.792153	0	0	0.00157143	0.998429	0	0	0.0381429	0.961857	0	0	0.0102857	0.989714	0	0	0	0.000142857	0.999857	0	0	0.000142857	0.999857	0	0.000142857	0	0.999857	0	0	1	0	0	0	1	0	0	0.000142857	0	0.999857	0	0.000142857	0	0.999857	0	0	1	0	0	0	1	0	0	0	1	0	0	0	1	0	0	0	1	0	0	0.00185714	0.998143	0	0	0.078	0.922	0	0	0.986143	0.0138571	0	0	0.000142857	0	0.999857	0	0.000142857	0	0.999857	0	0	1	0	0	0.000142857	0.999857	0	0	0.000142857	0	0.999857	0	0.000142857	0.999857	0	0	0	1	0	0	0	1	0	0	0	1	0	0	0	1	0	0	0.00457143	0.995429	0	0	0.0337143	0.966286	0	0	0.994714	0.00528571	0
72	1.57322	0.161895	0.513019	0.790124	0	0	0	1	0	0	0	1	0	0	0	1	0	0	0	0.000714286	0.999286	0	0	0.001	0.999	0	0	0.008	0.992	0	0	1	0	0	0	1	0	0	0	0	1	0	0	0	1	0	0	1	0	0	0	1	0	0	0	1	0	0	0	1	0	0	0	1	0	0	0	1	0	0	0	1	0	0	0.000285714	0.999714	0	0	0	0.00128571	0.998714	0	0	0.014	0.986	0	0	1	0	0	0	1	0	0	0	0	1	0	0	1	0	0	0	1	0	0	0	1	0	0	0	1	0	0	0	1	0	0	0	1	0	0	0	1	0	0	0.0161429	0.983857	0
32	1.7028	0.271277	0.430813	0.769235	0	0	0.925571	0.0744286	0	0	0.142286	0.857714	0	0	0.000857143	0.999143	0	0	0.0318571	0.0301429	0.938	0	0.0337143	0.0271429	0.939143	0	0.0514286	0.0241429	0.924429	0	0.00471429	0.995286	0	0	0.00514286	0.994857	0	0	0.117714	0.0577143	0.824571	0	0.114286	0.062	0.823714	0	0.032	0.968	0	0	0.0792857	0.920714	0	0	0.0347143	0.965286	0	0	0.011	0.989	0	0	0.224571	0.775429	0	0	0.278286	0.721714	0	0	0.956429	0.0435714	0	0	0.966714	0.0332857	0	0	0.0485714	0.0268571	0.924571	0	0.0707143	0.021	0.908286	0	0.00842857	0.991571	0	0	0.0752857	0.924714	0	0	0.174143	0.00342857	0.822429	0	0.174571	0.825429	0	0	0.116286	0.883714	0	0	0.0842857	0.915714	0	0	0.316286	0.683714	0	0	0.471143	0.528857	0	0	0.56	0.44	0	0	0.849571	0.150429	0	0	0.980571	0.0194286	0
42	2.52619	0.0874216	0.551456	0.790101	0	0	0	1	0	0	0	1	0	0	0	1	0	0	0	0	1	0	0	0	1	0	0	0	1	0	0	1	0	0	0	1	0	0	0	0	1	0	0	0	1	0	0	1	0	0	0	1	0	0	0	1	0	0	0	1	0	0	0	1	0	0	0	1	0	0	0	1	0	0	0.000571429	0.999429	0	0	0	0	1	0	0	0	1	0	0	1	0	0	0	1	0	0	0	0	1	0	0	1	0	0	0	1	0	0	0	1	0	0	0	1	0	0	0	1	0	0	0	1	0	0	0.00142857	0.998571	0	0	0.149	0.851	0
80	1.96979	0.0998024	0.592203	0.793483	0	0	0	1	0	0	0	1	0	0	0.136571	0.863429	0	0	0	0	1	0	0	0	1	0	0	0	1	0	0	1	0	0	0	1	0	0	0	0	1	0	0	0	1	0	0	1	0	0	0	1	0	0	0	1	0	0	0	1	0	0	0	1	0	0	0	1	0	0	0.00228571	0.997714	0	0	0.336286	0.663714	0	0	0	0	1	0	0	0	1	0	0	1	0	0	0	1	0	0	0	0.000142857	0.999857	0	0	1	0	0	0	1	0	0	0	1	0	0	0	1	0	0	0	1	0	0	0	1	0	0	0.000142857	0.999857	0	0	0.474286	0.525714	0
75	2.67373	0.114137	0.616148	0.794625	0	0	0.000285714	0.999714	0	0	0.00114286	0.998857	0	0	0.00971429	0.990286	0	0	0	0	1	0	0	0	1	0	0	0	1	0	0	1	0	0	0	1	0	0	0.000285714	0.000571429	0.999143	0	0.000428571	0.000428571	0.999143	0	0	1	0	0	0	1	0	0	0	1	0	0	0	1	0	0	0	1	0	0	0.105286	0.894714	0	0	0.072	0.928	0	0	0.992143	0.00785714	0	0	0	0	1	0	0	0	1	0	0	1	0	0	0	1	0	0	0.000857143	0	0.999143	0	0.000857143	0.999143	0	0	0	1	0	0	0	1	0	0	0	1	0	0	0.000142857	0.999857	0	0	0.102857	0.897143	0	0	0.999714	0.000285714	0	0	1	0	0
8	1.54147	0.177298	0.676342	0.639218	0	0	0.000142857	0.999857	0	0	0	1	0	0	0.000142857	0.999857	0	0	0.000428571	0.142714	0.856857	0	0.000428571	0.142857	0.856714	0	0.001	0.170143	0.828857	0	0	1	0	0	0	1	0	0	0.00942857	0.00757143	0.983	0	0.00928571	0.00785714	0.982857	0	0	1	0	0	0	1	0	0	0	1	0	0	0	1	0	0	0	1	0	0	0.0134286	0.986571	0	0	0.000285714	0.999714	0	0	0.0155714	0.984429	0	0	0.000857143	0.269571	0.729571	0	0.00171429	0.706714	0.291571	0	0	1	0	0	0.00557143	0.994429	0	0	0.017	0.00257143	0.980429	0	0.0174286	0.982571	0	0	0	1	0	0	0	1	0	0	0	1	0	0	0.000428571	0.999571	0	0	0.0417143	0.958286	0	0	1	0	0	0	1	0	0
78	2.06065	0.187279	0.599204	0.789911	0	0	0	1	0	0	0.000142857	0.999857	0	0	0	1	0	0	0	0	1	0	0	0	1	0	0	0	1	0	0	1	0	0	0	1	0	0	0	0	1	0	0	0	1	0	0	1	0	0	0	1	0	0	0	1	0	0	0	1	0	0	0	1	0	0	0.000285714	0.999714	0	0	0.000428571	0.999571	0	0	0.008	0.992	0	0	0	0	1	0	0	0	1	0	0	1	0	0	0	1	0	0	0	0	1	0	0	1	0	0	0	1	0	0	0	1	0	0	0	1	0	0	0	1	0	0	0.000428571	0.999571	0	0	0.0231429	0.976857	0	0	0.279571	0.720429	0
21	2.44024	0.160826	0.637561	0.794556	0	0	0.00985714	0.990143	0	0	0.00114286	0.998857	0	0	0.000142857	0.999857	0	0	0	0	1	0	0	0	1	0	0	0	1	0	0	1	0	0	0	1	0	0	0	0	1	0	0	0	1	0	0	1	0	0	0	1	0	0	0	1	0	0	0	1	0	0	0	1	0	0	0	1	0	0	0.022	0.978	0	0	0.156571	0.843429	0	0	0	0	1	0	0	0	1	0	0	1	0	0	0	1	0	0	0	0	1	0	0	1	0	0	0	1	0	0	0	1	0	0	0	1	0	0	0	1	0	0	0	1	0	0	0.000714286	0.999286	0	0	0.411143	0.588857	0
83	1.52605	0.206103	0.625099	0.790194	0	0	0.0335714	0.966429	0	0	0.015	0.985	0	0	0.00114286	0.998857	0	0	0	0.00128571	0.998714	0	0	0.00142857	0.998571	0	0	0.00814286	0.991857	0	0	1	0	0	0	1	0	0	0	0	1	0	0	0	1	0	0	1	0	0	0	1	0	0	0	1	0	0	0	1	0	0	0	1	0	0	0.000142857	0.999857	0	0	0.107143	0.892857	0	0	0.343714	0.656286	0	0	0	0.00314286	0.996857	0	0	0.0295714	0.970429	0	0	1	0	0	0	1	0	0	0	0	1	0	0	1	0	0	0	1	0	0	0	1	0	0	0	1	0	0	0	1	0	0	0	1	0	0	0.00557143	0.994429	0	0	0.522571	0.477429	0
86	1.40112	0.268444	0.616515	0.552844	0	0	0.00128571	0.998714	0	0	0.00185714	0.998143	0	0	0.00314286	0.996857	0	0	0	0.233286	0.766714	0	0	0.265429	0.734571	0	0	0.410857	0.589143	0	0	1	0	0	0	1	0	0	0.000142857	0.0774286	0.922429	0	0.000142857	0.0791429	0.920714	0	0	1	0	0	0	1	0	0	0	1	0	0	0	1	0	0	0	1	0	0	0.00157143	0.998429	0	0	0.00971429	0.990286	0	0	0.172143	0.827857	0	0	0	0.392571	0.607429	0	0	0.705857	0.294143	0	0	1	0	0	0	1	0	0	0.000285714	0.0892857	0.910429	0	0.000714286	0.999286	0	0	0	1	0	0	0	1	0	0	0	1	0	0	0	1	0	0	0.00185714	0.998143	0	0	0.00942857	0.990571	0	0	0.390571	0.609429	0
33	1.49882	0.373686	0.461853	0.735551	0	0	0.424286	0.575714	0	0	0.32	0.68	0	0	0.0242857	0.975714	0	0	0.0372857	0.0434286	0.919286	0	0.0371429	0.0471429	0.915714	0	0.0438571	0.132429	0.823714	0	0.00328571	0.996714	0	0	0.00185714	0.998143	0	0	0.0905714	0.0391429	0.870286	0	0.0882857	0.0391429	0.872571	0	0.046	0.954	0	0	0.041	0.959	0	0	0.0347143	0.965286	0	0	0.00371429	0.996286	0	0	0.0334286	0.966571	0	0	0.263	0.737	0	0	0.513429	0.486571	0	0	0.605571	0.394429	0	0	0.0511429	0.0621429	0.886714	0	0.0631429	0.214	0.722857	0	0.00471429	0.995286	0	0	0.0738571	0.926143	0	0	0.123571	0.0141429	0.862286	0	0.124	0.876	0	0	0.08	0.92	0	0	0.0542857	0.945714	0	0	0.141	0.859	0	0	0.180714	0.819286	0	0	0.247	0.753	0	0	0.568286	0.431714	0	0	0.770286	0.229714	0
81	1.51004	0.115217	0.686626	0.598061	0	0	0	1	0	0	0.000142857	0.999857	0	0	0.000142857	0.999857	0	0	0	0.000285714	0.999714	0	0	0.000571429	0.999429	0	0	0.025	0.975	0	0	1	0	0	0	1	0	0	0	0.258714	0.741286	0	0	0.261571	0.738429	0	0	1	0	0	0	1	0	0	0	1	0	0	0	1	0	0	0	1	0	0	0	1	0	0	0.00357143	0.996429	0	0	0.981286	0.0187143	0	0	0	0.00128571	0.998714	0	0	0.0697143	0.930286	0	0	1	0	0	0	1	0	0	0	0.925429	0.0745714	0	0	1	0	0	0	1	0	0	0	1	0	0	0	1	0	0	0	1	0	0	0	1	0	0	0.00128571	0.998714	0	0	0.996571	0.00342857	0
9	1.8855	0.238415	0.764479	0.785749	0	0	0	1	0	0	0.000142857	0.999857	0	0	0.000428571	0.999571	0	0	0.00714286	0.00871429	0.984143	0	0.00742857	0.00857143	0.984	0	0.0118571	0.00757143	0.980571	0	0.00414286	0.995857	0	0	0.00542857	0.994571	0	0	0.0144286	0.0107143	0.974857	0	0.0177143	0.00742857	0.974857	0	0	1	0	0	0	1	0	0	0	1	0	0	0	1	0	0	0.000142857	0.999857	0	0	0.0301429	0.969857	0	0	0.00257143	0.997429	0	0	0.0392857	0.960714	0	0	0.0101429	0.0108571	0.979	0	0.0172857	0.00671429	0.976	0	0.00657143	0.993429	0	0	0.0194286	0.980571	0	0	0.0251429	0.000285714	0.974571	0	0.0251429	0.974857	0	0	0	1	0	0	0	1	0	0	0	1	0	0	0.00285714	0.997143	0	0	0.0521429	0.947857	0	0	0.0694286	0.930571	0	0	0.991714	0.00828571	0
76	2.07173	0.195775	0.656242	0.786012	0	0	0	1	0	0	0	1	0	0	0	1	0	0	0.000142857	0.000428571	0.999429	0	0.000285714	0.000571429	0.999143	0	0.000285714	0.00528571	0.994429	0	0.000285714	0.999714	0	0	0	1	0	0	0.000428571	0.000142857	0.999429	0	0.000571429	0	0.999429	0	0	1	0	0	0	1	0	0	0	1	0	0	0	1	0	0	0.0577143	0.942286	0	0	0.018	0.982	0	0	0.000142857	0.999857	0	0	0.009	0.991	0	0	0.000285714	0.00157143	0.998143	0	0.000285714	0.0512857	0.948429	0	0.000285714	0.999714	0	0	0.000428571	0.999571	0	0	0.000571429	0	0.999429	0	0.000571429	0.999429	0	0	0	1	0	0	0	1	0	0	0	1	0	0	0.124571	0.875429	0	0	0.303857	0.696143	0	0	0.999714	0.000285714	0	0	1	0	0
79	3.08378	0.163633	0.620241	0.795098	0	0	0.00185714	0.998143	0	0	0.00185714	0.998143	0	0	0.000714286	0.999286	0	0	0	0	1	0	0	0	1	0	0	0	1	0	0	1	0	0	0	1	0	0	0	0	1	0	0	0	1	0	0	1	0	0	0	1	0	0	0	1	0	0	0	1	0	0	0.000285714	0.999714	0	0	0.0974286	0.902571	0	0	0.0202857	0.979714	0	0	0.998714	0.00128571	0	0	0	0	1	0	0	0	1	0	0	1	0	0	0	1	0	0	0	0	1	0	0	1	0	0	0	1	0	0	0	1	0	0	0	1	0	0	0.003	0.997	0	0	0.0778571	0.922143	0	0	0.971429	0.0285714	0	0	1	0	0
22	1.69634	0.242127	0.595379	0.776953	0	0	0	1	0	0	0	1	0	0	0.000285714	0.999714	0	0	0	0.0127143	0.987286	0	0	0.0131429	0.986857	0	0	0.00185714	0.998143	0	0	1	0	0	0	1	0	0	0.000285714	0.000285714	0.999429	0	0	0.000571429	0.999429	0	0	1	0	0	0	1	0	0	0	1	0	0	0	1	0	0	0	1	0	0	0.000714286	0.999286	0	0	0.000714286	0.999286	0	0	0.0188571	0.981143	0	0	0	0.0294286	0.970571	0	0	0.107429	0.892571	0	0	1	0	0	0.000142857	0.999857	0	0	0.000428571	0.000142857	0.999429	0	0.000428571	0.999571	0	0	0	1	0	0	0	1	0	0	0	1	0	0	0	1	0	0	0.00142857	0.998571	0	0	0.0208571	0.979143	0	0	0.274429	0.725571	0
84	1.69006	0.180327	0.613006	0.461221	0	0	0	1	0	0	0	1	0	0	0	1	0	0	0	0.403	0.597	0	0	0.405571	0.594429	0	0	0.503286	0.496714	0	0	1	0	0	0	1	0	0	0	0	1	0	0	0	1	0	0	1	0	0	0	1	0	0	0	1	0	0	0	1	0	0	0	1	0	0	0.000285714	0.999714	0	0	0	1	0	0	0.00328571	0.996714	0	0	0	0.622	0.378	0	0	0.963429	0.0365714	0	0	1	0	0	0	1	0	0	0	0	1	0	0	1	0	0	0	1	0	0	0	1	0	0	0	1	0	0	0	1	0	0	0	1	0	0	0.00742857	0.992571	0	0	0.289714	0.710286	0
87	1.56095	0.253965	0.624364	0.782046	0	0	0.100429	0.899571	0	0	0.022	0.978	0	0	0.120143	0.879857	0	0	0.00585714	0.006	0.988143	0	0.00685714	0.00457143	0.988571	0	0.00971429	0.00742857	0.982857	0	0.00142857	0.998571	0	0	0.001	0.999	0	0	0.0447143	0.0325714	0.922714	0	0.0377143	0.0421429	0.920143	0	0	1	0	0	0	1	0	0	0	1	0	0	0	1	0	0	0.00285714	0.997143	0	0	0.0172857	0.982714	0	0	0.234143	0.765857	0	0	0.968	0.032	0	0	0.00971429	0.00557143	0.984714	0	0.014	0.018	0.968	0	0.002	0.998	0	0	0.0201429	0.979857	0	0	0.0741429	0.0171429	0.908714	0	0.0782857	0.921714	0	0	0	1	0	0	0	1	0	0	0	1	0	0	0.0257143	0.974286	0	0	0.118571	0.881429	0	0	0.179429	0.820571	0	0	0.985143	0.0148571	0
88	1.38697	0.162008	0.674588	0.63321	0	0	0	1	0	0	0.000142857	0.999857	0	0	0.0125714	0.987429	0	0	0	0.173571	0.826429	0	0	0.142143	0.857857	0	0.000285714	0.160429	0.839286	0	0	1	0	0	0	1	0	0	0.00328571	0.00357143	0.993143	0	0.00257143	0.00542857	0.992	0	0	1	0	0	0	1	0	0	0	1	0	0	0	1	0	0	0	1	0	0	0.0112857	0.988714	0	0	0.00442857	0.995571	0	0	0.993429	0.00657143	0	0	0	0.292857	0.707143	0	0.000428571	0.681286	0.318286	0	0	1	0	0	0.00214286	0.997857	0	0	0.00571429	0.00614286	0.988143	0	0.00657143	0.993429	0	0	0	1	0	0	0	1	0	0	0	1	0	0	0.000142857	0.999857	0	0	0.0111429	0.988857	0	0	0.152857	0.847143	0	0	1	0	0
10	1.28238	0.220855	0.579238	0.788556	0	0	0.000285714	0.999714	0	0	0.000285714	0.999714	0	0	0	1	0	0	0.000714286	0.00157143	0.997714	0	0.000857143	0.00114286	0.998	0	0.00157143	0.00114286	0.997286	0	0	1	0	0	0.000142857	0.999857	0	0	0.00228571	0.00571429	0.992	0	0.00171429	0.00528571	0.993	0	0	1	0	0	0	1	0	0	0	1	0	0	0	1	0	0	0	1	0	0	0.00771429	0.992286	0	0	0.000714286	0.999286	0	0	0.0134286	0.986571	0	0	0.001	0.00385714	0.995143	0	0.00228571	0.0142857	0.983429	0	0.000142857	0.999857	0	0	0.00228571	0.997714	0	0	0.00228571	0.0224286	0.975286	0	0.00242857	0.997571	0	0	0	1	0	0	0	1	0	0	0	1	0	0	0	1	0	0	0.00314286	0.996857	0	0	0.015	0.985	0	0	0.216429	0.783571	0
82	1.99546	0.3105	0.58385	0.794781	0	0	0.0347143	0.965286	0	0	0.203286	0.796714	0	0	0.0442857	0.955714	0	0	0.00142857	0.00142857	0.997143	0	0.00157143	0.00114286	0.997286	0	0.00185714	0.00142857	0.996714	0	0.000571429	0.999429	0	0	0.000428571	0.999571	0	0	0.0131429	0.00685714	0.98	0	0.0127143	0.00742857	0.979857	0	0.000142857	0.999857	0	0	0	1	0	0	0	1	0	0	0	1	0	0	0.00928571	0.990714	0	0	0.0887143	0.911286	0	0	0.319571	0.680429	0	0	0.993571	0.00642857	0	0	0.00242857	0.000857143	0.996714	0	0.00314286	0.000714286	0.996143	0	0.000571429	0.999429	0	0	0.00314286	0.996857	0	0	0.02	0.000428571	0.979571	0	0.02	0.98	0	0	0.000285714	0.999714	0	0	0.000142857	0.999857	0	0	0.00114286	0.998857	0	0	0.0438571	0.956143	0	0	0.118857	0.881143	0	0	0.739	0.261	0	0	0.998429	0.00157143	0
90	1.71157	0.174269	0.611835	0.797192	0	0	0.0117143	0.988286	0	0	0.000714286	0.999286	0	0	0	1	0	0	0.000571429	0.000714286	0.998714	0	0.000857143	0.000285714	0.998857	0	0.00128571	0.000428571	0.998286	0	0	1	0	0	0	1	0	0	0.00342857	0.00328571	0.993286	0	0.004	0.00271429	0.993286	0	0	1	0	0	0	1	0	0	0	1	0	0	0	1	0	0	0	1	0	0	0.364571	0.635429	0	0	0.0214286	0.978571	0	0	0.104429	0.895571	0	0	0.001	0.001	0.998	0	0.00171429	0.00157143	0.996714	0	0	1	0	0	0.00171429	0.998286	0	0	0.00671429	0	0.993286	0	0.00671429	0.993286	0	0	0	1	0	0	0	1	0	0	0	1	0	0	0	1	0	0	0.0292857	0.970714	0	0	1	0	0	0	1	0	0
92	1.94003	0.167392	0.71979	0.791832	0	0	0.000285714	0.999714	0	0	0.000571429	0.999429	0	0	0	1	0	0	0	0	1	0	0	0	1	0	0	0	1	0	0	1	0	0	0	1	0	0	0	0	1	0	0	0	1	0	0	1	0	0	0	1	0	0	0	1	0	0	0	1	0	0	0	1	0	0	0.00171429	0.998286	0	0	0.00514286	0.994857	0	0	0.168571	0.831429	0	0	0	0	1	0	0	0	1	0	0	1	0	0	0	1	0	0	0	0	1	0	0	1	0	0	0	1	0	0	0	1	0	0	0	1	0	0	0	1	0	0	0.00142857	0.998571	0	0	0.0444286	0.955571	0	0	0.731857	0.268143	0
23	2.43202	0.285149	0.534723	0.7941	0	0	0.157857	0.842143	0	0	0.370857	0.629143	0	0	0.0477143	0.952286	0	0	0	0.000857143	0.999143	0	0	0.000285714	0.999714	0	0	0.000857143	0.999143	0	0	1	0	0	0	1	0	0	0.000285714	0.000142857	0.999571	0	0.000142857	0.000285714	0.999571	0	0.00557143	0.994429	0	0	0.00171429	0.998286	0	0	0.001	0.999	0	0	0.000285714	0.999714	0	0	0.0124286	0.987571	0	0	0.273714	0.726286	0	0	0.602714	0.397286	0	0	0.778	0.222	0	0	0	0.00142857	0.998571	0	0.000142857	0.008	0.991857	0	0	1	0	0	0.000142857	0.999857	0	0	0.000428571	0	0.999571	0	0.000428571	0.999571	0	0	0.00657143	0.993429	0	0	0.00157143	0.998429	0	0	0.00785714	0.992143	0	0	0.0311429	0.968857	0	0	0.130286	0.869714	0	0	0.997714	0.00228571	0	0	0.998571	0.00142857	0
93	2.15776	0.049175	0.663222	0.796482	0	0	0	1	0	0	0	1	0	0	0	1	0	0	0	0	1	0	0	0	1	0	0	0	1	0	0	1	0	0	0	1	0	0	0	0	1	0	0	0	1	0	0	1	0	0	0	1	0	0	0	1	0	0	0	1	0	0	0	1	0	0	0	1	0	0	0.000142857	0.999857	0	0	0.00242857	0.997571	0	0	0	0	1	0	0	0	1	0	0	1	0	0	0	1	0	0	0	0	1	0	0	1	0	0	0	1	0	0	0	1	0	0	0	1	0	0	0	1	0	0	0	1	0	0	0.000428571	0.999571	0	0	0.427	0.573	0
89	2.07935	0.171062	0.667539	0.79004	0	0	0.00414286	0.995857	0	0	0.000142857	0.999857	0	0	0	1	0	0	0	0.000142857	0.999857	0	0	0	1	0	0	0.000571429	0.999429	0	0	1	0	0	0	1	0	0	0.000142857	0.000285714	0.999571	0	0.000285714	0.000142857	0.999571	0	0	1	0	0	0	1	0	0	0	1	0	0	0	1	0	0	0	1	0	0	0.056	0.944	0	0	0.00785714	0.992143	0	0	0.132857	0.867143	0	0	0	0.000285714	0.999714	0	0	0.00271429	0.997286	0	0	1	0	0	0	1	0	0	0.000428571	0	0.999571	0	0.000428571	0.999571	0	0	0	1	0	0	0	1	0	0	0	1	0	0	0	1	0	0	0.0451429	0.954857	0	0	0.999857	0.000142857	0	0	1	0	0
85	1.49553	0.229764	0.550631	0.520233	0	0	0	1	0	0	0.000285714	0.999714	0	0	0.000142857	0.999857	0	0	0.036	0.354286	0.609714	0	0.0377143	0.355429	0.606857	0	0.0608571	0.354429	0.584714	0	0.0258571	0.974143	0	0	0.0204286	0.979571	0	0	0.218	0.141857	0.640143	0	0.197429	0.164429	0.638143	0	0.000142857	0.999857	0	0	0.000142857	0.999857	0	0	0.000857143	0.999143	0	0	0	1	0	0	0.02	0.98	0	0	0.292714	0.707286	0	0	0.003	0.997	0	0	0.0597143	0.940286	0	0	0.0567143	0.503286	0.44	0	0.0981429	0.625286	0.276571	0	0.0418571	0.958143	0	0	0.182857	0.817143	0	0	0.357429	0.011	0.631571	0	0.363143	0.636857	0	0	0.000428571	0.999571	0	0	0.001	0.999	0	0	0.00342857	0.996571	0	0	0.132286	0.867714	0	0	0.561571	0.438429	0	0	0.999	0.001	0	0	0.999571	0.000428571	0
11	1.54791	0.154052	0.410942	0.743785	0	0	0.334	0.666	0	0	0.288143	0.711857	0	0	0.878429	0.121571	0	0	0.051	0.0621429	0.886857	0	0.0492857	0.064	0.886714	0	0.069	0.067	0.864	0	0.000714286	0.999286	0	0	0.000857143	0.999143	0	0	0.165429	0.0647143	0.769857	0	0.146429	0.0855714	0.768	0	0	1	0	0	0	1	0	0	0	1	0	0	0	1	0	0	0.00928571	0.990714	0	0	0.176857	0.823143	0	0	0.685429	0.314571	0	0	0.995286	0.00471429	0	0	0.0695714	0.07	0.860429	0	0.0907143	0.0904286	0.818857	0	0.00185714	0.998143	0	0	0.100143	0.899857	0	0	0.230143	0.00342857	0.766429	0	0.231571	0.768429	0	0	0	1	0	0	0	1	0	0	0	1	0	0	0.07	0.93	0	0	0.493286	0.506714	0	0	0.981571	0.0184286	0	0	0.999429	0.000571429	0
91	1.70026	0.192946	0.655785	0.789077	0	0	0.00185714	0.998143	0	0	0.000285714	0.999714	0	0	0.00128571	0.998714	0	0	0.00157143	0.00171429	0.996714	0	0.000857143	0.00214286	0.997	0	0.00214286	0.00428571	0.993571	0	0.000142857	0.999857	0	0	0	1	0	0	0.00557143	0.003	0.991429	0	0.00557143	0.003	0.991429	0	0	1	0	0	0	1	0	0	0	1	0	0	0	1	0	0	0	1	0	0	0.015	0.985	0	0	0.0118571	0.988143	0	0	0.284429	0.715571	0	0	0.00185714	0.00228571	0.995857	0	0.00371429	0.00671429	0.989571	0	0.000285714	0.999714	0	0	0.00385714	0.996143	0	0	0.00857143	0	0.991429	0	0.00857143	0.991429	0	0	0	1	0	0	0	1	0	0	0	1	0	0	0.000428571	0.999571	0	0	0.0434286	0.956571	0	0	0.701714	0.298286	0	0	0.885857	0.114143	0
94	3.05971	0.139224	0.617532	0.794322	0	0	0.000714286	0.999286	0	0	0.000428571	0.999571	0	0	0	1	0	0	0	0	1	0	0	0	1	0	0	0	1	0	0	1	0	0	0	1	0	0	0	0	1	0	0	0	1	0	0	1	0	0	0	1	0	0	0	1	0	0	0	1	0	0	0	1	0	0	0	1	0	0	0.004	0.996	0	0	0.082	0.918	0	0	0	0	1	0	0	0	1	0	0	1	0	0	0	1	0	0	0	0	1	0	0	1	0	0	0	1	0	0	0	1	0	0	0	1	0	0	0	1	0	0	0	1	0	0	0.00485714	0.995143	0	0	0.354571	0.645429	0
95	1.42356	0.212656	0.57712	0.78516	0	0	0	1	0	0	0	1	0	0	0.000142857	0.999857	0	0	0	0.00328571	0.996714	0	0	0.004	0.996	0	0	0.007	0.993	0	0	1	0	0	0	1	0	0	0	0	1	0	0	0	1	0	0	1	0	0	0	1	0	0	0	1	0	0	0	1	0	0	0	1	0	0	0.00542857	0.994571	0	0	0	1	0	0	0.00242857	0.997571	0	0	0	0.00742857	0.992571	0	0	0.0335714	0.966429	0	0	1	0	0	0	1	0	0	0	0.000428571	0.999571	0	0	1	0	0	0	1	0	0	0	1	0	0	0	1	0	0	0	1	0	0	0	1	0	0	0.008	0.992	0	0	0.219143	0.780857	0
96	2.26906	0.191735	0.675783	0.792189	0	0	0.000857143	0.999143	0	0	0.00114286	0.998857	0	0	0.00171429	0.998286	0	0	0	0	1	0	0	0	1	0	0	0	1	0	0	1	0	0	0	1	0	0	0.000857143	0.000428571	0.998714	0	0.000428571	0.000857143	0.998714	0	0	1	0	0	0	1	0	0	0	1	0	0	0	1	0	0	0	1	0	0	0.0638571	0.936143	0	0	0.00771429	0.992286	0	0	0.365429	0.634571	0	0	0	0	1	0	0	0	1	0	0	1	0	0	0	1	0	0	0.00128571	0.000142857	0.998571	0	0.00128571	0.998714	0	0	0	1	0	0	0	1	0	0	0	1	0	0	0.000142857	0.999857	0	0	0.008	0.992	0	0	0.152857	0.847143	0	0	0.741	0.259	0
98	2.46947	0.246566	0.59911	0.790956	0	0	0.000714286	0.999286	0	0	0.001	0.999	0	0	0	1	0	0	0	0	1	0	0	0	1	0	0	0	1	0	0	1	0	0	0	1	0	0	0	0	1	0	0	0	1	0	0	1	0	0	0	1	0	0	0	1	0	0	0	1	0	0	0	1	0	0	0.000571429	0.999429	0	0	0.00357143	0.996429	0	0	0.0204286	0.979571	0	0	0	0	1	0	0	0	1	0	0	1	0	0	0	1	0	0	0	0	1	0	0	1	0	0	0	1	0	0	0	1	0	0	0	1	0	0	0	1	0	0	0.00128571	0.998714	0	0	0.0102857	0.989714	0	0	0.269143	0.730857	0
97	3.25445	0.189303	0.585728	0.791599	0	0	0.174	0.826	0	0	0.192143	0.807857	0	0	0.00928571	0.990714	0	0	0	0	1	0	0	0	1	0	0	0	1	0	0	1	0	0	0	1	0	0	0	0	1	0	0	0	1	0	0	1	0	0	0	1	0	0	0	1	0	0	0	1	0	0	0	1	0	0	0.001	0.999	0	0	0.963857	0.0361429	0	0	1	0	0	0	0	0	1	0	0	0	1	0	0	1	0	0	0	1	0	0	0	0	1	0	0	1	0	0	0	1	0	0	0	1	0	0	0	1	0	0	0	1	0	0	0.000714286	0.999286	0	0	0.0114286	0.988571	0	0	1	0	0
12	1.88926	0.116225	0.562085	0.786224	0	0	0.000142857	0.999857	0	0	0.000142857	0.999857	0	0	0.000428571	0.999571	0	0	0	0	1	0	0	0.00128571	0.998714	0	0	0.00114286	0.998857	0	0	1	0	0	0	1	0	0	0	0	1	0	0	0	1	0	0	1	0	0	0	1	0	0	0	1	0	0	0	1	0	0	0	1	0	0	0	1	0	0	0.000285714	0.999714	0	0	0.007	0.993	0	0	0	0.00128571	0.998714	0	0	0.0301429	0.969857	0	0	1	0	0	0	1	0	0	0	0	1	0	0	1	0	0	0	1	0	0	0	1	0	0	0	1	0	0	0	1	0	0	0	1	0	0	0.000142857	0.999857	0	0	0.17	0.83	0
99	1.76945	0.165003	0.660866	0.789766	0	0	0.000285714	0.999714	0	0	0	1	0	0	0.000142857	0.999857	0	0	0.000857143	0.000714286	0.998429	0	0.000428571	0.002	0.997571	0	0.00114286	0.00285714	0.996	0	0	1	0	0	0	1	0	0	0.00685714	0.00428571	0.988857	0	0.00671429	0.00442857	0.988857	0	0	1	0	0	0	1	0	0	0	1	0	0	0	1	0	0	0.0401429	0.959857	0	0	0.0122857	0.987714	0	0	0.00128571	0.998714	0	0	0.07	0.93	0	0	0.00114286	0.00257143	0.996286	0	0.00228571	0.00385714	0.993857	0	0	1	0	0	0.00271429	0.997286	0	0	0.0111429	0	0.988857	0	0.0111429	0.988857	0	0	0	1	0	0	0	1	0	0	0	1	0	0	0.0464286	0.953571	0	0	0.139714	0.860286	0	0	0.992	0.008	0	0	0.994857	0.00514286	0
