No.	ID	loglik_Null_W	loglik_Acc_W	loglik_Full_W	logBF1	logBF2
0	0	-420.13913	-421.89248	-422.57217	-1.7533455	0.6796947
1	1	-692.52331	-687.54251	-700.68462	4.9808057	13.142109
2	2	-344.28331	-343.78445	-347.57824	0.49885815	3.7937862
3	3	-430.15696	-427.64778	-431.13815	2.5091729	3.4903646
4	4	-426.38472	-421.84304	-420.64507	4.5416883	-1.1979625
5	5	-384.69899	-385.93991	-381.48531	-1.2409261	-4.4546053
6	6	-596.46167	-595.75394	-594.12188	0.70772962	-1.6320638
7	7	-530.68378	-528.07548	-529.00117	2.608301	0.925692
8	8	-485.57394	-488.77957	-486.34677	-3.2056263	-2.4327992
9	9	-617.37296	-618.07049	-616.11294	-0.69752803	-1.9575502
10	10	-512.33505	-506.93318	-509.77116	5.4018709	2.837981
11	11	-356.2013	-355.47243	-359.72871	0.72886698	4.2562774
12	12	-421.94372	-421.19437	-425.11937	0.7493414	3.9249985
13	13	-404.53214	-402.91781	-403.97747	1.6143225	1.0596593
14	14	-617.42763	-619.75873	-605.88479	-2.3310966	-13.87394
15	15	-496.92953	-494.7523	-499.54697	2.1772278	4.7946654
16	16	-556.28466	-551.82371	-552.07603	4.4609437	0.25232173
17	17	-306.92292	-305.84339	-307.06738	1.0795283	1.2239939
18	18	-703.76501	-704.1403	-694.99076	-0.375289	-9.1495432
19	19	-472.82334	-466.75123	-469.61989	6.0721065	2.8686567
20	20	-355.33395	-354.94993	-358.06504	0.38402472	3.1151178
21	21	-492.71129	-490.54251	-489.74165	2.1687805	-0.80085804
22	22	-408.03751	-408.3354	-410.07762	-0.29788957	1.7422225
23	23	-491.87396	-491.82617	-488.80324	0.047787938	-3.0229248
24	24	-462.85457	-463.13147	-463.73194	-0.27689856	0.60047004
25	25	-552.52359	-552.54333	-550.83539	-0.019742945	-1.7079414
26	26	-322.46385	-326.80684	-326.40462	-4.3429896	-0.40222158
27	27	-260.18961	-256.92304	-257.91545	3.2665734	0.99240339
28	28	-479.54695	-479.1425	-480.4536	0.40444542	1.3110958
29	29	-713.13471	-706.47296	-704.3825	6.6617409	-2.0904623
30	30	-712.16021	-718.45866	-711.39475	-6.2984532	-7.0639039
31	31	-590.69456	-592.63283	-586.93803	-1.9382726	-5.6948024
32	32	-499.32329	-500.36705	-499.42109	-1.0437593	-0.94596174
33	33	-507.29127	-509.11659	-505.09211	-1.8253186	-4.0244799
34	34	-424.95311	-423.46509	-426.43918	1.4880229	2.9740914
35	35	-411.04243	-412.9442	-417.28986	-1.9017709	4.3456624
36	36	-580.39005	-583.78178	-582.66024	-3.391729	-1.1215376
37	37	-261.03591	-262.27762	-265.3518	-1.2417153	3.0741779
38	38	-337.32261	-337.65048	-339.71916	-0.32786848	2.0686816
39	39	-481.21195	-494.36672	-489.19877	-13.154766	-5.1679483
40	40	-458.78547	-461.41253	-455.5731	-2.6270519	-5.8394216
41	41	-581.99807	-582.29144	-582.81974	-0.29336644	0.52830036
42	42	-394.11013	-388.69417	-390.54858	5.4159596	1.8544049
43	43	-686.92614	-679.57202	-676.36543	7.3541168	-3.2065916
44	44	-742.96625	-749.15345	-721.36244	-6.1871978	-27.791004
45	45	-385.21975	-388.26792	-387.33851	-3.0481679	-0.92941731
46	46	-390.59854	-392.23509	-391.70622	-1.6365483	-0.52886986
47	47	-288.29707	-286.91481	-290.32337	1.3822607	3.4085586
48	48	-415.03031	-418.03705	-415.86053	-3.0067479	-2.1765229
49	49	-498.00912	-500.17917	-499.10189	-2.1700464	-1.0772792
50	50	-462.22605	-457.17371	-453.35395	5.0523492	-3.8197545
51	51	-383.35438	-379.30198	-381.90455	4.0523991	2.6025755
52	52	-518.52688	-515.14748	-515.52263	3.3794093	0.37515618
53	53	-510.23947	-510.21764	-508.77607	0.021835832	-1.4415624
54	54	-781.29482	-780.28319	-765.57447	1.0116247	-14.70872
55	55	-651.49916	-649.35116	-647.66211	2.1480018	-1.6890558
56	56	-490.00278	-492.40372	-488.79122	-2.400945	-3.6124979
57	57	-520.84191	-521.79187	-521.89852	-0.94996431	0.10664527
58	58	-550.41621	-545.96448	-532.11854	4.4517327	-13.845943
59	59	-659.08442	-660.17183	-645.80944	-1.0874104	-14.362388
60	60	-435.06606	-438.9565	-439.42563	-3.8904467	0.46912363
61	61	-229.28892	-231.46904	-232.7358	-2.1801159	1.2667664
62	62	-632.90193	-632.69948	-630.83745	0.20245092	-1.8620334
63	63	-653.72747	-634.96342	-606.46793	18.764054	-28.495493
64	64	-388.19935	-380.86256	-378.90542	7.3367822	-1.9571459
65	65	-564.05489	-563.9983	-563.47968	0.056594619	-0.51861808
66	66	-372.22203	-372.99076	-373.66427	-0.76873001	0.67350916
67	67	-472.07397	-473.27642	-470.78668	-1.202449	-2.4897369
68	68	-392.76093	-392.86527	-394.82691	-0.1043364	1.9616419
69	69	-417.7349	-413.38003	-409.50501	4.3548749	-3.8750202
70	70	-530.56006	-529.20022	-531.89937	1.3598356	2.6991493
71	71	-329.6911	-331.21223	-334.15115	-1.5211259	2.9389187
72	72	-786.46831	-800.74996	-766.84141	-14.281643	-33.908545
73	73	-443.06612	-440.00327	-443.67308	3.0628473	3.6698036
74	74	-368.88148	-367.27191	-366.505	1.6095634	-0.76691057
75	75	-474.91595	-472.71805	-474.17778	2.197906	1.4597374
76	76	-493.86707	-492.91921	-492.3724	0.9478676	-0.54680872
77	77	-288.60595	-287.33732	-288.61441	1.2686274	1.2770962
78	78	-671.7291	-663.20083	-656.80325	8.5282664	-6.3975818
79	79	-399.5233	-402.05205	-400.25149	-2.5287459	-1.8005586
80	80	-326.87135	-327.4125	-324.83523	-0.54114682	-2.5772684
81	81	-699.31261	-695.88732	-686.6072	3.4252855	-9.2801198
82	82	-400.96673	-401.16307	-398.29345	-0.19633183	-2.8696155
83	83	-476.65404	-475.68848	-477.60791	0.96556153	1.919428
84	84	-574.85471	-568.84057	-582.41315	6.0141447	13.572588
85	85	-639.90753	-642.50907	-644.56456	-2.6015371	2.055491
86	86	-420.9928	-423.05599	-421.70358	-2.063189	-1.3524022
87	87	-528.61712	-528.97838	-534.39038	-0.36126678	5.4119985
88	88	-379.01724	-377.58573	-378.24115	1.4315118	0.6554213
89	89	-404.28509	-402.51698	-401.15201	1.7681067	-1.3649772
90	90	-681.80844	-681.9613	-683.4036	-0.15285301	1.4423059
91	91	-481.16131	-480.06304	-472.34531	1.0982702	-7.7177328
92	92	-507.53398	-505.1039	-505.80411	2.4300754	0.70020609
93	93	-513.20678	-515.70324	-516.8533	-2.4964545	1.1500612
94	94	-433.65314	-434.39839	-436.6309	-0.74525407	2.2325117
95	95	-368.0584	-366.98701	-365.80604	1.0713878	-1.1809665
96	96	-557.66578	-555.36574	-559.26516	2.300044	3.8994253
97	97	-325.59155	-326.22976	-328.44865	-0.63821299	2.2188853
98	98	-432.02322	-424.06038	-423.53481	7.962844	-0.52556987
99	99	-330.71169	-326.66463	-326.97353	4.0470659	0.30890679
100	100	-390.96931	-390.19325	-387.49759	0.77606658	-2.6956586
101	101	-443.12911	-437.2457	-435.44851	5.8834123	-1.7971938
102	102	-432.73514	-435.90711	-430.81503	-3.1719673	-5.0920747
103	103	-663.76572	-660.04663	-665.21509	3.7190926	5.1684636
104	104	-416.88615	-420.75035	-420.99911	-3.8642	0.24876167
105	105	-401.87125	-401.61934	-402.94265	0.25190422	1.3233023
106	106	-477.70278	-480.16553	-476.07316	-2.4627549	-4.0923692
107	107	-557.73887	-553.72703	-556.03332	4.0118425	2.3062921
108	108	-524.03331	-519.54935	-517.66334	4.4839603	-1.8860066
109	109	-479.40152	-475.37586	-478.29651	4.0256526	2.9206451
110	110	-391.98703	-388.82119	-388.45761	3.165838	-0.36358297
111	111	-299.97329	-299.21406	-303.53858	0.75923354	4.3245199
112	112	-460.78064	-460.34598	-462.49757	0.43465825	2.1515869
113	113	-347.68214	-349.01721	-355.44882	-1.3350685	6.4316091
114	114	-290.80188	-290.28712	-291.71767	0.51476252	1.4305582
115	115	-607.13805	-604.99182	-608.18787	2.1462316	3.1960511
116	116	-390.09643	-389.44428	-390.56188	0.65215592	1.1176035
117	117	-657.81623	-646.30829	-632.60783	11.507938	-13.700461
118	118	-412.82079	-410.02017	-412.24632	2.8006195	2.2261446
119	119	-449.341	-444.69801	-444.71165	4.642983	0.01363354
120	120	-422.66839	-421.14078	-417.94291	1.527614	-3.1978735
121	121	-484.93918	-484.26096	-485.45558	0.67822355	1.1946192
122	122	-397.45827	-397.56176	-399.50707	-0.10349439	1.9453108
123	123	-684.38995	-678.80696	-660.89238	5.5829877	-17.914586
124	124	-354.76713	-360.87907	-359.61312	-6.1119389	-1.2659478
125	125	-464.79445	-463.5652	-463.65764	1.2292436	0.092439249
126	126	-401.58738	-396.39847	-399.46646	5.1889097	3.067984
127	127	-373.36033	-375.28013	-376.06893	-1.9198002	0.7888004
128	128	-392.25387	-392.72732	-394.95881	-0.4734481	2.2314864
129	129	-372.32073	-372.62608	-375.51282	-0.30535209	2.8867374
130	130	-380.35157	-379.67416	-382.19793	0.67741436	2.5237773
131	131	-338.94891	-341.84111	-344.16684	-2.8922001	2.3257296
132	132	-298.11557	-299.01863	-298.47255	-0.90306014	-0.54607699
133	133	-489.5937	-491.35987	-490.69908	-1.7661658	-0.66078929
134	134	-434.6208	-428.47735	-431.73813	6.1434408	3.2607707
135	135	-335.22704	-335.13351	-335.729	0.093523918	0.59548227
136	136	-450.842	-450.36862	-449.95085	0.47337434	-0.41777257
137	137	-264.56953	-266.21892	-269.06733	-1.649395	2.8484103
138	138	-249.87289	-252.27581	-256.02251	-2.402922	3.7467019
139	139	-608.32273	-587.04071	-568.49406	21.282022	-18.546648
140	140	-657.65557	-657.01987	-654.18547	0.63570189	-2.8344011
141	141	-690.04152	-691.55024	-671.75463	-1.5087191	-19.795616
142	142	-415.9314	-410.36746	-412.14618	5.5639341	1.7787219
143	143	-368.77912	-363.11966	-366.47776	5.6594554	3.3581014
144	144	-449.44485	-447.23214	-447.05738	2.2127037	-0.17476227
145	145	-402.15938	-397.18863	-400.61529	4.9707479	3.4266542
146	146	-573.40294	-571.47237	-564.95064	1.9305712	-6.5217314
147	147	-348.70451	-349.08604	-352.73156	-0.38153774	3.6455187
148	148	-645.82741	-644.59026	-645.63896	1.237152	1.0486996
149	149	-590.7349	-584.74059	-564.10183	5.9943085	-20.638759
150	150	-372.91412	-377.36655	-374.73856	-4.4524256	-2.6279874
151	151	-429.52246	-430.51722	-428.14201	-0.99476416	-2.3752091
152	152	-272.16062	-270.56003	-273.16729	1.6005908	2.6072614
153	153	-258.60389	-257.64146	-260.07716	0.96243182	2.4357034
154	154	-596.72447	-597.55455	-584.31755	-0.83008089	-13.237003
155	155	-425.67574	-427.5573	-431.20671	-1.8815579	3.6494049
156	156	-330.21767	-330.41464	-334.99279	-0.19696195	4.5781568
157	157	-564.78011	-582.75107	-588.78315	-17.970967	6.0320766
158	158	-321.55264	-324.42968	-326.51004	-2.8770361	2.0803622
159	159	-454.67545	-459.14336	-461.14272	-4.4679123	1.9993523
160	160	-543.4737	-551.68556	-542.5631	-8.2118567	-9.1224583
161	161	-486.61274	-487.4352	-485.27424	-0.82245375	-2.1609591
162	162	-315.50751	-315.14593	-319.96454	0.36157438	4.8186046
163	163	-472.17909	-469.1487	-463.92325	3.0303916	-5.2254428
164	164	-590.66686	-588.19488	-571.28012	2.4719835	-16.914761
165	165	-539.0776	-540.13069	-540.17811	-1.0530873	0.04741808
166	166	-347.03573	-347.26512	-349.01134	-0.2293929	1.746217
167	167	-481.85304	-479.16285	-481.37429	2.6901906	2.2114346
168	168	-318.9605	-321.50107	-324.89799	-2.5405771	3.3969152
169	169	-345.67827	-345.77064	-344.85186	-0.092368391	-0.91878372
170	170	-457.91427	-455.11709	-456.03771	2.7971817	0.92061863
171	171	-525.4116	-519.88574	-521.15897	5.5258591	1.2732235
172	172	-416.0852	-413.31757	-415.2159	2.7676245	1.8983225
173	173	-334.22727	-334.12585	-335.39945	0.10142085	1.2735972
174	174	-587.78767	-587.91395	-590.55643	-0.12628107	2.6424804
175	175	-345.16207	-346.16637	-348.2485	-1.0042914	2.0821359
176	176	-414.86101	-417.56614	-417.8588	-2.7051278	0.29266069
177	177	-432.86057	-429.55344	-433.36818	3.3071284	3.814733
178	178	-401.72296	-402.0364	-404.01366	-0.31344168	1.9772609
179	179	-524.06593	-522.10999	-520.76452	1.9559391	-1.3454693
180	180	-428.32732	-422.01762	-426.689	6.3096977	4.6713829
181	181	-420.8824	-423.09668	-427.56303	-2.2142807	4.4663472
182	182	-468.59466	-468.75991	-472.953	-0.16525053	4.1930889
183	183	-330.53835	-330.27082	-328.27614	0.26752386	-1.9946883
184	184	-409.08609	-409.76673	-408.02686	-0.68063624	-1.7398681
185	185	-450.36235	-448.20601	-449.26651	2.1563399	1.0605052
186	186	-393.50543	-392.32594	-395.37141	1.1794968	3.0454732
187	187	-452.93539	-449.27707	-442.17039	3.658317	-7.1066825
188	188	-367.60919	-361.03652	-363.31634	6.5726726	2.2798185
189	189	-290.33271	-289.54902	-292.57547	0.78369142	3.0264571
190	190	-286.93143	-291.71414	-290.94748	-4.7827126	-0.76666717
191	191	-459.26258	-453.96192	-457.77041	5.3006563	3.8084862
192	192	-474.05767	-471.14519	-466.49999	2.912481	-4.645192
193	193	-716.1001	-711.16306	-713.1761	4.9370435	2.0130455
194	194	-416.87624	-417.14188	-417.13384	-0.26563822	-0.0080388846
195	195	-511.84514	-512.08182	-513.14444	-0.23667659	1.0626208
196	196	-489.90877	-485.10662	-488.14418	4.8021542	3.0375652
197	197	-429.26138	-432.75041	-424.54812	-3.4890313	-8.2022914
198	198	-459.16137	-454.38514	-447.0573	4.7762314	-7.3278478
199	199	-305.37272	-295.6101	-302.7769	9.7626223	7.1668048
