No.	ID	n_rate	c_rate	aptHaa_3	aptOwe_3	aptRow_3	casCas_3	droNov_3	rheAme_3	rhePen_3	anoDid_3	strCam_3	aptHaa.aptOwe_3	casCas.droNov_3	rheAme.rhePen_3	aptHaa.aptRow_3	aptHaa.casCas_3	aptHaa.rheAme_3
1	618	0.793979	0.106075	0.44625	0.27915	0.17675	0.97075	0.29125	0.21305	0.12575	0.99145	0.004	0.1432	0.2654	0.0626	4e-04	1e-04	0
1	671	0.623459	0.0947835	0.99965	0.99975	0.9792	1	0.99965	1	1	0.60355	1	0.99655	0.96185	1	0.9516	0.84745	0.6626
1	1493	1.65797	0.197073	0.2263	0.1026	0.03145	0.00765	0.0034	0.06225	0.05585	0.0241	1	0.02875	5e-05	5e-05	0.00045	0	0
1	1588	0.710131	0.0960807	0.45995	0.4621	0.63715	0.33835	0.84955	1	0.99985	0.99905	0.0594	0.26185	0.22025	0.99985	0.16305	0.126	0.09905
1	1686	1.31566	0.18948	1	1	1	0.19955	0.1757	0.87405	0.5059	1	0.0578	1	0.13835	0.40255	1	0.13505	0.111
1	2302	4.18576	0.22359	0.06965	0.06545	0.01645	3e-04	0.01905	0.01235	0.00835	1	0	0.0047	0	0	0	0	0
1	2322	1.61777	0.226809	1	0.99995	0.9999	0.7541	0.06235	0.19175	0.07245	0.0115	0.1864	0.9999	0.0451	0.01455	0.9999	0.0414	0.01195
1	2437	1.98039	0.168774	0.86265	0.8619	0.68575	1	1	1	1	0.0068	1	0.8076	1	1	0.59905	0.57725	0.49725
1	3350	3.7319	0.252786	0.12825	0.1193	0.1256	0.04715	0.0322	1	1	0	0	0.03645	0	1	0	0	0
1	3420	0.998853	0.166924	0.0831	0.0781	0.0211	0.01355	0.0385	0.04255	0.01035	1	0	0.01855	0	0	0.0039	0	0
1	3855	1.15256	0.174963	0.9887	0.9885	0.98665	0.97105	0.9997	0.9535	0.96665	0.3627	0.02685	0.9861	0.9603	0.9395	0.9847	0.9205	0.74445
1	3901	3.75419	0.173404	0.49775	0.69455	0.89905	0.0129	0.06955	1	1	0.014	4e-04	0.40815	0.00055	1	0.3387	5e-04	5e-04
1	4552	1.38968	0.15256	1	1	1	0.99495	0.9921	0.9497	0.95545	0.011	0.07815	1	0.9865	0.899	1	0.9755	0.7907
1	4554	1.23944	0.154033	0.88	0.77715	0.8665	0.0731	0.3612	0.41075	0.38165	0.96665	1	0.7103	0.03245	0.00455	0.3624	0.0216	0.0024
1	4565	0.784252	0.170736	1	1	1	1	1	0.99995	1	0.9963	0.84235	1	1	0.99995	1	0.99175	0.90385
1	4616	1.71956	0.240427	0.9546	0.9544	0.95635	0.9731	0.9738	1	1	0.9943	0.5155	0.9397	0.9648	1	0.9327	0.9136	0.8151
2	235	1.77844	0.127123	0.31015	0.31275	0.20415	0.3002	0.2109	0.18785	0.18635	0.0959	0.00015	0.18345	0.1228	0.1846	0.0775	0.05815	0.03775
2	774	2.5914	0.182095	0.1303	0.1186	0.04875	0.0913	0.055	1	1	0.24115	0.11565	0.01695	0.00045	1	0.0015	5e-05	0
2	1848	2.00731	0.0906311	0.02225	0.01855	0.0037	3e-04	1e-04	0.0026	0.00145	0	0	0.00035	0	0	0	0	0
2	2832	3.49339	0.196741	0.08165	0.075	0.02115	0.00495	0.00155	1	1	0.00115	0.00335	0.0038	0	1	0	0	0
2	3490	2.34515	0.282525	0.11995	0.11085	0.0493	0.0052	0.05255	1	1	2e-04	2e-04	0.01765	0	1	5e-05	0	0
2	4541	1.09485	0.0863228	0.1036	0.08835	0.02965	0.00175	0.20285	1	1	0	0	0.0071	2e-04	1	0	0	0
2	4653	5.06539	0.347521	0.3198	0.2648	0.23715	0.00225	0.00065	0.4055	0.0235	1	5e-05	0.09455	0	0	0.00015	0	0
2	4790	1.23426	0.173997	0.5592	0.4161	0.1427	0.11105	0.0183	1	1	0.3592	0.00285	0.28215	0.00025	1	0.0046	2e-04	2e-04
3	1262	1.65195	0.211669	0.73225	0.7308	0.76805	0.02085	0.03725	0.08475	0.1872	0.0087	1e-04	0.7122	0.00835	0.0331	0.70365	0.0078	0.0058
3	1875	1.7526	0.285656	0.99965	0.99965	0.99975	0.25425	0.1869	0.09885	0.09035	0.1728	0.045	0.99965	0.0862	0.0089	0.99965	0.07265	0.00755
3	2690	1.96494	0.0537351	0.07415	0.0349	0.0477	0.00065	0.00025	0.0053	0.00495	0	0	0.00715	0	0	0	0	0
3	2790	2.26742	0.224171	0.2173	0.2181	0.1354	0.3578	0.492	0.11555	0.10805	0.0586	0.03285	0.118	0.32215	0.0102	0.0376	0.0273	0.00575
3	2824	1.551	0.0979185	0.17465	0.16705	0.08775	0.1211	0.08565	1	1	0	0.0012	0.04395	0.00275	1	0.00115	0.00045	0.00035
3	3145	0	0	0	0	0	0	0	0	0	0	0	0	0	0	0	0	0
3	3161	1.08038	0.18894	1	1	1	1	1	0.97115	0.97	0.4547	0.5757	1	1	0.96675	1	0.98095	0.83005
3	4282	2.68333	0.151695	0.126	0.03635	0.0056	1	0.02475	0.01455	0.00325	0.00015	1e-04	0.00175	0.01385	0	0	0	0
3	4640	0.703331	0.140882	0.99615	0.99605	0.99975	0.97865	0.9996	0.73405	0.84565	1	0.6287	0.9954	0.97465	0.6212	0.994	0.8754	0.5052
4	632	0.728575	0.13759	1	1	1	0.99985	1	0.8753	0.754	0.99965	0.9804	1	0.9998	0.64255	1	0.94735	0.5633
4	966	0.694276	0.246072	0.994114	0.9956	0.994571	0.920571	0.925429	0.972343	0.993943	0.1988	0.992629	0.992571	0.901543	0.959829	0.986057	0.8756	0.736286
4	996	5.72171	0.171039	0.14915	0.1393	0.2198	0.0152	0.0508	0.2722	0.04855	0.0029	1	0.0302	0.0034	0	5e-05	5e-05	0
4	1101	3.7805	0.284193	0.13845	0.1363	0.0643	0.0141	0.0097	0.0595	0.04855	0	1	0.03415	5e-05	0	0	0	0
4	1156	3.07995	0.081425	0.0284	0.98695	1	0	0	0.18745	0.0015	0	0	0.0019	0	0	0	0	0
4	1179	2.15678	0.209265	0.14055	0.1335	0.0621	0.0321	0.01955	0.4128	0.1638	0.03005	1	0.01965	0	0.00625	0	0	0
4	1245	2.58323	0.204138	0.2883	0.28315	0.1623	0.07785	0.06125	1	1	0.6616	0.0528	0.11855	0.0021	1	0.00635	0.00095	0.00075
4	1498	2.83458	0.266661	0.5538	0.5476	0.4385	0.71095	0.94285	0.52735	0.2601	0.99985	1	0.3898	0.63525	0.07955	0.31335	0.24985	0.06375
4	2637	1.93979	0.121067	0.08305	0.0748	0.0218	0.00485	0.02175	0.15495	0.13365	1	0	0.0043	0	0	0	0	0
4	3648	1.99352	0.150048	1	1	1	0.11925	0.00325	0.04395	0.0359	0.002	0.00095	1	0.00025	0.00245	1	0.00025	1e-04
4	3721	1.94694	0.0823195	0.0424	0.03515	0.2153	0.00585	5e-04	0.0095	0.00615	0.00045	5e-05	0.0029	0	0	0.00015	0	0
5	1101	2.78764	0.329287	0.25525	0.2505	0.33165	0.07035	0.36345	0.9666	0.9669	0.0029	0.01545	0.1066	0.0179	0.96385	0.02425	0.01155	0.00965
5	1247	4.63835	0.176934	0.32515	0.3135	0.1785	1	1	0.1257	0.1165	0.2122	0.00505	0.22	1	0.05715	0.05785	0.05435	0.03495
5	2323	1.21826	0.0797957	0.0854	0.07545	0.02705	0.0014	0.00605	0.02325	0.0899	1	0.00015	0.0063	0	0	0	0	0
5	2797	3.4611	0.140844	0.0173	0.0129	1	0	5e-05	0.00035	1e-04	0	0	1e-04	0	0	0	0	0
5	3229	4.38407	0.190231	1	1	1	0.071	0.08665	0.0455	0.03795	0	0	1	0.00095	1e-04	1	0.00085	1e-04
5	3741	3.71698	0.194997	0.08515	0.0766	0.0228	0.0304	0.0027	1	1	0	0	0.0042	0	1	0	0	0
5	3874	2.52403	0.128779	0.09485	0.08375	0.03025	0.0019	0.001	1	1	0	0	0.00605	0	1	0	0	0
5	4190	1.32113	0.0973524	0.1787	0.1685	0.0513	0.00345	0.0655	1	1	0	2e-04	0.08575	0	1	0.00655	0	0
5	4719	2.18387	0.294286	0.99985	0.99995	0.99915	0.13245	0.11175	0.0862	0.072	0.072	0.00415	0.99985	0.0628	0.00655	0.9991	0.0564	0.0055
6	46	2.57138	0.126742	0.0896	0.0844	0.031	0.161	0.04185	0.02455	0.02085	0	1	0.0081	1e-04	0	0	0	0
6	1462	1.01673	0.0915617	1	1	1	0.5228	0.05915	0.0217	0.01375	0.00345	0	1	0.0179	0	1	0.0159	0
6	1913	3.84448	0.21022	0.40905	0.6276	0.15205	0.85035	0.9255	0.12165	0.11395	0.2272	0.0053	0.2916	0.8347	0.0011	0.02285	0.01665	0.00055
6	1914	1.69954	0.189102	0.49655	0.4978	0.42315	0.29705	0.51245	0.28255	0.27295	0.092	0.0369	0.4119	0.2021	0.18055	0.36075	0.1637	0.0996
6	2537	1.60392	0.265721	0.9305	0.9455	0.89305	0.919	0.9344	0.9419	0.9457	0.1174	0.0515	0.9116	0.90975	0.9264	0.86215	0.8159	0.6675
6	2907	1.44305	0.121539	0.0733	0.06355	0.01595	0.02095	3e-04	1	1	0	0	0.00335	0	1	0	0	0
6	3313	1.98727	0.116172	0.01925	0.01455	0.00755	0.00095	5e-04	0.0017	0.0033	0.0047	0	0.00075	0	0	0	0	0
6	3821	1.4834	0.212053	0.7714	0.78	0.6886	0.6832	0.61355	0.7578	0.6294	0.8076	0.9892	0.70425	0.4262	0.3859	0.6063	0.38595	0.28225
6	4778	3.14998	0.270385	0.18425	0.18345	0.2672	0.0275	0.01975	1	1	0.00115	0.00055	0.0587	0.00025	1	0.00065	2e-04	0.00015
7	742	0.860645	0.0861697	0.98765	0.98725	1	0.5046	0.0377	0.05975	0.1531	0.68145	0	0.9869	0	0	0.9868	0	0
7	783	0.701898	0.101938	0.98035	0.98125	0.99905	0.94905	0.9991	0.9809	0.9999	0.07945	0.9577	0.9765	0.94195	0.97365	0.97485	0.9043	0.7368
7	801	0.642843	0.128098	0.9529	0.95275	0.95235	0.71285	0.91855	0.4034	0.6849	0.7149	0	0.95185	0.36015	3e-04	0.95135	0.28625	0.00015
7	989	0.635223	0.105119	0.99995	0.99995	0.9999	0.79735	0.78015	0.9971	0.99735	1	0	0.9998	0.55695	0.9969	0.9998	0.53235	0.42555
7	1055	0.693329	0.122528	0.9999	0.99985	0.99985	0.9756	0.97	1	1	0.90885	0.2393	0.99985	0.8776	1	0.9997	0.84165	0.6884
7	1087	0.710577	0.0978815	0.1766	0.1617	0.1897	0.9902	0.86855	0.29075	0.0848	0.99985	1e-04	0.01815	0.21605	0	0.0025	0.0011	0
7	1169	0.681987	0.146376	1	1	1	0.9389	0.9987	1	0.9999	0.9652	0.09115	1	0.933	0.99985	1	0.909	0.7707
7	1173	1.07652	0.187916	0.95725	0.9575	0.9517	0.88775	0.8528	0.9451	0.94155	0.59725	0.78855	0.95055	0.80595	0.93345	0.94355	0.7835	0.67605
7	1193	0.650697	0.0719581	0.7554	0.80805	0.6429	0.07865	0.9993	0.13945	0.10505	1	0	0.724	5e-05	0	0.6248	0	0
7	1201	1.42203	0.0777268	1	1	1	0.00175	9e-04	0.0088	0.0079	0.04565	0	1	0	0	1	0	0
7	1207	0.64963	0.0557015	0.9999	1	0.998	0.0122	0.05355	0.38125	0.0151	1	0	0.99985	0	0	0.99265	0	0
7	1247	0.646601	0.143679	0.99395	0.98955	0.9912	0.99885	0.9986	1	1	0.9997	0.05135	0.9841	0.99405	0.99985	0.9721	0.9141	0.72245
7	1400	0.637819	0.078784	1	1	1	0.97465	1	0.9959	0.99685	2e-04	0.0124	1	0.9069	0.9957	1	0.87595	0.71415
7	1425	0.65823	0.167315	0.99995	1	1	0.9963	0.99875	0.9981	0.99845	0.99995	0.0918	0.99995	0.9551	0.99595	0.9999	0.9216	0.7714
7	1503	1.53875	0.143514	0.1205	0.10875	0.0414	0.009	0.05525	0.1375	0.3348	1	0.00655	0.02975	0	0.1201	0	0	0
7	1531	4.76855	0.178809	0.23045	0.2234	0.2768	0.19925	0.02945	0.0993	0.08995	0.9797	0.02495	0.10965	0.0049	0.00035	0.05885	0.00335	2e-04
7	1534	0.847548	0.131296	0.26395	0.25565	0.13575	0.1731	0.2757	0.3542	0.3627	0.9992	1	0.081	0.03115	0.21415	0.02165	0.01455	0.0117
7	1549	0.669361	0.146054	0.99985	0.9999	0.99975	0.99975	0.99965	1	1	0.98925	0.98715	0.99975	0.9974	1	0.99945	0.97365	0.8628
7	1557	0.812786	0.121108	0.98995	0.9904	0.99285	0.25485	0.0802	0.99985	0.9997	0.9773	0.0156	0.9873	0.02985	0.99955	0.98165	0.0281	0.02245
7	1566	0.683686	0.158801	0.998	0.99865	0.99845	0.5149	0.9429	1	0.99995	0.0161	0.9841	0.9974	0.35855	0.99995	0.99645	0.3429	0.28395
7	1580	1.51357	0.234652	0.23265	0.2265	0.10575	0.01665	0.13735	1	1	0.00355	0	0.14795	0.0053	1	0.06825	0.0049	0.00425
7	1636	0.612916	0.14543	0.9994	0.99995	0.9988	0.99855	0.9999	1	1	0.995	0.35515	0.9991	0.99555	1	0.9896	0.91925	0.73165
7	1638	1.013	0.203243	0.9721	0.97165	0.97925	0.8822	0.72935	1	1	0.6747	0.8094	0.9683	0.67555	1	0.96245	0.6574	0.5774
7	1643	0.893117	0.16822	0.6007	0.5948	0.59485	0.99985	0.99985	1	1	0.9979	0.1274	0.40765	0.99975	0.99995	0.2988	0.29115	0.2554
7	1669	0.635785	0.139761	0.9899	0.9955	0.98535	0.59695	0.97555	1	1	0.9903	0.00625	0.98715	0.53945	1	0.98375	0.50315	0.40995
7	2036	1.64752	0.0913115	0.2695	0.26785	0.26325	0.2281	0.24085	0.1498	0.01595	0.01515	0	0.26445	0.22805	0.0086	0.26245	0.17125	0.0047
7	2113	4.98139	0.182075	0.09185	0.08585	0.03735	0.0042	0.0229	0.0286	0.0243	0.9995	0	0.0105	0.00025	5e-05	0	0	0
7	2383	0.89797	0.202646	0.5538	0.3996	0.3582	0.3944	0.66845	0.9999	1	0.99945	0.00475	0.2249	0.0138	0.99975	0.00365	7e-04	0.00055
7	2776	0.992355	0.210037	0.567	0.65045	0.4189	0.4327	0.74625	1	1	0.9988	0.13585	0.43535	0.1932	1	0.3245	0.17575	0.1461
7	4297	3.06334	0.288089	0.1892	0.1857	0.08575	0.1627	0.03115	0.18455	0.0604	0.98945	1	0.0378	0	0	5e-05	0	0
8	119	2.48812	0.0748866	0.33955	0.3329	0.2397	0.2396	0.38405	0.9916	0.9916	0.0254	0.02505	0.20895	0.1864	0.99075	0.1186	0.10745	0.08935
8	474	2.01305	0.161651	0.0989	0.1602	0.0261	0.0015	0.00065	0.02665	0.0192	0.1214	1	0.01905	0	0	0	0	0
8	769	3.00324	0.0547881	0.08525	0.07165	0.00935	1e-04	0.00025	0.99765	0.99875	0	0	0.01925	0	0	0	0	0
8	783	0.714561	0.13802	0.9937	0.99605	0.9928	0.96485	0.9994	0.99975	0.99925	0.99925	0.99935	0.9878	0.93985	0.9984	0.9761	0.9034	0.7776
8	2721	1.41935	0.218719	0.30525	0.2969	0.2941	0.2296	0.2192	0.46425	0.4979	0.4023	1	0.2336	0.2067	0.297	0.22575	0.19705	0.1657
8	3480	0.815448	0.10269	0.9996	0.99975	1	0.087	0.16575	0.0571	0.1469	1	0	0.9996	0.0011	0	0.9995	0.00095	0
8	3531	1.03704	0.183152	0.9582	0.95725	0.9665	0.29755	0.9716	0.72095	0.89035	1	0.01205	0.94745	0.23075	0.36555	0.9259	0.218	0.16625
8	3536	1.50508	0.179708	0.99615	0.994	0.9832	0.7301	0.7233	0.8721	0.87185	0.86255	0.9248	0.99175	0.64035	0.83225	0.9745	0.622	0.53545
8	3648	4.9563	0.187472	0.021	0.01675	1	1e-04	1e-04	7e-04	0.00295	0	0	1e-04	0	0	0	0	0
8	4230	0.917243	0.199522	0.9858	0.9908	0.98175	0.27975	0.57795	1	1	1	0.00015	0.98205	0.1195	1	0.95785	0.1111	0.0892
9	627	0.95087	0.135674	0.45025	0.582	0.2007	0.04545	0.10275	1	1	0.9938	0.99955	0.24915	0	1	0.02195	0	0
9	908	1.10167	0.135156	0.5859	0.70755	0.3125	0.1546	0.39965	0.95775	0.9579	0.0288	0.0124	0.5072	0.1016	0.9567	0.21515	0.09215	0.0758
9	1015	0.859069	0.0951456	0.1341	0.12205	0.05635	0.99775	0.99695	0.053	0.03845	0	0	0.0245	0.9967	0	0.00485	0.0044	0
9	1321	0.783797	0.116329	0.97815	0.98215	0.9875	0.4995	0.99325	0.4072	0.73815	0.43465	0.00225	0.9753	0.34815	0.2055	0.9744	0.31665	0.1531
9	1332	5.05061	0.125481	0.0072	0.0057	0.01675	0	0	0.00115	1	0	0	0	0	0	0	0	0
9	2227	1.68573	0.246637	0.45035	0.4371	0.2796	0.5598	0.69805	1	1	0.5032	0.9616	0.2067	0.43125	1	0.05625	0.05425	0.0483
9	2419	1.83001	0.0983865	0.2049	0.20375	0.13465	0.0698	0.0695	0.08515	0.08535	0	0	0.0818	0.06855	0.0492	0.0645	0.04315	0
9	3347	1.90114	0.174236	0.17405	0.1696	0.0823	0.01765	0.06585	1	1	0.37	0.0217	0.0382	5e-05	1	5e-05	0	0
9	4800	3.95691	0.146358	0.0516	0.04225	0.00505	0.0132	0.00855	1	1	0.00015	0	5e-04	0	1	0	0	0
9	4891	0.827356	0.106711	0.50825	0.6681	0.4807	0.79485	0.06775	0.7247	0.58055	0.963	1	0.3017	0.0322	0.52535	0.01955	0.00885	0.0069
10	383	4.57229	0.278658	0.0667	0.05965	0.0116	0.00015	0.00135	1	1	0	0	0.00195	0	1	0	0	0
10	511	3.75726	0.221194	0.1445	0.1396	0.06605	0.0151	0.04485	0.97585	0.97585	0.0019	0.0029	0.03385	0.00125	0.97585	0.0035	0.00055	5e-05
10	1862	2.63897	0.157602	0.2384	0.24085	0.13185	0.07325	0.05935	1	1	0.0038	0.06975	0.1072	0.00395	1	0.0066	0.00145	0.00115
10	2290	1.10193	0.200681	0.202	0.18765	0.0832	0.40665	0.01985	1	1	0.78265	0.01135	0.0326	4e-04	1	0	0	0
10	2350	1.0999	0.169321	1	1	1	1	1	0.9622	0.96495	0.9994	0.0246	1	1	0.9562	1	0.97675	0.804
10	4756	1.0689	0.0614561	0.722	0.5358	0.1733	0.04805	0.00655	1	1	0.0398	2e-04	0.4683	0	1	0.01675	0	0
10	4769	0.801668	0.140031	0.8569	0.85475	0.8305	1	1	0.9869	0.987	0.09515	0.1208	0.822	1	0.98685	0.8133	0.8063	0.71625
10	4778	1.80787	0.0789072	0.30355	0.62915	0.18	1	1	1	1	0	0.1206	0.1788	1	1	0.1517	0.1512	0.1415
10	4791	2.70393	0.20976	0.20855	0.20335	0.1137	0.99995	1	0.108	0.09605	0.2078	0.2108	0.0623	0.99995	0.02365	0.0142	0.01335	0.0075
10	4970	2.6446	0.0911797	1	1	1	0.1445	0.01025	0.3711	0.06475	0	0.0011	1	0.00035	5e-05	1	0.00035	0
11	56	4.56066	0.121016	0.1529	0.14075	0.3492	0.0053	0.48355	1	1	0	0	0.01555	0	1	0	0	0
11	151	3.89411	0.105271	1	1	1	0	0	0.00015	0.00015	0	0	1	0	0	1	0	0
11	1201	1.83326	0.200206	0.53535	0.5376	0.4864	0.39945	0.25115	0.29785	0.29385	0.0426	0.0253	0.4786	0.1915	0.21445	0.4315	0.1657	0.1108
11	1553	2.51388	0.200473	0.15235	0.14695	0.0502	0.0156	0.08305	1	1	1e-04	5e-05	0.05295	0.00015	1	0	0	0
11	1848	2.35305	0.244722	0.99975	0.9997	0.9997	0.0309	0.17475	0.0599	0.1701	1e-04	5e-05	0.9997	0.00045	5e-05	0.9997	4e-04	0
11	1858	1.0986	0.0527421	0.16815	0.158	0.09085	1	1	0.0775	0.06975	8e-04	0.0609	0.0556	0.9944	0.025	0.03225	0.0306	0.01505
11	1898	1.88618	0.117949	0.6511	0.64925	0.506	1	1	1	1	0.0848	0.4163	0.4732	1	1	0.14075	0.139	0.12555
11	2322	2.48081	0.245346	0.09775	0.08475	0.02215	0.00455	3e-04	1	1	0	0	0.0199	0	1	5e-05	0	0
11	2444	2.76688	0.140901	0.166	0.1657	0.08455	0.9613	0.1391	0.0733	0.0686	0.0013	0.03105	0.055	0.12425	0.001	0.00505	0.0036	4e-04
11	2925	2.39245	0.198626	0.10535	0.09565	0.03835	0.01355	0.0019	1	1	5e-05	3e-04	0.0126	0	1	0	0	0
11	4467	3.57054	0.32319	0.1785	0.1708	0.08815	0.1078	0.0271	0.08105	0.07285	0.9832	0.252	0.0575	0.0033	0.00015	0.0012	0.00015	0
12	635	2.4263	0.17941	1	1	1	0.003	0.0016	0.32535	0.1104	0.00725	0.00015	1	0	5e-05	1	0	0
12	1275	1.41095	0.188003	0.9448	0.9454	0.95925	0.25765	0.0698	0.09925	0.0877	1	0.0154	0.938	0.0186	0.00075	0.92965	0.01555	0.00055
12	1424	2.47503	0.168414	0.9709	0.97065	0.2895	0.0072	0.011	0.02755	0.0226	0.0542	0.0057	0.97005	5e-05	0	0.2848	5e-05	0
12	1589	2.02149	0.206467	0.35065	0.3485	0.2471	0.16045	0.1443	0.9812	0.9898	0.1575	0.07715	0.2233	0.07175	0.97965	0.1229	0.06525	0.05465
12	2350	3.07557	0.268818	0.1182	0.1122	0.04825	0.0361	0.00495	0.21895	0.067	1	0.0181	0.0176	0.00055	0.03645	1e-04	0	0
12	3646	4.03049	0.262803	0.16335	0.1507	0.07485	0.02495	0.0173	0.07035	0.15795	0.99805	0.00255	0.04415	5e-04	8e-04	2e-04	0	0
13	571	1.56871	0.113785	0.08995	0.08115	0.02215	5e-04	0.01865	1	1	0	0	0.0139	0	1	1e-04	0	0
13	924	3.57025	0.0898303	0.0311	0.094	1	0	0	0.9943	0.1903	0	0	0.00015	0	0	0	0	0
13	1423	1.49998	0.0946869	0.13005	0.1242	0.17575	0.04055	0.0038	1	1	0.00545	0.0245	0.021	0	1	0	0	0
13	1440	2.27573	0.115534	0.2498	0.47295	0.0686	0.0099	0.00645	1	1	1e-04	0	0.14435	0	1	1e-04	0	0
13	2371	1.47341	0.23602	0.34285	0.22825	0.08315	0.01095	0.0264	0.25825	0.14695	0.9966	0.9996	0.0924	0.00095	1e-04	0.0016	4e-04	0
13	2542	0.644866	0.108806	0.0797	0.06925	0.16945	0.00065	0.0447	0.9657	0.9657	0	0	0.00275	0	0.9657	0	0	0
13	2623	0.930964	0.0632898	0.22415	0.46105	0.0679	1	1	0.0524	0.1398	0.0021	0	0.1152	1	0	0.00315	0.00275	0
13	3031	5.97357	0.211007	0.0719	0.065	0.01935	0.00265	0.00035	0.01645	0.01285	1	0	0.0039	0	0	0	0	0
13	3165	0.833715	0.0397224	0.0983	0.09155	0.04435	0.00935	0.00635	0.6007	0.6155	0.00095	0	0.01965	0	0.59895	0	0	0
13	3263	3.78017	0.295574	0.1538	0.4426	0.01905	0.00795	0.01315	0.0454	0.0333	1	0	0.0849	0	0	0	0	0
13	3962	1.97307	0.267178	0.5119	0.5082	0.5628	0.38875	0.37865	0.99615	0.99685	0.5043	0.5289	0.39365	0.33995	0.99415	0.30315	0.2845	0.2516
14	109	5.16436	0.101734	0.10385	0.0973	0.03585	0.003	0.0019	1	1	0.00485	1e-04	0.0134	0	1	0	0	0
14	133	2.28375	0.105277	0.1394	0.1352	0.07965	0.00225	0.00115	1	1	0	0	0.05915	0	1	0.05105	0	0
14	3172	1.80575	0.225595	0.172	0.1705	0.1058	0.09515	0.0899	0.10665	0.1084	0.08155	0.0073	0.08705	0.0531	0.03875	0.02305	0.0162	0.0101
14	3368	0.656041	0.124593	0.55335	0.54495	0.4425	0.74845	0.88335	0.4222	0.70135	0.99995	0.5283	0.43465	0.12755	0.0378	0.27915	0.0619	0.01385
14	3853	1.38746	0.176807	0.7921	0.79045	1	0.0661	0.05085	0.08075	0.49465	0.08415	0.013	0.78615	0.02695	0.02815	0.78605	0.02485	0.015
14	4763	5.36211	0.118852	0.04	0.0292	0.0283	0	1	7e-04	4e-04	0	0	2e-04	0	0	0	0	0
14	4873	3.61509	0.341906	0.2543	0.2445	0.41685	0.0233	0.41435	0.41675	0.09375	1	1	0.06035	0.00015	0.00015	0.0034	0	0
15	303	1.62694	0.279454	0.7224	0.725	0.65675	0.7294	0.69045	0.6096	0.55815	0.5146	0.5857	0.65225	0.6165	0.42	0.5353	0.4476	0.28995
15	1069	2.62473	0.231414	0.3461	0.34195	0.188	0.21925	0.3027	0.99995	1	0.98385	1	0.1039	0.0683	0.99995	0.01885	0.0173	0.01525
15	1384	3.98944	0.283431	0.16455	0.16365	0.0798	0.0646	0.0196	0.0728	0.0647	1	0.0191	0.0491	5e-05	1e-04	0.00075	0	0
15	2170	1.52631	0.24848	0.5016	0.4953	0.55205	0.597	0.6991	1	1	0.02485	0.4752	0.35835	0.48875	1	0.2862	0.26545	0.21555
15	2414	3.16178	0.295871	0.2447	0.22935	0.12395	0.1615	0.03645	0.69525	0.69395	0.99965	0.00135	0.0801	0.0083	0.6807	0.00645	0.003	0.0025
15	2585	2.65197	0.352	1	1	1	0.0184	0.0108	0.08685	0.3075	0.1918	0.0016	1	0.00015	0.00015	1	0.00015	0
15	2845	1.3496	0.0689711	0.08365	0.2384	0.0528	8e-04	0.5549	0.01235	0.00885	0	0	0.0345	0	0	0	0	0
15	3046	1.66109	0.291415	0.7343	0.7262	0.5662	0.63065	0.4405	0.9842	0.92275	0.15735	1	0.55925	0.32565	0.9169	0.30205	0.26915	0.2243
15	3749	3.76407	0.215237	0.1535	0.13985	0.07095	0.0989	0.06685	0.0618	0.2297	1	0.0052	0.03505	0.00335	0.00075	0.00125	8e-04	0.00045
15	3951	1.03258	0.25849	0.7451	0.7875	0.93295	0.27425	0.8013	1	1	0.01815	0.7459	0.67145	0.21145	1	0.62035	0.2	0.1701
16	268	0.78246	0.138736	0.9285	0.94245	0.9283	0.2896	0.8678	0.0782	0.06605	1	1e-04	0.9196	0.005	0	0.91605	0.0033	0
16	369	1.56525	0.189582	0.13355	0.1268	0.06015	0.03645	0.00545	1	1	0.02145	0.01425	0.02625	0.00065	1	0.00315	5e-04	5e-04
16	980	1.3333	0.2168	0.48645	0.48265	0.4692	0.7169	0.71245	0.84375	0.79945	0.2886	0.044	0.3415	0.6867	0.7873	0.249	0.24165	0.2075
16	1510	2.05117	0.20713	0.53155	0.53225	0.47125	0.12385	0.1084	0.1764	0.4613	0.38325	0.01585	0.4602	0.02845	0.0249	0.41275	0.02275	0.0113
16	1787	1.63908	0.160879	1	1	1	0.1017	0.3619	0.12815	0.11065	0.1263	0.816	1	0.0122	0.011	1	0.0109	0.006
16	2816	1.25468	0.167981	0.19755	0.18795	0.49835	0.2219	0.01225	0.43005	0.38375	1	0.55895	0.04305	0.0012	0.3747	0.00915	8e-04	8e-04
16	4513	2.56397	0.155534	0.1331	0.13155	0.06505	0.0142	0.01135	0.0569	0.05175	1	5e-05	0.0299	7e-04	0	3e-04	5e-05	0
16	4608	3.47541	0.100698	0.01815	0.01335	0.0068	0	0	1	0.00115	0	0	0.00015	0	0	0	0	0
17	1482	1.98022	0.249352	0.96305	0.9577	0.93545	0.0273	0.01955	0.0747	0.0682	0.00085	0.00155	0.95555	0.0033	0.0033	0.93225	0.0028	6e-04
17	1530	1.05085	0.132568	0.5963	0.4869	0.27525	0.9887	0.6077	0.1967	0.17345	0.9997	0.9173	0.31795	0.2986	0.0049	0.1167	0.0806	0.0037
17	1590	0.8552	0.107006	0.08925	0.0791	0.02445	0.012	0.0056	0.0184	0.3909	1	0	0.00545	0	0	0	0	0
17	2991	3.30444	0.0662996	0.14835	0.14185	0.0886	0.00165	0.00085	1	1	0	0	0.0668	0	1	0.0603	0	0
17	3523	2.14332	0.0358009	0.2132	0.0638	0.0696	1e-04	0	0.94485	0.94285	0	0	0.0025	0	0	0	0	0
17	3548	2.36598	0.106725	0.63875	0.83125	0.27065	0.40275	0.4063	1	1	0.9901	0.02555	0.4936	0.0776	1	0.0282	0.0199	0.0157
17	3848	1.73479	0.187581	0.5982	0.5949	0.8507	0.04295	0.1211	0.9998	0.9997	0.0025	1	0.48365	0.0021	0.99965	0.37485	0.002	0.00175
17	3883	3.52939	0.131728	0.1341	0.8606	0.78955	1	0.00115	0.1116	0.9893	0	0	0.03545	0	0	0	0	0
17	4776	2.34304	0.18482	0.99985	0.9998	0.9998	1	1	0.1361	0.11965	0.32425	0.3193	0.9998	1	0.00065	0.9998	0.9357	0.00065
17	4817	3.38639	0.173521	0.2038	0.19585	0.1041	0.10025	0.02905	1	1	0.0087	0.18415	0.0669	0.0015	1	0.002	9e-04	0.00085
17	4992	0	0	0	0	0	0	0	0	0	0	0	0	0	0	0	0	0
18	60	3.52289	0.210928	0.96745	0.96815	0.95315	0.9532	0.95455	0.9951	0.99585	0.6267	0.5986	0.9549	0.9318	0.99445	0.9308	0.88715	0.77065
18	398	1.95949	0.128623	0.12665	0.14045	0.09505	0.09425	0.02115	0.09195	0.05545	0.0023	7e-04	0.0587	0.0026	0.00095	0.0048	0.00045	0
18	611	2.18308	0.202619	0.1521	0.1428	0.06985	0.99995	0.7388	0.09485	0.09155	0.0044	0.00085	0.0424	0.73635	0.04655	0.00645	0.00565	0.00305
18	771	3.92	0.208868	0.37205	0.31715	0.15475	0.99345	0.99325	0.13615	0.1208	0.9415	0.00015	0.154	0.98995	5e-05	0.0083	0.00655	0
18	792	2.82698	0.273605	0.1901	0.18605	0.09125	0.1594	0.20325	1	1	0.00085	0.0113	0.05835	0.0268	1	0.0063	0.0052	0.0045
18	1944	1.60511	0.252887	0.25915	0.2559	0.0933	0.07345	0.6493	0.9999	0.99935	1	1e-04	0.0861	0.0283	0.99935	0.00075	6e-04	0.00035
18	1956	1.60554	0.183732	0.07305	0.06235	0.01595	0.00155	7e-04	0.047	0.03605	1	0	0.0084	0	0	0	0	0
18	2370	1.69439	0.157635	0.1734	0.16715	0.08685	0.12625	0.02585	0.6672	0.99995	0.00205	0.01425	0.05765	0.00125	0.6601	8e-04	0.00025	0.00015
18	3617	3.76752	0.12248	0.16425	0.15805	0.07695	0.0223	0.01595	1	1	5e-05	0.00015	0.04565	1e-04	1	0.00025	0	0
18	3635	2.82367	0.1578	0.76535	0.7645	0.6617	1	1	0.9925	0.9825	0.59025	0.9926	0.63245	1	0.97855	0.51065	0.5073	0.4679
18	3839	3.80882	0.107265	0.0521	0.0445	0.0866	5e-05	0	1	1	0	0	8e-04	0	1	0	0	0
18	3953	4.04133	0.138687	0.14395	0.13595	0.0657	0.0148	0.0963	1	1	5e-04	0.00035	0.0318	2e-04	1	1e-04	0	0
18	4037	1.15286	0.204696	1	1	1	0.29835	0.10435	0.9935	0.99465	0.5813	0.95165	1	0.0204	0.99155	1	0.0196	0.01695
18	4283	2.66725	0.18681	0.15305	0.1448	0.0536	0.00595	0.0212	1	1	1e-04	0	0.0529	0	1	5e-04	0	0
18	4358	1.41395	0.261589	0.50085	0.50285	0.39	0.626	0.60975	0.9826	0.9977	0.22205	0.27155	0.362	0.4982	0.9815	0.2318	0.2201	0.18765
18	4407	3.15543	0.313448	0.2698	0.26305	0.13855	0.60375	0.7702	1	1	0.04235	0.00045	0.09255	0.5839	1	0.00885	0.00835	0.0072
18	4515	3.80929	0.257078	0.2197	0.21355	0.12845	0.04505	0.03505	1	1	0.06175	0.00635	0.0928	0.0057	1	0.0272	0.0046	0.00385
18	4523	2.57254	0.133392	0.15445	0.1427	0.35925	0.0076	0.0305	1	1	1e-04	5e-05	0.0374	1e-04	1	0.013	1e-04	5e-05
19	152	2.91312	0.270969	0.24035	0.23795	0.3011	0.07455	0.06475	0.08615	0.0836	0.59715	0.0162	0.1066	0.0088	0.04335	0.0168	0.0045	0.0021
19	1266	5.46687	0.153859	0.12205	0.101	0.01385	1	1	1	1	0.2896	0.2916	0.0027	1	1	0	0	0
19	1594	2.26044	0.170416	0.5783	0.575	0.4639	0.90565	0.92715	0.99985	0.99985	0.3777	0.04875	0.4308	0.8971	0.99985	0.31725	0.30605	0.2597
19	1972	1.47703	0.192713	0.65575	0.65165	0.25035	1	0.99965	0.0848	0.0728	0.0686	0.00135	0.5166	0.9842	0.00075	0.1784	0.15435	6e-04
19	2680	0.991295	0.15431	0.99995	1	1	0.9988	0.99955	1	1	0.6721	0.7047	0.9999	0.99815	1	0.9999	0.97745	0.8608
19	2908	0	0	0	0	0	0	0	0	0	0	0	0	0	0	0	0	0
19	3609	1.80681	0.218585	0.99025	0.9899	0.99125	0.097	0.06965	1	1	0.29895	0.99125	0.98735	0.001	1	0.9863	0.001	0.00095
19	3991	3.3239	0.168731	1	1	1	0.00695	0.004	0.052	0.0397	5e-05	0.00155	1	0	0	1	0	0
19	4500	3.46463	0.230004	0.10205	0.08995	0.3695	0.02105	0.99985	0.06095	0.0493	0.0818	0.00185	0.01135	0.0193	0	0.00175	0.0015	0
19	4968	1.3975	0.252313	0.60385	0.6038	0.44165	0.0874	0.34785	0.19055	0.64095	0.99415	1	0.3633	0.01205	0.07885	0.0061	0.0038	0.00275
20	295	3.50765	0.31144	0.0724	0.1691	0.02095	0.01035	0.04015	0.04195	0.98445	0.0117	0.00865	0.01705	0.00895	0.02635	0.00575	0.0053	0.0048
20	513	2.76107	0.202967	0.9826	0.98245	0.97805	1	1	0.9997	0.9997	0.5345	0.1628	0.9768	1	0.9997	0.97245	0.9614	0.87635
20	519	1.42499	0.234802	0.9845	0.98325	0.977	0.9999	1	1	0.99975	0.7219	0.9964	0.9754	0.9997	0.9997	0.96685	0.94735	0.8307
20	526	2.8076	0.207348	0.99895	0.9989	0.99835	1	1	0.96205	0.96085	0.7124	0.9485	0.9987	1	0.92735	0.99815	0.98015	0.8262
20	698	1.01307	0.214751	0.1494	0.14385	0.06835	0.0554	0.23225	1	0.99755	9e-04	4e-04	0.02985	0.0023	0.99725	0.00035	1e-04	1e-04
20	1104	3.09978	0.247266	0.95405	0.954	0.94925	0.0152	0.0101	0.25695	0.0558	0.01575	0.1526	0.9484	0.00045	0.00175	0.94715	0.00035	1e-04
20	2091	1.84542	0.161381	0.69695	0.59555	0.30445	0.01695	0.00105	0.01035	0.0525	0	0	0.54265	0	0	0.04495	0	0
20	2350	2.19194	0.212895	0.2768	0.2676	0.6278	0.08995	0.81805	1	1	0.0082	0.0084	0.1087	0.01225	1	0.00725	0.00485	0.0037
20	3143	1.68767	0.224131	0.2573	0.2489	0.13375	0.1415	0.2649	1	1	0.0219	0.8478	0.07575	0.04605	1	0.00735	0.00665	0.0056
20	3373	2.28116	0.263707	0.4353	0.43145	0.26715	0.134	0.2791	0.9999	0.9996	0.9967	0.99785	0.2112	0.0579	0.99895	0.05935	0.0475	0.0418
20	3775	2.15298	0.191058	0.8563	0.854	0.8215	0.99405	0.99315	0.99995	0.99995	0.07015	0.202	0.8073	0.97335	0.99995	0.77075	0.7416	0.6223
20	4743	1.38272	0.150892	0.08695	0.0754	0.0234	0.01305	0.06235	0.15275	0.0604	0.00015	1	0.00555	0.0012	0	0	0	0
20	4886	3.00069	0.0528066	0.1435	0.137	0.0654	1	1	0.05635	0.0468	0.1733	0	0.02415	1	0	0	0	0
21	2304	3.11083	0.267561	0.09555	0.0887	0.0273	0.013	0.9945	0.0254	0.09115	0.0173	0.0013	0.03105	0.00995	0.00265	0.00655	0.0048	0.002
21	2746	1.97716	0.0803113	0.0265	0.0243	0.00505	0.00045	0.00015	0.004	0.0033	0	0	0.00125	0	0	5e-05	0	0
21	3068	3.72856	0.136796	0.0665	0.0595	0.0124	0.00015	0.00105	1	1	0	0	0.0015	0	1	0	0	0
21	4165	1.70916	0.134085	0.16415	0.3279	0.0432	0.0231	0.00235	1	1	3e-04	5e-05	0.0623	0	1	0	0	0
21	4871	1.51645	0.0613151	0.11215	0.3717	0.01285	1	1	1	1	0	0	0.0067	1	1	0	0	0
22	108	4.74667	0.277415	0.9995	0.99945	0.9995	0.99925	0.99865	0.95645	0.9562	0.6926	0.8594	0.99945	0.9982	0.9206	0.99945	0.9753	0.8196
22	524	1.70239	0.166074	0.1385	0.13035	0.05635	1	1	0.04665	0.3459	0.0031	7e-04	0.01885	0.9999	0.00025	1e-04	5e-05	0
22	2221	1.01119	0.0694236	0.32835	0.32375	0.2643	0.0835	0.07465	1	1	0.02115	0.00205	0.23135	0.05695	1	0.19795	0.05375	0.0465
22	2974	1.82682	0.120627	0.1208	0.1796	0.3668	0.00905	0.00705	0.0487	0.1009	6e-04	0	0.05385	0.0056	0.0275	0.0044	0.00265	0.00175
22	2975	5.54615	0.153353	1	1	1	0.0058	0.02225	0.04075	0.17685	0	0	1	0	0	1	0	0
22	3382	3.07118	0.206289	0.4587	0.4528	0.27835	0.89975	0.8565	1	1	0.9999	0.00185	0.2214	0.84865	1	0.04625	0.0442	0.03725
22	3441	9.57507	0.107271	1	1	1	0.9966	0.99685	0.9503	0.94925	0.48295	0	1	0.9949	0.9247	1	0.99155	0.87475
22	3808	2.8495	0.321589	0.1154	0.10735	0.02765	0.0015	0.00355	0.0696	0.01815	0.0178	1	0.04215	0	0	0	0	0
22	3974	7.32835	0.18676	0.13755	0.12295	0.3501	0.0147	0.001	1	1	0.00035	0	0.0085	0	1	0	0	0
22	4162	4.44247	0.295082	0.1305	0.12035	0.2381	0.0086	0.9856	0.031	0.02415	1	7e-04	0.01355	0	0	5e-05	0	0
22	4190	1.48322	0.280236	0.86465	0.8647	0.834	0.95105	0.982	0.83375	0.7867	0.7896	0.3682	0.82405	0.94075	0.72005	0.7837	0.74445	0.5677
22	4384	3.04626	0.198549	0.25235	0.0605	0.00585	1e-04	5e-05	1	1	1	0	0.0023	0	1	0	0	0
23	442	4.79086	0.235586	0.17145	0.1678	0.08515	0.019	0.4274	0.07515	0.0666	0	1	0.046	3e-04	0	0	0	0
23	2547	2.53974	0.210396	0.1508	0.1467	0.08095	0.00165	0.0048	0.11265	0.01775	0.00015	1	0.0786	0	0	0.0018	0	0
23	2562	2.00405	0.28396	0.41585	0.4125	0.3391	0.2107	0.20265	0.3717	0.2776	0.20395	0.37265	0.3284	0.11225	0.17245	0.2852	0.10145	0.07755
23	4065	2.18681	0.142688	0.1018	0.09735	0.2047	0.4389	0.01495	0.04085	0.0404	0.01965	0.007	0.0215	0.006	0.00275	0.00195	0.0014	0.001
23	4211	7.67608	0.126233	0.4036	0.40015	1	0.09	0.00295	0.07335	0.01125	0	0	0.3908	0	0	0.39075	0	0
23	4309	2.47315	0.201587	0.103	0.0942	0.03415	0.01615	0.00115	1	1	0	0.00245	0.01255	0	1	0.001	0	0
23	4889	0.687274	0.0477578	0.9745	0.98315	0.98015	0.01545	0.01055	1	1	2e-04	0	0.9705	0	1	0.9655	0	0
24	770	1.03635	0.190194	0.74865	0.74535	0.7696	0.9921	0.99995	1	1	0.32885	0.00465	0.6664	0.98945	1	0.6348	0.6146	0.51745
24	963	1.72665	0.0554437	0.1717	0.6967	0.12435	0.27745	0.07835	0.04145	0.0149	0.0027	0	0.12465	0.0304	9e-04	5e-05	0	0
24	999	4.23706	0.121041	0.05415	0.0465	0.00665	1e-04	0	1	1	0	0	0.00045	0	1	0	0	0
24	1222	3.51762	0.123855	0.0309	0.0207	0.0776	1e-04	0	1	1	0	0	3e-04	0	1	0	0	0
24	1223	2.56279	0.133231	0.27095	0.25645	0.3322	0.6555	0.0381	0.71815	0.71795	0.00455	0.0056	0.1089	0.0073	0.7164	0.0252	0.00475	0.0034
24	1526	3.21791	0.294243	0.382	0.3747	0.21295	0.05155	0.93625	1	1	0.98955	0.8814	0.1028	8e-04	1	2e-04	0	0
24	1974	0.901983	0.169503	0.99995	0.99995	0.99995	0.9983	0.999	1	1	0.50645	0.0606	0.9999	0.99755	1	0.9999	0.97365	0.8475
24	2397	4.40974	0.0606845	0.10515	0.09445	0.03795	0.00455	0.00265	0.0327	0.02865	1	0	0.01615	0	0	0	0	0
24	2448	2.62006	0.105448	0.1236	0.1173	0.05865	0.0111	0.0727	0.04725	0.04125	1	0.00095	0.0244	5e-04	0.00015	0	0	0
24	2453	2.80484	0.165618	0.2358	0.2253	0.125	0.07115	0.18245	0.3504	0.1561	0.71375	5e-05	0.1012	0.0089	0.00125	0.053	0.00535	0.00015
24	2861	4.9225	0.329271	0.1214	0.11195	0.04805	0.00805	0.0122	0.0391	0.03415	1	0	0.023	0	0	1e-04	0	0
24	3064	2.79057	0.226568	0.14165	0.13485	0.06605	0.11885	0.0745	0.04755	0.1124	1	0.00525	0.03985	0.00025	0	0.00195	0	0
24	3146	1.03523	0.132666	0.25495	0.1468	0.05005	0.08905	0.011	1	1	0.0073	0	0.04995	0.00025	1	0	0	0
24	3982	3.42873	0.30963	0.3846	0.376	0.2505	0.3499	0.9879	0.209	0.1997	0.29775	1	0.20925	0.28055	0.0626	0.0942	0.07045	0.04235
24	4882	3.25239	0.302409	0.0498	0.03925	0.0496	0.00375	0.99955	0.0052	0.0137	0	0	0.00125	0	0	0	0	0
24	4898	1.33963	0.162832	0.13365	0.1294	0.15965	0.02175	0.02725	1	1	0.16135	0.00235	0.0203	0	1	3e-04	0	0
25	163	0.750467	0.230016	0.99145	0.9915	0.9936	0.4632	0.702	0.9753	0.9759	0.99935	0.16365	0.98915	0.22465	0.96885	0.98835	0.21675	0.1822
25	196	1.03303	0.173991	0.99415	0.9958	0.9952	0.74235	0.72135	1	1	0.96755	0.52355	0.99205	0.6347	1	0.9882	0.6167	0.5441
25	610	1.50571	0.0959965	0.15015	0.13725	0.06945	0.01475	0.00865	0.99985	0.99985	0	0	0.03335	0	0.99985	5e-05	0	0
25	800	1.79982	0.149434	0.28695	0.1431	0.1777	0.0168	0.0074	1	1	0.00015	0.00015	0.04495	0	1	5e-05	0	0
25	910	4.74013	0.292993	0.0874	0.07785	0.0224	0.13955	0.1244	0.02635	0.0203	1	0	0.0056	0.00015	0	0	0	0
25	1120	5.92721	0.247801	0.08265	0.0749	0.10605	0.01945	0.0449	0.0194	0.0137	1	0	0.0083	1e-04	0	0.00105	0	0
25	1512	0.753907	0.0867694	0.07365	0.06365	0.0154	0.00025	0.00225	1	1	0	0	0.0025	0	1	0	0	0
25	1530	4.187	0.169425	0.1895	0.03425	0.00345	5e-05	0.00035	0.99985	0.0032	0	0	0.00305	0	0	0	0	0
25	1646	0.736477	0.176605	0.9873	0.9871	0.97915	0.91425	0.99585	1	1	0.98885	0.89085	0.9828	0.8432	1	0.9741	0.8184	0.7255
25	1648	1.00778	0.164449	0.2293	0.12235	0.041	0.0836	0.01425	1	1	0.16255	0.02925	0.03115	4e-04	1	0.0025	5e-05	0
25	1951	1.06654	0.0805335	0.19015	0.18545	0.07925	0.0418	0.0242	0.90035	0.89985	0.034	0.00015	0.10205	0.0011	0.8994	0.0289	0.00105	9e-04
25	1974	0.870152	0.0817435	0.21935	0.21575	0.11205	0.11335	0.2809	1	1	0.4286	0.00015	0.06035	0.00275	1	0.00075	2e-04	0.00015
25	2003	2.42639	0.175247	0.30155	0.29595	0.37005	0.02105	0.07255	1	1	0.00085	0.052	0.1915	0.00135	1	0.0226	0.0012	9e-04
25	2018	1.22149	0.276694	0.5024	0.5032	0.41555	0.40025	0.26755	0.8879	0.94265	0.33115	0.74765	0.377	0.2122	0.87405	0.29565	0.1991	0.17225
25	2021	0	0	0	0	0	0	0	0	0	0	0	0	0	0	0	0	0
25	2070	3.47939	0.154406	0.0519	0.24405	0.00385	0.00015	0	1	1	1e-04	0	0.0029	0	1	0	0	0
25	2087	4.49683	0.103884	0.04615	0.0323	0.00385	0	0.00385	1	1	0	0	5e-05	0	1	0	0	0
25	2088	3.51298	0.0959808	0.0255	0.1543	7e-04	5e-05	0.008	1	1	0	0	0.00035	0	1	0	0	0
25	2126	2.03992	0.271311	0.17435	0.1665	0.2363	0.01355	0.31465	1	1	7e-04	0.00015	0.06785	0.00045	1	0.0477	4e-04	0.00035
25	2134	0.857488	0.153476	0.98745	0.9835	0.97985	1	1	0.8142	0.81005	0.01725	0.02725	0.98095	0.99995	0.7889	0.97775	0.93595	0.6492
25	2168	2.74346	0.0826533	0.2263	0.18595	0.0014	0	0	0.00385	1	0	0	0.04565	0	0	0	0	0
25	2213	2.39618	0.207327	0.21955	0.2106	0.11315	0.0397	0.03095	1	1	0.47165	0.00045	0.0685	0.00615	1	0.0054	0.00315	0.00275
25	2270	3.00664	0.221629	0.0602	0.05375	0.00995	0.0037	9e-04	1	1	4e-04	0	0.00185	0	1	0	0	0
25	2386	1.45622	0.101214	0.1873	0.18045	0.19775	0.0095	0.13425	1	1	0.0031	1e-04	0.07285	1e-04	1	8e-04	1e-04	1e-04
25	2477	1.30492	0.139283	0.2142	0.33655	0.07075	0.05365	0.03665	1	1	0.00545	0.00195	0.102	0.0014	1	5e-04	0.00015	0.00015
25	2481	2.65755	0.0350323	0.0181	0.01315	7e-04	0	0	0.00035	1	0	0	7e-04	0	0	0	0	0
25	2612	2.60028	0.113699	0.0616	0.05435	0.0102	1e-04	0	1	1	0	0	0.0016	0	1	0	0	0
25	2613	2.52562	0.178112	0.12135	0.11165	0.05055	0.00625	0.0214	1	1	0.00015	0	0.01975	0	1	0	0	0
25	2665	6.15071	0.157916	0.00505	0.00315	0	0	0	1	1	0	0	0	0	1	0	0	0
25	2734	2.20071	0.0951133	0.1446	0.13355	0.05235	0.0047	0.01995	1	1	0.7873	0	0.0153	0	1	0	0	0
25	2737	1.69875	0.2096	0.42675	0.61295	0.07225	0.19725	0.04645	1	1	1e-04	4e-04	0.33805	5e-05	1	2e-04	0	0
25	2752	0.742876	0.080483	0.08745	0.07815	0.1707	0.00195	0.0027	1	1	0	0	0.0107	0	1	0	0	0
25	2760	5.162	0.216127	0.03185	0.0232	0.00245	0	0	1	1	0	0	5e-05	0	1	0	0	0
25	2944	3.21016	0.250643	0.13785	0.13275	0.0622	0.01085	0.0079	1	1	2e-04	0.00015	0.0271	0	1	0	0	0
25	2945	1.50755	0.129097	0.1309	0.12695	0.16495	0.0857	0.0503	1	1	2e-04	0	0.0191	0	1	0	0	0
25	3110	1.08828	0.156811	0.275	0.1839	0.3841	0.1752	0.86555	1	1	0.0013	0	0.0425	4e-04	1	0.00175	0	0
25	3219	2.38847	0.105569	0.02295	0.12535	0.0071	0	1	0.00055	3e-04	0	0	0.00085	0	0	0	0	0
25	3451	1.64167	0.182873	0.42635	0.2755	0.2828	0.2849	0.75585	1	1	1e-04	5e-05	0.12805	0.0805	1	0.01	0.0094	0.0081
25	3464	1.32781	0.10234	0.12235	0.42205	0.46275	0.00045	0.00365	1	1	0.0028	0	0.0299	0	1	0	0	0
25	3470	4.97459	0.218466	0.18515	0.04945	0.0072	0.0221	1e-04	1	1	0	0	0.0029	0	1	0	0	0
25	3521	3.0968	0.144608	0.9942	0.9946	0.9966	0.1959	0.48475	1	1	0.0024	0.00195	0.99315	0.11205	1	0.99135	0.10655	0.0896
25	3726	1.23215	0.163507	0.9998	0.9999	0.99935	0.32125	0.0126	1	1	0	0.0049	0.9998	0.0016	1	0.9992	0.00155	0.0014
25	4082	1.11192	0.197403	0.43395	0.42415	0.25825	0.93535	0.73645	1	0.99995	0.02125	0.9824	0.18995	0.45925	0.99995	0.0563	0.05315	0.0436
25	4146	2.86185	0.288109	0.135	0.1245	0.173	0.0103	0.9943	0.03065	0.02385	3e-04	1	0.01835	6e-04	0	0.00705	2e-04	0
25	4147	3.21593	0.241715	0.23995	0.2369	0.1218	0.1505	0.89085	1	1	0.2594	0.00035	0.06115	0.01635	1	0.00195	0.00115	8e-04
26	275	2.93375	0.271512	1	1	0.99995	0.09355	0.22685	0.18985	0.59295	0.46765	1	1	0.0223	0.00025	0.99995	0.019	1e-04
26	397	1.49347	0.209144	0.18525	0.1767	0.09265	0.0409	0.03245	0.6631	0.9996	0.02945	0.14315	0.0646	0.001	0.65515	0.0019	4e-04	4e-04
26	781	2.86254	0.151257	0.01735	0.0133	0.0615	5e-05	0	0.99965	0.001	0	0	0	0	0	0	0	0
26	1300	1.97481	0.111789	0.03325	0.1322	0.0054	4e-04	0.00075	0.0034	0.00325	0.00315	2e-04	0.0078	0	0	0	0	0
26	2449	2.46596	0.188952	0.11215	0.1048	0.0329	0.0028	9e-04	1	1	0	0	0.02555	1e-04	1	5e-05	5e-05	0
26	2738	2.71238	0.259012	0.1382	0.1297	0.0364	0.01465	0.3817	0.0289	0.0214	0.00285	1	0.04915	0.00015	0	1e-04	0	0
26	3108	3.32925	0.298691	0.51955	0.5129	0.4024	0.01935	0.1795	0.3594	0.3424	1	1e-04	0.40025	5e-05	0.00215	0.2389	0	0
26	3725	1.62233	0.20882	0.1686	0.15705	0.0758	1	1	0.06825	0.05545	0.4997	0.00225	0.02835	1	1e-04	0.00025	0.00015	0
26	4439	1.89779	0.179194	0.27735	0.27535	0.1938	0.25155	0.1994	0.0862	0.13585	0	0	0.1622	0.0848	0.0276	0.1414	0.03635	0
26	4535	0	0	0	0	0	0	0	0	0	0	0	0	0	0	0	0	0
26	4964	5.99843	0.255043	0.07105	0.06555	0.13605	6e-04	0.002	0.01465	0.06505	1	0	0.0039	0	0	0	0	0
27	520	3.74133	0.211522	0.21305	0.2003	0.0954	1	1	0.37845	0.376	0.22475	0	0.05445	1	0.22305	0.001	0.001	0.00055
27	679	2.16945	0.284115	1	1	1	0.99975	0.99945	1	1	0.73305	0.99985	1	0.9989	1	0.99995	0.9738	0.84995
27	1636	1.6201	0.149627	0.40115	0.5854	0.0746	0.07285	0.01065	1	1	0.00045	0.21755	0.30565	0.00315	1	5e-04	3e-04	3e-04
27	1701	1.5247	0.126404	0.35955	0.18895	0.04705	0.402	0.40075	1	1	0.07325	0	0.0883	0.39995	1	5e-05	5e-05	5e-05
27	1708	4.86048	0.209026	0.12735	0.1175	0.0251	0.00765	0.00025	1	1	0	0.0014	0.0507	0	1	0	0	0
27	1721	2.09518	0.153632	0.4045	0.39885	0.2865	1	1	0.17905	0.16625	0.1477	0.9994	0.2461	1	0.02545	0.16645	0.15265	0.0218
27	1737	2.62563	0.117614	0.29775	0.29155	0.01225	0.0031	0.0313	0.32275	0.3297	0	1	0.0515	0.00015	0.18715	0	0	0
27	1851	3.08032	0.260153	0.43265	0.42535	0.23385	0.20865	0.2438	0.9828	0.99635	1	0.99815	0.22805	0.1121	0.92755	0.06815	0.06305	0.0523
27	3134	1.57528	0.172315	0.23685	0.2228	0.99785	0.0903	0.08535	1	1	0.00455	1e-04	0.06175	2e-04	1	0.02435	2e-04	2e-04
27	3521	3.7926	0.143575	0.1361	0.021	0.0018	5e-05	0	0.00095	1	0	0	4e-04	0	0	0	0	0
27	4728	2.66941	0.28916	0.4982	0.39165	0.2893	0.4304	1	0.5063	0.4366	0.40375	0.0714	0.30805	0.4249	0.38465	0.2176	0.20915	0.17145
28	188	2.82864	0.0900513	0.10535	0.0965	0.03645	1	1	0.0291	0.0222	0.00075	0	0.01095	1	0	5e-05	0	0
28	632	1.7933	0.110301	0.9977	0.99715	0.9969	0.0449	0.004	0.0461	0.0381	0	4e-04	0.99695	1e-04	5e-05	0.9968	1e-04	0
28	724	1.87764	0.151246	0.5263	0.375	0.1502	0.4081	0.78535	1	1	0.0293	0.00015	0.2171	0.04035	1	0.00445	0.0041	0.0037
28	838	1.87491	0.101801	0.31425	0.52745	0.04085	0.0426	0.0048	0.1111	0.0284	1e-04	0.00015	0.2654	5e-05	0.00015	6e-04	0	0
28	880	7.84712	0.118815	0.0048	0.00265	0	0	0	1e-04	1	0	0	0	0	0	0	0	0
28	887	2.49019	0.0903364	0.6405	0.6379	0.03605	0.0012	0.00595	0.30655	0.13185	0	1	0.42585	0	0	0	0	0
28	932	3.3305	0.15979	0.05585	0.2352	0.0069	1e-04	5e-05	0.02575	0.99965	0	0	0.0065	0	0.0017	0	0	0
28	1163	5.04163	0.215756	0.139	0.1324	0.0602	0.11055	0.0062	0.2113	0.04675	0.00735	1	0.02915	3e-04	0	5e-05	0	0
28	1729	3.01769	0.229887	0.1127	0.11105	0.0704	0.0053	0.003	0.03745	0.03	0	1	0.0245	5e-05	0	0	0	0
28	1922	4.1298	0.0845338	0.12565	0.0161	0.01005	0	0	0.00045	0.0029	1	0	5e-05	0	0	0	0	0
28	2846	1.95227	0.0821922	0.01995	0.06415	0.02185	0.0015	0.00105	0.03145	0.00075	0.0051	0	0.0017	0	0	0	0	0
28	3192	1.55897	0.220962	0.18325	0.17995	0.14675	0.03035	0.04735	0.99785	0.99715	0.07235	0.003	0.0568	0.00035	0.99645	0.001	2e-04	2e-04
28	3585	0.797329	0.135902	0.9964	0.99655	0.9939	0.99985	1	0.99995	0.9999	0.99995	0.9704	0.99355	0.9996	0.9999	0.99115	0.97225	0.85135
28	4706	1.91747	0.217382	0.11595	0.1083	0.0229	0.0044	0.0019	0.62515	0.01235	0.01745	1	0.0328	0	0	1e-04	0	0
28	4932	1.05016	0.197232	1	0.9999	1	1	1	0.9941	0.99305	0.93555	0.0353	0.9999	1	0.9874	0.99985	0.99055	0.87085
29	60	3.25464	0.135675	1	1	1	0.41625	0.14455	0.60885	0.60855	0.3974	0.9985	1	0.0239	0.39975	1	0.0233	0.0197
29	65	4.51957	0.12579	1	1	1	1	1	0.88915	0.8903	0.51895	0	1	1	0.79965	1	0.9332	0.5497
29	70	0.833189	0.103748	1	1	1	1	1	1	1	0.1066	0.8977	1	1	1	1	0.9944	0.94365
29	84	0.898345	0.101536	1	1	1	1	1	0.12505	0.11455	0.0041	7e-04	1	1	0.0525	1	0.9143	0.04465
29	92	1.77515	0.0709698	0.87485	0.87455	0.8711	0.802	0.87615	0.0359	0.1425	0	0	0.8711	0.75765	0	0.8711	0.5896	0
29	119	2.43918	0.11302	1	1	1	0.0258	0.10125	0.0498	0.18215	1	0	1	0	0	1	0	0
29	144	0.697919	0.125414	1	1	1	1	1	1	1	1	0.00025	1	1	1	1	0.9733	0.84905
29	173	1.53001	0.157709	0.99995	1	1	0.99805	1	0.2453	0.09475	0.0642	5e-05	0.99995	0.99755	0.00355	0.99995	0.8462	0.00275
29	318	3.62674	0.188955	1	1	1	0.7146	0.58345	0.6486	0.64725	0.37415	0.00905	1	0.3768	0.5101	1	0.3641	0.26135
29	319	3.92544	0.141053	1	1	1	0.0109	0.0589	0.39185	0.3945	0.23205	1e-04	1	5e-04	0.2347	1	5e-04	4e-04
29	320	3.58286	0.163825	1	1	1	0.0013	3e-04	0.4871	0.4911	1	0	1	0	0.2993	1	0	0
29	323	5.84439	0.178911	1	1	1	0.3019	0.31225	1	1	0.0048	0	1	0.0584	1	1	0.0573	0.04955
29	415	2.13511	0.112554	0.5669	0.28975	0.0313	0.00075	0.00475	1	1	1e-04	0	0.22285	0	1	0	0	0
29	454	1.08185	0.177416	1	1	0.9999	0.8243	0.99935	0.18695	0.16975	1	0.022	1	0.8057	0.0219	0.99935	0.67255	0.01765
29	593	1.00921	0.109739	0.8634	0.86075	0.85375	1	1	0.8198	0.78525	0.4308	0.00025	0.84885	1	0.7782	0.8443	0.83745	0.71165
29	634	2.55222	0.176027	1	1	1	1	1	1	1	0.6033	0.4368	1	1	1	1	0.99295	0.912
29	790	3.62651	0.161231	1	1	1	1	1	0.065	0.0551	0.25855	0	1	1	0	1	0.98475	0
29	890	1.24239	0.134001	0.3162	0.16095	0.04925	0.0228	0.04855	0.0366	0.3448	1	5e-05	0.07265	0.00515	0	0.00655	0.00225	0
29	907	2.41796	0.160748	0.11245	0.1047	0.0354	1	1	0.02655	0.0188	0.41745	0	0.00845	1	0	0	0	0
29	908	1.18179	0.070827	0.1226	0.10795	0.0466	1	1	0.1575	0.03055	0.0027	0	0.01565	1	0	0	0	0
29	1368	3.74285	0.11162	0.1008	0.08255	0.01065	0.98625	0.888	1	1	0	0	4e-04	0.00645	1	0	0	0
29	1371	2.08904	0.187076	0.30545	0.29875	0.38215	1	1	1	1	0.0016	0.013	0.09275	1	1	0.02115	0.0208	0.01855
29	1474	1.2181	0.0901806	0.1387	0.13255	0.061	0.06875	0.00765	1	1	7e-04	0.0137	0.02865	2e-04	1	1e-04	5e-05	0
29	1483	1.16914	0.100099	0.30505	0.1692	0.17225	0.05055	0.01195	1	1	1e-04	0	0.06595	0	1	0	0	0
29	1512	2.53372	0.160732	1	1	1	0.33635	0.9281	0.69735	0.69405	0.937	0.036	1	0.2919	0.5273	1	0.2834	0.21625
29	1513	2.81347	0.149576	1	1	1	0.9998	0.9998	0.94975	0.95035	0.9796	0.29235	1	0.9998	0.91075	1	0.9854	0.807
29	1552	5.81127	0.153489	0.58645	0.58375	0.4101	0.00515	0.0031	1	1	0	0	0.5249	0	1	0.03155	0	0
29	1940	1.663	0.12124	0.34415	0.33435	0.23175	1	1	0.6021	0.7019	0.00705	0.023	0.1919	1	0.56875	0.11655	0.11395	0.09505
29	1956	3.02526	0.262962	1	1	1	0.0537	0.0375	0.99985	0.99985	0.3107	0.0076	1	0.0026	0.99985	1	0.0025	0.0021
29	2096	4.63922	0.173714	1	1	1	0.0594	0.41405	0.02715	0.13	0.00025	0	1	0.0012	0.001	1	0.00045	0
29	2734	1.82427	0.213087	0.1802	0.17925	0.10305	0.07055	0.0648	0.21655	0.21595	0.07175	0.03005	0.09125	0.0181	0.1047	0.02115	0.0129	0.00955
29	2766	1.76189	0.244225	0.86715	0.86825	0.8404	0.98855	0.97005	0.49285	0.7371	0.8161	0.20825	0.8308	0.95015	0.25925	0.8025	0.6759	0.20955
29	2970	5.19978	0.224761	0.27185	0.2674	0.12205	1	1	0.53215	0.5386	0.3356	0.9998	0.0584	1	0.3376	0.00105	0.001	9e-04
29	2971	3.35111	0.13449	0.5488	0.53765	0.42415	1	1	0.6694	0.6706	0.46105	0.9978	0.37515	1	0.5132	0.2878	0.2812	0.2303
29	3012	2.0854	0.13045	0.22345	0.20735	0.08625	0.92885	0.98405	1	1	0.19645	0	0.0363	0.9125	1	0	0	0
29	3648	2.50789	0.187083	0.9649	0.9645	0.95805	0.30175	0.36	1	1	0.04855	0.9909	0.9549	0.14895	1	0.9479	0.14375	0.1205
29	3682	2.12638	0.21935	0.54775	0.53805	0.42615	0.50515	0.9377	1	0.99995	0.09145	1	0.375	0.47245	0.99995	0.27955	0.26235	0.22305
29	4681	0.685782	0.112996	0.9885	0.989	0.9933	0.98455	0.9831	1	1	0.11145	0.89015	0.98365	0.98245	1	0.9746	0.93035	0.78135
29	4973	1.08185	0.0806064	0.1031	0.09495	0.019	0.00055	0.0012	0.0158	0.0913	1	0	0.03045	0	0	0	0	0
30	97	2.28074	0.242964	0.15825	0.1506	0.06585	0.0086	0.00415	1	1	0.58895	0	0.0316	0	1	0	0	0
30	198	4.8109	0.178843	0.07265	0.0596	0.01245	0.00035	0.0138	1	1	0	0	0.00185	0	1	0	0	0
30	1187	2.30213	0.16167	0.09255	0.0814	0.03155	0.16985	0.0262	0.0595	0.8434	5e-05	0.0158	0.0175	0.00805	0.01995	0.0056	0.00445	0.0034
30	1887	4.10074	0.128179	0.33945	0.3398	0.10115	0.0042	0.00225	1	1	0.19545	0	0.1984	0	1	1e-04	0	0
30	2581	3.73551	0.254069	0.17715	0.1697	0.2829	0.37205	0.01245	0.071	0.06465	0.01825	1	0.04595	0.00025	0	0.0012	0	0
30	2852	2.90727	0.205529	0.2107	0.20605	0.12645	0.848	0.8486	0.0978	0.08745	0.0084	0.007	0.09535	0.8437	0.0094	0.04435	0.03855	0.006
30	2925	4.74284	0.267714	0.1056	0.0937	0.0369	0.03155	0.0025	0.1504	0.0266	1	0	0.0115	0	0	0	0	0
30	3693	0.66832	0.151917	0.81495	0.81065	0.77905	0.6353	0.72495	0.2633	0.39895	0.6431	0.9578	0.7811	0.3665	0.0677	0.7558	0.28995	0.05175
30	4324	5.55372	0.238455	0.04885	0.0418	0.06305	5e-05	0	0.00505	0.0032	0	1	9e-04	0	0	0	0	0
30	4925	1.65077	0.212778	0.3233	0.3104	0.4018	0.0602	0.0074	1	0.9999	1	0.99995	0.1108	0	0.9999	0.0022	0	0
31	620	1.699	0.208184	0.45405	0.4522	0.3058	0.2163	0.3302	0.9995	0.9995	0.0073	0.0433	0.35125	0.1589	0.9995	0.19325	0.13265	0.1115
31	702	6.95905	0.247361	0.0965143	0.178	0.0256571	0.0209143	0.000742857	0.0201714	0.0143429	0.147486	1	0.0135429	0	0	0	0	0
31	1120	2.82871	0.250558	0.1146	0.10995	0.2253	0.0201	0.00255	0.037	0.0304	0.00715	1	0.017	0	0	8e-04	0	0
31	1221	6.65049	0.173244	0.10415	0.0954	0.8845	0.0803	0.0379	0.0175	0.01345	0	1	0.00405	2e-04	0	0	0	0
31	1279	3.06617	0.252283	1	1	0.9999	0.0435	0.03485	0.1592	0.1353	0.00295	0.0049	1	0.00245	0.00115	0.9999	0.0021	1e-04
31	1991	0.663875	0.0618596	1	1	1	0.9996	0.99965	0.29575	0.2679	0.9135	0.95535	1	0.99955	0.0129	1	0.87975	0.01135
31	2032	1.5369	0.0573681	1	1	1	0.0034	5e-05	1	1	0	0	1	0	1	1	0	0
31	2222	0.891289	0.182713	1	1	1	0.18485	0.4192	0.99965	0.9995	0.7059	0.0016	1	0.03145	0.99935	1	0.02865	0.0225
31	2555	4.68126	0.0548359	0.0348	0.0283	0.00355	0	0	1	0.0074	0	0	2e-04	0	0	0	0	0
31	3102	1.84891	0.150401	0.99955	0.99945	0.99965	1	1	1	1	0.49825	2e-04	0.9992	1	1	0.99915	0.9857	0.88815
31	3145	2.335	0.202418	1	1	1	0.97185	0.99685	0.5556	0.48815	0.39585	0.08095	1	0.9692	0.2242	1	0.86735	0.19415
31	3780	1.31475	0.143887	0.0998	0.09155	0.10335	0.00945	0.02195	1	1	0	0	0.00965	0.00025	1	0	0	0
31	3793	0	0	0	0	0	0	0	0	0	0	0	0	0	0	0	0	0
31	3990	4.80438	0.0783753	0.05145	0.0371	0.0029	0	6e-04	1	1	0.03	0	0.00015	0	1	0	0	0
31	4194	3.41506	0.278469	0.13205	0.1238	0.05035	0.039	0.5575	0.04115	0.03195	1	0.00125	0.0231	0.01305	0.00015	0.00585	0.0027	0.00015
31	4406	3.01298	0.230438	0.13215	0.12405	0.0581	0.0457	0.005	1	1	0.0097	0.1667	0.02045	0	1	0	0	0
31	4526	2.92814	0.143925	0.07425	0.06545	0.0196	0.00095	0.001	0.01635	0.0118	0	1	0.0044	0	0	0	0	0
31	4751	2.97477	0.0940614	1	1	1	0.87145	0.727	1	1	0.58775	0.58825	1	0.7076	1	1	0.69825	0.63025
32	336	1.64387	0.14221	0.5462	0.545	0.4919	0.5146	0.5781	0.2464	0.2351	0.0291	0.01395	0.4827	0.48745	0.09005	0.4381	0.343	0.0662
32	1262	1.75729	0.287691	0.1319	0.229	0.0364	0.00305	0.0018	1	1	0.02825	0	0.0362	0	1	1e-04	0	0
32	1919	1.03377	0.11364	0.1463	0.1336	0.11515	0.3067	0.005	1	1	0.0019	6e-04	0.0338	0	1	0	0	0
32	1948	2.83411	0.201404	1	1	1	0.00345	0.0067	0.14685	0.1289	0	0	1	0	2e-04	1	0	0
32	2189	2.72156	0.158063	0.0353	0.02875	0.0365	1	5e-05	0.0178	0.00115	0	0	0.00015	0	0	0	0	0
32	2227	3.92392	0.292654	0.16855	0.1678	0.0892	0.0247	0.017	1	1	0.00045	0.02165	0.0524	2e-04	1	0.00255	1e-04	1e-04
32	2541	4.2499	0.233164	0.3242	0.31665	0.174	0.269	0.23565	1	1	0.00645	0.99865	0.1212	0.006	1	0.0018	8e-04	0.00075
32	2616	1.30281	0.173788	0.20165	0.19535	0.13995	0.0107	0.02285	0.39435	0.3736	0.29945	1	0.0787	0.00135	0.06965	0.003	0.0011	9e-04
32	3148	3.88255	0.2855	0.1469	0.1423	0.06935	0.01605	0.01045	1	1	7e-04	0.0037	0.0362	0.00025	1	0.0025	0.00015	0.00015
32	3224	4.408	0.185045	0.0551	0.0481	0.3426	0.00035	0	1	1	0	0	0.00125	0	1	0	0	0
32	3225	5.61238	0.15049	0.1162	0.10685	0.0141	0.0013	0.00015	1	1	0	0	0.0537	0	1	0	0	0
32	3227	2.98895	0.150322	0.07945	0.0725	0.0635	3e-04	0.001	1	1	0	0	0.00705	0	1	0	0	0
32	4792	1.94444	0.194563	0.0364	0.14175	0.00515	0.00545	0.0018	0.012	0.0068	8e-04	0.00115	0.0095	0	0	0	0	0
32	4877	2.69046	0.0867658	0.1931	0.18775	0.09765	0.02995	0.02	1	1	0.00145	0.17835	0.0614	2e-04	1	0.00045	0	0
33	337	1.9525	0.169838	0.44385	0.43935	0.387	0.41205	0.30135	0.27975	0.27925	0.022	7e-04	0.39735	0.2705	0.1551	0.3564	0.1854	0.00935
33	391	1.33397	0.0579665	0.0857	0.0757	0.02705	0.00205	0.00085	0.02135	0.12545	1	0	0.0074	0	0	0	0	0
33	2266	3.13762	0.196325	0.1095	0.10485	0.0424	0.00365	0.07145	1	1	0	1e-04	0.01245	0	1	0	0	0
33	2930	1.03287	0.210517	0.88795	0.8865	0.915	0.8239	0.70435	1	1	0.0154	0.0013	0.8677	0.61985	1	0.8595	0.5937	0.50195
33	3705	0	0	0	0	0	0	0	0	0	0	0	0	0	0	0	0	0
33	3735	3.32033	0.0750954	0.99985	0.99985	0.99985	0.99985	0.99985	0.7414	0.74155	0	0	0.99985	0.99985	0.561	0.99985	0.78285	0
33	3744	2.22726	0.172622	0.99915	0.9992	0.9989	1	0.9999	1	1	0.5537	0.2318	0.9988	0.9998	1	0.998	0.98405	0.9145
33	4060	3.2011	0.113391	0.1043	0.0925	0.03525	0.0044	0.00175	1	1	0	0	0.0116	0	1	0	0	0
33	4624	3.80608	0.184127	0.1836	0.1755	0.0892	0.0176	0.0921	1	1	0.47625	0.0027	0.0445	5e-05	1	0	0	0
34	1131	1.75159	0.121505	0.1049	0.1718	0.08515	0.0803	0.13545	0.0932	0.0066	0.0026	0	0.0842	0.00965	0	0.0677	0.00575	0
34	1187	1.55785	0.0774148	0.3883	0.3863	0.06735	0.0734	0.0445	1	1	5e-05	0.00135	0.31805	0.02325	1	0.0103	0.0089	0.0075
34	1816	2.676	0.183508	0.1118	0.09985	0.18295	0.0024	0.05755	1	1	0	5e-05	0.01115	0	1	0	0	0
34	1920	2.4958	0.0436407	0.94625	0.94035	0.03045	0.00105	1e-04	1	1	0	0	0.79655	0	1	5e-05	0	0
34	2545	0	0	0	0	0	0	0	0	0	0	0	0	0	0	0	0	0
34	3380	2.46912	0.234895	1	1	1	0.4945	0.54075	0.2286	0.3295	0.0177	1	1	0.47705	0.008	0.99995	0.4181	0.00685
34	4829	2.36505	0.223649	0.28385	0.2812	0.38625	0.6399	0.76125	0.1307	0.1279	0.03185	0.00905	0.15925	0.59045	0.008	0.07365	0.0545	0.00535
35	512	5.53851	0.070343	0.07245	0.0613	0.0167	1	0.00025	0.0142	0.01025	0	0	0.00385	0	0	0	0	0
35	607	1.732	0.162233	0.1459	0.13855	0.06985	1	1	0.12365	0.03485	0.17655	2e-04	0.0431	1	0.00015	0.0272	0.02395	1e-04
35	763	2.81995	0.152661	0.9458	0.9458	0.9407	0.9494	0.9426	0.93295	0.9333	0	0	0.94045	0.86215	0.93235	0.93865	0.7596	0
35	1171	3.60147	0.149386	0.49875	0.4859	0.3439	0.94605	0.9809	0.9784	0.97865	0.31015	0.08145	0.28915	0.9294	0.97735	0.1751	0.1666	0.12095
35	2061	2.77884	0.191147	0.3318	0.31955	0.17555	0.5264	0.0664	1	1	0.49455	0.52685	0.122	0.01475	1	0.00205	0.00165	0.00135
35	2269	0.886713	0.0904248	0.6113	0.45515	0.2109	1	1	0.99455	0.99995	1	0.00285	0.2409	0.99955	0.99385	0.0196	0.01875	0.0146
35	2274	3.83705	0.06655	0.6959	0.21455	0.4014	1	1	0.0021	0.0021	8e-04	0	0.0328	1	0.0021	0	0	0
35	2291	1.42349	0.107085	0.1885	0.1791	0.08585	0.5347	0.9455	0.35	0.35635	0.00055	0.20595	0.04875	0.43575	0.21065	0.0016	0.00125	5e-04
35	3002	1.40461	0.283536	0.8868	0.94885	0.89475	0.8788	0.9983	0.22225	0.6159	0.15995	0.99995	0.8547	0.8516	0.02215	0.77095	0.58865	0.01835
35	3409	4.90146	0.146873	0.0161	0.12845	4e-04	0	0	1	3e-04	0	0	0.00025	0	0	0	0	0
35	3911	4.72365	0.165108	0.14675	0.14315	0.06745	0.017	0.0837	0.99945	0.99945	5e-05	0	0.03135	2e-04	0.99945	5e-05	0	0
35	4067	4.54184	0.173376	0.2098	0.205	0.10095	0.0513	0.6474	1	1	8e-04	9e-04	0.06115	0.0152	1	0.0031	0.00185	0.0017
35	4099	3.29693	0.226588	0.35295	0.3456	0.20305	0.8166	0.8351	1	1	0.003	0.30375	0.15365	0.8108	1	0.0282	0.02755	0.02325
35	4114	1.47013	0.189997	0.93185	0.95785	0.89485	0.92985	0.90715	1	1	0.62525	0.61605	0.9142	0.9023	1	0.8667	0.83105	0.7253
35	4127	2.80629	0.101629	0.2088	0.20595	0.101	0.0374	0.1787	1	1	0.00015	0.193	0.0664	5e-04	1	3e-04	5e-05	0
35	4542	2.23257	0.0909879	0.29055	0.2871	0.99545	0.35335	0.2716	0.0894	0.20265	0.21925	0.0901	0.2276	0.0983	0.0088	0.219	0.0759	0.0066
35	4557	5.60684	0.153736	0.148	0.13765	0.2091	1	1	0.6106	0.01975	0.19765	0	0.01095	1	0	0	0	0
35	4579	1.7629	0.141499	0.1224	0.11325	0.0479	1	1	0.0369	0.03215	5e-04	5e-05	0.0185	1	0	5e-05	5e-05	0
35	4621	0.964616	0.0375951	1	1	1	0.18325	0.3564	1	1	0.00065	0	1	0.1717	1	1	0.167	0.1405
35	4683	1.52994	0.175612	1	1	1	1	1	1	1	0.9831	0.99735	1	1	1	1	0.98815	0.9066
35	4699	0.65177	0.0715642	0.311	0.56265	0.09675	0.32545	0.91255	0.99645	1	0.37105	0.00075	0.1416	0.14165	0.9931	0.00015	1e-04	1e-04
35	4749	2.9745	0.254464	1	1	1	0.03885	0.00635	0.04725	0.041	0.0184	0	1	0.00065	2e-04	1	5e-04	0
36	319	2.77096	0.180626	0.9977	0.99775	0.9976	0.9957	0.99785	0.8969	0.8978	0.4565	0.00235	0.9976	0.9947	0.84435	0.9976	0.9668	0.72515
36	819	4.13844	0.187108	0.16485	0.16115	0.08275	0.0256	0.01685	1	1	0.002	0.00085	0.0475	1e-04	1	3e-04	5e-05	0
36	990	0.836602	0.0931351	1	1	1	0.01765	0.01475	1	1	1e-04	0.0389	1	0	1	1	0	0
36	1053	4.70475	0.192029	0.95025	0.9492	0.9358	0.99945	0.99945	0.9331	0.9321	0.69245	0.99095	0.9309	0.9993	0.88555	0.9211	0.90345	0.75955
36	1688	4.14384	0.125328	1	1	1	1	1	0.09955	0.08565	0.27435	0.0259	1	1	0.00015	1	0.9963	0.00015
36	1745	0.827816	0.0582267	0.33845	0.1498	0.04105	0.00265	0.0016	1	1	0	0	0.0615	0	1	0	0	0
36	1759	3.25711	0.231577	1	1	1	1	1	1	1	0.50185	0.0072	1	1	1	1	0.99	0.89925
36	1787	3.41475	0.109023	0.6228	0.62085	0.95475	1	1	1	1	0.51095	0.405	0.44825	1	1	0.35405	0.34995	0.3168
36	2247	3.59579	0.235394	0.1653	0.1556	0.0778	0.12235	0.04575	1	1	2e-04	0.00025	0.0435	4e-04	1	0.00015	5e-05	5e-05
36	2395	0.838216	0.129306	1	1	0.99995	0.9996	0.99945	1	1	0.30615	0.0041	1	0.9993	1	0.99995	0.9737	0.8358
36	2581	1.49679	0.15319	0.3277	0.62865	0.32255	0.534	0.0453	0.08545	0.02555	0.00095	0.00015	0.2747	0.02455	0	0.1229	0.01665	0
36	3205	2.65454	0.248286	1	1	1	0.0994	0.01885	0.20135	0.07855	0.0302	0.00055	1	0.00305	2e-04	1	0.0028	0
36	3379	1.25795	0.0929047	0.2024	0.1912	0.0948	0.08615	0.00995	1	1	0	0.99985	0.03605	0	1	0	0	0
36	3801	3.88029	0.153344	0.0432	0.03305	0.00365	0.04505	0.0018	1	1	0	0	1e-04	0	1	0	0	0
36	3839	0	0	0	0	0	0	0	0	0	0	0	0	0	0	0	0	0
36	4316	4.64603	0.206976	0.0618	0.229	0.0344	1	0.0363	0.0066	0.00485	3e-04	2e-04	0.0102	0.035	0	3e-04	3e-04	0
36	4851	1.4174	0.111713	0.0776	0.07195	0.01845	0.014	2e-04	0.0765	0.05985	1	1e-04	0.01065	0	0.0013	0	0	0
37	450	1.02321	0.0622439	0.41555	0.40865	0.24045	0.9937	0.99315	1	1	0.05745	1	0.16545	0.99245	1	0.0428	0.0412	0.0353
37	1169	3.50504	0.23486	1	1	1	0.03875	0.62555	1	1	0.00015	0.99435	1	0.0117	1	1	0.01155	0.0101
37	1394	2.84769	0.16876	0.10505	0.0992	0.03245	0.01185	0.00635	1	1	0	0	0.0085	0	1	5e-05	0	0
37	1941	1.6752	0.124712	0.32785	0.32575	0.25255	0.3763	0.1982	0.2304	0.23	0.0432	0.11865	0.23805	0.14065	0.14885	0.16105	0.112	0.07925
37	2319	1.94207	0.222677	0.2993	0.2988	0.18215	0.22005	0.29515	0.0979	0.0904	0.00965	0.00015	0.1642	0.13535	0.027	0.0568	0.0267	0.0018
37	2639	5.82188	0.0474086	0.09675	0.0869	0.01895	1	1	0.0141	0.0091	2e-04	0	0.0045	1	0	0	0	0
37	2640	4.45184	0.0953958	0.5123	0.5333	0.0278	1	1	0.02005	0.01595	0	0	0.15055	1	0	0.00015	1e-04	0
37	2656	8.27551	0.0950527	0.9333	0.93485	0.9045	0.90145	0.9038	1	1	0	0	0.9004	0.8384	1	0.83485	0.6705	0
37	2666	2.90189	0.117116	0.99805	0.9981	5e-05	1	1	0	0	0	0	0.998	1	0	0	0	0
37	2668	2.57163	0.0950644	0.3409	0.3478	0.1806	1	1	0.0197	0.01035	0.2013	0	0.1981	1	0	0	0	0
37	2676	2.71544	0.114023	0.651	0.8515	0.4731	1	1	0.069	0.0578	0.2791	0	0.5884	1	0	0.02065	0.0165	0
37	2733	0.672095	0.0996817	0.77875	0.77665	0.0591	0.03375	0.04165	0.04985	0.09995	0.84595	0.3657	0.7113	0	0	0.00065	0	0
37	3025	0.96402	0.218244	1	1	1	0.9975	0.9975	0.9492	0.95015	0.0445	0.1983	1	0.99725	0.92445	1	0.97535	0.78
37	3542	1.12453	0.185391	0.2815	0.2675	0.1237	0.22765	0.86075	0.9986	0.99835	1	0.023	0.06855	0.1043	0.99825	0.00265	0.0022	0.00175
37	3596	3.58502	0.15327	0.61095	0.60745	0.50245	1	1	0.99955	0.99955	0.1628	0.0033	0.45985	1	0.99955	0.39605	0.3759	0.1469
37	3640	1.51706	0.101739	0.9082	0.9077	0.8886	0.9925	0.99995	1	1	0.0213	0.0019	0.8808	0.9768	1	0.86605	0.84545	0.74915
37	3641	1.56473	0.134807	0.99975	0.9998	0.9996	0.9982	0.9997	1	1	0.01745	0.01305	0.9996	0.9902	1	0.9996	0.96025	0.85335
37	4173	2.45342	0.132327	1	1	1	0.9884	0.98015	1	1	0.77595	0.0103	1	0.97825	0.99995	1	0.97005	0.8916
37	4174	0	0	0	0	0	0	0	0	0	0	0	0	0	0	0	0	0
37	4930	1.60273	0.189426	0.63985	0.6327	0.82495	1	1	0.8193	0.76535	0.408	0.01355	0.5321	1	0.7494	0.4953	0.49025	0.43875
37	4964	1.8031	0.0920772	0.25955	0.25905	0.1874	0.22785	0.22665	0.1116	0.10405	0.0436	0.01885	0.1735	0.16985	0.0032	0.09985	0.0624	0.00215
38	405	6.15265	0.180043	0.06785	0.05635	0.0114	1	1	0.0073	0.0037	0.15905	0.1619	8e-04	1	0	0	0	0
38	436	3.33858	0.267264	0.1065	0.0953	0.04055	0.0046	0.0027	0.12605	0.03485	1	0.00135	0.01365	0	0.0027	0	0	0
38	454	2.71985	0.101077	0.7105	0.70115	0.6349	1	1	0.7694	0.76895	0.54965	1	0.59935	1	0.6531	0.5407	0.5226	0.4213
38	1028	2.61414	0.16659	0.151	0.14255	0.0697	0.21745	0.0337	0.06335	0.054	5e-05	1	0.0333	0.00015	0	0	0	0
38	1249	1.07138	0.152882	0.99715	0.99735	0.99945	0.1942	0.1836	0.9953	0.99925	0.0582	0.0795	0.9966	0.16245	0.9947	0.9964	0.15635	0.13105
38	1432	5.32617	0.136043	0.05785	0.0454	0.00705	1	1	0.0048	0.00335	0.154	0	3e-04	1	0	0	0	0
38	1481	0.962797	0.0890046	0.35915	0.3572	0.2124	0.9671	0.96825	1	1	0.19475	0.01425	0.15445	0.9171	1	0.02925	0.0279	0.0227
38	1543	3.32662	0.186978	1	1	0.0017	5e-05	0	0.00205	0.1067	0	0	1	0	0	0	0	0
38	1821	3.17885	0.158698	0.20215	0.3717	0.17605	0.12135	1	0.106	0.10515	0.1147	0.0567	0.15545	0.1171	0.09755	0.1076	0.10215	0.07865
38	2166	3.54359	0.0720511	0.02425	0.015	0.00625	0.00395	6e-04	1	1	0	0	2e-04	0	1	0	0	0
38	2232	2.33665	0.114261	0.1253	0.11935	0.05715	0.01225	0.0612	0.049	0.0449	0.0098	1	0.023	1e-04	5e-04	1e-04	0	0
38	2394	1.99138	0.148402	0.83685	0.83695	0.805	0.79875	0.80305	0.75385	0.7524	0.5043	0.496	0.80225	0.75005	0.67205	0.7531	0.66835	0.5005
38	2939	0.987404	0.108238	0.7154	0.7405	0.3669	0.0174	0.365	1	1	0.06865	1	0.5304	1e-04	1	0.0301	1e-04	1e-04
38	2949	2.41379	0.245347	0.2324	0.22975	0.134	0.07245	0.06285	0.9896	0.9894	0.02585	0.0081	0.1034	0.01285	0.98865	0.0155	0.00905	0.00775
38	2966	0.960331	0.160195	0.43055	0.42205	0.6371	0.019	0.01095	1	1	0.99845	0.1076	0.2974	2e-04	1	0.209	2e-04	0.00015
38	3059	2.71749	0.0911601	0.1724	0.1612	0.52715	0.0024	0.00105	1	1	0	0	0.068	0	1	1e-04	0	0
38	3687	1.05251	0.161694	0.9855	0.98465	0.98215	0.3023	0.38305	0.8099	0.80915	0.3993	1	0.9827	0.24695	0.7809	0.9807	0.24085	0.20995
38	4523	1.03255	0.151631	0.53305	0.53565	0.6072	0.1365	0.09915	0.9997	1	0.03695	0.99935	0.4146	0.00455	0.99965	0.36645	0.0042	0.00325
39	283	6.64084	0.156515	0.00075	4e-04	0	0	0	0	1	0	0	0	0	0	0	0	0
39	351	1.10927	0.145119	0.51665	0.50585	0.87185	0.09465	0.3731	0.9751	0.9579	1	0.76235	0.3219	0.03395	0.95375	0.2244	0.03155	0.02735
39	912	1.99543	0.384539	0.29655	0.2943	0.1954	0.2153	0.2802	0.90135	0.92795	0.079	0.0564	0.1654	0.16865	0.89275	0.0711	0.0655	0.05455
39	994	2.31576	0.0957136	0.8943	0.8902	0.87135	1	0.9997	1	1	0.00755	0.0023	0.85975	0.99965	1	0.84365	0.81915	0.71925
39	1169	0.629028	0.161738	0.9662	0.96555	0.97065	0.9391	0.9093	0.98205	0.95965	1	0.7696	0.9573	0.86185	0.9233	0.95275	0.82105	0.66515
39	1180	7.34361	0.119773	0.03795	0.0017	0.00255	0	0	0	1	0	0	0	0	0	0	0	0
39	1191	1.95957	0.145059	0.0225	0.0807	0.00295	0.00035	0	0.00105	0.00475	0	5e-05	0.0044	0	0	0	0	0
39	1452	1.94867	0.11299	0.0198	0.0157	0.0176	0.00045	0.0061	0.00255	0.00915	0	0	3e-04	0	0	0	0	0
39	2281	3.52964	0.180579	0.18905	0.18265	0.09435	0.99985	0.99995	0.08615	0.0794	0.00235	3e-04	0.05965	0.99985	5e-05	0.0033	0.003	0
39	2362	2.62191	0.269441	0.0919	0.08115	0.0297	0.0348	0.00195	0.02335	0.0197	1	0.00025	0.00785	0	0	0	0	0
39	3102	1.03424	0.103782	0.9177	0.91945	0.9113	0.92195	0.9215	1	1	0.04395	0.0586	0.90755	0.9209	1	0.90325	0.87245	0.7381
39	3364	1.61795	0.116054	0.9835	0.9267	0.8991	0.00865	0.017	1	1	5e-05	0.0069	0.9184	4e-04	1	0.89415	4e-04	4e-04
39	3366	1.96895	0.103649	0.7456	0.68595	0.32865	0.0146	0.0503	0.3155	0.31205	3e-04	0.184	0.63965	0.00415	0.1832	0.19505	0.00355	0.00215
39	3735	1.61645	0.113253	0.9925	0.9924	0.99695	1	1	1	1	1	1	0.98625	1	1	0.9826	0.9495	0.7988
39	3922	0	0	0	0	0	0	0	0	0	0	0	0	0	0	0	0	0
39	4129	4.29724	0.177105	0.048	0.03965	0.00755	5e-05	2e-04	0.0041	0.0034	1	0	0.00065	0	0	0	0	0
39	4508	2.3014	0.059725	0.754	0.72315	0.52585	0.59095	0.4387	0.6595	0.66045	0.3376	0.1311	0.65645	0.40515	0.6487	0.4429	0.3704	0.2842
39	4599	3.56008	0.123645	0.03995	0.03445	0.0049	8e-04	0.0015	0.00565	1	5e-05	1e-04	0.00085	0	0.0018	0	0	0
39	4652	5.72661	0.117814	0.1172	0.10955	0.04495	0.0786	0.00315	0.99945	0.99945	0	0.00155	0.0198	0	0.99945	5e-05	0	0
40	266	2.18049	0.116555	0.0742	0.06965	0.1258	0.00455	0.00045	1	1	0	5e-05	0.00275	0	1	0	0	0
40	275	1.61817	0.205126	0.1649	0.15045	0.2114	0.02975	0.01645	1	1	0.70285	0	0.02425	0	1	0.0015	0	0
40	549	1.21997	0.0739303	1	1	1	0.00125	0.00225	0.01975	0.017	0.03495	0	1	0	0	1	0	0
40	595	1.29263	0.129983	1	1	1	0.0018	0.00075	0.02435	0.08685	0.0011	0	1	0	0	1	0	0
40	745	2.31953	0.253353	0.3415	0.3365	0.1177	0.99285	0.99845	0.10735	0.09535	1	0.01475	0.1929	0.98115	0.00045	0.0015	0.00105	0
40	1085	1.82625	0.139884	0.4477	0.4477	0.34665	0.0624	0.1829	0.9375	0.5673	9e-04	0.99995	0.26655	0.0102	0.53865	0.03685	0.0082	0.00635
40	1595	5.22313	0.166606	0.018	0.0121	0.0072	0	0	0.0029	1	0	0	0	0	0	0	0	0
40	2289	2.90037	0.321146	0.9994	0.9994	0.9994	0.01425	0.03395	0.07395	0.4194	0.01115	0.00305	0.99935	0.00135	0.0062	0.9993	0.00125	0.00095
40	2795	4.24096	0.228076	0.26645	0.24965	0.1152	0.4316	0.31675	1	1	0.01095	1	0.0621	0.00065	1	5e-05	0	0
40	3267	1.36098	0.13193	1	1	1	0.9964	0.99995	0.998	0.99985	0.9964	0.0071	1	0.9956	0.99725	1	0.9809	0.87215
40	3479	2.48026	0.174478	0.12685	0.1199	0.05025	0.02865	0.00425	1	1	5e-05	1e-04	0.01875	1e-04	1	0.00025	0	0
40	3588	3.49126	0.310709	0.1015	0.0938	0.03805	0.00435	0.0169	0.02945	0.0265	1	0	0.0166	0	0	1e-04	0	0
40	4789	1.80654	0.09685	0.20055	0.09755	0.02965	0.0021	0.0656	0.0237	0.01855	1	5e-05	0.0264	0	0	0	0	0
40	4873	2.43747	0.170645	0.1325	0.12325	0.0543	0.0099	0.00505	1	1	0.03335	0.01445	0.02475	5e-05	1	0.00015	0	0
40	4877	6.15253	0.117671	0.0329	0.02425	0.00775	5e-05	0	1	1	0	0	0.00015	0	1	0	0	0
40	4899	0.756961	0.0875735	0.9532	0.9528	0.9356	1	0.99995	0.9755	0.98485	0.31775	0.9959	0.93245	0.99995	0.96825	0.9058	0.88955	0.76665
40	4958	0.862245	0.0521381	0.4558	0.4854	0.5045	0.99885	0.9991	0.3446	0.3397	0.01085	0.02185	0.37	0.99865	0.29235	0.3211	0.3071	0.2191
40	4959	1.61758	0.146372	0.8744	0.87155	0.90885	0.92865	0.8821	1	1	0.10055	0.0053	0.84345	0.867	1	0.83065	0.78085	0.67145
40	4981	2.21841	0.253719	0.313	0.37315	0.30795	0.17385	0.10895	0.1313	0.0944	0.25985	0.0018	0.19975	0.02055	0.06505	0.05865	0.01035	0.00215
41	597	1.36809	0.347819	0.6922	0.6933	0.59145	0.98925	0.99965	0.9737	0.9503	0.6979	0.63935	0.5533	0.97255	0.90085	0.4268	0.41305	0.3514
41	619	8.03906	0.20845	0.053	0.047	0.0102	5e-05	0	0.0067	0.0225	0	1	0.001	0	0	0	0	0
41	876	1.28779	0.145796	0.25965	0.2498	0.572	0.02565	0.01885	1	1	0.95085	0.0021	0.07195	0.00655	1	0.0072	0.00395	0.003
41	913	2.82611	0.176704	1	1	1	0.3593	0.5926	0.56255	0.94665	0.9986	0.1998	1	0.254	0.4196	1	0.24535	0.19875
41	1262	2.11688	0.084777	0.9043	0.9039	0.8904	0.99985	1	0.21165	0.5551	0.3334	0.0011	0.8846	0.9998	0.00805	0.8746	0.7578	0.00705
41	1274	3.06123	0.137837	1	1	1	1	1	0.91905	0.9208	0.4847	0.00565	1	1	0.8814	1	0.99265	0.80525
41	1410	4.59908	0.263116	0.097	0.0839	0.0337	0.004	0.02895	0.02995	0.0238	1	0	0.01205	0	0	0	0	0
41	1426	4.30309	0.234813	1	1	1	1	1	1	1	0.66255	0.6617	1	1	1	1	0.9971	0.94545
41	1660	1.40037	0.145958	0.19025	0.1839	0.0983	0.03705	0.02985	0.96275	0.82335	6e-04	6e-04	0.06705	0.00055	0.8191	0.0012	5e-05	5e-05
41	2066	2.46181	0.253105	0.07565	0.28355	0.04755	0.00255	0.07925	0.00845	0.00525	0	1	0.0137	0	0	0	0	0
41	2342	3.51458	0.223828	0.03595	0.02885	0.0035	1	0	0.08655	0.01585	0	0	7e-04	0	0	0	0	0
41	2674	1.20218	0.265168	0.9851	0.97655	0.98355	0.97005	0.89095	0.99905	0.999	1	0.6201	0.96585	0.7893	0.99785	0.9326	0.7527	0.63635
41	2715	1.39315	0.250587	0.233	0.2247	0.1076	0.05765	0.0391	1	1	0.1042	0.99985	0.06425	0.0023	1	0.0079	0.00165	0.0014
41	2772	2.41128	0.228442	0.4592	0.2695	0.30875	0.00855	0.02735	1	1	0.2211	0	0.167	0.00075	1	0.0824	0.00075	6e-04
41	3013	2.1538	0.29613	0.2494	0.23935	0.23665	0.0331	0.26625	0.99995	0.99995	0.0048	0.0306	0.13805	0.0198	0.99995	0.07755	0.01835	0.0151
41	3602	1.46878	0.240168	0.53465	0.53485	0.7003	0.16105	0.52705	1	1	0.015	0.3486	0.4157	0.07315	1	0.35025	0.0678	0.0558
41	4587	0.717728	0.091761	0.9999	0.9999	0.9999	1	1	0.2583	0.2453	0.0093	0.8192	0.9999	1	0.1563	0.9999	0.9319	0.13575
41	4592	2.27208	0.0766199	1	1	1	0.99995	0.9999	1	1	1	0	1	0.9999	1	1	0.9796	0.8907
41	4655	1.17539	0.0816541	0.1997	0.18525	0.09045	0.0126	0.0065	1	1	0	1	0.03165	8e-04	1	0	0	0
42	596	2.1015	0.270816	0.5551	0.5557	0.4649	0.5014	0.9571	0.1967	0.18545	0.17155	0.11805	0.48935	0.47965	0.05075	0.3999	0.31745	0.0395
42	877	1.19878	0.203255	0.8524	0.8248	0.7631	0.8838	0.88385	0.79955	0.7989	0.55	0.49415	0.78145	0.875	0.7953	0.70985	0.6902	0.59705
42	1447	2.94254	0.263451	0.3101	0.3078	0.20465	0.9885	0.9916	0.2295	0.5306	0.0929	0.04885	0.1705	0.98755	0.0538	0.09325	0.0865	0.0409
42	1859	2.51332	0.168453	0.999	0.9956	0.9973	1	1	0.92625	0.92965	0.6254	0.6294	0.994	1	0.8773	0.9916	0.9628	0.75585
42	1992	1.34533	0.278373	1	1	1	0.9311	0.9437	0.3432	0.19155	0.04525	0.52885	1	0.92925	0.01505	1	0.77275	0.0117
42	2042	1.74631	0.147276	0.82195	0.8291	0.1751	0.6609	0.17445	1	1	0.0048	0.0014	0.68655	0.05425	1	0.01515	0.0108	0.009
42	2184	4.06025	0.205902	0.33135	0.32165	0.2148	0.06365	0.05295	0.98725	0.98705	0.5862	0.1833	0.17135	0.0147	0.98695	0.10285	0.0138	0.0122
42	2332	3.7934	0.195975	0.77135	0.76685	0.68115	1	1	0.15985	0.14665	0.26805	0.00675	0.7303	1	0.0071	0.64205	0.60985	0.0065
42	2450	2.33275	0.228689	0.1186	0.112	0.04345	0.00615	0.01705	0.09585	0.0814	1	0.12065	0.0175	0	5e-04	0	0	0
42	2715	4.99801	0.206001	0.08175	0.07105	0.0244	0.00295	0.00455	0.0205	0.01485	1	0	0.00445	0	0	0	0	0
42	2870	1.98868	0.101455	0.01465	0.0122	0.0022	1e-04	0	6e-04	0.001	0.00635	0	0.001	0	0	0	0	0
42	3357	1.47162	0.115174	0.19365	0.1636	0.07695	0.0024	0.0011	0.0662	0.40745	0	1	0.03775	0	0.00015	0	0	0
42	4229	3.58804	0.116662	1	1	1	0.42555	0.42795	0.50725	0.50525	0	0	1	0.42475	0.38435	1	0.401	0.2177
42	4339	4.13356	0.111433	0.99635	0.998	0.9918	0.97805	0.97785	0.9998	0.9998	0.53295	0.10265	0.99455	0.96095	0.9998	0.98745	0.91425	0.61505
42	4452	0	0	0	0	0	0	0	0	0	0	0	0	0	0	0	0	0
42	4847	2.14136	0.204226	1	1	1	1	1	0.9628	0.9622	0.69425	0.875	1	1	0.9333	1	0.9884	0.85145
43	17	0	0	0	0	0	0	0	0	0	0	0	0	0	0	0	0	0
43	752	2.27281	0.161931	0.27175	0.274	0.21215	0.01955	0.0148	0.07105	0.2383	5e-04	1	0.18075	5e-05	5e-05	0.15525	0	0
43	874	3.52273	0.292938	0.094	0.0863	0.1482	0.0409	0.00815	0.11605	0.0202	0.0057	1	0.007	0.00165	0	0	0	0
43	996	2.47098	0.205513	0.99035	0.99085	0.98925	0.32755	0.42765	1	1	0.7532	0.16175	0.98875	0.2297	1	0.98785	0.22405	0.1973
43	1670	1.71491	0.204651	1	1	0.9971	0.06635	0.14425	0.10625	0.21365	6e-04	0.17715	1	0.02475	2e-04	0.9961	0.01935	2e-04
43	2010	1.62778	0.0520862	0.3215	0.32115	0.21325	0.21215	0.1991	0.97715	0.9999	0.0185	0.0151	0.1886	0.1397	0.97505	0.0759	0.06515	0.0547
43	2200	0	0	0	0	0	0	0	0	0	0	0	0	0	0	0	0	0
43	2240	2.00049	0.0850132	0.0086	0.00655	0.00055	0	0	0.0089	0.00095	0	0	2e-04	0	0	0	0	0
43	2985	2.71289	0.0676713	0.09215	0.08305	0.02855	0.0022	0.0011	1	1	0	0	0.00535	0.00015	1	0	0	0
43	3208	2.95556	0.0745953	0.03725	0.034	0.00375	0.00025	1	0.0033	0.0019	0	0	8e-04	0	0	0	0	0
43	3449	4.54893	0.374312	0.4527	0.24725	0.0718	0.01325	0.0079	0.06	0.0509	1	0.0038	0.14945	0	0	0.0061	0	0
43	3969	1.88463	0.238456	0.16735	0.1586	0.19165	0.0637	0.01035	1	1	0.16135	0.00055	0.03685	4e-04	1	1e-04	0	0
43	4253	2.13456	0.222934	0.12415	0.12345	0.0537	0.1181	0.08355	1	1	0.00295	0	0.02025	0.0096	1	0	0	0
43	4263	4.56237	0.0846725	0.07305	0.0647	0.0122	1e-04	0.00095	1	1	0.16305	0.1652	0.00135	0	1	0	0	0
43	4265	2.14638	0.110595	1	1	1	0.99995	1	1	1	0.0106	0.5108	1	0.99975	1	1	0.9652	0.8209
43	4276	4.50207	0.148288	0.12525	0.3595	0.2266	0.009	4e-04	1	1	0	0.19025	0.0263	0	1	0	0	0
43	4278	3.59705	0.0853548	0.76795	0.37265	0.13735	0.00445	0.7401	1	1	0.1842	0	0.25525	0	1	0	0	0
43	4336	4.4173	0.101618	0.4251	0.0672	0.00565	1	1	0.0048	0.0224	0	0	0.00485	1	0	0	0	0
43	4748	1.82964	0.114887	0.1799	0.37965	0.15065	0.00265	0.01245	1	1	0	1e-04	0.08115	0	1	0.00015	0	0
43	4766	1.89075	0.0922406	0.451	0.44365	0.2318	1	1	0.5052	0.50535	0.319	0.3182	0.30065	0.9947	0.33485	0.0675	0.0637	0.047
43	4985	2.61033	0.156191	0.99865	0.9987	0.99845	0.992	0.9993	0.1444	0.1259	0.327	0.31385	0.9985	0.9912	5e-05	0.99845	0.8969	5e-05
44	10	1.36026	0.115706	0.78785	0.65105	0.3143	0.9998	0.99945	0.6647	0.28945	0.99685	0.96815	0.46645	0.9983	0.02995	0.0244	0.0215	0.0084
44	1198	1.92506	0.157481	0.19505	0.1708	0.02385	0.0035	0.00255	0.018	0.0147	0.00065	0.0315	0.0971	5e-05	0	0.0012	5e-05	0
44	1631	2.97582	0.144969	0.3649	0.3625	0.21385	0.9772	0.9759	0.18865	0.1735	0.40255	0.00635	0.17085	0.96975	0.00065	0.0181	0.0129	3e-04
44	2904	3.94071	0.129632	0.0308	0.023	0.0029	5e-05	0.00015	0.01325	1	0	0	0	0	0	0	0	0
44	3582	1.65109	0.250784	0.47645	0.5978	0.21495	0.09565	0.2033	1	1	0.4802	0.88665	0.2962	0.00365	1	0.0062	0.00155	0.0013
44	3632	5.01771	0.214113	0.1331	0.1212	0.275	0.01255	0.011	0.0456	0.04135	0.98935	0.00055	0.0296	0.00315	0.00405	0.005	0.0024	0.0017
44	4854	3.22243	0.190799	0.39995	0.28285	0.37835	0.03045	0.1345	0.99985	0.99985	0.00025	6e-04	0.15145	6e-04	0.99985	0.0014	2e-04	2e-04
44	4949	1.97317	0.0599919	0.02415	0.02115	0.005	0.001	5e-05	0.00345	0.0019	0	0.00455	0.00105	0	0	0	0	0
45	1062	1.95924	0.0646677	0.10435	0.31375	0.0521	0.00015	2e-04	0.00655	0.0044	0	0	0.05855	0	0	5e-05	0	0
45	1285	1.8915	0.111331	0.04965	0.04725	0.01685	0.03675	0.0013	0.0905	0.03745	1e-04	1e-04	0.00625	0	0.01165	0.00065	0	0
45	1844	1.77732	0.215695	0.0994	0.095	0.03335	0.06175	0.20335	0.02875	0.0254	0.0136	1	0.0107	5e-04	0.00045	0	0	0
45	2381	1.62345	0.244895	0.65405	0.64905	0.59625	0.5195	0.5873	0.44215	0.4399	0.73	0.22085	0.58245	0.4496	0.23915	0.5206	0.363	0.1817
45	2956	4.20502	0.18163	0.1879	0.1814	0.24945	0.02175	0.0152	1	1	8e-04	0.013	0.0647	0.00015	1	0.01925	1e-04	5e-05
45	3055	1.98095	0.0966055	0.0193	0.0172	0.0035	7e-04	0.00085	0.0025	0.00135	0	0	5e-04	0	0	0	0	0
46	77	2.57764	0.263304	0.12215	0.118	0.04985	0.0374	0.0455	1	1	1e-04	1e-04	0.02145	0.0306	1	0	0	0
46	81	2.14079	0.123733	0.9996	0.99955	0.99955	1	1	0.87805	0.87705	0.46835	0.0026	0.9995	1	0.8165	0.9995	0.96505	0.69395
46	256	3.97341	0.106661	0.1961	0.18645	0.4341	1	1	0.08235	0.0713	0.2163	5e-05	0.04895	1	2e-04	0.0016	0.00135	5e-05
46	577	2.98983	0.127684	0.012	0.0081	0.0011	0	0	0	0	1	0	5e-05	0	0	0	0	0
46	740	2.71066	0.136824	0.56715	0.5619	0.63525	0.026	0.01095	1	1	0.2556	0.1144	0.5162	0	1	0.5112	0	0
46	873	1.25054	0.0820023	0.37205	0.4739	0.4064	0.99935	1	0.12545	0.10995	1	1e-04	0.20105	0.99935	0	0.0158	0.0133	0
46	876	3.44344	0.0909764	0.3474	0.3366	0.1736	1	0.9979	1	1	0.34805	0.34895	0.106	0.96805	1	0.0044	0.00435	0.0041
46	942	2.43504	0.202724	0.9247	0.92585	0.9092	0.74785	0.99925	1	1	0.59	0.58765	0.9031	0.7169	1	0.88995	0.69485	0.6171
46	943	2.83678	0.0868043	0.67225	0.89645	0.28865	0.13815	0.95265	1	1	1	0.42835	0.51035	0.0261	1	0.02135	0.01505	0.01275
46	953	4.40655	0.123719	1	1	1	0.05435	0.99635	1	1	0.445	0.4503	1	0.0026	1	1	0.00235	0.00195
46	966	1.74741	0.0990929	0.19295	0.1836	0.05355	0.00715	0.09085	0.1729	0.03785	0.25245	1	0.09455	0	5e-05	3e-04	0	0
46	1005	2.47514	0.0593669	0.09175	0.0842	0.02835	0.0018	0.0133	1	1	0	0	0.00765	0	1	0	0	0
46	1061	1.86985	0.189655	0.9994	0.9996	0.9998	0.9591	0.9915	0.9932	0.9984	0.6408	0.64615	0.999	0.94155	0.9904	0.9975	0.9239	0.81565
46	1294	2.10487	0.179465	0.09915	0.09135	0.03415	0.0148	0.0417	1	1	5e-05	0	0.0097	0	1	0	0	0
46	2505	3.05774	0.153567	1	1	1	1	1	0.94175	0.94255	0.63815	0.62935	1	1	0.9019	0.99995	0.9812	0.80335
46	2559	1.9387	0.164925	0.42985	0.4311	0.34535	0.1142	0.10125	0.1279	0.1233	0.12175	0.00245	0.3612	0.0482	0.03545	0.308	0.03595	0.0154
46	3569	2.41859	0.256543	0.47665	0.4705	0.38515	1	0.99685	0.16545	0.1507	0.33405	0.99995	0.3442	0.99585	0.01745	0.2984	0.25545	0.0148
46	4581	5.97859	0.186826	0.37615	0.4123	0.2017	0.4858	0.4891	1	1	0.3054	0.30755	0.20195	0.30975	1	0.02965	0.02725	0.02395
46	4727	1.26353	0.156873	0.5773	0.5716	0.64805	0.4683	0.4586	0.9989	0.99895	0.48685	0.427	0.46485	0.42395	0.9989	0.3766	0.35035	0.30755
47	1947	2.35955	0.199462	0.0626	0.0504	0.0114	0.00115	0.0095	0.0117	0.16975	0	1	0.00105	0	0.00035	0	0	0
47	2490	4.67999	0.168277	0.1709	0.17165	0.08745	0.0332	0.02525	0.98545	0.9854	0.00725	0.00105	0.05615	0.0103	0.98515	0.0109	0.0085	0.00735
47	2632	5.61233	0.175573	0.12155	0.12075	0.0529	0.00735	0.00385	1	1	0	0	0.0212	0	1	0.00015	0	0
47	2773	0	0	0	0	0	0	0	0	0	0	0	0	0	0	0	0	0
47	2787	4.25187	0.0906197	0.27055	0.68535	0.0658	1	1	0.05315	0.0423	0.21825	0	0.1496	1	0	5e-05	0	0
47	2804	3.73978	0.0507793	1	1	1	0.84195	0.40465	0.1231	0.00515	0.30765	0	1	0.05765	0	1	0.0404	0
47	3139	2.14346	0.136805	0.99985	0.9997	0.97905	0.06605	0.0577	0.11725	0.1082	0.0027	0.00215	0.99965	0.00875	9e-04	0.97725	0.00735	0.00015
47	3150	4.3388	0.194737	0.1525	0.1445	0.07195	0.011	0.00695	1	1	0.1679	1e-04	0.03505	5e-05	1	0.00535	5e-05	5e-05
47	3214	1.16344	0.106054	0.0936	0.08315	0.0626	1	1	0.01465	0.06065	0	0	0.0151	1	0	0	0	0
47	3293	1.58584	0.0736884	1	1	1	0.877	0.87735	0.14875	0.1245	0.3979	1	1	0.82075	0.0037	1	0.7217	0.0032
47	3300	3.45928	0.117612	0.31875	0.29415	0.8937	1	1	0.40795	0.4049	0.1923	0	0.1915	1	0.2465	0.1738	0.1485	0.05395
47	3314	2.60701	0.0884982	0.99745	0.9974	0.9968	1	0.9996	1	1	0.50445	0.0038	0.99665	0.99665	1	0.996	0.961	0.82185
47	3319	6.0543	0.160837	0.05945	0.04995	0.0056	1	1	0.00325	0.00255	0.1511	0	0.0099	1	0	0	0	0
47	3323	4.42592	0.109112	1	1	1	1	1	0.98395	0.98525	0.6644	0.658	1	1	0.97485	1	0.99945	0.95185
47	3612	2.78784	0.278813	0.0742	0.13775	0.0118	0.0061	0.03	0.00885	0.00585	1	0	0.01525	5e-05	0	0	0	0
47	3682	4.01813	0.237449	0.10605	0.0939	0.1087	1	1	0.35625	0.357	0.207	0	0.00425	1	0.2111	5e-05	5e-05	5e-05
47	3683	2.10347	0.130442	0.43595	0.4296	0.28715	0.9774	0.99845	1	1	0.3461	0.0052	0.23335	0.9757	1	0.09565	0.09225	0.0771
47	4733	3.83072	0.129411	0.12205	0.11215	0.0453	0.0061	0.01255	0.20935	0.19885	1	0	0.0171	0	3e-04	0	0	0
48	436	1.57853	0.171119	0.17785	0.17335	0.23825	0.19815	0.01895	0.9981	0.9999	4e-04	0.01625	0.04825	0.00035	0.99805	0.00305	0.00025	1e-04
48	923	2.00379	0.187383	0.24435	0.23375	0.84185	0.54165	0.23555	0.09495	0.9615	0.00215	0.99955	0.0438	0.00275	0.00055	0.0033	4e-04	1e-04
48	1251	1.32495	0.174824	0.9575	0.96805	0.8584	0.24625	0.683	0.1733	0.16055	0.99885	1	0.9472	0.05405	0.02315	0.8379	0.04245	0.0138
48	1873	0.976891	0.125323	0.60075	0.681	0.21825	0.5442	0.54095	0.9999	0.9999	0.0019	1	0.39395	0.53655	0.9999	0.05805	0.05445	0.0462
48	1901	0.815749	0.0847579	0.8974	0.94915	0.8316	0.7281	0.99935	1	1	0.8931	0.6306	0.8621	0.6964	1	0.79495	0.66645	0.57625
48	2007	1.50237	0.115046	0.68575	0.68325	0.64245	1	1	0.15465	0.60495	0.31325	0.00125	0.6214	1	0.0067	0.47655	0.39825	0.00515
48	2023	3.33025	0.0625678	0.15545	0.61005	0.03555	0.99775	0.99775	0.0185	0.1033	0	0	0.04065	0.99775	0	0.01	0.0084	0
48	2026	4.7253	0.174029	0.14705	0.13785	0.05295	0.75865	0.7594	0.0437	0.03465	0.22165	1	0.01275	0.75845	0	5e-05	0	0
48	2225	1.99431	0.0990972	0.8426	0.84665	0.76595	0.79965	0.79795	0.64385	0.64515	0.4717	0.02135	0.8153	0.74435	0.5238	0.7277	0.6007	0.3235
48	2546	5.17442	0.295	0.16125	0.16015	0.0859	0.0292	0.0204	0.07915	0.0759	0.0011	1	0.04965	0.00235	0.0056	0.00085	5e-05	0
48	2698	2.93121	0.258657	0.085	0.07725	0.02055	1	1	0.0653	0.19345	0	0.00625	0.00425	1	0	0.00055	5e-04	0
48	2859	1.27698	0.068859	0.9976	0.9976	0.9957	1	1	0.78875	0.904	0.3098	0.8189	0.9969	1	0.69305	0.99385	0.94525	0.5951
48	2969	0.646764	0.0767611	0.7543	0.74775	0.65175	0.99015	0.87555	0.6433	0.34045	0.0852	1	0.69085	0.84755	0.00015	0.59885	0.41715	1e-04
48	3186	1.45726	0.196956	1	1	0.99945	0.14995	0.12585	0.9961	0.9999	0.32245	0.22895	1	0.0415	0.9929	0.99935	0.0399	0.0347
48	4326	1.75106	0.126356	0.18945	0.2378	0.0686	1	1	0.12845	0.1835	0	0.0529	0.0684	1	1e-04	0.0018	0.00165	5e-05
48	4333	3.61551	0.175789	0.21335	0.20885	0.1007	0.0208	0.0129	1	1	0.0046	1	0.05145	0	1	6e-04	0	0
48	4476	1.86341	0.0575557	0.9336	0.93335	0.92495	1	1	0.25255	0.24345	0.31005	0.00605	0.91995	0.998	0.0622	0.91325	0.8142	0.0522
48	4520	1.77995	0.144244	0.18565	0.1762	0.08025	0.99615	1	0.37785	0.3771	0.225	0.0061	0.0376	0.9934	0.21975	0.00105	0.00095	7e-04
48	4521	2.53335	0.251972	0.9992	0.99925	0.9989	1	1	0.94	0.9412	0.62265	0.58755	0.9991	1	0.9024	0.9988	0.9815	0.80905
48	4534	1.96901	0.0994932	0.4949	0.49655	0.3927	0.99185	0.9988	0.5388	0.5389	0.31065	0.01105	0.36905	0.9864	0.3987	0.27665	0.25935	0.17475
48	4539	2.67832	0.0998792	1	1	1	1	1	0.9052	0.90325	0.4959	0.05255	1	1	0.8563	1	0.98205	0.75385
48	4783	5.45062	0.147273	1	1	1	1	1	0.01615	0.1239	0.27095	0	1	1	0	1	0.96285	0
48	4919	2.94129	0.212707	0.26	0.25895	0.1538	0.12145	0.2812	0.9958	0.9963	0.01235	0.0877	0.1235	0.07245	0.9955	0.0288	0.02565	0.02165
49	46	1.93209	0.228733	0.9718	0.9718	0.97475	0.6766	0.97515	0.9916	0.99215	0.14585	0.94645	0.9621	0.6413	0.98815	0.9561	0.6166	0.51335
49	719	1.3172	0.140994	1	1	0.99995	1	1	0.9984	0.99415	0.10575	0.0511	1	1	0.99045	0.99995	0.97785	0.8305
49	725	1.69842	0.0386402	0.0809	0.0725	0.01935	1	1	0.014	0.0108	3e-04	0.10385	0.0038	1	0	0	0	0
49	734	3.60484	0.16753	0.26735	0.26515	0.2186	0.22595	0.2696	0.92205	0.9269	0.0234	0.03425	0.1289	0.1021	0.9162	0.0525	0.04545	0.03385
49	778	3.5671	0.180934	0.9204	0.917714	0.885714	0.924629	0.914114	0.963143	0.963029	0.445886	0.0587429	0.881143	0.8772	0.960971	0.821257	0.761771	0.479029
49	798	3.74267	0.210402	0.2333	0.21225	0.2907	0.92035	0.98655	1	1	0.2532	0.0692	0.0239	0.9051	1	5e-05	5e-05	5e-05
49	896	0.883964	0.0631513	0.9857	0.99055	0.9833	0.09305	0.01305	1	1	7e-04	0	0.98405	0.00365	1	0.98245	0.00355	0.00325
49	1027	2.31591	0.0587303	0.0841	0.07345	0.02195	1	1	0.01615	0.01125	0.15935	0	0.0031	1	0	0	0	0
49	1582	0	0	0	0	0	0	0	0	0	0	0	0	0	0	0	0	0
49	1714	1.564	0.0856156	0.1378	0.1275	0.06265	0.0105	0.0489	1	1	0.00035	0.0034	0.02765	5e-05	1	1e-04	0	0
49	1930	2.80957	0.17603	0.5186	0.51125	0.40535	1	1	0.59	0.90455	0.4052	0.3249	0.3642	1	0.2737	0.27635	0.2663	0.1985
49	1956	5.10329	0.189369	0.36365	0.35755	0.31205	1	1	0.5104	0.51065	0.2793	0	0.3013	1	0.39385	0.29945	0.29235	0.2284
49	2171	0.910502	0.116355	0.79805	0.79355	0.8535	0.7839	0.74135	1	1	0.13915	0.99995	0.72365	0.5035	1	0.69145	0.4696	0.38905
49	2363	1.39886	0.124864	0.20975	0.2057	0.1018	0.02	0.01175	1	1	0.9119	0.00025	0.04895	0	1	0.00025	0	0
49	2365	2.32718	0.113221	0.8894	0.8885	0.8802	1	1	0.0845	0.07145	0.25585	0.00015	0.87695	1	0.0015	0.8749	0.80015	0.00125
49	4908	3.11807	0.167952	0.37265	0.2408	0.08515	0.8941	1	0.0748	0.06675	0.03235	6e-04	0.13265	0.89405	5e-05	0.0015	0.0012	0
50	143	1.96989	0.0921445	0.78	0.7744	0.7084	0.8997	0.5136	1	1	0.98135	0.6798	0.68635	0.42595	1	0.6108	0.406	0.35775
50	165	2.19017	0.163637	1	1	1	1	1	1	1	0.65775	0.6631	1	0.9999	1	1	0.98435	0.87685
50	692	3.161	0.245	0.08405	0.07685	0.02735	0.04035	0.0227	0.08245	0.01835	0	1	0.0068	0	0	0	0	0
50	1391	0.786812	0.0725177	0.15935	0.2177	0.0565	0.0113	0.00695	0.77645	0.7743	0.00015	0.15185	0.0605	5e-05	0.76935	0	0	0
50	1595	2.21242	0.189521	0.3976	0.3941	0.5081	1	1	0.9978	0.99765	0.388	0.39015	0.14245	1	0.9941	0.02125	0.02065	0.0182
50	1602	3.7253	0.228061	0.9871	0.98645	0.9792	0.9998	1	1	1	1	0.001	0.9786	0.993	1	0.9632	0.9245	0.84395
50	1616	2.35197	0.152328	0.31175	0.30375	0.176	0.99995	1	1	1	0.3098	0.0025	0.1193	0.99995	1	0.06205	0.05935	0.0508
50	1651	2.25902	0.181509	0.99595	0.99545	0.99435	0.99975	0.9999	0.5994	0.58875	0.9227	0.99445	0.9942	0.9996	0.3187	0.99225	0.895	0.27755
50	2425	1.83532	0.14862	1	1	1	0.99845	0.99985	0.99995	0.99995	0.50715	0.0357	1	0.99555	0.99995	1	0.9728	0.82955
50	2456	2.31615	0.194239	0.4134	0.22365	0.24205	0.0521	0.11925	1	1	0	0.12685	0.10425	0.001	1	7e-04	2e-04	2e-04
50	2779	2.83457	0.109187	0.83835	0.70655	0.32685	1	1	1	1	0.50535	1	0.551	1	1	0.06035	0.05895	0.05205
50	2929	3.83505	0.136682	0.9583	0.95895	0.953	0.0983	0.07835	0.93275	0.9334	0.00145	0	0.9529	0.0126	0.9324	0.9506	0.01105	0.0018
50	4421	2.30596	0.232051	0.15685	0.1521	0.1811	0.0391	0.06235	0.50545	0.99865	0.0019	0.0152	0.0668	0.02305	0.4906	0.0354	0.01965	0.01655
50	4447	3.13339	0.178418	0.48695	0.4745	0.4885	0.62895	0.5059	1	1	0.35865	0.3702	0.32905	0.3084	1	0.15895	0.14745	0.12645
51	849	3.61507	0.16864	0.03165	0.02405	0.0162	0	0	0.00205	1	0	0	0.0011	0	0	0	0	0
51	1489	1.68617	0.124024	0.9999	0.9999	1	0.816	0.99865	1	1	0.5532	1e-04	0.9999	0.63975	1	0.9999	0.6047	0.52385
51	2065	1.7838	0.131012	0.2397	0.2317	0.1339	0.0578	0.1999	0.999	1	0.0461	0.00115	0.1006	0.00595	0.999	0.01635	0.00385	0.00305
51	2435	3.05689	0.139848	0.629	0.6797	0.22285	0.1391	0.1239	1	1	0.0057	0.00395	0.5605	0.0697	1	0.0832	0.0502	0.0416
51	2748	3.07109	0.0910401	0.0724	0.062	0.01395	0.00065	6e-04	0.1196	0.9924	5e-05	0	0.0129	0	0.0081	0.00015	0	0
51	3024	2.10654	0.0499591	0.0518	0.0465	0.00835	0.00015	0	0.0061	0.0044	1	0	0.00185	0	0	0	0	0
51	3392	3.36601	0.155207	0.1173	0.11485	0.05305	0.00735	0.00425	0.0433	0.0381	0.00535	1	0.0245	0	5e-05	2e-04	0	0
51	3447	0	0	0	0	0	0	0	0	0	0	0	0	0	0	0	0	0
51	3819	2.26585	0.193983	0.50765	0.6662	0.2148	0.10855	0.0935	0.89015	0.8879	0.71085	0.1049	0.36785	0.00885	0.87475	0.01645	0.0063	0.00505
52	839	2.27547	0.20928	0.26505	0.25765	0.1537	0.9172	0.82655	0.1347	0.26275	0.00905	0.1515	0.1202	0.8119	0.00525	0.02205	0.0179	0.00305
52	1171	1.71281	0.144667	0.15645	0.151	0.0693	0.2021	0.42665	0.1753	0.0489	1	1e-04	0.03145	0.0213	0	0.0019	0.00075	0
52	1289	1.86674	0.0932281	0.9966	0.99595	0.9196	0.39795	0.26395	0.36645	0.3645	0.319	0.32295	0.9952	0.1984	0.24105	0.91025	0.1847	0.1287
52	1351	1.76149	0.198621	0.10795	0.09725	0.03305	0.0062	0.0034	0.02555	0.4817	0.99355	0.1704	0.01235	0	0	1e-04	0	0
52	1802	1.06476	0.294654	0.58645	0.5846	0.4827	0.6125	0.47915	0.74435	0.6751	0.85655	0.97395	0.4458	0.35525	0.62505	0.33435	0.29735	0.25415
52	1843	1.70086	0.115852	0.11845	0.2693	0.027	0.00665	0.00275	0.02205	0.01685	1	0.15275	0.03925	0	0	0	0	0
52	1849	2.28452	0.147465	0.02475	0.01825	9e-04	1	4e-04	0.00075	0.00175	0.01845	0.12965	0.00085	0	0	0	0	0
52	1851	1.52198	0.0764252	0.0642	0.05375	0.00745	0.9999	0	0.00355	0.00245	1	0.19895	9e-04	0	0	0	0	0
52	1864	1.92878	0.171101	0.09285	0.0934	0.0476	0.0287	0.0141	0.04625	0.04135	0.0086	0.08395	0.03005	3e-04	0.00075	0.00075	0	0
52	1871	1.06324	0.156566	0.52815	0.52245	0.438	0.57105	0.4497	0.8962	0.86065	0.42145	0.37845	0.40775	0.3235	0.85025	0.3086	0.2705	0.22805
52	1887	0.920702	0.181017	0.2592	0.4594	0.0715	0.2887	0.05825	1	1	1	0.2906	0.0918	0.00025	1	5e-05	0	0
52	1888	1.79754	0.192886	0.10015	0.0883	0.0288	0.92955	0.01045	0.07885	0.06335	0.5612	0.17525	0.0085	0.0022	0.00095	5e-04	3e-04	0
52	2030	1.81062	0.0951496	0.008	0.00525	0.02045	1	0	0.00045	9e-04	0	0	5e-05	0	0	0	0	0
52	2175	1.72116	0.105892	0.03005	0.024	0.0207	0.0077	1e-04	0.1492	0.89495	0	0	0.00025	0	0.01055	0	0	0
52	2180	1.53701	0.0919381	0.0339	0.02435	0.00275	0.9902	0	0.0084	0.00155	5e-05	0	0.0018	0	0	0	0	0
52	2220	3.38705	0.124163	0.00565	0.0325	4e-04	1	0	0	0	0	0	0	0	0	0	0	0
52	2287	2.54141	0.25079	0.10565	0.09705	0.04005	0.93035	0.03555	0.11745	0.3475	0.0056	0.0046	0.0181	0.0278	0.0606	0.0027	0.0026	0.002
52	2295	2.51635	0.184523	0.44495	0.4389	0.3185	0.73655	0.7225	1	1	0.3321	0.0039	0.27005	0.3237	1	0.15735	0.14295	0.11725
52	2752	1.84258	0.34263	0.1137	0.1127	0.0681	0.1005	0.08325	0.0752	0.06125	0.10925	0.1053	0.0439	0.02225	0.02435	0.01625	0.01275	0.0088
52	3079	3.84975	0.0884393	0.0645	0.0583	0.09895	1	5e-05	0.0065	0.00485	0	0.141	0.0102	0	0	0	0	0
52	3163	2.41134	0.237015	0.15285	0.1488	0.06815	0.01085	0.03485	1	1	0.0112	0.17455	0.0326	0	1	0	0	0
52	3373	2.98271	0.294939	0.28115	0.1663	0.1281	0.9816	0.11975	0.12685	0.12525	0.04105	0.188	0.1247	0.11755	0.119	0.1169	0.1073	0.0864
52	3875	1.38464	0.226885	0.40035	0.38485	0.65375	0.19515	0.68105	0.9402	0.91265	1	0.3934	0.1753	0.09205	0.72205	0.09615	0.0732	0.0617
52	4033	3.93112	0.236408	0.9524	0.9535	0.94585	0.24025	0.16905	0.32775	0.32605	0.0224	0.0099	0.94675	0.11825	0.181	0.94175	0.09	0.0147
52	4527	0	0	0	0	0	0	0	0	0	0	0	0	0	0	0	0	0
52	4940	2.30211	0.221012	0.1295	0.12245	0.0631	0.67615	0.0909	0.05775	0.0481	0.0398	0.13835	0.03115	0.07135	0.00045	0.00155	0.0012	2e-04
53	251	1.88304	0.0995925	0.0225	0.018	0.0027	0.17865	0	0.00245	0.0052	0	0	4e-04	0	0	0	0	0
53	253	2.88762	0.185589	0.07055	0.1787	0.0127	0.9998	0.0108	0.26195	0.00705	0.0126	0	0.0077	0.0056	0	0	0	0
53	261	1.42008	0.113218	0.08375	0.073	0.086	0.1543	0.05155	0.01655	0.02155	1	0.1538	0.0033	0.00025	1e-04	0	0	0
53	311	2.09727	0.236322	0.2102	0.20655	0.1125	0.98865	0.8494	0.28095	0.27335	0.01055	0.20385	0.0613	0.84155	0.00605	0.00395	0.0035	0.002
53	329	3.15143	0.241363	0.0678	0.05805	0.0161	0.00295	0.00035	0.0121	0.046	1	0	0.0025	0	0	0	0	0
53	334	2.13576	0.082128	0.0321	0.0243	0.0028	1	0	0.0015	0.001	0	0.1284	5e-05	0	0	0	0	0
53	2115	3.32993	0.213641	0.061	0.20735	0.00505	0	5e-05	1	1	0	0	0.00355	0	1	0	0	0
53	2623	1.67502	0.217181	0.41195	0.3957	0.2797	0.971	1	1	1	0.3825	0.25315	0.2322	0.9293	1	0.16395	0.1571	0.1357
53	3161	2.44478	0.165393	0.699	0.9371	0.03145	0.00865	0.00065	1	1	0	0	0.66195	0	1	0	0	0
53	3180	2.78084	0.186105	0.1747	0.16855	0.1934	0.01045	0.0061	1	1	0.00425	0.18175	0.0569	0	1	0.00025	0	0
53	3236	2.28644	0.18724	0.7309	0.5754	0.2749	0.94585	0.87095	0.23135	0.22095	0.35265	0.99975	0.43105	0.8316	0.0233	0.0641	0.0529	0.01395
53	3237	2.5058	0.167403	0.30775	0.2982	0.07915	0.89975	0.0208	1	1	0.00025	1	0.1496	0.00285	1	1e-04	0	0
53	3256	1.33428	0.150513	0.07255	0.0649	0.0169	6e-04	0.008	1	1	0.00045	0	0.0037	0	1	5e-05	0	0
53	3270	1.24894	0.126485	0.99305	0.9932	0.99885	0.9571	0.9592	1	1	5e-05	0.9994	0.99185	0.95635	1	0.9863	0.9239	0.815
53	3293	3.8565	0.155028	0.3218	0.3129	0.58255	0.0301	0.1509	1	1	5e-05	1	0.14	8e-04	1	0.07265	0.00075	0.00055
53	3396	2.35672	0.325382	0.0839	0.08075	0.0213	8e-04	0.0559	0.0125	0.01045	1	0	0.01745	0	0	0.00025	0	0
53	3474	2.62515	0.264883	0.15735	0.2396	0.05165	0.0742	0.02255	1	1	0	2e-04	0.05155	0	1	0	0	0
53	3705	3.65531	0.0797391	0.1256	0.39055	0.02215	0	0	1	1	0	0	0.09715	0	1	0	0	0
53	3749	1.33682	0.203363	0.16555	0.15515	0.21785	0.00495	0.0072	0.0466	0.1025	0.98935	1	0.0278	0	0	0.00055	0	0
53	3821	2.1696	0.0820207	0.113	0.1016	0.0416	0.1541	0.0094	0.0333	0.02615	1	0.15805	0.01615	0	1e-04	0	0	0
54	2408	1.67542	0.265787	0.8191	0.82215	0.76075	0.84905	0.959	1	0.99995	0.1033	0.99995	0.7445	0.8104	0.99995	0.68165	0.64015	0.53805
54	2806	4.09951	0.314989	0.14445	0.1369	0.0658	0.0992	0.01185	0.05765	0.04925	0.00075	1	0.03535	0.00045	0.00025	0.00025	0	0
54	3067	0.962051	0.136735	0.73935	0.62695	0.8516	0.2239	0.9184	0.76755	0.9735	1	0.98475	0.43785	0.128	0.59955	0.20535	0.1122	0.09265
54	3446	3.48132	0.234333	1	1	1	0.02375	0.006	0.0352	0.0309	0.1709	0.00035	1	5e-05	0	1	5e-05	0
54	3772	1.78448	0.20741	0.36695	0.36355	0.29035	0.43745	0.30825	0.1794	0.17825	0.19895	0.1605	0.2772	0.2574	0.0429	0.19805	0.13035	0.0319
54	4058	1.5449	0.208257	0.999	0.9975	0.99555	0.94605	0.94105	0.99995	0.99985	0.9927	0.31065	0.99675	0.87325	0.99975	0.9938	0.84175	0.70055
54	4975	1.60506	0.223085	0.99785	0.9977	0.99995	0.1301	0.14545	0.1656	0.33945	0.94265	0.00365	0.9975	0.0043	8e-04	0.99735	0.00355	0
55	182	0.760745	0.105364	0.8821	0.9162	0.98375	0.0242	0.9805	0.0673	0.1916	1	0.00045	0.85725	0.0011	5e-05	0.84515	9e-04	0
55	345	1.19527	0.0736268	0.10425	0.0949	0.03275	0.01265	7e-04	1	1	0	0	0.0105	0	1	0	0	0
55	2083	1.54635	0.287032	0.20475	0.2009	0.12435	0.04675	0.11	0.3855	0.5985	0.0134	0.14315	0.11845	0.01835	0.35735	0.05895	0.01705	0.0142
55	3931	1.36624	0.213067	0.0744	0.14595	0.1028	0.0013	0.0016	1	1	0	0	0.00575	0	1	0	0	0
55	4363	1.31441	0.0592304	0.06055	0.0544	0.01285	0.00025	0.0014	0.0157	0.0072	1	0	0.00145	0	0	0	0	0
55	4460	2.31061	0.199847	0.36355	0.3634	0.24105	0.17955	0.2921	1	1	0.2426	1	0.17905	0.13525	1	0.0878	0.085	0.07465
55	4893	0.676548	0.14839	0.99415	0.98505	0.9533	0.95355	0.99875	0.66695	0.65745	0.98535	0.53165	0.97925	0.9218	0.1336	0.94275	0.74795	0.1109
56	1187	1.76264	0.220227	0.26975	0.1708	0.0429	0.00545	0.0122	0.153	0.0287	0.9999	0.0026	0.091	5e-05	0	4e-04	0	0
56	1255	1.45686	0.154008	0.12905	0.1239	0.14265	0.0223	0.0136	0.11615	0.09705	1	0.00035	0.04725	0	1e-04	0.02205	0	0
56	1696	4.50117	0.228414	0.0739	0.06775	0.0056	0.01795	0.0028	0.09625	0.007	0.9997	0	0.0212	0	0	0	0	0
56	1775	1.21189	0.13326	0.20195	0.18685	0.61125	0.02105	0.47295	1	1	0.5909	0.00145	0.0502	0.018	1	0.0402	0.01575	0.01435
56	1900	0.983428	0.177417	0.999	0.9945	0.9488	0.0846	0.05165	0.35055	0.1244	1	0.0038	0.99105	0	0.0018	0.91125	0	0
56	2020	0.632674	0.131764	0.66745	0.65995	0.6138	0.9982	0.9495	0.67075	0.56845	0.6314	0.754	0.59335	0.8767	0.4053	0.57235	0.5284	0.3198
56	2034	0.662452	0.0415727	0.0609	0.2412	0.00865	7e-04	0.03295	0.02585	0.01825	1	0	0.0058	0	0	0	0	0
56	2084	3.14649	0.289228	0.4894	0.32265	0.12995	0.965	1	0.23425	0.0903	0.48845	5e-04	0.18835	0.965	1e-04	0.01985	0.01695	5e-05
56	2194	1.78958	0.145631	0.1246	0.26865	0.03105	0.0022	0.98045	0.0674	0.05665	0.55565	0.00055	0.03415	0.00025	0	0	0	0
56	2255	0.706845	0.12263	0.1091	0.1021	0.0166	0.0437	0.0295	0.0275	0.20555	1	0	0.0413	0	0	0	0	0
56	2357	2.14679	0.220162	0.4446	0.44735	0.33725	0.05855	0.03655	0.0646	0.1944	1	0.0028	0.33465	7e-04	1e-04	0.193	0.00025	0
57	821	3.74226	0.199929	0.13065	0.1261	0.2688	0.0074	0.00495	1	1	2e-04	0.00065	0.0202	0	1	5e-05	0	0
57	840	3.71744	0.17723	0.1411	0.13415	0.0641	0.0111	0.0066	0.99975	0.99975	0.00095	0	0.02795	5e-05	0.99975	0	0	0
57	2326	2.71109	0.237828	0.99915	0.9991	0.9991	0.32085	0.4708	0.42205	0.58765	0.49835	0.2496	0.9991	0.24795	0.2961	0.99905	0.2393	0.18635
57	2414	1.66063	0.152871	0.09475	0.09045	0.0444	0.013	0.00745	0.4165	0.31845	6e-04	0.00065	0.02255	5e-05	0.30705	4e-04	0	0
57	2794	0	0	0	0	0	0	0	0	0	0	0	0	0	0	0	0	0
