No.	n_rate	c_rate	g_rate	l_rate	l2_rate	halLeu_0	halLeu_1	halLeu_2	halLeu_3	nipNip_0	nipNip_1	nipNip_2	nipNip_3	galGal_0	galGal_1	galGal_2	galGal_3	aptHaa_0	aptHaa_1	aptHaa_2	aptHaa_3	aptOwe_0	aptOwe_1	aptOwe_2	aptOwe_3	aptRow_0	aptRow_1	aptRow_2	aptRow_3	casCas_0	casCas_1	casCas_2	casCas_3	droNov_0	droNov_1	droNov_2	droNov_3	rheAme_0	rheAme_1	rheAme_2	rheAme_3	rhePen_0	rhePen_1	rhePen_2	rhePen_3	cryCin_0	cryCin_1	cryCin_2	cryCin_3	tinGut_0	tinGut_1	tinGut_2	tinGut_3	eudEle_0	eudEle_1	eudEle_2	eudEle_3	notPer_0	notPer_1	notPer_2	notPer_3	anoDid_0	anoDid_1	anoDid_2	anoDid_3	strCam_0	strCam_1	strCam_2	strCam_3	taeGut.aptFor_0	taeGut.aptFor_1	taeGut.aptFor_2	taeGut.aptFor_3	taeGut.galGal_0	taeGut.galGal_1	taeGut.galGal_2	taeGut.galGal_3	aptHaa.aptOwe_0	aptHaa.aptOwe_1	aptHaa.aptOwe_2	aptHaa.aptOwe_3	aptHaa.aptRow_0	aptHaa.aptRow_1	aptHaa.aptRow_2	aptHaa.aptRow_3	casCas.droNov_0	casCas.droNov_1	casCas.droNov_2	casCas.droNov_3	aptHaa.casCas_0	aptHaa.casCas_1	aptHaa.casCas_2	aptHaa.casCas_3	rheAme.rhePen_0	rheAme.rhePen_1	rheAme.rhePen_2	rheAme.rhePen_3	aptHaa.rheAme_0	aptHaa.rheAme_1	aptHaa.rheAme_2	aptHaa.rheAme_3	cryCin.tinGut_0	cryCin.tinGut_1	cryCin.tinGut_2	cryCin.tinGut_3	eudEle.notPer_0	eudEle.notPer_1	eudEle.notPer_2	eudEle.notPer_3	cryCin.eudEle_0	cryCin.eudEle_1	cryCin.eudEle_2	cryCin.eudEle_3	cryCin.anoDid_0	cryCin.anoDid_1	cryCin.anoDid_2	cryCin.anoDid_3	aptHaa.cryCin_0	aptHaa.cryCin_1	aptHaa.cryCin_2	aptHaa.cryCin_3	aptHaa.strCam_0	aptHaa.strCam_1	aptHaa.strCam_2	aptHaa.strCam_3	taeGut.aptHaa_0	taeGut.aptHaa_1	taeGut.aptHaa_2	taeGut.aptHaa_3
18	1	0.132294	0.0647811	0.496156	0	0	0.999333	0.000666667	0	0	0.994667	0.00533333	0	0	0.00266667	0.997333	0	0	1	0	0	0	1	0	0	0	1	0	0	0	1	0	0	0	0.984	0.016	0	0	1	0	0	0	1	0	0	0	1	0	0	0	1	0	0	0	0.967333	0.0326667	0	0	0.999333	0.000666667	0	0	0.983333	0.0166667	0	0	0.65	0.35	0	0	0.999333	0.000666667	0	0	0.999333	0.000666667	0	0	1	0	0	0	1	0	0	0	1	0	0	0	1	0	0	0	1	0	0	0	1	0	0	0	1	0	0	0	0.999333	0.000666667	0	0	1	0	0	0	1	0	0	0	1	0	0	0	1	0	0	0	1	0	0
8	1	0.232716	0.0701112	0.503166	0	0	0.393333	0.606667	0	0	0.379333	0.620667	0	0	0.377333	0.622667	0	0	0.976	0.024	0	0	1	0	0	0	0.984	0.016	0	0	1	0	0	0	0.983333	0.0166667	0	0	1	0	0	0	1	0	0	0	0.889333	0.110667	0	0	0.671333	0.328667	0	0	0.976667	0.0233333	0	0	0.924	0.076	0	0	0.834667	0.165333	0	0	1	0	0	0	0.396	0.604	0	0	0.412667	0.587333	0	0	1	0	0	0	1	0	0	0	1	0	0	0	1	0	0	0	1	0	0	0	1	0	0	0	0.974	0.026	0	0	1	0	0	0	1	0	0	0	1	0	0	0	1	0	0	0	1	0	0	0	1	0	0
14	1	0.219413	0.122908	0.500316	0	0	0.0686667	0.931333	0	0	0.148667	0.851333	0	0	0.998	0.002	0	0	1	0	0	0	1	0	0	0	0.999333	0.000666667	0	0	0.996	0.004	0	0	0.972	0.028	0	0	1	0	0	0	1	0	0	0	0.312667	0.687333	0	0	0.0826667	0.917333	0	0	0.0186667	0.981333	0	0	0.244667	0.755333	0	0	0.821333	0.178667	0	0	0.994	0.006	0	0	0.249333	0.750667	0	0	0.998	0.002	0	0	1	0	0	0	1	0	0	0	0.999333	0.000666667	0	0	1	0	0	0	1	0	0	0	1	0	0	0	0.312667	0.687333	0	0	0.284667	0.715333	0	0	0.318	0.682	0	0	0.954667	0.0453333	0	0	1	0	0	0	1	0	0	0	1	0	0
0	1	0.295369	0.155445	0.505648	0	0	0.603333	0.396667	0	0	0.694667	0.305333	0	0	0.138	0.862	0	0	0.980667	0.0193333	0	0	0.93	0.07	0	0	1	0	0	0	0.729333	0.270667	0	0	0.998667	0.00133333	0	0	0.976	0.024	0	0	0.911333	0.0886667	0	0	0.238667	0.761333	0	0	0.199333	0.800667	0	0	0.229333	0.770667	0	0	0.175333	0.824667	0	0	0.247333	0.752667	0	0	0.332667	0.667333	0	0	0.696667	0.303333	0	0	0.709333	0.290667	0	0	1	0	0	0	1	0	0	0	0.998667	0.00133333	0	0	1	0	0	0	1	0	0	0	1	0	0	0	0.239333	0.760667	0	0	0.233333	0.766667	0	0	0.242667	0.757333	0	0	0.304	0.696	0	0	1	0	0	0	1	0	0	0	1	0	0
19	1	0.198743	0.206285	0.496423	0	0	0.002	0.998	0	0	0.00266667	0.997333	0	0	0.0113333	0.988667	0	0	1	0	0	0	1	0	0	0	0.998667	0.00133333	0	0	0.778667	0.221333	0	0	0.835333	0.164667	0	0	1	0	0	0	1	0	0	0	0	1	0	0	0.000666667	0.999333	0	0	0	1	0	0	0	1	0	0	0.0153333	0.984667	0	0	0.0973333	0.902667	0	0	0.0546667	0.945333	0	0	0.09	0.91	0	0	1	0	0	0	1	0	0	0	0.862	0.138	0	0	1	0	0	0	1	0	0	0	1	0	0	0	0.000666667	0.999333	0	0	0	1	0	0	0.000666667	0.999333	0	0	0.038	0.962	0	0	1	0	0	0	1	0	0	0	1	0	0
1	1	0.243182	0.0914388	0.490502	0	0	1	0	0	0	0.95	0.05	0	0	0.846667	0.153333	0	0	0.994	0.006	0	0	0.993333	0.00666667	0	0	0.999333	0.000666667	0	0	0.958667	0.0413333	0	0	0.904667	0.0953333	0	0	1	0	0	0	1	0	0	0	0.0133333	0.986667	0	0	0.0193333	0.980667	0	0	0.0133333	0.986667	0	0	0.00133333	0.998667	0	0	0.122667	0.877333	0	0	0.724667	0.275333	0	0	1	0	0	0	1	0	0	0	1	0	0	0	1	0	0	0	0.98	0.02	0	0	1	0	0	0	1	0	0	0	1	0	0	0	0.0193333	0.980667	0	0	0.016	0.984	0	0	0.0193333	0.980667	0	0	0.14	0.86	0	0	1	0	0	0	1	0	0	0	1	0	0
9	1	0.1302	0.10413	0.50464	0	0	1	0	0	0	1	0	0	0	0.59	0.41	0	0	0.917333	0.0826667	0	0	1	0	0	0	0.997333	0.00266667	0	0	0.999333	0.000666667	0	0	1	0	0	0	0.998667	0.00133333	0	0	1	0	0	0	0.994667	0.00533333	0	0	0.506667	0.493333	0	0	0.0706667	0.929333	0	0	0.993333	0.00666667	0	0	0.516667	0.483333	0	0	0.846	0.154	0	0	1	0	0	0	1	0	0	0	1	0	0	0	1	0	0	0	1	0	0	0	1	0	0	0	1	0	0	0	1	0	0	0	0.994667	0.00533333	0	0	0.993333	0.00666667	0	0	0.994667	0.00533333	0	0	0.994667	0.00533333	0	0	1	0	0	0	1	0	0	0	1	0	0
15	1	0.166619	0.193733	0.491742	0	0	0	1	0	0	0	1	0	0	0	1	0	0	0.946667	0.0533333	0	0	0.862667	0.137333	0	0	1	0	0	0	0.911333	0.0886667	0	0	0.894	0.106	0	0	0.998667	0.00133333	0	0	1	0	0	0	0	1	0	0	0	1	0	0	0	1	0	0	0	1	0	0	0.0326667	0.967333	0	0	0.322667	0.677333	0	0	0	1	0	0	0.046	0.954	0	0	1	0	0	0	1	0	0	0	0.940667	0.0593333	0	0	1	0	0	0	1	0	0	0	1	0	0	0	0	1	0	0	0	1	0	0	0.000666667	0.999333	0	0	0.0706667	0.929333	0	0	1	0	0	0	1	0	0	0	1	0	0
20	1	0.134302	0.0511425	0.487968	0	0	0.814	0.186	0	0	1	0	0	0	0.688	0.312	0	0	1	0	0	0	1	0	0	0	0.999333	0.000666667	0	0	0.970667	0.0293333	0	0	0.98	0.02	0	0	1	0	0	0	1	0	0	0	0.996	0.004	0	0	0.997333	0.00266667	0	0	0.973333	0.0266667	0	0	0.674	0.326	0	0	0.97	0.03	0	0	0.742	0.258	0	0	1	0	0	0	1	0	0	0	1	0	0	0	1	0	0	0	0.991333	0.00866667	0	0	1	0	0	0	1	0	0	0	1	0	0	0	0.997333	0.00266667	0	0	0.977333	0.0226667	0	0	0.997333	0.00266667	0	0	0.997333	0.00266667	0	0	1	0	0	0	1	0	0	0	1	0	0
2	1	0.259711	0.0908856	0.507895	0	0	0.232667	0.767333	0	0	0.149333	0.850667	0	0	0.168667	0.831333	0	0	1	0	0	0	1	0	0	0	1	0	0	0	0.999333	0.000666667	0	0	0.971333	0.0286667	0	0	1	0	0	0	1	0	0	0	0.285333	0.714667	0	0	0.42	0.58	0	0	0.831333	0.168667	0	0	0.831333	0.168667	0	0	0.995333	0.00466667	0	0	0.990667	0.00933333	0	0	0.235333	0.764667	0	0	0.266667	0.733333	0	0	1	0	0	0	1	0	0	0	0.999333	0.000666667	0	0	1	0	0	0	1	0	0	0	1	0	0	0	0.449333	0.550667	0	0	0.835333	0.164667	0	0	0.835333	0.164667	0	0	0.995333	0.00466667	0	0	1	0	0	0	1	0	0	0	1	0	0
10	1	0.112864	0.096293	0.50367	0	0	0.911333	0.0886667	0	0	0.911333	0.0886667	0	0	0.000666667	0.999333	0	0	1	0	0	0	0.990667	0.00933333	0	0	1	0	0	0	0.161333	0.838667	0	0	0.150667	0.849333	0	0	1	0	0	0	1	0	0	0	0.987333	0.0126667	0	0	0.978667	0.0213333	0	0	0.972	0.028	0	0	0.986	0.014	0	0	0.849333	0.150667	0	0	0.981333	0.0186667	0	0	0.912	0.088	0	0	0.913333	0.0866667	0	0	1	0	0	0	1	0	0	0	0.194667	0.805333	0	0	1	0	0	0	1	0	0	0	1	0	0	0	0.988667	0.0113333	0	0	0.988	0.012	0	0	0.988667	0.0113333	0	0	0.99	0.01	0	0	1	0	0	0	1	0	0	0	1	0	0
16	1	0.168214	0.161429	0.523157	0	0	0.926667	0.0733333	0	0	0.924	0.076	0	0	0.008	0.992	0	0	0.882	0.118	0	0	0.784667	0.215333	0	0	0.959333	0.0406667	0	0	0.902	0.098	0	0	0.858667	0.141333	0	0	1	0	0	0	1	0	0	0	0.01	0.99	0	0	0.002	0.998	0	0	0	1	0	0	0.00133333	0.998667	0	0	0.758667	0.241333	0	0	0.292	0.708	0	0	0.932	0.068	0	0	0.934	0.066	0	0	0.941333	0.0586667	0	0	1	0	0	0	0.937333	0.0626667	0	0	1	0	0	0	1	0	0	0	1	0	0	0	0.0113333	0.988667	0	0	0.00266667	0.997333	0	0	0.0273333	0.972667	0	0	0.766667	0.233333	0	0	1	0	0	0	1	0	0	0	1	0	0
21	1	0.256296	0.25396	0.484825	0	0	0.328667	0.671333	0	0	0.157333	0.842667	0	0	0.012	0.988	0	0	0.967333	0.0326667	0	0	0.979333	0.0206667	0	0	1	0	0	0	0.142667	0.857333	0	0	0.110667	0.889333	0	0	1	0	0	0	1	0	0	0	0	1	0	0	0	1	0	0	0	1	0	0	0	1	0	0	0.0206667	0.979333	0	0	0.104667	0.895333	0	0	0.329333	0.670667	0	0	0.35	0.65	0	0	1	0	0	0	1	0	0	0	0.198667	0.801333	0	0	1	0	0	0	1	0	0	0	1	0	0	0	0	1	0	0	0	1	0	0	0	1	0	0	0.0566667	0.943333	0	0	1	0	0	0	1	0	0	0	1	0	0
17	1	0.236019	0.0633801	0.506247	0	0	0.247333	0.752667	0	0	0.277333	0.722667	0	0	0.274667	0.725333	0	0	0.979333	0.0206667	0	0	0.924667	0.0753333	0	0	1	0	0	0	1	0	0	0	0.968667	0.0313333	0	0	0.947333	0.0526667	0	0	0.994	0.006	0	0	0.994667	0.00533333	0	0	1	0	0	0	0.996667	0.00333333	0	0	0.999333	0.000666667	0	0	0.866	0.134	0	0	0.996	0.004	0	0	0.279333	0.720667	0	0	0.311333	0.688667	0	0	1	0	0	0	1	0	0	0	1	0	0	0	1	0	0	0	1	0	0	0	1	0	0	0	1	0	0	0	1	0	0	0	1	0	0	0	1	0	0	0	1	0	0	0	1	0	0	0	1	0	0
11	1	0.166951	0.0249345	0.483308	0	0	0.998	0.002	0	0	0.993333	0.00666667	0	0	1	0	0	0	0.996	0.004	0	0	1	0	0	0	1	0	0	0	1	0	0	0	1	0	0	0	1	0	0	0	1	0	0	0	0.979333	0.0206667	0	0	1	0	0	0	1	0	0	0	0.991333	0.00866667	0	0	0.944	0.056	0	0	0.933333	0.0666667	0	0	1	0	0	0	1	0	0	0	1	0	0	0	1	0	0	0	1	0	0	0	1	0	0	0	1	0	0	0	1	0	0	0	1	0	0	0	1	0	0	0	1	0	0	0	1	0	0	0	1	0	0	0	1	0	0	0	1	0	0
3	1	0.181267	0.188306	0.504929	0	0	0.0133333	0.986667	0	0	0.155333	0.844667	0	0	0	1	0	0	1	0	0	0	0.912	0.088	0	0	0.96	0.04	0	0	0.901333	0.0986667	0	0	0.796	0.204	0	0	0.950667	0.0493333	0	0	0.739333	0.260667	0	0	0.755333	0.244667	0	0	0.735333	0.264667	0	0	0.0253333	0.974667	0	0	0.008	0.992	0	0	0.654667	0.345333	0	0	0.0773333	0.922667	0	0	0.265333	0.734667	0	0	0.269333	0.730667	0	0	1	0	0	0	1	0	0	0	0.914667	0.0853333	0	0	1	0	0	0	1	0	0	0	1	0	0	0	0.755333	0.244667	0	0	0.0826667	0.917333	0	0	0.755333	0.244667	0	0	0.772667	0.227333	0	0	1	0	0	0	1	0	0	0	1	0	0
22	1	0.334415	0.227834	0.50147	0	0	0.032	0.968	0	0	0.0346667	0.965333	0	0	0.01	0.99	0	0	0.840667	0.159333	0	0	0.862	0.138	0	0	0.979333	0.0206667	0	0	0.407333	0.592667	0	0	0.402	0.598	0	0	0.99	0.01	0	0	0.996667	0.00333333	0	0	0.038	0.962	0	0	0.054	0.946	0	0	0.046	0.954	0	0	0.046	0.954	0	0	0.0726667	0.927333	0	0	0.436667	0.563333	0	0	0.038	0.962	0	0	0.068	0.932	0	0	0.958	0.042	0	0	0.998667	0.00133333	0	0	0.635333	0.364667	0	0	0.998667	0.00133333	0	0	1	0	0	0	1	0	0	0	0.0546667	0.945333	0	0	0.0513333	0.948667	0	0	0.0586667	0.941333	0	0	0.137333	0.862667	0	0	1	0	0	0	1	0	0	0	1	0	0
24	1	0.328226	0.196425	0.521431	0	0	0.117333	0.882667	0	0	0.107333	0.892667	0	0	0.00266667	0.997333	0	0	0.991333	0.00866667	0	0	0.998	0.002	0	0	1	0	0	0	0.462667	0.537333	0	0	0.568667	0.431333	0	0	1	0	0	0	0.980667	0.0193333	0	0	0.114	0.886	0	0	0.118	0.882	0	0	0.0853333	0.914667	0	0	0.113333	0.886667	0	0	0.176	0.824	0	0	0.359333	0.640667	0	0	0.121333	0.878667	0	0	0.136667	0.863333	0	0	0.999333	0.000666667	0	0	1	0	0	0	0.663333	0.336667	0	0	1	0	0	0	1	0	0	0	1	0	0	0	0.122667	0.877333	0	0	0.116667	0.883333	0	0	0.128667	0.871333	0	0	0.218667	0.781333	0	0	1	0	0	0	1	0	0	0	1	0	0
12	1	0.161227	0.231706	0.517403	0	0	0	1	0	0	0	1	0	0	0.004	0.996	0	0	0.998	0.002	0	0	0.750667	0.249333	0	0	0.987333	0.0126667	0	0	0.289333	0.710667	0	0	0.447333	0.552667	0	0	0.957333	0.0426667	0	0	0.903333	0.0966667	0	0	0	1	0	0	0	1	0	0	0	1	0	0	0	1	0	0	0.0113333	0.988667	0	0	0.621333	0.378667	0	0	0	1	0	0	0.0106667	0.989333	0	0	0.998667	0.00133333	0	0	1	0	0	0	0.472667	0.527333	0	0	1	0	0	0	1	0	0	0	1	0	0	0	0	1	0	0	0	1	0	0	0	1	0	0	0.146667	0.853333	0	0	1	0	0	0	1	0	0	0	1	0	0
4	1	0.292852	0.228775	0.50334	0	0	0.002	0.998	0	0	0.002	0.998	0	0	0.002	0.998	0	0	0.992	0.008	0	0	0.996667	0.00333333	0	0	0.995333	0.00466667	0	0	0.222	0.778	0	0	0.286667	0.713333	0	0	1	0	0	0	0.993333	0.00666667	0	0	0.00333333	0.996667	0	0	0.00666667	0.993333	0	0	0.00466667	0.995333	0	0	0.006	0.994	0	0	0.106667	0.893333	0	0	0.442	0.558	0	0	0.00266667	0.997333	0	0	0.0226667	0.977333	0	0	0.999333	0.000666667	0	0	1	0	0	0	0.342667	0.657333	0	0	1	0	0	0	1	0	0	0	1	0	0	0	0.00733333	0.992667	0	0	0.00666667	0.993333	0	0	0.00733333	0.992667	0	0	0.148667	0.851333	0	0	1	0	0	0	1	0	0	0	1	0	0
23	1	0.201135	0.0808927	0.50623	0	0	0.737333	0.262667	0	0	0.898	0.102	0	0	0.314	0.686	0	0	1	0	0	0	1	0	0	0	1	0	0	0	0.664	0.336	0	0	0.565333	0.434667	0	0	1	0	0	0	1	0	0	0	0.916667	0.0833333	0	0	0.680667	0.319333	0	0	0.883333	0.116667	0	0	0.798	0.202	0	0	0.961333	0.0386667	0	0	1	0	0	0	0.915333	0.0846667	0	0	0.919333	0.0806667	0	0	1	0	0	0	1	0	0	0	0.698667	0.301333	0	0	1	0	0	0	1	0	0	0	1	0	0	0	0.925333	0.0746667	0	0	0.918	0.082	0	0	1	0	0	0	1	0	0	0	1	0	0	0	1	0	0	0	1	0	0
25	1	0.295584	0.139858	0.487634	0	0	0.490667	0.509333	0	0	0.466	0.534	0	0	0.250667	0.749333	0	0	0.999333	0.000666667	0	0	0.974667	0.0253333	0	0	1	0	0	0	0.992667	0.00733333	0	0	1	0	0	0	1	0	0	0	1	0	0	0	0.0126667	0.987333	0	0	0.00733333	0.992667	0	0	0.0106667	0.989333	0	0	0.004	0.996	0	0	0.277333	0.722667	0	0	0.515333	0.484667	0	0	0.497333	0.502667	0	0	0.521333	0.478667	0	0	1	0	0	0	1	0	0	0	1	0	0	0	1	0	0	0	1	0	0	0	1	0	0	0	0.0126667	0.987333	0	0	0.0113333	0.988667	0	0	0.0133333	0.986667	0	0	0.314	0.686	0	0	1	0	0	0	1	0	0	0	1	0	0
13	1	0.168475	0.217852	0.499118	0	0	0.004	0.996	0	0	0	1	0	0	0	1	0	0	0.952	0.048	0	0	0.996667	0.00333333	0	0	1	0	0	0	0.664	0.336	0	0	0.464667	0.535333	0	0	1	0	0	0	1	0	0	0	0.028	0.972	0	0	0.0213333	0.978667	0	0	0.02	0.98	0	0	0.028	0.972	0	0	0.131333	0.868667	0	0	0.0966667	0.903333	0	0	0.004	0.996	0	0	0.018	0.982	0	0	1	0	0	0	1	0	0	0	0.694667	0.305333	0	0	1	0	0	0	1	0	0	0	1	0	0	0	0.028	0.972	0	0	0.028	0.972	0	0	0.0286667	0.971333	0	0	0.158667	0.841333	0	0	1	0	0	0	1	0	0	0	1	0	0
5	1	0.11084	0.0285173	0.52151	0	0	0.989333	0.0106667	0	0	1	0	0	0	0.874	0.126	0	0	1	0	0	0	0.999333	0.000666667	0	0	1	0	0	0	1	0	0	0	0.998667	0.00133333	0	0	1	0	0	0	1	0	0	0	1	0	0	0	1	0	0	0	0.818667	0.181333	0	0	0.940667	0.0593333	0	0	0.998667	0.00133333	0	0	0.954667	0.0453333	0	0	1	0	0	0	1	0	0	0	1	0	0	0	1	0	0	0	1	0	0	0	1	0	0	0	1	0	0	0	1	0	0	0	1	0	0	0	0.953333	0.0466667	0	0	1	0	0	0	1	0	0	0	1	0	0	0	1	0	0	0	1	0	0
26	1	0.16019	0.264223	0.500188	0	0	0	1	0	0	0.000666667	0.999333	0	0	0	1	0	0	0.994	0.006	0	0	1	0	0	0	0.990667	0.00933333	0	0	0.0633333	0.936667	0	0	0.0613333	0.938667	0	0	1	0	0	0	1	0	0	0	0	1	0	0	0	1	0	0	0	1	0	0	0	1	0	0	0.00733333	0.992667	0	0	0.078	0.922	0	0	0.00466667	0.995333	0	0	0.0186667	0.981333	0	0	1	0	0	0	1	0	0	0	0.104667	0.895333	0	0	1	0	0	0	1	0	0	0	1	0	0	0	0	1	0	0	0	1	0	0	0.000666667	0.999333	0	0	0.03	0.97	0	0	1	0	0	0	1	0	0	0	1	0	0
27	1	0.138593	0.181952	0.496017	0	0	0.0306667	0.969333	0	0	0.00533333	0.994667	0	0	0.000666667	0.999333	0	0	0.968667	0.0313333	0	0	1	0	0	0	0.976	0.024	0	0	0.637333	0.362667	0	0	0.99	0.01	0	0	1	0	0	0	1	0	0	0	0.006	0.994	0	0	0.00933333	0.990667	0	0	0.495333	0.504667	0	0	0.991333	0.00866667	0	0	0.912	0.088	0	0	0.112	0.888	0	0	0.0306667	0.969333	0	0	0.0373333	0.962667	0	0	1	0	0	0	1	0	0	0	0.990667	0.00933333	0	0	1	0	0	0	1	0	0	0	1	0	0	0	0.0533333	0.946667	0	0	0.991333	0.00866667	0	0	0.991333	0.00866667	0	0	0.991333	0.00866667	0	0	1	0	0	0	1	0	0	0	1	0	0
28	1	0.0522301	0.02732	0.505607	0	0	1	0	0	0	1	0	0	0	0.992667	0.00733333	0	0	1	0	0	0	1	0	0	0	0.999333	0.000666667	0	0	0.998	0.002	0	0	1	0	0	0	1	0	0	0	1	0	0	0	0.998	0.002	0	0	0.999333	0.000666667	0	0	0.999333	0.000666667	0	0	0.992	0.008	0	0	0.83	0.17	0	0	0.978667	0.0213333	0	0	1	0	0	0	1	0	0	0	1	0	0	0	1	0	0	0	1	0	0	0	1	0	0	0	1	0	0	0	1	0	0	0	0.999333	0.000666667	0	0	0.999333	0.000666667	0	0	0.999333	0.000666667	0	0	0.999333	0.000666667	0	0	1	0	0	0	1	0	0	0	1	0	0
6	1	0.155054	0.157993	0.492663	0	0	0.888667	0.111333	0	0	0.988	0.012	0	0	0.585333	0.414667	0	0	0.964667	0.0353333	0	0	0.976	0.024	0	0	1	0	0	0	0.534667	0.465333	0	0	0.762	0.238	0	0	1	0	0	0	1	0	0	0	0	1	0	0	0	1	0	0	0	1	0	0	0	1	0	0	0.00266667	0.997333	0	0	0.111333	0.888667	0	0	0.988	0.012	0	0	0.988667	0.0113333	0	0	1	0	0	0	1	0	0	0	0.772	0.228	0	0	1	0	0	0	1	0	0	0	1	0	0	0	0	1	0	0	0	1	0	0	0	1	0	0	0.0206667	0.979333	0	0	1	0	0	0	1	0	0	0	1	0	0
29	1	0.239487	0.156592	0.495732	0	0	0.604	0.396	0	0	0.634667	0.365333	0	0	0.18	0.82	0	0	0.998667	0.00133333	0	0	1	0	0	0	1	0	0	0	0.593333	0.406667	0	0	0.522667	0.477333	0	0	1	0	0	0	1	0	0	0	0.485333	0.514667	0	0	0.518667	0.481333	0	0	0.0793333	0.920667	0	0	0.0653333	0.934667	0	0	0.202	0.798	0	0	0.996	0.004	0	0	0.646667	0.353333	0	0	0.654667	0.345333	0	0	1	0	0	0	1	0	0	0	0.797333	0.202667	0	0	1	0	0	0	1	0	0	0	1	0	0	0	0.528	0.472	0	0	0.246667	0.753333	0	0	0.533333	0.466667	0	0	0.773333	0.226667	0	0	1	0	0	0	1	0	0	0	1	0	0
7	1	0.203814	0.0921115	0.493424	0	0	0.932	0.068	0	0	0.993333	0.00666667	0	0	0.694	0.306	0	0	0.998	0.002	0	0	1	0	0	0	0.976	0.024	0	0	0.792667	0.207333	0	0	0.749333	0.250667	0	0	0.994	0.006	0	0	1	0	0	0	0.456	0.544	0	0	0.254667	0.745333	0	0	0.491333	0.508667	0	0	0.54	0.46	0	0	0.99	0.01	0	0	0.996667	0.00333333	0	0	0.993333	0.00666667	0	0	0.993333	0.00666667	0	0	1	0	0	0	1	0	0	0	0.99	0.01	0	0	1	0	0	0	1	0	0	0	1	0	0	0	0.517333	0.482667	0	0	0.62	0.38	0	0	0.949333	0.0506667	0	0	0.993333	0.00666667	0	0	1	0	0	0	1	0	0	0	1	0	0
30	1	0.108767	0.0289453	0.50137	0	0	0.999333	0.000666667	0	0	1	0	0	0	0.787333	0.212667	0	0	1	0	0	0	0.999333	0.000666667	0	0	0.996667	0.00333333	0	0	1	0	0	0	0.998667	0.00133333	0	0	0.994	0.006	0	0	0.969333	0.0306667	0	0	1	0	0	0	1	0	0	0	1	0	0	0	1	0	0	0	0.997333	0.00266667	0	0	0.998667	0.00133333	0	0	1	0	0	0	1	0	0	0	1	0	0	0	1	0	0	0	1	0	0	0	1	0	0	0	1	0	0	0	1	0	0	0	1	0	0	0	1	0	0	0	1	0	0	0	1	0	0	0	1	0	0	0	1	0	0	0	1	0	0
48	1	0.169215	0.115855	0.491416	0	0	1	0	0	0	0.446667	0.553333	0	0	0.847333	0.152667	0	0	1	0	0	0	0.999333	0.000666667	0	0	1	0	0	0	0.298	0.702	0	0	0.27	0.73	0	0	1	0	0	0	1	0	0	0	0.755333	0.244667	0	0	0.754667	0.245333	0	0	0.0473333	0.952667	0	0	0.658	0.342	0	0	0.642667	0.357333	0	0	0.978667	0.0213333	0	0	1	0	0	0	1	0	0	0	1	0	0	0	1	0	0	0	0.331333	0.668667	0	0	1	0	0	0	1	0	0	0	1	0	0	0	0.755333	0.244667	0	0	0.665333	0.334667	0	0	0.756	0.244	0	0	0.776	0.224	0	0	1	0	0	0	1	0	0	0	1	0	0
61	1	0.179793	0.181211	0.490593	0	0	0.454	0.546	0	0	0.988	0.012	0	0	0.00266667	0.997333	0	0	0.798	0.202	0	0	0.976	0.024	0	0	0.775333	0.224667	0	0	0.573333	0.426667	0	0	0.566667	0.433333	0	0	0.999333	0.000666667	0	0	1	0	0	0	0.000666667	0.999333	0	0	0.000666667	0.999333	0	0	0	1	0	0	0	1	0	0	0.0126667	0.987333	0	0	0.962667	0.0373333	0	0	0.988	0.012	0	0	0.988	0.012	0	0	0.976	0.024	0	0	0.978667	0.0213333	0	0	0.622	0.378	0	0	0.984	0.016	0	0	1	0	0	0	1	0	0	0	0.000666667	0.999333	0	0	0	1	0	0	0.000666667	0.999333	0	0	0.038	0.962	0	0	1	0	0	0	1	0	0	0	1	0	0
71	1	0.19964	0.296471	0.50448	0	0	0.04	0.96	0	0	0.108667	0.891333	0	0	0.000666667	0.999333	0	0	0.802	0.198	0	0	0.994	0.006	0	0	0.934667	0.0653333	0	0	0.326	0.674	0	0	0.296667	0.703333	0	0	1	0	0	0	1	0	0	0	0.002	0.998	0	0	0.002	0.998	0	0	0.002	0.998	0	0	0	1	0	0	0.0873333	0.912667	0	0	0.0533333	0.946667	0	0	0.998667	0.00133333	0	0	0.998667	0.00133333	0	0	0.998	0.002	0	0	0.998667	0.00133333	0	0	0.611333	0.388667	0	0	0.999333	0.000666667	0	0	1	0	0	0	1	0	0	0	0.002	0.998	0	0	0.00266667	0.997333	0	0	0.00333333	0.996667	0	0	0.112667	0.887333	0	0	1	0	0	0	1	0	0	0	1	0	0
31	1	0.148238	0.294929	0.480686	0	0	0.00466667	0.995333	0	0	0.00466667	0.995333	0	0	0.00866667	0.991333	0	0	0.928667	0.0713333	0	0	0.668	0.332	0	0	0.999333	0.000666667	0	0	0.0493333	0.950667	0	0	0.0493333	0.950667	0	0	0.996667	0.00333333	0	0	0.77	0.23	0	0	0	1	0	0	0	1	0	0	0	1	0	0	0	1	0	0	0.00666667	0.993333	0	0	0.265333	0.734667	0	0	0.0153333	0.984667	0	0	0.702667	0.297333	0	0	1	0	0	0	1	0	0	0	0.0966667	0.903333	0	0	1	0	0	0	0.998	0.002	0	0	1	0	0	0	0	1	0	0	0	1	0	0	0	1	0	0	0.0293333	0.970667	0	0	1	0	0	0	1	0	0	0	1	0	0
49	1	0.174805	0.0669779	0.500133	0	0	0.0273333	0.972667	0	0	0.0493333	0.950667	0	0	0	1	0	0	1	0	0	0	0.92	0.08	0	0	0.952	0.048	0	0	0.979333	0.0206667	0	0	1	0	0	0	1	0	0	0	1	0	0	0	0.978667	0.0213333	0	0	0.999333	0.000666667	0	0	1	0	0	0	0.992	0.008	0	0	0.998	0.002	0	0	1	0	0	0	0.0493333	0.950667	0	0	0.068	0.932	0	0	1	0	0	0	1	0	0	0	1	0	0	0	1	0	0	0	1	0	0	0	1	0	0	0	0.999333	0.000666667	0	0	1	0	0	0	1	0	0	0	1	0	0	0	1	0	0	0	1	0	0	0	1	0	0
72	1	0.220732	0.256107	0.490354	0	0	0	1	0	0	0.00133333	0.998667	0	0	0.0206667	0.979333	0	0	0.950667	0.0493333	0	0	1	0	0	0	0.730667	0.269333	0	0	0.317333	0.682667	0	0	0.36	0.64	0	0	0.992667	0.00733333	0	0	0.645333	0.354667	0	0	0	1	0	0	0	1	0	0	0.00333333	0.996667	0	0	0.00266667	0.997333	0	0	0.214	0.786	0	0	0.338	0.662	0	0	0.004	0.996	0	0	0.0386667	0.961333	0	0	1	0	0	0	1	0	0	0	0.416	0.584	0	0	1	0	0	0	1	0	0	0	1	0	0	0	0.000666667	0.999333	0	0	0.004	0.996	0	0	0.00866667	0.991333	0	0	0.372667	0.627333	0	0	1	0	0	0	1	0	0	0	1	0	0
62	1	0.17401	0.0836191	0.515538	0	0	0.922667	0.0773333	0	0	0.778	0.222	0	0	0.998	0.002	0	0	1	0	0	0	0.952667	0.0473333	0	0	0.984667	0.0153333	0	0	0.216	0.784	0	0	0.210667	0.789333	0	0	1	0	0	0	1	0	0	0	0.632	0.368	0	0	0.746	0.254	0	0	0.638	0.362	0	0	0.755333	0.244667	0	0	0.776667	0.223333	0	0	0.987333	0.0126667	0	0	0.937333	0.0626667	0	0	0.998	0.002	0	0	1	0	0	0	1	0	0	0	0.255333	0.744667	0	0	1	0	0	0	1	0	0	0	1	0	0	0	0.747333	0.252667	0	0	0.755333	0.244667	0	0	0.756	0.244	0	0	0.800667	0.199333	0	0	1	0	0	0	1	0	0	0	1	0	0
32	1	0.155467	0.0470932	0.493341	0	0	1	0	0	0	0.998	0.002	0	0	0.199333	0.800667	0	0	1	0	0	0	0.99	0.01	0	0	0.997333	0.00266667	0	0	1	0	0	0	0.980667	0.0193333	0	0	0.998667	0.00133333	0	0	0.999333	0.000666667	0	0	0.997333	0.00266667	0	0	1	0	0	0	1	0	0	0	0.999333	0.000666667	0	0	0.976	0.024	0	0	0.988	0.012	0	0	1	0	0	0	1	0	0	0	1	0	0	0	1	0	0	0	1	0	0	0	1	0	0	0	1	0	0	0	1	0	0	0	1	0	0	0	1	0	0	0	1	0	0	0	1	0	0	0	1	0	0	0	1	0	0	0	1	0	0
73	1	0.109202	0.0247683	0.49452	0	0	1	0	0	0	1	0	0	0	0.926667	0.0733333	0	0	1	0	0	0	0.998	0.002	0	0	1	0	0	0	0.989333	0.0106667	0	0	1	0	0	0	1	0	0	0	1	0	0	0	0.998667	0.00133333	0	0	1	0	0	0	1	0	0	0	0.962667	0.0373333	0	0	0.986	0.014	0	0	0.994667	0.00533333	0	0	1	0	0	0	1	0	0	0	1	0	0	0	1	0	0	0	1	0	0	0	1	0	0	0	1	0	0	0	1	0	0	0	1	0	0	0	1	0	0	0	1	0	0	0	1	0	0	0	1	0	0	0	1	0	0	0	1	0	0
50	1	0.256828	0.204192	0.49583	0	0	0.0373333	0.962667	0	0	0.00666667	0.993333	0	0	0.319333	0.680667	0	0	0.746	0.254	0	0	0.9	0.1	0	0	0.968	0.032	0	0	0.919333	0.0806667	0	0	1	0	0	0	0.992667	0.00733333	0	0	0.839333	0.160667	0	0	0.004	0.996	0	0	0.006	0.994	0	0	0.00266667	0.997333	0	0	0.004	0.996	0	0	0.056	0.944	0	0	0.142667	0.857333	0	0	0.042	0.958	0	0	0.332	0.668	0	0	0.962	0.038	0	0	0.996667	0.00333333	0	0	1	0	0	0	1	0	0	0	1	0	0	0	1	0	0	0	0.006	0.994	0	0	0.00466667	0.995333	0	0	0.00666667	0.993333	0	0	0.0866667	0.913333	0	0	1	0	0	0	1	0	0	0	1	0	0
63	1	0.245285	0.104977	0.497611	0	0	0.914667	0.0853333	0	0	1	0	0	0	0.942	0.058	0	0	0.865333	0.134667	0	0	0.872667	0.127333	0	0	0.999333	0.000666667	0	0	0.800667	0.199333	0	0	0.652667	0.347333	0	0	0.994	0.006	0	0	0.995333	0.00466667	0	0	0.281333	0.718667	0	0	0.296667	0.703333	0	0	0.323333	0.676667	0	0	0.318	0.682	0	0	0.702	0.298	0	0	0.358667	0.641333	0	0	1	0	0	0	1	0	0	0	0.999333	0.000666667	0	0	0.999333	0.000666667	0	0	0.814	0.186	0	0	1	0	0	0	1	0	0	0	1	0	0	0	0.304667	0.695333	0	0	0.326667	0.673333	0	0	0.332667	0.667333	0	0	0.713333	0.286667	0	0	1	0	0	0	1	0	0	0	1	0	0
33	1	0.133711	0.0390803	0.510898	0	0	1	0	0	0	0.988	0.012	0	0	0.678	0.322	0	0	0.998	0.002	0	0	1	0	0	0	0.984	0.016	0	0	0.957333	0.0426667	0	0	0.871333	0.128667	0	0	1	0	0	0	1	0	0	0	1	0	0	0	1	0	0	0	1	0	0	0	1	0	0	0	0.875333	0.124667	0	0	0.99	0.01	0	0	1	0	0	0	1	0	0	0	1	0	0	0	1	0	0	0	0.961333	0.0386667	0	0	1	0	0	0	1	0	0	0	1	0	0	0	1	0	0	0	1	0	0	0	1	0	0	0	1	0	0	0	1	0	0	0	1	0	0	0	1	0	0
51	1	0.220884	0.0810271	0.513184	0	0	0.0586667	0.941333	0	0	0.0786667	0.921333	0	0	0.0813333	0.918667	0	0	0.932	0.068	0	0	0.993333	0.00666667	0	0	1	0	0	0	1	0	0	0	1	0	0	0	1	0	0	0	1	0	0	0	1	0	0	0	0.982	0.018	0	0	0.98	0.02	0	0	1	0	0	0	0.940667	0.0593333	0	0	0.602	0.398	0	0	0.0846667	0.915333	0	0	0.248667	0.751333	0	0	1	0	0	0	1	0	0	0	1	0	0	0	1	0	0	0	1	0	0	0	1	0	0	0	1	0	0	0	1	0	0	0	1	0	0	0	1	0	0	0	1	0	0	0	1	0	0	0	1	0	0
74	1	0.194488	0.215776	0.489403	0	0	0	1	0	0	0	1	0	0	0	1	0	0	1	0	0	0	1	0	0	0	0.999333	0.000666667	0	0	0.272667	0.727333	0	0	0.246667	0.753333	0	0	1	0	0	0	1	0	0	0	0.281333	0.718667	0	0	0.0713333	0.928667	0	0	0.0206667	0.979333	0	0	0.452	0.548	0	0	0.086	0.914	0	0	0.82	0.18	0	0	0	1	0	0	0.0133333	0.986667	0	0	1	0	0	0	1	0	0	0	0.432667	0.567333	0	0	1	0	0	0	1	0	0	0	1	0	0	0	0.288	0.712	0	0	0.452	0.548	0	0	0.452	0.548	0	0	0.584667	0.415333	0	0	1	0	0	0	1	0	0	0	1	0	0
64	1	0.142748	0.0511455	0.489248	0	0	1	0	0	0	0.708	0.292	0	0	0.994	0.006	0	0	1	0	0	0	1	0	0	0	0.998667	0.00133333	0	0	1	0	0	0	1	0	0	0	1	0	0	0	1	0	0	0	0.876667	0.123333	0	0	0.994667	0.00533333	0	0	0.544	0.456	0	0	0.98	0.02	0	0	0.962667	0.0373333	0	0	0.96	0.04	0	0	1	0	0	0	1	0	0	0	1	0	0	0	1	0	0	0	1	0	0	0	1	0	0	0	1	0	0	0	1	0	0	0	0.994667	0.00533333	0	0	0.984	0.016	0	0	0.994667	0.00533333	0	0	0.996	0.004	0	0	1	0	0	0	1	0	0	0	1	0	0
34	1	0.214628	0.162217	0.492337	0	0	0.00533333	0.994667	0	0	0.00533333	0.994667	0	0	0	1	0	0	1	0	0	0	1	0	0	0	0.998	0.002	0	0	0.995333	0.00466667	0	0	0.996667	0.00333333	0	0	1	0	0	0	1	0	0	0	0.002	0.998	0	0	0.004	0.996	0	0	0.000666667	0.999333	0	0	0.00133333	0.998667	0	0	0.0946667	0.905333	0	0	0.601333	0.398667	0	0	0.00666667	0.993333	0	0	0.0146667	0.985333	0	0	1	0	0	0	1	0	0	0	0.998667	0.00133333	0	0	1	0	0	0	1	0	0	0	1	0	0	0	0.008	0.992	0	0	0.00333333	0.996667	0	0	0.00866667	0.991333	0	0	0.122667	0.877333	0	0	1	0	0	0	1	0	0	0	1	0	0
52	1	0.195772	0.220751	0.486208	0	0	0	1	0	0	0	1	0	0	0	1	0	0	1	0	0	0	0.999333	0.000666667	0	0	1	0	0	0	0.342	0.658	0	0	0.550667	0.449333	0	0	0.976667	0.0233333	0	0	0.998	0.002	0	0	0.0266667	0.973333	0	0	0.0213333	0.978667	0	0	0.0293333	0.970667	0	0	0.0286667	0.971333	0	0	0.0886667	0.911333	0	0	0.295333	0.704667	0	0	0.000666667	0.999333	0	0	0.00933333	0.990667	0	0	1	0	0	0	1	0	0	0	0.568667	0.431333	0	0	1	0	0	0	1	0	0	0	1	0	0	0	0.0266667	0.973333	0	0	0.03	0.97	0	0	0.03	0.97	0	0	0.111333	0.888667	0	0	1	0	0	0	1	0	0	0	1	0	0
75	1	0.163201	0.108613	0.50315	0	0	0.02	0.98	0	0	0.0286667	0.971333	0	0	0.179333	0.820667	0	0	1	0	0	0	1	0	0	0	0.918	0.082	0	0	0.966667	0.0333333	0	0	1	0	0	0	1	0	0	0	1	0	0	0	0.82	0.18	0	0	0.998667	0.00133333	0	0	0.998667	0.00133333	0	0	0.788667	0.211333	0	0	0.718667	0.281333	0	0	0.996667	0.00333333	0	0	0.215333	0.784667	0	0	0.793333	0.206667	0	0	1	0	0	0	1	0	0	0	1	0	0	0	1	0	0	0	1	0	0	0	1	0	0	0	0.998667	0.00133333	0	0	0.998667	0.00133333	0	0	0.998667	0.00133333	0	0	0.998667	0.00133333	0	0	1	0	0	0	1	0	0	0	1	0	0
65	1	0.16936	0.0837483	0.49534	0	0	0.462667	0.537333	0	0	0.508	0.492	0	0	0.972	0.028	0	0	0.989333	0.0106667	0	0	1	0	0	0	1	0	0	0	1	0	0	0	0.986	0.014	0	0	1	0	0	0	1	0	0	0	0.249333	0.750667	0	0	0.282	0.718	0	0	1	0	0	0	0.991333	0.00866667	0	0	0.926667	0.0733333	0	0	0.998	0.002	0	0	0.881333	0.118667	0	0	0.992667	0.00733333	0	0	1	0	0	0	1	0	0	0	1	0	0	0	1	0	0	0	1	0	0	0	1	0	0	0	0.351333	0.648667	0	0	1	0	0	0	1	0	0	0	1	0	0	0	1	0	0	0	1	0	0	0	1	0	0
35	1	0.314264	0.277151	0.512221	0	0	0	1	0	0	0.00333333	0.996667	0	0	0	1	0	0	0.489333	0.510667	0	0	0.600667	0.399333	0	0	0.454667	0.545333	0	0	0.450667	0.549333	0	0	0.515333	0.484667	0	0	0.549333	0.450667	0	0	0.599333	0.400667	0	0	0.0446667	0.955333	0	0	0.024	0.976	0	0	0.112	0.888	0	0	0.0293333	0.970667	0	0	0.170667	0.829333	0	0	0.139333	0.860667	0	0	0.00333333	0.996667	0	0	0.0133333	0.986667	0	0	0.600667	0.399333	0	0	0.600667	0.399333	0	0	0.527333	0.472667	0	0	0.601333	0.398667	0	0	0.599333	0.400667	0	0	0.602	0.398	0	0	0.137333	0.862667	0	0	0.120667	0.879333	0	0	0.14	0.86	0	0	0.2	0.8	0	0	0.602	0.398	0	0	0.606667	0.393333	0	0	0.712667	0.287333	0
53	1	0.156315	0.0669692	0.496832	0	0	0.938667	0.0613333	0	0	1	0	0	0	0.832	0.168	0	0	1	0	0	0	1	0	0	0	0.998	0.002	0	0	0.837333	0.162667	0	0	0.8	0.2	0	0	1	0	0	0	1	0	0	0	0.998667	0.00133333	0	0	0.969333	0.0306667	0	0	0.896667	0.103333	0	0	0.303333	0.696667	0	0	0.971333	0.0286667	0	0	0.795333	0.204667	0	0	1	0	0	0	1	0	0	0	1	0	0	0	1	0	0	0	0.997333	0.00266667	0	0	1	0	0	0	1	0	0	0	1	0	0	0	0.998667	0.00133333	0	0	0.902667	0.0973333	0	0	0.998667	0.00133333	0	0	0.998667	0.00133333	0	0	1	0	0	0	1	0	0	0	1	0	0
76	1	0.156021	0.13907	0.501625	0	0	0.0473333	0.952667	0	0	0.0613333	0.938667	0	0	0.0106667	0.989333	0	0	1	0	0	0	1	0	0	0	0.991333	0.00866667	0	0	0.939333	0.0606667	0	0	0.665333	0.334667	0	0	1	0	0	0	1	0	0	0	1	0	0	0	0.997333	0.00266667	0	0	0.910667	0.0893333	0	0	0.782	0.218	0	0	0.988667	0.0113333	0	0	0.142667	0.857333	0	0	0.241333	0.758667	0	0	0.735333	0.264667	0	0	1	0	0	0	1	0	0	0	1	0	0	0	1	0	0	0	1	0	0	0	1	0	0	0	1	0	0	0	0.936	0.064	0	0	1	0	0	0	1	0	0	0	1	0	0	0	1	0	0	0	1	0	0
66	1	0.2806	0.122441	0.492377	0	0	0.632667	0.367333	0	0	0.574	0.426	0	0	0.528667	0.471333	0	0	0.98	0.02	0	0	0.999333	0.000666667	0	0	1	0	0	0	0.976	0.024	0	0	0.722	0.278	0	0	1	0	0	0	1	0	0	0	0.00466667	0.995333	0	0	0.00466667	0.995333	0	0	0.00533333	0.994667	0	0	0.00333333	0.996667	0	0	0.0153333	0.984667	0	0	0.92	0.08	0	0	0.637333	0.362667	0	0	0.660667	0.339333	0	0	1	0	0	0	1	0	0	0	0.978667	0.0213333	0	0	1	0	0	0	1	0	0	0	1	0	0	0	0.00466667	0.995333	0	0	0.00533333	0.994667	0	0	0.006	0.994	0	0	0.0533333	0.946667	0	0	1	0	0	0	1	0	0	0	1	0	0
36	1	0.133259	0.236393	0.499328	0	0	0.0533333	0.946667	0	0	0.0293333	0.970667	0	0	0.000666667	0.999333	0	0	0.999333	0.000666667	0	0	0.790667	0.209333	0	0	0.950667	0.0493333	0	0	0.078	0.922	0	0	0.0706667	0.929333	0	0	1	0	0	0	1	0	0	0	0	1	0	0	0	1	0	0	0	1	0	0	0	1	0	0	0.018	0.982	0	0	0.766667	0.233333	0	0	0.0606667	0.939333	0	0	0.142667	0.857333	0	0	1	0	0	0	1	0	0	0	0.13	0.87	0	0	1	0	0	0	1	0	0	0	1	0	0	0	0	1	0	0	0	1	0	0	0.000666667	0.999333	0	0	0.0446667	0.955333	0	0	1	0	0	0	1	0	0	0	1	0	0
67	1	0.150857	0.02654	0.508848	0	0	1	0	0	0	1	0	0	0	1	0	0	0	0.999333	0.000666667	0	0	1	0	0	0	0.994667	0.00533333	0	0	0.988	0.012	0	0	0.922667	0.0773333	0	0	1	0	0	0	1	0	0	0	0.950667	0.0493333	0	0	0.998	0.002	0	0	1	0	0	0	1	0	0	0	1	0	0	0	0.998	0.002	0	0	1	0	0	0	1	0	0	0	1	0	0	0	1	0	0	0	1	0	0	0	1	0	0	0	1	0	0	0	1	0	0	0	1	0	0	0	1	0	0	0	1	0	0	0	1	0	0	0	1	0	0	0	1	0	0	0	1	0	0
54	1	0.246682	0.157762	0.499039	0	0	0.000666667	0.999333	0	0	0.00133333	0.998667	0	0	0.0526667	0.947333	0	0	0.824667	0.175333	0	0	0.811333	0.188667	0	0	0.996667	0.00333333	0	0	0.984667	0.0153333	0	0	0.888	0.112	0	0	1	0	0	0	0.998	0.002	0	0	0.269333	0.730667	0	0	0.326	0.674	0	0	0.0733333	0.926667	0	0	0.0513333	0.948667	0	0	0.326	0.674	0	0	0.763333	0.236667	0	0	0.00533333	0.994667	0	0	0.06	0.94	0	0	0.998	0.002	0	0	0.999333	0.000666667	0	0	0.998	0.002	0	0	0.999333	0.000666667	0	0	1	0	0	0	1	0	0	0	0.327333	0.672667	0	0	0.203333	0.796667	0	0	0.33	0.67	0	0	0.393333	0.606667	0	0	1	0	0	0	1	0	0	0	1	0	0
77	1	0.223855	0.227747	0.494987	0	0	0	1	0	0	0	1	0	0	0	1	0	0	0.997333	0.00266667	0	0	0.938	0.062	0	0	0.984	0.016	0	0	0.0986667	0.901333	0	0	0.0886667	0.911333	0	0	1	0	0	0	1	0	0	0	0	1	0	0	0	1	0	0	0.002	0.998	0	0	0.00333333	0.996667	0	0	0.0173333	0.982667	0	0	0.668	0.332	0	0	0	1	0	0	0.00933333	0.990667	0	0	0.999333	0.000666667	0	0	0.999333	0.000666667	0	0	0.146667	0.853333	0	0	1	0	0	0	1	0	0	0	1	0	0	0	0	1	0	0	0.00333333	0.996667	0	0	0.00333333	0.996667	0	0	0.046	0.954	0	0	1	0	0	0	1	0	0	0	1	0	0
37	1	0.146801	0.0473345	0.519844	0	0	0.85	0.15	0	0	0.989333	0.0106667	0	0	0.420667	0.579333	0	0	0.998667	0.00133333	0	0	0.988	0.012	0	0	1	0	0	0	0.997333	0.00266667	0	0	0.908	0.092	0	0	1	0	0	0	1	0	0	0	0.999333	0.000666667	0	0	0.996	0.004	0	0	1	0	0	0	0.988667	0.0113333	0	0	0.998667	0.00133333	0	0	0.998667	0.00133333	0	0	0.99	0.01	0	0	0.99	0.01	0	0	1	0	0	0	1	0	0	0	0.999333	0.000666667	0	0	1	0	0	0	1	0	0	0	1	0	0	0	1	0	0	0	1	0	0	0	1	0	0	0	1	0	0	0	1	0	0	0	1	0	0	0	1	0	0
68	1	0.244279	0.0922553	0.511313	0	0	0.00533333	0.994667	0	0	0.02	0.98	0	0	0.146667	0.853333	0	0	0.895333	0.104667	0	0	0.842667	0.157333	0	0	0.968	0.032	0	0	0.994	0.006	0	0	0.993333	0.00666667	0	0	1	0	0	0	1	0	0	0	0.754667	0.245333	0	0	0.757333	0.242667	0	0	0.754	0.246	0	0	0.72	0.28	0	0	0.668667	0.331333	0	0	0.866	0.134	0	0	0.0233333	0.976667	0	0	0.2	0.8	0	0	0.937333	0.0626667	0	0	0.991333	0.00866667	0	0	0.998667	0.00133333	0	0	1	0	0	0	1	0	0	0	1	0	0	0	0.760667	0.239333	0	0	0.756667	0.243333	0	0	0.761333	0.238667	0	0	0.796	0.204	0	0	1	0	0	0	1	0	0	0	1	0	0
55	1	0.262845	0.0922716	0.511668	0	0	0.999333	0.000666667	0	0	0.978667	0.0213333	0	0	0.65	0.35	0	0	1	0	0	0	0.999333	0.000666667	0	0	1	0	0	0	0.784	0.216	0	0	0.792667	0.207333	0	0	0.998	0.002	0	0	0.998667	0.00133333	0	0	0.171333	0.828667	0	0	0.179333	0.820667	0	0	0.0966667	0.903333	0	0	0.115333	0.884667	0	0	0.714667	0.285333	0	0	0.864	0.136	0	0	0.999333	0.000666667	0	0	1	0	0	0	1	0	0	0	1	0	0	0	0.840667	0.159333	0	0	1	0	0	0	1	0	0	0	1	0	0	0	0.180667	0.819333	0	0	0.135333	0.864667	0	0	0.185333	0.814667	0	0	0.720667	0.279333	0	0	1	0	0	0	1	0	0	0	1	0	0
78	1	0.166195	0.162275	0.509888	0	0	0.000666667	0.999333	0	0	0.00133333	0.998667	0	0	0.000666667	0.999333	0	0	1	0	0	0	0.986667	0.0133333	0	0	0.962667	0.0373333	0	0	0.914667	0.0853333	0	0	0.869333	0.130667	0	0	1	0	0	0	1	0	0	0	0.00533333	0.994667	0	0	0.004	0.996	0	0	0.894667	0.105333	0	0	0.391333	0.608667	0	0	0.723333	0.276667	0	0	0.586	0.414	0	0	0.00133333	0.998667	0	0	0.00933333	0.990667	0	0	1	0	0	0	1	0	0	0	0.986	0.014	0	0	1	0	0	0	1	0	0	0	1	0	0	0	0.0306667	0.969333	0	0	0.894667	0.105333	0	0	0.894667	0.105333	0	0	0.916	0.084	0	0	1	0	0	0	1	0	0	0	1	0	0
38	1	0.121575	0.209545	0.487848	0	0	0	1	0	0	0	1	0	0	0.00266667	0.997333	0	0	1	0	0	0	1	0	0	0	1	0	0	0	0.417333	0.582667	0	0	0.289333	0.710667	0	0	1	0	0	0	1	0	0	0	0	1	0	0	0	1	0	0	0.000666667	0.999333	0	0	0	1	0	0	0.004	0.996	0	0	0.626	0.374	0	0	0	1	0	0	0.0126667	0.987333	0	0	1	0	0	0	1	0	0	0	0.46	0.54	0	0	1	0	0	0	1	0	0	0	1	0	0	0	0	1	0	0	0.000666667	0.999333	0	0	0.000666667	0.999333	0	0	0.03	0.97	0	0	1	0	0	0	1	0	0	0	1	0	0
69	1	0.234244	0.160835	0.468937	0	0	0.724	0.276	0	0	0.8	0.2	0	0	0.0226667	0.977333	0	0	0.978667	0.0213333	0	0	1	0	0	0	0.996667	0.00333333	0	0	0.992	0.008	0	0	0.975333	0.0246667	0	0	1	0	0	0	1	0	0	0	0.00533333	0.994667	0	0	0.00533333	0.994667	0	0	0.00533333	0.994667	0	0	0.00533333	0.994667	0	0	0.00666667	0.993333	0	0	0.139333	0.860667	0	0	0.800667	0.199333	0	0	0.812667	0.187333	0	0	1	0	0	0	1	0	0	0	0.999333	0.000666667	0	0	1	0	0	0	1	0	0	0	1	0	0	0	0.00533333	0.994667	0	0	0.00533333	0.994667	0	0	0.00533333	0.994667	0	0	0.038	0.962	0	0	1	0	0	0	1	0	0	0	1	0	0
56	1	0.156219	0.106925	0.505704	0	0	0.68	0.32	0	0	0.743333	0.256667	0	0	0.01	0.99	0	0	1	0	0	0	0.922667	0.0773333	0	0	0.982	0.018	0	0	0.979333	0.0206667	0	0	0.922667	0.0773333	0	0	0.962667	0.0373333	0	0	0.989333	0.0106667	0	0	0.818	0.182	0	0	0.871333	0.128667	0	0	0.842667	0.157333	0	0	0.889333	0.110667	0	0	0.147333	0.852667	0	0	0.756667	0.243333	0	0	0.743333	0.256667	0	0	0.75	0.25	0	0	1	0	0	0	1	0	0	0	0.987333	0.0126667	0	0	1	0	0	0	1	0	0	0	1	0	0	0	0.878667	0.121333	0	0	0.889333	0.110667	0	0	0.89	0.11	0	0	0.903333	0.0966667	0	0	1	0	0	0	1	0	0	0	1	0	0
79	1	0.200669	0.163267	0.507391	0	0	0.817333	0.182667	0	0	0.99	0.01	0	0	0.333333	0.666667	0	0	1	0	0	0	1	0	0	0	0.994	0.006	0	0	0.751333	0.248667	0	0	0.503333	0.496667	0	0	1	0	0	0	0.991333	0.00866667	0	0	0.012	0.988	0	0	0.00333333	0.996667	0	0	0.00266667	0.997333	0	0	0.000666667	0.999333	0	0	0.0213333	0.978667	0	0	0.264	0.736	0	0	0.998	0.002	0	0	0.998667	0.00133333	0	0	1	0	0	0	1	0	0	0	0.766667	0.233333	0	0	1	0	0	0	1	0	0	0	1	0	0	0	0.012	0.988	0	0	0.00266667	0.997333	0	0	0.012	0.988	0	0	0.0526667	0.947333	0	0	1	0	0	0	1	0	0	0	1	0	0
39	1	0.1468	0.233212	0.497719	0	0	0.00733333	0.992667	0	0	0.000666667	0.999333	0	0	0	1	0	0	0.74	0.26	0	0	0.990667	0.00933333	0	0	0.998667	0.00133333	0	0	0.916	0.084	0	0	0.493333	0.506667	0	0	0.924	0.076	0	0	0.996	0.004	0	0	0	1	0	0	0	1	0	0	0	1	0	0	0	1	0	0	0.000666667	0.999333	0	0	0.05	0.95	0	0	0.008	0.992	0	0	0.014	0.986	0	0	0.998667	0.00133333	0	0	1	0	0	0	0.92	0.08	0	0	1	0	0	0	1	0	0	0	1	0	0	0	0	1	0	0	0	1	0	0	0	1	0	0	0.0226667	0.977333	0	0	1	0	0	0	1	0	0	0	1	0	0
70	1	0.120207	0.219916	0.498982	0	0	0	1	0	0	0	1	0	0	0	1	0	0	0.992	0.008	0	0	0.978	0.022	0	0	0.995333	0.00466667	0	0	0.536	0.464	0	0	0.876667	0.123333	0	0	1	0	0	0	1	0	0	0	0	1	0	0	0	1	0	0	0	1	0	0	0	1	0	0	0.0226667	0.977333	0	0	0.119333	0.880667	0	0	0.000666667	0.999333	0	0	0.008	0.992	0	0	0.998667	0.00133333	0	0	0.999333	0.000666667	0	0	0.882667	0.117333	0	0	0.999333	0.000666667	0	0	1	0	0	0	1	0	0	0	0	1	0	0	0	1	0	0	0	1	0	0	0.0446667	0.955333	0	0	1	0	0	0	1	0	0	0	1	0	0
57	1	0.175606	0.0909741	0.503345	0	0	0.986667	0.0133333	0	0	0.990667	0.00933333	0	0	0.064	0.936	0	0	1	0	0	0	1	0	0	0	1	0	0	0	0.805333	0.194667	0	0	1	0	0	0	1	0	0	0	1	0	0	0	0.852	0.148	0	0	0.848667	0.151333	0	0	1	0	0	0	1	0	0	0	0.585333	0.414667	0	0	0.530667	0.469333	0	0	0.991333	0.00866667	0	0	0.991333	0.00866667	0	0	1	0	0	0	1	0	0	0	1	0	0	0	1	0	0	0	1	0	0	0	1	0	0	0	0.992667	0.00733333	0	0	1	0	0	0	1	0	0	0	1	0	0	0	1	0	0	0	1	0	0	0	1	0	0
80	1	0.128584	0.266281	0.496342	0	0	0.00733333	0.992667	0	0	0.018	0.982	0	0	0.194667	0.805333	0	0	0.836	0.164	0	0	0.999333	0.000666667	0	0	1	0	0	0	0.0433333	0.956667	0	0	0.036	0.964	0	0	0.998	0.002	0	0	0.998667	0.00133333	0	0	0	1	0	0	0	1	0	0	0	1	0	0	0	1	0	0	0	1	0	0	0.0453333	0.954667	0	0	0.0206667	0.979333	0	0	0.202667	0.797333	0	0	1	0	0	0	1	0	0	0	0.076	0.924	0	0	1	0	0	0	1	0	0	0	1	0	0	0	0	1	0	0	0	1	0	0	0	1	0	0	0.0233333	0.976667	0	0	1	0	0	0	1	0	0	0	1	0	0
40	1	0.176632	0.121838	0.476029	0	0	0.743333	0.256667	0	0	0.714667	0.285333	0	0	0.002	0.998	0	0	1	0	0	0	0.996	0.004	0	0	0.994667	0.00533333	0	0	0.942667	0.0573333	0	0	0.926	0.074	0	0	1	0	0	0	1	0	0	0	0.566667	0.433333	0	0	0.334667	0.665333	0	0	0.602667	0.397333	0	0	0.515333	0.484667	0	0	0.146	0.854	0	0	0.884	0.116	0	0	0.747333	0.252667	0	0	0.766667	0.233333	0	0	1	0	0	0	1	0	0	0	0.960667	0.0393333	0	0	1	0	0	0	1	0	0	0	1	0	0	0	0.584	0.416	0	0	0.608	0.392	0	0	0.608667	0.391333	0	0	0.65	0.35	0	0	1	0	0	0	1	0	0	0	1	0	0
85	1	0.177969	0.0983906	0.498758	0	0	0.000666667	0.999333	0	0	0.00266667	0.997333	0	0	0.002	0.998	0	0	0.868	0.132	0	0	0.875333	0.124667	0	0	1	0	0	0	1	0	0	0	0.99	0.01	0	0	1	0	0	0	1	0	0	0	0.641333	0.358667	0	0	0.675333	0.324667	0	0	0.984667	0.0153333	0	0	0.972667	0.0273333	0	0	0.83	0.17	0	0	1	0	0	0	0.00266667	0.997333	0	0	0.014	0.986	0	0	0.998667	0.00133333	0	0	1	0	0	0	1	0	0	0	1	0	0	0	1	0	0	0	1	0	0	0	0.94	0.06	0	0	0.984667	0.0153333	0	0	0.984667	0.0153333	0	0	0.987333	0.0126667	0	0	1	0	0	0	1	0	0	0	1	0	0
58	1	0.177317	0.184379	0.523703	0	0	0.846	0.154	0	0	1	0	0	0	0.008	0.992	0	0	0.982667	0.0173333	0	0	0.991333	0.00866667	0	0	0.932667	0.0673333	0	0	0.586	0.414	0	0	0.567333	0.432667	0	0	1	0	0	0	1	0	0	0	0	1	0	0	0	1	0	0	0	1	0	0	0	1	0	0	0.0166667	0.983333	0	0	0.0873333	0.912667	0	0	1	0	0	0	1	0	0	0	1	0	0	0	1	0	0	0	0.640667	0.359333	0	0	1	0	0	0	1	0	0	0	1	0	0	0	0	1	0	0	0	1	0	0	0	1	0	0	0.0333333	0.966667	0	0	1	0	0	0	1	0	0	0	1	0	0
81	1	0.162895	0.299505	0.499004	0	0	0.140667	0.859333	0	0	0.846667	0.153333	0	0	0.0333333	0.966667	0	0	0.903333	0.0966667	0	0	0.911333	0.0886667	0	0	0.719333	0.280667	0	0	0.0473333	0.952667	0	0	0.0346667	0.965333	0	0	0.556667	0.443333	0	0	0.547333	0.452667	0	0	0	1	0	0	0	1	0	0	0	1	0	0	0	1	0	0	0.000666667	0.999333	0	0	0.209333	0.790667	0	0	0.846667	0.153333	0	0	0.852	0.148	0	0	0.911333	0.0886667	0	0	0.911333	0.0886667	0	0	0.0746667	0.925333	0	0	0.911333	0.0886667	0	0	0.605333	0.394667	0	0	0.911333	0.0886667	0	0	0	1	0	0	0	1	0	0	0	1	0	0	0.0226667	0.977333	0	0	0.911333	0.0886667	0	0	0.913333	0.0866667	0	0	0.934667	0.0653333	0
41	1	0.272061	0.219052	0.489179	0	0	0.0106667	0.989333	0	0	0.00533333	0.994667	0	0	0.0533333	0.946667	0	0	1	0	0	0	1	0	0	0	0.998	0.002	0	0	0.749333	0.250667	0	0	0.668667	0.331333	0	0	0.845333	0.154667	0	0	0.956667	0.0433333	0	0	0.004	0.996	0	0	0.004	0.996	0	0	0.000666667	0.999333	0	0	0	1	0	0	0.058	0.942	0	0	0.206	0.794	0	0	0.0373333	0.962667	0	0	0.110667	0.889333	0	0	1	0	0	0	1	0	0	0	0.79	0.21	0	0	1	0	0	0	0.999333	0.000666667	0	0	1	0	0	0	0.004	0.996	0	0	0.00266667	0.997333	0	0	0.004	0.996	0	0	0.0873333	0.912667	0	0	1	0	0	0	1	0	0	0	1	0	0
86	1	0.373447	0.191038	0.510429	0	0	0.486667	0.513333	0	0	0.5	0.5	0	0	0.401333	0.598667	0	0	0.575333	0.424667	0	0	0.526667	0.473333	0	0	0.600667	0.399333	0	0	0.509333	0.490667	0	0	0.472667	0.527333	0	0	0.514	0.486	0	0	0.498	0.502	0	0	0.115333	0.884667	0	0	0.11	0.89	0	0	0.0973333	0.902667	0	0	0.0826667	0.917333	0	0	0.1	0.9	0	0	0.541333	0.458667	0	0	0.502667	0.497333	0	0	0.515333	0.484667	0	0	0.612667	0.387333	0	0	0.613333	0.386667	0	0	0.527333	0.472667	0	0	0.616667	0.383333	0	0	0.625333	0.374667	0	0	0.626667	0.373333	0	0	0.115333	0.884667	0	0	0.0993333	0.900667	0	0	0.115333	0.884667	0	0	0.139333	0.860667	0	0	0.627333	0.372667	0	0	0.636	0.364	0	0	0.735333	0.264667	0
59	1	0.144633	0.223802	0.490636	0	0	0	1	0	0	0.000666667	0.999333	0	0	0.00133333	0.998667	0	0	1	0	0	0	0.946667	0.0533333	0	0	0.998667	0.00133333	0	0	0.340667	0.659333	0	0	0.237333	0.762667	0	0	1	0	0	0	1	0	0	0	0.972667	0.0273333	0	0	0.594	0.406	0	0	0.907333	0.0926667	0	0	0.0266667	0.973333	0	0	0.098	0.902	0	0	0.082	0.918	0	0	0.000666667	0.999333	0	0	0.0166667	0.983333	0	0	1	0	0	0	1	0	0	0	0.378	0.622	0	0	1	0	0	0	1	0	0	0	1	0	0	0	0.973333	0.0266667	0	0	0.914	0.086	0	0	0.976	0.024	0	0	0.976667	0.0233333	0	0	1	0	0	0	1	0	0	0	1	0	0
82	1	0.140522	0.0479752	0.491431	0	0	0.964667	0.0353333	0	0	1	0	0	0	0.926	0.074	0	0	1	0	0	0	1	0	0	0	1	0	0	0	1	0	0	0	0.916667	0.0833333	0	0	1	0	0	0	1	0	0	0	1	0	0	0	0.872	0.128	0	0	0.412667	0.587333	0	0	1	0	0	0	0.986667	0.0133333	0	0	0.944667	0.0553333	0	0	1	0	0	0	1	0	0	0	1	0	0	0	1	0	0	0	1	0	0	0	1	0	0	0	1	0	0	0	1	0	0	0	1	0	0	0	1	0	0	0	1	0	0	0	1	0	0	0	1	0	0	0	1	0	0	0	1	0	0
42	1	0.145695	0.265193	0.520721	0	0	0	1	0	0	0	1	0	0	0	1	0	0	1	0	0	0	1	0	0	0	1	0	0	0	0.0573333	0.942667	0	0	0.056	0.944	0	0	0.992667	0.00733333	0	0	1	0	0	0	0.00333333	0.996667	0	0	0.006	0.994	0	0	0.00533333	0.994667	0	0	0.000666667	0.999333	0	0	0.00333333	0.996667	0	0	0.0566667	0.943333	0	0	0	1	0	0	0.01	0.99	0	0	1	0	0	0	1	0	0	0	0.100667	0.899333	0	0	1	0	0	0	1	0	0	0	1	0	0	0	0.00666667	0.993333	0	0	0.00666667	0.993333	0	0	0.00933333	0.990667	0	0	0.036	0.964	0	0	1	0	0	0	1	0	0	0	1	0	0
87	1	0.138172	0.039433	0.490677	0	0	1	0	0	0	1	0	0	0	0.999333	0.000666667	0	0	1	0	0	0	1	0	0	0	0.988	0.012	0	0	0.839333	0.160667	0	0	0.826667	0.173333	0	0	1	0	0	0	1	0	0	0	0.938	0.062	0	0	0.985333	0.0146667	0	0	0.998	0.002	0	0	0.997333	0.00266667	0	0	0.974667	0.0253333	0	0	0.768667	0.231333	0	0	1	0	0	0	1	0	0	0	1	0	0	0	1	0	0	0	0.951333	0.0486667	0	0	1	0	0	0	1	0	0	0	1	0	0	0	0.992	0.008	0	0	0.998	0.002	0	0	0.998	0.002	0	0	0.999333	0.000666667	0	0	1	0	0	0	1	0	0	0	1	0	0
60	1	0.211613	0.0624576	0.511136	0	0	0.0986667	0.901333	0	0	0.086	0.914	0	0	0.032	0.968	0	0	1	0	0	0	1	0	0	0	0.94	0.06	0	0	0.958	0.042	0	0	1	0	0	0	1	0	0	0	1	0	0	0	1	0	0	0	0.966667	0.0333333	0	0	0.986	0.014	0	0	0.892667	0.107333	0	0	1	0	0	0	1	0	0	0	0.100667	0.899333	0	0	0.106	0.894	0	0	1	0	0	0	1	0	0	0	1	0	0	0	1	0	0	0	1	0	0	0	1	0	0	0	1	0	0	0	0.991333	0.00866667	0	0	1	0	0	0	1	0	0	0	1	0	0	0	1	0	0	0	1	0	0
83	1	0.292276	0.207011	0.492522	0	0	0.322667	0.677333	0	0	0.216667	0.783333	0	0	0.140667	0.859333	0	0	1	0	0	0	0.996667	0.00333333	0	0	0.972	0.028	0	0	0.503333	0.496667	0	0	0.67	0.33	0	0	1	0	0	0	1	0	0	0	0.101333	0.898667	0	0	0.113333	0.886667	0	0	0.078	0.922	0	0	0.00266667	0.997333	0	0	0.0293333	0.970667	0	0	0.134	0.866	0	0	0.345333	0.654667	0	0	0.366667	0.633333	0	0	1	0	0	0	1	0	0	0	0.704667	0.295333	0	0	1	0	0	0	1	0	0	0	1	0	0	0	0.114	0.886	0	0	0.09	0.91	0	0	0.114	0.886	0	0	0.139333	0.860667	0	0	1	0	0	0	1	0	0	0	1	0	0
43	1	0.311716	0.132521	0.509696	0	0	0.604	0.396	0	0	0.645333	0.354667	0	0	0.0786667	0.921333	0	0	1	0	0	0	1	0	0	0	0.996667	0.00333333	0	0	0.866667	0.133333	0	0	0.819333	0.180667	0	0	1	0	0	0	0.999333	0.000666667	0	0	0.05	0.95	0	0	0.0493333	0.950667	0	0	0.05	0.95	0	0	0.0413333	0.958667	0	0	0.103333	0.896667	0	0	0.977333	0.0226667	0	0	0.648667	0.351333	0	0	0.664667	0.335333	0	0	1	0	0	0	1	0	0	0	0.889333	0.110667	0	0	1	0	0	0	1	0	0	0	1	0	0	0	0.0506667	0.949333	0	0	0.05	0.95	0	0	0.052	0.948	0	0	0.126	0.874	0	0	1	0	0	0	1	0	0	0	1	0	0
88	1	0.228253	0.282814	0.50158	0	0	0	1	0	0	0	1	0	0	0.0206667	0.979333	0	0	0.69	0.31	0	0	0.977333	0.0226667	0	0	0.963333	0.0366667	0	0	0.0506667	0.949333	0	0	0.0513333	0.948667	0	0	1	0	0	0	0.994	0.006	0	0	0.046	0.954	0	0	0.0466667	0.953333	0	0	0.0226667	0.977333	0	0	0.00466667	0.995333	0	0	0.0846667	0.915333	0	0	0.233333	0.766667	0	0	0.0106667	0.989333	0	0	0.790667	0.209333	0	0	0.982	0.018	0	0	0.990667	0.00933333	0	0	0.0946667	0.905333	0	0	0.993333	0.00666667	0	0	1	0	0	0	1	0	0	0	0.0473333	0.952667	0	0	0.0253333	0.974667	0	0	0.048	0.952	0	0	0.118	0.882	0	0	1	0	0	0	1	0	0	0	1	0	0
89	1	0.218852	0.125235	0.508458	0	0	0.27	0.73	0	0	0.046	0.954	0	0	0.06	0.94	0	0	0.852667	0.147333	0	0	0.99	0.01	0	0	1	0	0	0	0.914667	0.0853333	0	0	0.904	0.096	0	0	1	0	0	0	1	0	0	0	0.857333	0.142667	0	0	0.981333	0.0186667	0	0	0.77	0.23	0	0	1	0	0	0	0.456667	0.543333	0	0	0.697333	0.302667	0	0	0.287333	0.712667	0	0	0.595333	0.404667	0	0	1	0	0	0	1	0	0	0	0.978	0.022	0	0	1	0	0	0	1	0	0	0	1	0	0	0	0.987333	0.0126667	0	0	1	0	0	0	1	0	0	0	1	0	0	0	1	0	0	0	1	0	0	0	1	0	0
84	1	0.231965	0.274331	0.504934	0	0	0.00133333	0.998667	0	0	0.00333333	0.996667	0	0	0	1	0	0	0.438667	0.561333	0	0	0.426667	0.573333	0	0	0.602667	0.397333	0	0	0.484	0.516	0	0	0.862	0.138	0	0	1	0	0	0	0.999333	0.000666667	0	0	0.02	0.98	0	0	0.0113333	0.988667	0	0	0.016	0.984	0	0	0.00866667	0.991333	0	0	0.006	0.994	0	0	0.262	0.738	0	0	0.008	0.992	0	0	0.032	0.968	0	0	0.585333	0.414667	0	0	0.656667	0.343333	0	0	0.915333	0.0846667	0	0	0.94	0.06	0	0	1	0	0	0	1	0	0	0	0.0233333	0.976667	0	0	0.0166667	0.983333	0	0	0.0233333	0.976667	0	0	0.0646667	0.935333	0	0	1	0	0	0	1	0	0	0	1	0	0
44	1	0.190524	0.165233	0.50877	0	0	0.353333	0.646667	0	0	0.579333	0.420667	0	0	0.00666667	0.993333	0	0	0.989333	0.0106667	0	0	0.817333	0.182667	0	0	0.996	0.004	0	0	0.856	0.144	0	0	0.940667	0.0593333	0	0	1	0	0	0	0.993333	0.00666667	0	0	0.416667	0.583333	0	0	0.358667	0.641333	0	0	0.786667	0.213333	0	0	0.496	0.504	0	0	0.137333	0.862667	0	0	0.439333	0.560667	0	0	0.582667	0.417333	0	0	0.615333	0.384667	0	0	0.995333	0.00466667	0	0	1	0	0	0	0.947333	0.0526667	0	0	1	0	0	0	1	0	0	0	1	0	0	0	0.504	0.496	0	0	0.789333	0.210667	0	0	0.797333	0.202667	0	0	0.803333	0.196667	0	0	1	0	0	0	1	0	0	0	1	0	0
92	1	0.201768	0.227634	0.492698	0	0	0	1	0	0	0.00133333	0.998667	0	0	0	1	0	0	0.992667	0.00733333	0	0	0.997333	0.00266667	0	0	1	0	0	0	0.303333	0.696667	0	0	0.441333	0.558667	0	0	1	0	0	0	1	0	0	0	0.002	0.998	0	0	0.002	0.998	0	0	0.00133333	0.998667	0	0	0	1	0	0	0.00533333	0.994667	0	0	0.316	0.684	0	0	0.00266667	0.997333	0	0	0.0606667	0.939333	0	0	1	0	0	0	1	0	0	0	0.474667	0.525333	0	0	1	0	0	0	1	0	0	0	1	0	0	0	0.002	0.998	0	0	0.00133333	0.998667	0	0	0.002	0.998	0	0	0.036	0.964	0	0	1	0	0	0	1	0	0	0	1	0	0
90	1	0.130375	0.13693	0.483308	0	0	0.85	0.15	0	0	0.108667	0.891333	0	0	0.0166667	0.983333	0	0	0.978667	0.0213333	0	0	0.999333	0.000666667	0	0	1	0	0	0	0.84	0.16	0	0	0.583333	0.416667	0	0	0.999333	0.000666667	0	0	1	0	0	0	0.987333	0.0126667	0	0	1	0	0	0	0.641333	0.358667	0	0	0.998	0.002	0	0	0.145333	0.854667	0	0	0.974	0.026	0	0	0.855333	0.144667	0	0	0.912	0.088	0	0	0.999333	0.000666667	0	0	1	0	0	0	0.846667	0.153333	0	0	1	0	0	0	1	0	0	0	1	0	0	0	1	0	0	0	0.998667	0.00133333	0	0	1	0	0	0	1	0	0	0	1	0	0	0	1	0	0	0	1	0	0
94	1	0.178884	0.231327	0.490091	0	0	0.00533333	0.994667	0	0	0.00466667	0.995333	0	0	0	1	0	0	1	0	0	0	0.99	0.01	0	0	1	0	0	0	0.622	0.378	0	0	0.359333	0.640667	0	0	1	0	0	0	1	0	0	0	0	1	0	0	0	1	0	0	0	1	0	0	0	1	0	0	0.00533333	0.994667	0	0	0.0586667	0.941333	0	0	0.006	0.994	0	0	0.0193333	0.980667	0	0	1	0	0	0	1	0	0	0	0.636667	0.363333	0	0	1	0	0	0	1	0	0	0	1	0	0	0	0	1	0	0	0	1	0	0	0	1	0	0	0.0253333	0.974667	0	0	1	0	0	0	1	0	0	0	1	0	0
45	1	0.172311	0.212004	0.494485	0	0	0.735333	0.264667	0	0	0.694	0.306	0	0	0.044	0.956	0	0	0.555333	0.444667	0	0	0.557333	0.442667	0	0	0.826667	0.173333	0	0	0.794	0.206	0	0	0.882667	0.117333	0	0	1	0	0	0	0.975333	0.0246667	0	0	0	1	0	0	0	1	0	0	0	1	0	0	0	1	0	0	0.022	0.978	0	0	0.230667	0.769333	0	0	0.758	0.242	0	0	0.819333	0.180667	0	0	0.720667	0.279333	0	0	0.999333	0.000666667	0	0	0.907333	0.0926667	0	0	0.999333	0.000666667	0	0	1	0	0	0	1	0	0	0	0	1	0	0	0.000666667	0.999333	0	0	0.000666667	0.999333	0	0	0.044	0.956	0	0	1	0	0	0	1	0	0	0	1	0	0
93	1	0.0491233	0.274833	0.489443	0	0	0	1	0	0	0	1	0	0	0	1	0	0	0.689333	0.310667	0	0	0.697333	0.302667	0	0	1	0	0	0	0.225333	0.774667	0	0	0.376	0.624	0	0	1	0	0	0	1	0	0	0	0	1	0	0	0	1	0	0	0	1	0	0	0	1	0	0	0.000666667	0.999333	0	0	0.0426667	0.957333	0	0	0	1	0	0	0.0106667	0.989333	0	0	1	0	0	0	1	0	0	0	0.4	0.6	0	0	1	0	0	0	1	0	0	0	1	0	0	0	0	1	0	0	0	1	0	0	0	1	0	0	0.018	0.982	0	0	1	0	0	0	1	0	0	0	1	0	0
91	1	0.259952	0.173776	0.489165	0	0	0.06	0.94	0	0	0.028	0.972	0	0	0.0246667	0.975333	0	0	0.992667	0.00733333	0	0	0.987333	0.0126667	0	0	0.982	0.018	0	0	0.375333	0.624667	0	0	0.291333	0.708667	0	0	1	0	0	0	1	0	0	0	0.00133333	0.998667	0	0	0.00266667	0.997333	0	0	0.00333333	0.996667	0	0	0.00133333	0.998667	0	0	0.982	0.018	0	0	0.934667	0.0653333	0	0	0.0633333	0.936667	0	0	0.0793333	0.920667	0	0	1	0	0	0	1	0	0	0	0.427333	0.572667	0	0	1	0	0	0	1	0	0	0	1	0	0	0	0.00466667	0.995333	0	0	0.006	0.994	0	0	0.024	0.976	0	0	0.982667	0.0173333	0	0	1	0	0	0	1	0	0	0	1	0	0
95	1	0.280348	0.164878	0.49256	0	0	0.000666667	0.999333	0	0	0.000666667	0.999333	0	0	0.0193333	0.980667	0	0	0.992	0.008	0	0	0.948667	0.0513333	0	0	0.994	0.006	0	0	0.748667	0.251333	0	0	0.794	0.206	0	0	1	0	0	0	0.996667	0.00333333	0	0	0.00333333	0.996667	0	0	0.00333333	0.996667	0	0	0.00133333	0.998667	0	0	0.00333333	0.996667	0	0	0.0326667	0.967333	0	0	0.931333	0.0686667	0	0	0.000666667	0.999333	0	0	0.0333333	0.966667	0	0	0.998	0.002	0	0	0.998	0.002	0	0	0.828	0.172	0	0	0.998	0.002	0	0	1	0	0	0	1	0	0	0	0.00333333	0.996667	0	0	0.00333333	0.996667	0	0	0.004	0.996	0	0	0.0486667	0.951333	0	0	1	0	0	0	1	0	0	0	1	0	0
46	1	0.229675	0.213474	0.498819	0	0	0.002	0.998	0	0	0.00666667	0.993333	0	0	0.032	0.968	0	0	0.993333	0.00666667	0	0	0.997333	0.00266667	0	0	0.743333	0.256667	0	0	0.248667	0.751333	0	0	0.329333	0.670667	0	0	0.998667	0.00133333	0	0	1	0	0	0	0.152	0.848	0	0	0.166	0.834	0	0	0.172	0.828	0	0	0.0813333	0.918667	0	0	0.648667	0.351333	0	0	0.701333	0.298667	0	0	0.0186667	0.981333	0	0	0.694667	0.305333	0	0	1	0	0	0	1	0	0	0	0.372	0.628	0	0	1	0	0	0	1	0	0	0	1	0	0	0	0.172667	0.827333	0	0	0.172667	0.827333	0	0	0.178667	0.821333	0	0	0.688	0.312	0	0	1	0	0	0	1	0	0	0	1	0	0
96	1	0.253322	0.143737	0.48062	0	0	0.442	0.558	0	0	0.484667	0.515333	0	0	0.233333	0.766667	0	0	0.989333	0.0106667	0	0	1	0	0	0	0.996	0.004	0	0	0.85	0.15	0	0	0.628	0.372	0	0	0.993333	0.00666667	0	0	0.972	0.028	0	0	0	1	0	0	0.00266667	0.997333	0	0	0.002	0.998	0	0	0.002	0.998	0	0	0.0346667	0.965333	0	0	0.885333	0.114667	0	0	0.49	0.51	0	0	0.51	0.49	0	0	1	0	0	0	1	0	0	0	0.876667	0.123333	0	0	1	0	0	0	1	0	0	0	1	0	0	0	0.00266667	0.997333	0	0	0.002	0.998	0	0	0.00266667	0.997333	0	0	0.0513333	0.948667	0	0	1	0	0	0	1	0	0	0	1	0	0
97	1	0.258818	0.14999	0.518526	0	0	0.604667	0.395333	0	0	0.742	0.258	0	0	0.868	0.132	0	0	0.952667	0.0473333	0	0	0.828	0.172	0	0	1	0	0	0	0.61	0.39	0	0	0.808	0.192	0	0	0.977333	0.0226667	0	0	0.994667	0.00533333	0	0	0.00266667	0.997333	0	0	0.002	0.998	0	0	0.00666667	0.993333	0	0	0.00666667	0.993333	0	0	0.0926667	0.907333	0	0	0.474	0.526	0	0	1	0	0	0	1	0	0	0	1	0	0	0	1	0	0	0	0.822667	0.177333	0	0	1	0	0	0	1	0	0	0	1	0	0	0	0.00266667	0.997333	0	0	0.00666667	0.993333	0	0	0.00733333	0.992667	0	0	0.112667	0.887333	0	0	1	0	0	0	1	0	0	0	1	0	0
98	1	0.290445	0.206423	0.492968	0	0	0.00733333	0.992667	0	0	0.00466667	0.995333	0	0	0.002	0.998	0	0	0.782667	0.217333	0	0	0.931333	0.0686667	0	0	0.97	0.03	0	0	0.984667	0.0153333	0	0	0.956	0.044	0	0	1	0	0	0	1	0	0	0	0.0186667	0.981333	0	0	0.0313333	0.968667	0	0	0.0113333	0.988667	0	0	0.0306667	0.969333	0	0	0.0566667	0.943333	0	0	0.124667	0.875333	0	0	0.008	0.992	0	0	0.0266667	0.973333	0	0	0.999333	0.000666667	0	0	1	0	0	0	0.991333	0.00866667	0	0	1	0	0	0	1	0	0	0	1	0	0	0	0.0313333	0.968667	0	0	0.0306667	0.969333	0	0	0.032	0.968	0	0	0.134	0.866	0	0	1	0	0	0	1	0	0	0	1	0	0
47	1	0.198404	0.117796	0.503633	0	0	0.908	0.092	0	0	0.669333	0.330667	0	0	0.852	0.148	0	0	0.963333	0.0366667	0	0	1	0	0	0	0.996667	0.00333333	0	0	0.750667	0.249333	0	0	0.726	0.274	0	0	0.990667	0.00933333	0	0	0.981333	0.0186667	0	0	0.269333	0.730667	0	0	0.12	0.88	0	0	0.318667	0.681333	0	0	0.349333	0.650667	0	0	1	0	0	0	0.912	0.088	0	0	0.982667	0.0173333	0	0	0.991333	0.00866667	0	0	1	0	0	0	1	0	0	0	0.996667	0.00333333	0	0	1	0	0	0	1	0	0	0	1	0	0	0	0.293333	0.706667	0	0	0.534	0.466	0	0	0.848667	0.151333	0	0	1	0	0	0	1	0	0	0	1	0	0	0	1	0	0
99	1	0.208277	0.249751	0.513971	0	0	0.00466667	0.995333	0	0	0.00333333	0.996667	0	0	0	1	0	0	0.839333	0.160667	0	0	0.710667	0.289333	0	0	1	0	0	0	0.0746667	0.925333	0	0	0.076	0.924	0	0	1	0	0	0	1	0	0	0	0.102	0.898	0	0	0.107333	0.892667	0	0	0.01	0.99	0	0	0.000666667	0.999333	0	0	1	0	0	0	0.0893333	0.910667	0	0	0.00666667	0.993333	0	0	0.08	0.92	0	0	0.987333	0.0126667	0	0	1	0	0	0	0.119333	0.880667	0	0	1	0	0	0	1	0	0	0	1	0	0	0	0.11	0.89	0	0	0.0166667	0.983333	0	0	0.110667	0.889333	0	0	1	0	0	0	1	0	0	0	1	0	0	0	1	0	0
