No.	ID	loglik_Null_W	loglik_Acc_W	loglik_Full_W	logBF1	logBF2	loglik_Max_M0	loglik_Max_M1	loglik_Max_M2
0	0	-720.20226	-683.00339	-666.44206	37.198868	-16.561324	-703.25606	-671.65549	-646.52139
1	1	-623.60625	-580.86826	-588.37236	42.737989	7.504107	-612.21567	-570.11899	-570.13926
2	2	-881.2148	-791.48187	-792.19055	89.73293	0.70867392	-869.65466	-778.13202	-774.68299
3	3	-544.5539	-520.063	-518.17011	24.490902	-1.8928962	-530.05781	-512.50101	-500.8837
4	4	-518.84376	-482.81577	-492.05418	36.02799	9.2384094	-504.35694	-474.49789	-474.49244
5	5	-808.4463	-759.31648	-757.10025	49.129814	-2.2162305	-799.50776	-745.1448	-740.16669
6	6	-561.51616	-511.04377	-518.63703	50.472389	7.5932627	-548.20085	-500.49294	-500.49667
7	7	-712.51158	-667.31265	-673.49539	45.198933	6.1827431	-692.37926	-654.13349	-654.30991
8	8	-953.06678	-873.92244	-844.96033	79.144341	-28.96211	-939.80165	-857.25991	-823.50493
9	9	-723.59569	-688.4062	-678.53795	35.189491	-9.8682525	-700.44936	-666.21479	-651.36263
10	10	-551.76769	-523.0229	-530.59268	28.744794	7.5697743	-540.76035	-514.03422	-514.03323
11	11	-711.92094	-684.53547	-674.03105	27.385464	-10.50442	-704.53217	-670.79356	-652.84397
12	12	-404.30154	-387.00215	-392.86684	17.299393	5.8646847	-392.7097	-382.44109	-380.08119
13	13	-582.28844	-522.1114	-528.08655	60.177042	5.9751466	-568.27221	-513.85979	-511.14084
14	14	-932.58451	-832.29938	-832.87326	100.28513	0.57387861	-919.75185	-815.57736	-815.54408
15	15	-524.67486	-491.19773	-497.8965	33.477129	6.6987719	-512.24234	-483.7352	-482.00176
16	16	-529.21301	-498.97278	-504.79799	30.240223	5.8252091	-514.61505	-489.69654	-486.0731
17	17	-910.04519	-873.51421	-828.80443	36.530983	-44.709775	-897.76874	-859.28934	-814.07721
18	18	-931.94907	-855.00781	-854.13133	76.941261	-0.87648374	-919.21481	-844.3948	-836.36925
19	19	-598.76524	-524.00013	-531.59865	74.765105	7.5985184	-583.572	-514.61893	-514.60672
20	20	-804.63441	-744.99423	-749.29595	59.640187	4.3017219	-789.78062	-731.24303	-729.27198
21	21	-648.41974	-581.85549	-589.2097	66.564254	7.3542154	-633.49368	-571.87275	-571.99416
22	22	-532.19597	-512.25128	-518.74145	19.944691	6.4901732	-519.14738	-507.14814	-507.04934
23	23	-843.39223	-795.17844	-797.72924	48.213784	2.5507938	-829.51876	-780.78392	-780.69685
24	24	-624.96062	-577.26524	-585.0647	47.69538	7.7994542	-611.74665	-568.88107	-568.88089
25	25	-825.8729	-753.80462	-733.91371	72.068285	-19.890912	-813.39933	-747.19233	-718.56181
26	26	-467.53742	-428.04069	-435.05929	39.496735	7.0186061	-454.1081	-420.64095	-420.6423
27	27	-513.7906	-488.27668	-481.44797	25.513924	-6.8287042	-498.84663	-471.09197	-462.19376
28	28	-743.3101	-702.76476	-708.60996	40.545341	5.8452004	-734.44464	-693.01759	-690.81726
29	29	-701.92835	-641.85201	-645.70901	60.076338	3.8569937	-686.95641	-627.47192	-626.83289
30	30	-700.85809	-697.37946	-686.21176	3.4786286	-11.167701	-691.79322	-685.19091	-669.01737
31	31	-419.40488	-404.01821	-410.77252	15.386667	6.7543004	-405.57108	-392.77679	-392.77605
32	32	-757.91515	-748.43708	-738.22971	9.478076	-10.207366	-748.684	-735.9921	-722.22705
33	33	-755.85135	-736.52677	-713.12713	19.324588	-23.399633	-744.61978	-720.58865	-689.8483
34	34	-616.12484	-553.76015	-556.19829	62.36469	2.4381481	-604.08263	-543.29591	-537.9404
35	35	-515.44364	-491.04824	-495.39872	24.395402	4.3504826	-501.73046	-483.3716	-480.77701
36	36	-422.69593	-391.68464	-398.54416	31.011283	6.8595179	-411.18533	-384.45717	-384.45288
37	37	-1053.7675	-916.62652	-915.16117	137.14095	-1.4653493	-1041.7671	-899.04512	-899.05013
38	38	-787.98579	-649.63674	-658.63374	138.34905	8.9969925	-776.40918	-643.87266	-643.87389
39	39	-399.59805	-382.67695	-385.22293	16.921092	2.5459798	-387.15147	-376.72377	-370.87062
40	40	-835.08411	-749.95769	-753.04298	85.126418	3.0852967	-822.96912	-737.46413	-737.29292
41	41	-641.94376	-598.2368	-605.61554	43.70696	7.3787342	-628.78756	-590.04397	-589.96998
42	42	-541.42912	-482.78469	-490.45669	58.64443	7.671998	-528.02868	-476.02634	-476.02631
43	43	-795.08386	-723.64022	-730.92492	71.443644	7.2846965	-782.45037	-713.61927	-713.65165
44	44	-564.72734	-538.59521	-543.83356	26.132122	5.238345	-549.39996	-531.81569	-526.76544
45	45	-443.54194	-431.34235	-437.55345	12.199587	6.211105	-431.60848	-423.20364	-421.39512
46	46	-545.99705	-515.43937	-521.73451	30.557674	6.2951365	-531.97908	-503.1416	-503.19239
47	47	-675.23569	-649.6702	-648.31493	25.565486	-1.3552645	-661.52884	-637.29146	-631.70183
48	48	-787.47809	-712.43054	-714.8176	75.047544	2.3870535	-773.35712	-698.22727	-698.19621
49	49	-680.79246	-666.18653	-648.12165	14.605929	-18.064879	-670.79339	-651.38292	-634.63839
50	50	-505.9128	-504.98109	-486.19313	0.93170976	-18.787967	-492.92752	-492.18015	-470.55796
51	51	-918.23176	-846.30032	-819.28403	71.93144	-27.016291	-905.63478	-828.9286	-799.81245
52	52	-644.18088	-584.36458	-590.68369	59.8163	6.319118	-630.51011	-578.33272	-575.69408
53	53	-805.78529	-745.88823	-747.27554	59.897063	1.3873061	-794.70565	-731.07287	-731.46337
54	54	-506.86418	-479.42456	-484.33917	27.43962	4.9146112	-494.65079	-469.20901	-467.77937
55	55	-678.22787	-642.63307	-648.54726	35.5948	5.9141911	-666.86209	-631.42591	-631.40998
56	56	-681.71653	-659.79387	-656.96434	21.922657	-2.8295304	-668.63661	-647.08282	-642.50056
57	57	-1075.6276	-954.43114	-933.57292	121.19644	-20.858218	-1059.2967	-936.41773	-913.60087
58	58	-649.49783	-604.41989	-610.55693	45.077939	6.1370471	-635.41919	-592.89617	-592.89454
59	59	-503.91677	-467.0712	-473.20397	36.845569	6.1327639	-487.1475	-455.22444	-454.9512
60	60	-812.37603	-736.40451	-731.07432	75.971519	-5.3301937	-799.47036	-721.04365	-712.21127
61	61	-501.94822	-477.28476	-483.55496	24.663458	6.2701954	-488.62265	-465.93865	-465.94582
62	62	-700.90726	-665.76699	-672.16957	35.140274	6.4025789	-690.14929	-654.33307	-654.32241
63	63	-564.79573	-547.41407	-553.06947	17.381666	5.6554066	-554.30327	-537.44318	-535.8036
64	64	-982.1816	-879.28968	-861.16658	102.89193	-18.1231	-970.44768	-863.3042	-844.31192
65	65	-962.65743	-878.17856	-850.89155	84.478879	-27.287001	-949.7346	-860.63734	-829.97689
66	66	-759.09241	-679.92316	-682.28018	79.16925	2.3570195	-747.9173	-670.59861	-665.78871
67	67	-1052.237	-1032.0913	-1007.693	20.145719	-24.398337	-1045.1966	-1018.4703	-997.75981
68	68	-565.33829	-546.11059	-543.3016	19.227708	-2.8089859	-555.2742	-533.99647	-528.50139
69	69	-657.5217	-610.24502	-612.83236	47.276678	2.5873379	-644.09316	-596.42808	-592.50531
70	70	-417.00618	-384.80808	-388.78719	32.198095	3.9791103	-405.01801	-376.49441	-372.31551
71	71	-556.30926	-529.20273	-536.51075	27.10653	7.3080239	-539.90963	-518.75542	-518.75545
72	72	-486.9432	-466.89611	-473.48436	20.04709	6.5882534	-473.72626	-462.18654	-462.18969
73	73	-1173.1358	-1056.2277	-1030.309	116.90811	-25.918709	-1165.0033	-1040.1496	-1010.3625
74	74	-568.18991	-507.79187	-515.3083	60.398042	7.5164292	-553.02552	-499.25497	-499.25785
75	75	-913.46561	-825.79688	-816.95788	87.668729	-8.8389986	-898.99655	-807.78383	-795.15736
76	76	-731.39303	-691.60428	-681.02633	39.788745	-10.577948	-716.36099	-673.8323	-659.27127
77	77	-492.01924	-448.7076	-457.91668	43.311639	9.2090801	-479.33487	-440.85578	-440.85702
78	78	-632.97473	-587.66819	-594.66389	45.306533	6.9956959	-618.34879	-578.97033	-576.63141
79	79	-763.94748	-694.36195	-701.09734	69.585533	6.7353893	-750.3969	-684.94938	-684.03085
80	80	-434.41436	-405.18009	-412.24112	29.234267	7.0610309	-421.46489	-399.67151	-399.67362
81	81	-413.05005	-396.03935	-402.48711	17.010705	6.4477647	-398.63644	-384.7568	-384.88645
82	82	-763.20807	-718.08256	-715.94074	45.125511	-2.1418231	-752.86703	-702.33036	-697.29534
83	83	-580.5956	-532.34413	-538.74546	48.251468	6.4013299	-567.58214	-524.12738	-521.54707
84	84	-456.52617	-436.2954	-442.19849	20.230772	5.903093	-444.38498	-428.40824	-428.7763
85	85	-750.32908	-684.66369	-665.64231	65.665397	-19.021374	-737.9345	-669.49444	-647.5334
86	86	-490.05354	-478.70332	-484.05149	11.350226	5.3481698	-479.71333	-472.17307	-466.96335
87	87	-618.89612	-594.96341	-597.34001	23.932708	2.3766019	-609.01755	-581.43643	-581.49311
88	88	-507.60404	-484.33655	-491.08614	23.267493	6.7495868	-492.64441	-471.4476	-471.45229
89	89	-721.33242	-668.71169	-668.92247	52.62073	0.21077739	-708.92297	-653.6793	-650.49104
90	90	-629.60803	-611.12017	-601.7306	18.487856	-9.3895671	-614.15473	-595.64632	-584.17705
91	91	-697.06923	-634.98602	-640.46895	62.083207	5.4829256	-683.67421	-623.19926	-623.19573
92	92	-531.4568	-482.69384	-489.68042	48.762959	6.9865793	-518.59464	-474.34133	-474.34158
93	93	-464.63753	-405.19298	-411.95823	59.444549	6.7652479	-453.4671	-398.7388	-398.73805
94	94	-683.91932	-596.41141	-604.1071	87.507905	7.695686	-670.22196	-588.33697	-588.33472
95	95	-527.20538	-492.172	-500.4536	35.033386	8.2816012	-515.69278	-484.97789	-484.97873
96	96	-605.71686	-570.50949	-577.57456	35.207366	7.0650714	-593.50116	-562.61972	-562.66787
97	97	-680.2394	-630.58408	-635.89226	49.655325	5.3081776	-667.18816	-620.37591	-617.87989
98	98	-635.94804	-594.16925	-596.27275	41.778795	2.103501	-623.0627	-587.76287	-579.0948
99	99	-576.51035	-537.06757	-532.0423	39.442777	-5.0252652	-562.60273	-524.08709	-513.51109
