No.	ID	loglik_Null_W	loglik_Acc_W	loglik_Full_W	logBF1	logBF2
0	0	-320.12593	-321.18281	-321.95297	-1.0568857	0.7701602
1	1	-500.86887	-505.66202	-498.3068	-4.7931542	-7.3552184
2	2	-451.73636	-454.46471	-452.06075	-2.7283499	-2.4039553
3	3	-563.41295	-560.85902	-563.16864	2.5539231	2.3096217
4	4	-261.04226	-262.3892	-265.45545	-1.3469432	3.0662518
5	5	-351.71632	-348.06943	-350.20819	3.6468867	2.1387588
6	6	-281.42479	-280.15794	-285.9994	1.2668498	5.8414643
7	7	-581.67357	-577.11643	-578.59741	4.5571395	1.4809791
8	8	-424.18613	-422.88815	-426.0189	1.2979781	3.1307514
9	9	-562.44786	-550.4453	-548.61339	12.002568	-1.83191
10	10	-507.24819	-506.74722	-503.7093	0.50097527	-3.0379176
11	11	-453.3885	-441.36208	-433.7095	12.026415	-7.6525775
12	12	-528.53081	-529.43317	-524.5862	-0.9023557	-4.8469677
13	13	-544.11916	-540.58133	-541.42508	3.5378326	0.84374765
14	14	-471.87797	-472.60311	-471.938	-0.72514366	-0.66510656
15	15	-528.53878	-529.03672	-523.3434	-0.49793919	-5.6933183
16	16	-488.40557	-486.00874	-489.98203	2.3968307	3.9732871
17	17	-621.32941	-619.74437	-624.99673	1.5850328	5.2523576
18	18	-536.02347	-532.94295	-536.39476	3.0805109	3.4518046
19	19	-624.37124	-625.62771	-620.1866	-1.256474	-5.4411103
20	20	-478.21796	-478.51647	-479.96578	-0.29851174	1.4493123
21	21	-485.31596	-486.1624	-487.90773	-0.84643812	1.7453353
22	22	-588.23968	-593.18678	-592.04618	-4.9470978	-1.1406022
23	23	-412.69239	-412.53897	-415.63013	0.15341921	3.0911567
24	24	-384.44951	-379.89953	-381.19109	4.549985	1.2915556
25	25	-493.9278	-488.61323	-494.71025	5.3145752	6.0970211
26	26	-773.14361	-768.90868	-759.7003	4.2349323	-9.208382
27	27	-415.27093	-417.03351	-419.08156	-1.7625873	2.0480422
28	28	-391.97464	-385.81908	-384.9939	6.1555623	-0.82518135
29	29	-478.51029	-478.73558	-478.24909	-0.22528264	-0.48648962
30	30	-491.5956	-493.91083	-499.00804	-2.3152308	5.0972164
31	31	-279.21459	-279.65932	-281.50365	-0.44473934	1.8443254
32	32	-513.83944	-517.84622	-514.98697	-4.0067812	-2.8592465
33	33	-665.77396	-666.26881	-660.50086	-0.49485081	-5.7679425
34	34	-520.75829	-521.54969	-522.51082	-0.79140583	0.96113136
35	35	-331.21981	-331.72801	-336.60605	-0.50820407	4.8780426
36	36	-517.07249	-524.81622	-512.68078	-7.743726	-12.135438
37	37	-422.8847	-423.79851	-426.93701	-0.91381076	3.138501
38	38	-451.85082	-439.90519	-443.40203	11.945639	3.4968429
39	39	-535.15742	-539.51034	-536.0855	-4.3529129	-3.4248326
40	40	-699.48062	-693.27308	-685.54334	6.2075467	-7.7297367
41	41	-620.03653	-616.56288	-611.68665	3.4736543	-4.8762266
42	42	-604.4376	-602.19552	-598.21252	2.2420853	-3.9829942
43	43	-443.80647	-440.21918	-443.70716	3.5872867	3.4879818
44	44	-632.72288	-634.03044	-636.17558	-1.3075613	2.1451337
45	45	-375.95684	-376.22234	-378.03844	-0.26550625	1.8161003
46	46	-522.76047	-521.92036	-520.8092	0.84011333	-1.1111607
47	47	-351.50958	-351.34318	-352.07637	0.16640651	0.7331892
48	48	-419.1952	-419.14718	-416.31656	0.048019132	-2.8306176
49	49	-474.96425	-473.8689	-473.61024	1.0953557	-0.25866089
50	50	-287.8299	-289.33467	-291.39983	-1.5047641	2.0651641
51	51	-340.662	-342.15629	-347.57239	-1.4942952	5.4160972
52	52	-525.72313	-525.14753	-516.42346	0.57560637	-8.7240665
53	53	-362.70985	-361.29322	-363.84756	1.4166311	2.5543418
54	54	-361.26995	-360.3499	-362.20639	0.920041	1.856482
55	55	-468.97507	-468.96835	-470.30714	0.0067195755	1.338787
56	56	-530.45404	-528.83087	-530.40206	1.6231729	1.5711906
57	57	-663.03881	-662.33893	-655.12613	0.69988484	-7.2127993
58	58	-488.83511	-488.252	-487.59596	0.58310862	-0.65604078
59	59	-607.5995	-608.38969	-606.53335	-0.79018997	-1.8563383
60	60	-412.40153	-411.55971	-410.80911	0.84182359	-0.75060122
61	61	-446.22676	-446.42728	-445.16378	-0.20051884	-1.2634933
62	62	-430.91605	-431.45237	-433.75295	-0.53631524	2.300581
63	63	-406.02937	-407.11909	-405.3886	-1.0897191	-1.7304869
64	64	-363.89215	-362.94396	-367.64255	0.94819208	4.6985972
65	65	-587.263	-582.2882	-589.1361	4.9748015	6.8478995
66	66	-588.34665	-582.00773	-582.20012	6.3389171	0.19238781
67	67	-406.30381	-403.50892	-405.17515	2.7948906	1.6662252
68	68	-522.46653	-524.79369	-523.52796	-2.3271544	-1.2657272
69	69	-495.84415	-490.61892	-487.77873	5.2252394	-2.8401867
70	70	-477.12286	-478.16733	-479.16996	-1.0444711	1.002625
71	71	-436.55119	-429.05291	-424.62596	7.4982866	-4.4269483
72	72	-367.65147	-369.90826	-371.19896	-2.2567915	1.290698
73	73	-312.20758	-314.50781	-315.75655	-2.300225	1.2487397
74	74	-436.16212	-438.73933	-440.22432	-2.5772053	1.4849926
75	75	-441.28613	-442.38952	-443.65464	-1.1033849	1.2651248
76	76	-581.96061	-581.27063	-582.55069	0.6899801	1.2800642
77	77	-505.27457	-505.61456	-505.05383	-0.33998061	-0.56072563
78	78	-550.25507	-546.67631	-534.71569	3.5787553	-11.960621
79	79	-379.52855	-378.98058	-381.41676	0.54797425	2.4361801
80	80	-446.6622	-444.09035	-450.74384	2.5718537	6.653499
81	81	-368.43023	-368.93515	-363.75463	-0.50491999	-5.1805189
82	82	-522.94071	-513.50383	-507.32712	9.4368855	-6.1767079
83	83	-342.66772	-341.44183	-344.20712	1.225883	2.7652848
84	84	-454.8299	-452.79009	-447.83957	2.0398108	-4.9505179
85	85	-523.85201	-521.40273	-521.19145	2.4492825	-0.21128336
86	86	-324.49056	-324.78672	-327.14471	-0.29615551	2.3579944
87	87	-434.09693	-429.13433	-431.15312	4.9626023	2.0187878
88	88	-645.19451	-639.03085	-648.74641	6.1636585	9.7155577
89	89	-411.43203	-414.22583	-414.86649	-2.7937992	0.64066368
90	90	-404.99609	-400.70657	-403.13242	4.2895195	2.4258511
91	91	-288.77312	-288.89275	-293.57593	-0.1196282	4.6831799
92	92	-403.25944	-402.83192	-403.46438	0.42752654	0.63246238
93	93	-581.75606	-582.11056	-581.21036	-0.35450156	-0.90019598
94	94	-515.90556	-513.06672	-517.2707	2.838832	4.2039745
95	95	-340.29291	-338.64829	-338.88725	1.6446211	0.23896308
96	96	-443.59154	-436.18495	-441.16438	7.4065897	4.9794321
97	97	-433.71312	-434.81699	-437.53575	-1.103874	2.7187517
98	98	-490.97815	-487.407	-483.39162	3.5711508	-4.0153745
99	99	-512.37645	-504.05625	-501.83678	8.3201954	-2.2194671
100	100	-513.23404	-513.61535	-512.75082	-0.38131408	-0.86453134
101	101	-597.94595	-599.623	-600.17148	-1.6770577	0.54847851
102	102	-479.72548	-481.36141	-478.12533	-1.6359345	-3.2360841
103	103	-382.00458	-382.79822	-383.7524	-0.79364404	0.95417537
104	104	-670.18389	-668.46031	-645.62556	1.7235822	-22.834745
105	105	-258.6192	-260.08216	-263.04599	-1.4629559	2.9638303
106	106	-396.24222	-397.99631	-401.15109	-1.754089	3.1547832
107	107	-484.17629	-484.71664	-484.11634	-0.54035105	-0.60030218
108	108	-337.39641	-336.04821	-337.23	1.3481994	1.1817949
109	109	-877.21019	-862.46494	-877.64254	14.745248	15.177602
110	110	-528.07233	-524.6653	-525.63855	3.4070362	0.97325403
111	111	-385.09139	-386.44427	-381.53086	-1.3528856	-4.9134133
112	112	-484.82161	-483.78956	-485.05468	1.0320574	1.2651251
113	113	-680.63123	-673.85661	-675.92104	6.7746134	2.0644261
114	114	-419.99688	-419.48919	-421.00794	0.50768615	1.5187424
115	115	-369.03028	-370.2796	-372.32132	-1.2493177	2.0417154
116	116	-455.54332	-452.45128	-455.84404	3.0920329	3.3927543
117	117	-372.58471	-375.15126	-376.91924	-2.5665452	1.7679861
118	118	-537.09943	-527.29453	-551.03536	9.804908	23.740835
119	119	-391.24174	-397.70759	-394.63044	-6.4658515	-3.077146
120	120	-411.5042	-409.51393	-409.83712	1.9902718	0.323191
121	121	-364.01633	-363.24607	-366.7317	0.77026564	3.4856288
122	122	-521.58105	-524.59171	-524.44666	-3.010657	-0.14505023
123	123	-484.66407	-484.52186	-484.36365	0.14220024	-0.15821876
124	124	-399.82243	-399.99634	-398.52351	-0.17391628	-1.4728353
125	125	-422.30818	-423.72145	-422.00551	-1.4132712	-1.7159408
126	126	-505.81745	-507.79772	-502.84659	-1.9802713	-4.9511364
127	127	-497.11093	-500.54088	-500.30884	-3.4299523	-0.23203743
128	128	-360.09971	-361.76142	-362.96059	-1.6617098	1.1991737
129	129	-345.77927	-344.11253	-348.60405	1.6667327	4.4915191
130	130	-317.3051	-318.0192	-317.73919	-0.71409653	-0.28001122
131	131	-395.04227	-395.56	-398.14503	-0.51773149	2.5850315
132	132	-513.49174	-513.63946	-513.57916	-0.14771766	-0.060294878
133	133	-423.09444	-422.78957	-426.32562	0.30486496	3.5360442
134	134	-366.91517	-369.77938	-370.03956	-2.8642009	0.26018281
135	135	-447.14383	-447.56478	-447.49678	-0.4209499	-0.068002039
136	136	-490.69752	-486.10546	-481.39405	4.5920552	-4.7114179
137	137	-318.51143	-319.33524	-323.13535	-0.82380284	3.8001102
138	138	-474.44501	-469.43738	-467.74841	5.0076267	-1.6889699
139	139	-415.77929	-414.86445	-413.92797	0.91483506	-0.93648344
140	140	-565.77438	-555.5263	-549.72153	10.248085	-5.8047699
141	141	-466.86601	-472.29458	-476.03548	-5.4285762	3.7408988
142	142	-373.82028	-374.89155	-375.85503	-1.0712677	0.963485
143	143	-337.8077	-339.06217	-341.03307	-1.2544699	1.9709023
144	144	-472.28336	-466.71165	-464.03117	5.5717034	-2.6804846
145	145	-376.86078	-376.59234	-377.75572	0.26843723	1.1633841
146	146	-339.42406	-338.80417	-343.32535	0.61989016	4.5211723
147	147	-363.79071	-366.16237	-366.51125	-2.3716651	0.34887593
148	148	-329.8902	-331.9043	-333.15961	-2.0141001	1.2553062
149	149	-361.67323	-365.87258	-363.04105	-4.199355	-2.8315297
150	150	-558.70578	-558.5932	-558.14439	0.1125805	-0.44881079
151	151	-310.08413	-306.77735	-310.97236	3.306782	4.1950079
152	152	-275.48559	-277.19663	-281.60654	-1.7110358	4.4099145
153	153	-222.93907	-224.57061	-227.11274	-1.6315438	2.5421212
154	154	-663.18	-659.91347	-664.2385	3.2665339	4.3250298
155	155	-648.53517	-643.57832	-651.71474	4.9568425	8.1364181
156	156	-498.61471	-494.71015	-494.27714	3.9045587	-0.43301015
157	157	-446.95473	-443.46521	-443.48952	3.4895185	0.024306683
158	158	-500.61226	-495.62523	-497.3603	4.9870273	1.735073
159	159	-217.72157	-220.44708	-222.53245	-2.7255062	2.0853725
160	160	-445.577	-445.33826	-445.17335	0.23874489	-0.16491229
161	161	-430.32986	-428.68292	-431.96148	1.6469354	3.2785538
162	162	-476.9607	-474.39225	-476.30955	2.5684459	1.917293
163	163	-353.87907	-358.06457	-356.95988	-4.1855014	-1.1046926
164	164	-572.4137	-560.26456	-565.15026	12.149137	4.8856945
165	165	-300.4912	-299.62541	-301.52828	0.86578611	1.9028658
166	166	-533.3759	-532.84127	-538.65911	0.53463714	5.8178393
167	167	-389.66301	-403.77076	-396.38498	-14.107748	-7.3857793
168	168	-570.11162	-571.85869	-572.17983	-1.747068	0.32114893
169	169	-455.44347	-455.89433	-454.64206	-0.45086044	-1.2522644
170	170	-662.95562	-661.13514	-660.21533	1.8204803	-0.91980545
171	171	-506.16714	-505.48814	-502.23869	0.67900271	-3.2494523
172	172	-392.07635	-388.67743	-391.22409	3.3989204	2.5466661
173	173	-415.55115	-413.97466	-416.5504	1.576488	2.5757463
174	174	-452.81323	-449.81388	-447.66545	2.9993483	-2.1484334
175	175	-320.35726	-321.52699	-324.22881	-1.1697305	2.7018227
176	176	-401.85871	-401.49886	-404.53058	0.35985236	3.0317241
177	177	-575.89126	-573.35953	-572.67982	2.5317354	-0.67970545
178	178	-547.22533	-547.46352	-543.29577	-0.23819346	-4.1677538
179	179	-524.07173	-515.82551	-512.02202	8.246219	-3.8034905
180	180	-274.93158	-276.66609	-276.45477	-1.7345064	-0.21131425
181	181	-456.43147	-448.22942	-445.71782	8.2020481	-2.5116028
182	182	-797.77943	-792.79068	-796.42099	4.9887449	3.6303075
183	183	-304.44362	-304.93556	-308.06499	-0.49194143	3.1294372
184	184	-577.43827	-570.85683	-569.61329	6.5814478	-1.243532
185	185	-305.38594	-302.86022	-306.49181	2.5257226	3.6315929
186	186	-527.39491	-525.50768	-518.68891	1.887239	-6.8187691
187	187	-467.77903	-469.58006	-472.71112	-1.8010353	3.1310561
188	188	-512.61523	-520.72339	-503.89158	-8.1081603	-16.83181
189	189	-352.20642	-349.25813	-349.87639	2.9482884	0.61825836
190	190	-306.25217	-307.62874	-309.48384	-1.3765735	1.855101
191	191	-272.14513	-274.1152	-275.68188	-1.9700685	1.5666775
192	192	-421.16121	-420.5564	-423.1952	0.60480234	2.6387921
193	193	-604.08037	-598.24813	-604.44537	5.8322398	6.1972385
194	194	-433.7062	-429.8614	-433.19291	3.8447997	3.331509
195	195	-730.15189	-718.29846	-707.48218	11.853433	-10.816282
196	196	-514.30826	-518.16099	-509.08866	-3.8527272	-9.0723229
197	197	-580.8528	-581.35148	-580.41073	-0.49868823	-0.94075061
198	198	-535.28361	-534.80525	-525.24454	0.47835867	-9.5607119
199	199	-483.92967	-491.51391	-484.3354	-7.584241	-7.1785063
