No.	ID	loglik_Null	loglik_Acc	loglik_Full	logBF1	logBF2	loglik_Max_M0	loglik_Max_M1	loglik_Max_M2
0	0	-412.92836	-413.02662	-413.13472	-0.0982611	0.10809457	-398.53737	-396.50465	-396.51454
1	1	-297.48501	-295.26267	-295.40107	2.2223364	0.13839182	-290.03765	-284.52163	-281.17885
2	2	-338.17821	-328.57042	-329.86264	9.607783	1.29222	-330.23782	-318.87029	-318.43894
3	3	-460.30389	-435.3012	-435.90867	25.002688	0.60746824	-445.9453	-422.49949	-418.24409
4	4	-343.08309	-343.81329	-344.18561	-0.7301944	0.37232091	-339.44888	-340.26399	-340.11532
5	5	-236.32747	-236.41732	-236.70604	-0.089853557	0.28871242	-233.16054	-230.25118	-227.61536
6	6	-489.51807	-475.91717	-476.69379	13.600894	0.77662223	-475.47948	-463.54279	-461.9557
7	7	-517.88336	-503.15981	-484.64421	14.723551	-18.515603	-502.13522	-488.6581	-468.89995
8	8	-505.78494	-497.04458	-498.64355	8.7403556	1.5989644	-498.01291	-484.07699	-482.75867
9	9	-542.81872	-534.73489	-536.83815	8.083827	2.1032582	-529.29524	-525.1828	-523.76066
10	10	-564.40616	-534.59557	-536.00482	29.810596	1.4092537	-549.97495	-518.17284	-518.18838
11	11	-429.25382	-416.09233	-417.17539	13.161482	1.0830541	-422.25721	-406.52449	-404.8589
12	12	-805.71529	-774.82951	-773.46191	30.885779	-1.3675969	-793.53612	-752.28374	-748.6712
13	13	-555.16301	-544.43614	-540.06493	10.726867	-4.3712115	-539.74182	-528.11956	-518.80976
14	14	-488.33754	-488.80444	-489.49181	-0.4668993	0.68736919	-480.83964	-479.60007	-470.68346
15	15	-277.95858	-277.24418	-277.86717	0.7144004	0.62299815	-275.14122	-269.09221	-269.09625
16	16	-278.20533	-276.9457	-277.70036	1.259634	0.75466359	-275.26602	-268.42362	-268.41004
17	17	-316.84852	-316.72785	-317.42219	0.12066431	0.69434122	-314.1686	-310.29315	-310.32373
18	18	-422.87838	-419.57544	-419.71649	3.3029405	0.14105352	-415.71709	-411.39888	-397.41597
19	19	-744.93033	-733.93196	-724.15651	10.99837	-9.7754587	-729.49339	-712.26944	-700.51041
20	20	-337.94837	-338.03426	-338.44763	-0.085891735	0.41337073	-330.68405	-327.78843	-328.0248
21	21	-479.251	-469.14299	-470.94937	10.10801	1.8063791	-472.72982	-457.17525	-456.51597
22	22	-264.34559	-263.38227	-264.29472	0.9633213	0.91245204	-261.37481	-255.97736	-255.87689
23	23	-386.73919	-377.71995	-378.93479	9.0192352	1.21484	-378.00645	-368.39016	-366.85957
24	24	-605.59667	-584.24619	-583.98502	21.350482	-0.26116745	-587.90547	-562.57919	-562.50127
25	25	-373.88597	-374.25665	-373.46489	-0.37068081	-0.79175645	-371.38858	-369.09309	-364.98785
26	26	-632.94207	-612.27372	-610.90721	20.668352	-1.3665147	-616.81825	-595.45252	-593.70092
27	27	-406.07191	-401.01207	-403.01614	5.0598384	2.0040689	-402.40996	-385.51622	-385.3747
28	28	-1046.8059	-1027.0812	-974.644	19.724721	-52.437176	-1033.9422	-1004.6019	-948.5633
29	29	-304.7111	-304.89652	-305.38785	-0.18542121	0.49133732	-301.88653	-298.99008	-299.02684
30	30	-400.61977	-400.77675	-400.09885	-0.15697401	-0.67789701	-392.41916	-389.58434	-385.64201
31	31	-405.76598	-403.53136	-403.46227	2.2346259	-0.06908632	-403.36802	-393.1844	-385.96199
32	32	-475.84364	-461.55217	-462.28223	14.29147	0.73005938	-465.68096	-454.6273	-454.58779
33	33	-442.4516	-437.74055	-438.32934	4.7110522	0.58878608	-440.28352	-428.36404	-425.83642
34	34	-340.40075	-337.555	-338.31183	2.8457502	0.75683524	-332.64037	-328.59868	-328.53675
35	35	-460.98173	-457.32278	-458.36606	3.6589504	1.0432781	-450.65578	-446.49976	-445.90883
36	36	-275.00557	-275.4257	-275.68306	-0.42012604	0.25736107	-272.24732	-270.58431	-267.07794
37	37	-434.95436	-430.92984	-431.20545	4.0245277	0.2756088	-427.36929	-420.35242	-415.31605
38	38	-532.77211	-523.16068	-524.49852	9.6114275	1.3378435	-525.5774	-514.04902	-514.0844
39	39	-574.5573	-552.66521	-552.57887	21.892086	-0.086343062	-559.50818	-535.41383	-529.23069
40	40	-402.83408	-402.72566	-403.24859	0.10841878	0.52292392	-399.39461	-397.47402	-397.31712
41	41	-308.96799	-309.49411	-309.75512	-0.52611966	0.26100577	-301.34181	-297.5423	-296.74241
42	42	-478.50589	-476.14538	-475.92698	2.3605096	-0.21840361	-473.89655	-465.72693	-459.95032
43	43	-531.59502	-528.96084	-522.80017	2.6341785	-6.160671	-520.4046	-512.79437	-504.06337
44	44	-564.21833	-551.01093	-553.01824	13.207402	2.0073132	-544.97394	-532.37835	-532.05571
45	45	-416.31796	-409.59051	-411.52368	6.7274542	1.9331743	-409.1256	-397.43045	-396.16476
46	46	-623.28932	-613.53863	-613.42648	9.7506922	-0.11214142	-608.75959	-591.85197	-591.84194
47	47	-460.95028	-452.66795	-453.54505	8.282327	0.87709728	-449.78536	-441.59699	-438.59169
48	48	-457.30099	-457.25499	-458.12301	0.04599554	0.86801149	-447.89048	-444.13828	-441.0162
49	49	-246.85672	-247.32206	-247.99433	-0.46533598	0.67227553	-243.62632	-241.57698	-241.57845
50	50	-560.76885	-552.55173	-549.20722	8.2171183	-3.3445112	-545.0233	-532.40584	-526.90966
51	51	-273.89834	-272.20821	-272.75426	1.6901342	0.54605055	-270.93511	-264.99675	-264.05888
52	52	-405.3666	-397.88858	-398.97982	7.4780175	1.0912348	-390.87592	-383.87164	-383.70997
53	53	-322.60121	-318.68823	-319.61501	3.9129837	0.92678674	-319.83624	-309.97506	-310.00729
54	54	-533.56466	-531.50157	-528.44723	2.0630911	-3.0543415	-521.37448	-516.41798	-508.7063
55	55	-393.70493	-387.23446	-388.09523	6.4704737	0.86077623	-391.26891	-380.27552	-380.27707
56	56	-283.70821	-284.19932	-284.56105	-0.49111495	0.36172596	-280.84898	-279.35529	-278.98544
57	57	-383.23817	-380.47364	-381.5376	2.7645263	1.0639609	-379.76872	-371.72731	-371.73076
58	58	-533.07538	-525.30464	-526.69972	7.7707405	1.3950792	-518.71883	-508.37629	-507.65631
59	59	-258.48368	-258.73503	-259.37816	-0.25134695	0.643133	-255.44589	-252.95984	-252.93391
60	60	-317.49344	-316.31617	-316.90747	1.1772689	0.59130006	-310.75727	-303.57193	-303.82333
61	61	-1201.1509	-1151.3028	-1073.4145	49.848091	-77.888302	-1189.2856	-1130.8573	-1050.1256
62	62	-401.36615	-400.8567	-401.1902	0.50945073	0.33349294	-395.1698	-391.10163	-390.78079
63	63	-567.53891	-567.69663	-566.77448	-0.15771695	-0.92215167	-552.04018	-552.55006	-546.63134
64	64	-363.26774	-360.54157	-361.27571	2.7261695	0.734138	-356.25102	-349.84821	-348.77102
65	65	-420.66098	-419.36144	-420.36165	1.2995358	1.0002097	-417.86465	-410.71512	-410.20549
66	66	-326.82897	-326.11132	-326.79385	0.71765294	0.68253322	-321.85429	-314.77757	-313.4771
67	67	-336.54876	-328.75409	-330.21978	7.7946702	1.4656906	-333.85826	-317.84072	-317.75962
68	68	-262.82266	-263.30575	-263.68569	-0.4830852	0.37994541	-259.73992	-258.58996	-258.57262
69	69	-310.46676	-310.87034	-311.51323	-0.40357487	0.64289512	-307.73642	-306.39609	-306.40609
70	70	-296.18191	-294.95897	-295.408	1.2229485	0.44903123	-293.26165	-284.97396	-279.56956
71	71	-336.55065	-333.525	-334.37192	3.0256495	0.84692324	-333.79984	-324.96125	-324.20863
72	72	-335.1953	-335.47459	-335.78767	-0.27929205	0.31307723	-332.34873	-328.95356	-326.59
73	73	-549.58978	-545.29526	-538.88906	4.2945246	-6.4062003	-540.74711	-532.33107	-522.08371
74	74	-381.06405	-378.57544	-371.37156	2.4886039	-7.2038877	-372.23357	-363.45776	-354.20521
75	75	-437.78661	-433.23464	-433.37723	4.5519649	0.14259356	-428.86476	-418.18968	-418.06026
76	76	-598.14294	-591.44601	-591.16805	6.6969245	-0.27796155	-585.53958	-571.34456	-567.62028
77	77	-358.30042	-357.9761	-356.63645	0.32431802	-1.3396543	-354.93348	-350.8173	-344.28493
78	78	-336.26749	-334.7086	-335.0592	1.5588874	0.35060367	-333.67072	-325.80847	-322.04138
79	79	-316.6901	-313.6705	-314.92053	3.0196056	1.2500292	-314.02921	-303.76985	-303.79084
80	80	-358.63086	-351.18316	-352.79532	7.4476978	1.6121561	-349.33507	-338.68997	-338.31609
81	81	-495.68487	-484.63053	-485.39842	11.05434	0.76789125	-482.73433	-471.24394	-471.21652
82	82	-451.6864	-445.76605	-441.81023	5.920356	-3.9558157	-440.26938	-431.38224	-428.05421
83	83	-422.23352	-414.78481	-414.62386	7.4487064	-0.16095041	-418.57175	-405.50799	-399.13694
84	84	-655.70912	-629.61734	-606.39901	26.091775	-23.218336	-637.66103	-610.91127	-592.51603
85	85	-587.702	-585.90301	-583.63844	1.798984	-2.2645731	-573.8078	-565.43604	-561.55068
86	86	-423.99713	-414.96418	-416.5818	9.0329493	1.6176209	-418.78638	-402.71741	-402.80484
87	87	-449.04957	-445.65957	-446.98059	3.3899971	1.3210174	-446.83409	-436.39908	-436.40534
88	88	-365.66983	-362.99003	-362.94683	2.6797936	-0.043206654	-363.11691	-355.21302	-351.70713
89	89	-433.55162	-426.35843	-427.33931	7.1931892	0.9808738	-426.00461	-408.76793	-405.482
90	90	-243.38189	-243.99177	-244.67107	-0.60988146	0.67929931	-240.31372	-239.01822	-239.01054
91	91	-391.10052	-389.70477	-389.85767	1.3957508	0.15289333	-388.70297	-381.64025	-377.0925
92	92	-609.39682	-593.47432	-594.54454	15.922507	1.0702286	-595.89976	-578.30123	-575.82113
93	93	-696.34343	-663.17175	-663.27925	33.171676	0.10749443	-680.65768	-645.28951	-645.03183
94	94	-352.95941	-350.55415	-350.80281	2.4052637	0.248659	-341.97441	-336.23899	-335.28327
95	95	-300.61437	-295.25992	-296.34188	5.3544563	1.0819591	-297.74736	-285.64949	-285.74372
96	96	-478.40155	-472.44627	-469.34186	5.9552713	-3.1044117	-470.39998	-461.75745	-454.55157
97	97	-284.68125	-284.52853	-285.01796	0.15272052	0.48942881	-277.67705	-273.28398	-272.11637
98	98	-251.02636	-251.19033	-251.1392	-0.16396416	-0.051131424	-247.91761	-246.02804	-241.97354
99	99	-450.23593	-438.02624	-435.6011	12.209695	-2.4251401	-437.86913	-428.07528	-421.10716
100	100	-646.56724	-627.08275	-626.84945	19.484489	-0.23329271	-631.78796	-604.28408	-604.09667
101	101	-548.90455	-537.75018	-526.48527	11.154378	-11.264902	-532.67285	-517.34887	-507.26122
102	102	-400.28594	-397.65428	-396.32538	2.6316612	-1.3288982	-397.56698	-389.38027	-382.94698
103	103	-451.10422	-444.53798	-445.53071	6.5662339	0.99272738	-440.63838	-433.44849	-434.6925
104	104	-282.62903	-282.081	-282.39419	0.54803242	0.3131903	-279.63885	-274.72609	-273.40048
105	105	-641.90865	-622.55098	-611.83691	19.35767	-10.714067	-623.04132	-597.42819	-587.61969
106	106	-279.49841	-279.57816	-279.57379	-0.079750964	-0.0043682766	-276.63444	-273.32376	-269.65621
107	107	-361.66949	-362.12263	-361.60317	-0.45313234	-0.51945632	-356.68338	-356.1424	-352.02169
108	108	-320.67293	-320.98899	-320.6209	-0.31605727	-0.36808968	-317.9588	-315.4027	-307.15846
109	109	-528.78709	-515.74781	-514.65223	13.039273	-1.0955795	-514.42815	-501.42927	-499.23186
110	110	-602.56648	-588.86119	-589.83709	13.705291	0.97590254	-588.36416	-578.47601	-574.51038
111	111	-549.40786	-539.01504	-540.45325	10.392815	1.438209	-537.1019	-522.95352	-522.96449
112	112	-381.36084	-381.70423	-380.27666	-0.34338767	-1.4275678	-375.42101	-374.72286	-368.05121
113	113	-587.63451	-577.06612	-579.01749	10.568393	1.9513724	-572.7224	-556.87474	-556.9382
114	114	-333.40016	-334.01479	-334.35776	-0.61462158	0.34297826	-325.21767	-323.28173	-323.28239
115	115	-384.19683	-384.09599	-384.66671	0.10083557	0.57071458	-376.5221	-373.17206	-373.32431
116	116	-457.24715	-457.3202	-454.45445	-0.073040688	-2.8657416	-442.81569	-442.96225	-442.71722
117	117	-753.33899	-727.63374	-727.5365	25.705249	-0.097241088	-739.10064	-708.41209	-708.41226
118	118	-580.17003	-578.41237	-578.1092	1.7576627	-0.30316307	-571.24816	-567.30869	-561.59802
119	119	-229.41144	-230.28159	-230.84141	-0.87014239	0.55982052	-222.70053	-223.11809	-223.12238
120	120	-345.90541	-342.31762	-343.21253	3.5877895	0.89490676	-341.45263	-331.02652	-331.00566
121	121	-540.72937	-531.12508	-528.26971	9.6042872	-2.8553725	-528.5954	-516.67233	-510.05758
122	122	-378.3187	-377.63537	-377.2472	0.68333188	-0.38816465	-372.11675	-364.57058	-361.11258
123	123	-543.04916	-533.16002	-528.31171	9.8891376	-4.848312	-525.4438	-510.17561	-504.13047
124	124	-302.45979	-299.19556	-298.68002	3.2642311	-0.51553784	-294.42244	-292.91553	-288.10913
125	125	-314.2616	-313.99338	-312.59541	0.26821948	-1.3979727	-311.60581	-307.14589	-298.34427
126	126	-476.92634	-472.90593	-470.06865	4.020413	-2.8372827	-471.06884	-464.23049	-457.27808
127	127	-505.37954	-502.47897	-502.35405	2.9005665	-0.12492483	-500.56472	-491.54415	-486.0708
128	128	-784.60354	-778.48652	-700.71045	6.117023	-77.77607	-770.06147	-761.15227	-684.67994
129	129	-416.88384	-411.91864	-407.90669	4.9652024	-4.0119537	-410.9323	-402.76215	-394.00599
130	130	-421.19139	-420.40428	-420.8105	0.78710931	0.40621368	-412.65409	-407.35225	-405.82104
131	131	-507.15883	-495.218	-497.14681	11.940836	1.9288127	-494.83312	-477.88424	-477.91974
132	132	-389.68242	-383.6642	-378.09826	6.0182136	-5.5659418	-381.16882	-371.17018	-364.3239
133	133	-500.34065	-494.03973	-490.67954	6.3009238	-3.3601831	-488.61065	-477.93362	-478.00023
134	134	-499.06112	-492.01206	-493.62199	7.0490655	1.6099315	-482.58872	-474.14511	-474.10583
135	135	-492.8091	-484.06487	-483.75561	8.744229	-0.3092624	-479.86886	-471.96314	-469.81272
136	136	-294.08752	-292.69334	-293.27767	1.3941762	0.58433156	-291.50789	-284.79598	-284.06769
137	137	-445.19684	-441.9743	-433.46825	3.2225343	-8.5060567	-435.05883	-428.88004	-417.97315
138	138	-455.38186	-447.33661	-447.98783	8.0452574	0.65122725	-441.22146	-437.56823	-437.11378
139	139	-441.16039	-426.08301	-425.3372	15.077377	-0.74580569	-433.55422	-415.46951	-410.68125
140	140	-947.00992	-848.10679	-849.52834	98.903134	1.421552	-931.63814	-833.53126	-833.53131
141	141	-653.47924	-627.2886	-628.96587	26.190647	1.6772692	-637.20791	-606.95449	-606.95553
142	142	-601.92912	-582.44738	-584.38826	19.481737	1.9408753	-589.44468	-570.55153	-570.69759
143	143	-473.92701	-452.64467	-454.08883	21.282334	1.4441583	-457.87996	-435.87199	-435.20422
144	144	-276.55646	-274.5784	-275.99067	1.9780559	1.4122626	-273.71505	-265.24575	-262.061
145	145	-403.33713	-393.39923	-395.23601	9.9379076	1.8367814	-389.68028	-379.71223	-378.05176
146	146	-417.78788	-415.47172	-412.5969	2.3161597	-2.8748259	-412.02292	-405.7455	-397.74197
147	147	-266.27888	-265.07614	-265.76224	1.2027398	0.6861024	-262.96653	-256.46337	-257.55758
148	148	-736.36715	-704.57311	-701.22189	31.79404	-3.3512211	-723.09793	-684.1522	-678.79628
149	149	-500.78573	-492.38874	-493.34672	8.3969913	0.9579778	-496.06906	-484.17874	-482.10043
150	150	-485.09745	-482.68158	-484.48072	2.4158691	1.7991431	-478.31324	-469.34676	-469.12111
151	151	-781.8611	-722.40125	-706.22257	59.459848	-16.178676	-767.99392	-703.6269	-692.33284
152	152	-213.01584	-213.7126	-213.79552	-0.69675742	0.082923561	-209.57756	-209.46478	-209.43004
153	153	-498.23236	-483.5845	-472.97966	14.647857	-10.604842	-481.65357	-466.58874	-459.70452
154	154	-394.66028	-382.76307	-383.74527	11.897217	0.98220663	-382.21728	-373.98755	-373.7139
155	155	-401.96817	-402.11908	-397.63004	-0.15090687	-4.4890398	-398.92929	-395.9951	-386.24877
156	156	-334.67114	-330.06035	-330.90153	4.6107926	0.84118308	-332.08395	-320.41571	-320.32378
157	157	-467.83852	-465.42446	-464.62115	2.4140538	-0.80331123	-459.9679	-451.95927	-447.94957
158	158	-411.31626	-409.52628	-409.35056	1.7899701	-0.17572548	-408.76602	-403.26564	-396.88628
159	159	-256.20969	-254.80441	-256.07083	1.4052844	1.2664212	-253.21656	-245.94219	-245.94316
160	160	-821.17399	-790.55447	-791.91084	30.619521	1.3563761	-808.039	-774.56682	-774.78577
161	161	-328.70192	-326.50958	-327.38055	2.1923362	0.870971	-324.36617	-316.87964	-313.75323
162	162	-450.96816	-449.8432	-451.2794	1.124961	1.4361972	-447.76559	-439.86291	-435.06403
163	163	-616.07365	-594.48546	-594.30803	21.588189	-0.17743385	-605.04212	-580.05964	-579.64726
164	164	-450.00547	-450.173	-447.69823	-0.16753282	-2.4747713	-437.13651	-436.26485	-433.03174
165	165	-355.66833	-355.89177	-353.25058	-0.22343226	-2.6411838	-353.06368	-350.42056	-342.11023
166	166	-494.52747	-486.79353	-484.66858	7.7339423	-2.124948	-478.50177	-471.95084	-467.11735
167	167	-499.93181	-496.57803	-496.80862	3.3537817	0.23059037	-486.68864	-485.5209	-484.72108
168	168	-492.11846	-482.10888	-484.0082	10.009588	1.8993273	-481.39235	-470.2869	-470.02104
169	169	-374.18254	-364.93807	-366.51203	9.2444697	1.573954	-367.22704	-353.50431	-353.51708
170	170	-324.89781	-325.16224	-325.51614	-0.26443248	0.35389235	-322.26541	-319.67188	-319.09269
171	171	-473.54606	-467.7378	-470.52689	5.8082534	2.7890898	-467.4565	-453.24639	-451.30954
172	172	-227.41856	-227.41166	-227.92608	0.0069013643	0.51442226	-224.23711	-220.94563	-220.94695
173	173	-347.09419	-345.37258	-337.90268	1.7216089	-7.4699065	-339.01671	-332.62578	-322.16302
174	174	-359.80281	-359.83696	-359.92113	-0.034146802	0.084177151	-355.85233	-352.51739	-347.39882
175	175	-339.84143	-338.06126	-338.64806	1.7801747	0.58680316	-336.2227	-326.05366	-326.03041
176	176	-1165.102	-1059.1972	-1036.8405	105.90489	-22.356629	-1149.7767	-1045.0357	-1016.9562
177	177	-714.44193	-687.36273	-688.82576	27.079203	1.4630309	-701.20384	-669.24458	-669.28587
178	178	-553.09277	-533.57392	-527.62743	19.518848	-5.9464853	-536.06582	-512.2384	-508.99361
179	179	-478.70142	-476.59179	-473.94645	2.1096372	-2.6453347	-476.57254	-469.71488	-459.46689
180	180	-324.89169	-320.11041	-321.87228	4.7812798	1.7618668	-322.19321	-308.2362	-308.22461
181	181	-650.54282	-623.33883	-624.78818	27.203986	1.4493506	-636.44949	-604.24698	-604.21962
182	182	-293.38627	-289.25965	-290.24068	4.1266162	0.98102305	-288.65818	-275.43413	-275.43596
183	183	-825.56656	-812.43971	-805.67326	13.126852	-6.7664535	-813.37344	-790.34669	-779.84749
184	184	-491.94302	-483.10334	-477.77034	8.8396867	-5.3329978	-475.45507	-464.34068	-461.76463
185	185	-409.91319	-398.44506	-399.61589	11.468133	1.1708275	-399.63221	-386.79886	-385.77886
186	186	-504.18882	-495.59449	-496.79863	8.5943362	1.2041469	-493.30599	-479.97118	-479.42392
187	187	-437.49275	-423.33316	-424.41783	14.159595	1.0846738	-427.51699	-411.53952	-409.42822
188	188	-460.2459	-452.01196	-453.32985	8.2339362	1.3178888	-448.5885	-439.53407	-439.53734
189	189	-462.70242	-461.86158	-457.93636	0.84083868	-3.9252238	-453.95849	-454.94729	-441.52241
190	190	-284.11846	-281.97508	-282.88424	2.1433811	0.90915788	-281.39537	-272.95457	-271.61854
191	191	-337.43988	-337.52464	-338.29855	-0.084765384	0.77390371	-334.74918	-331.87883	-331.89286
192	192	-439.50357	-439.71704	-436.0221	-0.21346231	-3.6949366	-431.20035	-429.04544	-420.07974
193	193	-542.3095	-515.03262	-516.56434	27.276882	1.5317255	-529.10568	-499.81429	-499.81357
194	194	-679.44883	-644.94112	-646.54009	34.507708	1.5989652	-664.78419	-627.13122	-627.13135
195	195	-523.31839	-519.75207	-514.05411	3.5663192	-5.6979607	-509.78838	-502.58091	-495.34457
196	196	-491.4534	-485.81212	-478.20297	5.6412749	-7.6091515	-483.92483	-469.44834	-456.56919
197	197	-471.63742	-468.04499	-468.69476	3.5924328	0.64976695	-459.79377	-452.10927	-449.93245
198	198	-248.44246	-248.93642	-249.04907	-0.49395028	0.11265953	-245.27724	-242.20555	-242.21035
199	199	-315.25294	-315.22359	-315.53984	0.029348901	0.31625268	-307.27473	-303.50747	-302.8558
