No.	ID	loglik_Null_W	loglik_Acc_W	loglik_Full_W	logBF1	logBF2	loglik_Max_M0	loglik_Max_M1	loglik_Max_M2
0	0	-985.55402	-861.85527	-863.07741	123.69875	1.2221429	-975.77353	-846.31146	-846.26446
1	1	-507.60906	-483.17768	-487.9536	24.431378	4.77592	-495.79503	-471.06959	-470.90748
2	2	-721.30642	-691.58403	-691.65846	29.722385	0.074426142	-713.83832	-677.27423	-677.55546
3	3	-710.68777	-681.83674	-682.35893	28.851025	0.5221931	-701.52482	-665.52256	-665.51647
4	4	-903.32762	-841.82413	-841.50559	61.503492	-0.31854268	-898.74958	-827.61219	-827.60021
5	5	-1057.0873	-928.27874	-930.00805	128.80851	1.7293069	-1049.3924	-911.11873	-911.12168
6	6	-737.19932	-678.9073	-685.51357	58.292023	6.6062782	-725.36138	-665.45052	-665.52449
7	7	-1164.1013	-1034.187	-1032.5069	129.91425	-1.6801142	-1158.7088	-1016.8449	-1016.8356
8	8	-852.73142	-744.05872	-733.989	108.6727	-10.069718	-839.78607	-730.94028	-714.63936
9	9	-707.26052	-657.12116	-657.4227	50.139362	0.30154236	-697.98239	-641.66785	-641.6613
10	10	-717.89667	-646.45094	-652.81726	71.445737	6.3663208	-706.32144	-631.47434	-631.46
11	11	-727.86041	-686.14908	-687.45404	41.71133	1.3049598	-723.27242	-669.36394	-669.40421
12	12	-772.08579	-731.56617	-736.85829	40.519616	5.2921128	-762.5963	-716.13578	-716.1335
13	13	-1382.7783	-1193.6875	-1134.6542	189.09072	-59.033331	-1369.6962	-1171.1808	-1113.5501
14	14	-939.36082	-828.15156	-826.48527	111.20926	-1.6662899	-925.63139	-812.40142	-812.43257
15	15	-1117.1988	-1029.7906	-1028.8448	87.408113	-0.94585471	-1110.9582	-1012.3675	-1012.3683
16	16	-1102.9232	-1003.8384	-1003.635	99.084814	-0.20342167	-1096.2687	-987.83265	-987.833
17	17	-1132.9026	-1048.28	-979.43305	84.62261	-68.846979	-1125.4691	-1034.402	-959.97703
18	18	-750.87482	-689.99506	-697.1248	60.87976	7.129744	-740.51699	-675.12019	-675.10983
19	19	-835.24024	-776.51406	-776.47803	58.726179	-0.036027073	-829.38779	-761.31602	-761.31772
20	20	-768.6536	-720.26747	-719.40201	48.386126	-0.86546048	-766.91129	-704.13212	-703.49032
21	21	-691.76528	-648.96606	-655.95791	42.799222	6.99185	-679.28421	-634.45077	-634.44599
22	22	-908.43869	-824.25447	-821.59624	84.184217	-2.6582308	-896.66566	-805.75929	-801.19916
23	23	-720.28233	-660.05148	-661.46077	60.230848	1.4092876	-706.34765	-641.5895	-641.61448
24	24	-987.55599	-945.62263	-945.07793	41.933364	-0.54469765	-980.49688	-931.87155	-931.88107
25	25	-640.29249	-597.73106	-604.1463	42.561427	6.4152396	-628.49356	-588.57076	-588.56398
26	26	-748.5735	-686.01982	-687.29491	62.55368	1.2750852	-738.56761	-671.28632	-671.2875
27	27	-800.88982	-738.62451	-740.25917	62.265304	1.6346573	-787.3094	-721.26768	-717.78999
28	28	-879.44162	-793.44512	-793.54427	85.996498	0.099146617	-866.51289	-776.37265	-776.28257
29	29	-637.65154	-579.25931	-585.74598	58.392225	6.4866715	-626.81579	-568.13753	-568.13712
30	30	-816.03924	-770.80427	-753.57755	45.234972	-17.226713	-800.57848	-752.14818	-728.21093
31	31	-885.93985	-803.87912	-786.94591	82.060731	-16.933214	-873.98263	-791.51864	-766.6622
32	32	-808.95931	-734.16466	-741.11208	74.794649	6.9474237	-797.18059	-720.95978	-720.95288
33	33	-667.3536	-594.64058	-601.77046	72.713019	7.1298796	-656.0788	-582.68567	-582.68655
34	34	-612.46937	-556.62798	-563.40436	55.841386	6.7763783	-600.72267	-544.71872	-544.71943
35	35	-723.53352	-663.88942	-670.73988	59.644105	6.8504624	-699.87313	-646.99622	-647.00675
36	36	-697.83723	-654.60982	-656.34519	43.227409	1.7353723	-684.56643	-637.36345	-637.36835
37	37	-757.76402	-711.94104	-717.26569	45.822982	5.3246469	-746.80763	-695.70986	-694.34759
38	38	-714.35312	-675.21388	-676.00232	39.139238	0.78843421	-701.82536	-660.59472	-660.59443
39	39	-905.44229	-797.71075	-801.25292	107.73153	3.542163	-895.81927	-783.83271	-783.85868
40	40	-650.0762	-606.55257	-608.01707	43.523631	1.4645041	-635.939	-592.03268	-589.46736
41	41	-936.73077	-801.38377	-806.13827	135.347	4.7544943	-922.52724	-788.23662	-788.22975
42	42	-687.68459	-651.11414	-651.37657	36.570444	0.26242106	-678.36923	-634.26461	-634.19033
43	43	-617.3683	-574.91704	-578.94912	42.451263	4.032084	-602.72819	-559.48679	-559.58369
44	44	-790.61369	-732.98897	-733.58214	57.624723	0.59316558	-779.06438	-716.03605	-716.03796
45	45	-1272.7825	-1128.4291	-1101.9913	144.35339	-26.43781	-1265.9185	-1111.5166	-1082.5333
46	46	-682.3578	-636.26268	-635.04737	46.09512	-1.2153073	-670.72628	-621.92227	-615.14713
47	47	-739.19008	-711.51355	-715.44415	27.676526	3.9306033	-727.40915	-696.61968	-696.63297
48	48	-1007.1119	-888.92512	-893.63494	118.18674	4.7098228	-992.31144	-873.30227	-873.73227
49	49	-1011.6574	-905.03347	-878.98584	106.62397	-26.047629	-994.54369	-884.28266	-855.98853
50	50	-864.77963	-809.90764	-791.04841	54.871989	-18.859227	-854.5619	-792.90844	-771.00639
51	51	-612.0562	-561.67887	-566.51694	50.377327	4.8380702	-599.68974	-546.92015	-546.94063
52	52	-710.54886	-655.20423	-658.7738	55.344625	3.5695673	-698.17766	-639.77214	-639.83828
53	53	-984.8101	-890.41963	-882.0976	94.390472	-8.3220272	-974.67905	-875.88216	-861.5204
54	54	-946.81686	-826.29899	-828.76137	120.51786	2.4623727	-934.90053	-807.40407	-807.41396
55	55	-982.09462	-861.21378	-862.85655	120.88084	1.6427699	-971.90544	-845.77068	-845.75457
56	56	-905.74035	-800.17053	-806.61101	105.56981	6.4404762	-893.48002	-785.24504	-785.18513
57	57	-714.63275	-666.76507	-670.91853	47.867682	4.153463	-702.1118	-651.80702	-651.79114
58	58	-883.99629	-825.23302	-825.82108	58.763273	0.58806229	-876.83786	-810.72375	-810.67644
59	59	-1105.7583	-1022.7275	-992.7103	83.030755	-30.017225	-1095.6317	-1005.4932	-966.92262
60	60	-1003.4012	-897.82205	-902.09552	105.57917	4.2734771	-994.94941	-883.08968	-883.37878
61	61	-883.62931	-806.64796	-807.84756	76.981348	1.1996035	-874.94689	-790.61735	-790.60617
62	62	-1094.6976	-978.85304	-980.76302	115.84456	1.9099796	-1083.1241	-961.9384	-962.0192
63	63	-931.85097	-855.39327	-845.58014	76.457702	-9.8131275	-919.69404	-837.26695	-821.63586
64	64	-1187.6472	-1057.9254	-1062.5461	129.72173	4.6206572	-1177.8264	-1043.495	-1043.5008
65	65	-713.99493	-656.91263	-658.58223	57.082304	1.6695977	-702.22182	-641.99508	-642.04251
66	66	-873.85905	-787.21518	-789.74467	86.643867	2.529493	-862.21684	-769.62934	-769.7594
67	67	-666.40284	-649.61835	-653.51166	16.784483	3.8933076	-655.21987	-635.51758	-635.62756
68	68	-1085.8985	-994.85256	-983.48673	91.045917	-11.365829	-1079.6236	-981.0181	-963.71627
69	69	-727.01263	-643.09781	-649.125	83.914825	6.0271915	-715.46009	-628.51794	-628.49702
70	70	-596.71001	-565.12899	-571.95654	31.581026	6.8275554	-583.45156	-550.45481	-550.45573
71	71	-717.67137	-655.66511	-660.11536	62.006259	4.4502541	-700.38279	-640.41631	-640.36325
72	72	-948.98655	-857.40639	-858.49072	91.580162	1.0843306	-939.74365	-843.27893	-843.28632
73	73	-785.00342	-714.41478	-715.89476	70.588639	1.4799882	-770.94929	-697.34227	-697.34773
74	74	-598.98627	-560.94757	-565.98357	38.038703	5.0359998	-585.73665	-547.76015	-547.76902
75	75	-1136.7865	-1057.6731	-1014.4051	79.113376	-43.267996	-1124.0984	-1042.1909	-989.55989
76	76	-1069.0903	-958.59278	-956.63059	110.49753	-1.9621909	-1062.4359	-942.55123	-942.54911
77	77	-804.54211	-735.21438	-741.50533	69.327729	6.2909406	-792.58613	-722.50292	-722.48892
78	78	-851.63092	-807.7683	-810.16562	43.862613	2.3973183	-847.7868	-793.81427	-792.86662
79	79	-625.07504	-579.18402	-579.37262	45.89102	0.18860238	-611.01141	-561.1273	-560.45246
80	80	-478.24677	-458.09784	-464.65707	20.148925	6.5592314	-466.99116	-447.81815	-447.81505
81	81	-741.72058	-676.86826	-682.39606	64.852322	5.5278071	-730.29288	-660.99817	-660.98151
82	82	-781.3615	-720.63992	-725.49791	60.721589	4.8579992	-769.95886	-706.6258	-706.71586
83	83	-577.58379	-543.42938	-550.28145	34.154412	6.8520732	-566.15878	-532.17861	-532.17868
84	84	-652.88721	-616.31355	-620.97214	36.573661	4.6585919	-639.16579	-602.72835	-602.81955
85	85	-838.90996	-736.32672	-743.48339	102.58324	7.1566662	-827.37957	-726.06765	-726.06753
86	86	-831.60537	-759.36664	-749.82804	72.238726	-9.5386	-818.53977	-741.68831	-726.2668
87	87	-735.07212	-698.51782	-698.5309	36.554294	0.013074767	-724.05087	-683.63498	-683.67258
88	88	-794.41532	-735.8733	-740.17138	58.542014	4.2980771	-783.52281	-721.12806	-721.12515
89	89	-936.15442	-816.96521	-822.38825	119.18921	5.4230424	-922.77721	-800.85714	-800.85901
90	90	-1110.2798	-1039.0671	-1016.4005	71.212719	-22.666632	-1104.0394	-1025.4475	-993.65526
91	91	-872.33287	-816.63023	-817.53493	55.702636	0.90469735	-857.37379	-797.55071	-797.55277
92	92	-925.3801	-883.54646	-884.0578	41.833641	0.51133505	-919.53851	-870.35408	-870.91536
93	93	-790.50599	-731.11792	-731.79597	59.38807	0.67805428	-781.01692	-715.35962	-715.32547
94	94	-864.66943	-798.40959	-802.46141	66.259841	4.0518216	-853.71366	-786.01499	-784.80918
95	95	-1272.5649	-1145.592	-1136.9034	126.97285	-8.6886028	-1258.746	-1126.3478	-1113.727
96	96	-625.51965	-589.44635	-596.3266	36.073299	6.8802469	-614.83906	-574.95973	-574.94421
97	97	-1112.2398	-969.94697	-973.1402	142.29285	3.1932377	-1100.9413	-954.82063	-954.83994
98	98	-859.07638	-803.46328	-808.26957	55.6131	4.80629	-851.49591	-787.4646	-786.82041
99	99	-1024.3041	-948.37107	-946.5402	75.933039	-1.8308689	-1010.8299	-930.91853	-930.8953
