No.	n_rate	c_rate	g_rate	l_rate	l2_rate	halLeu_0	halLeu_1	halLeu_2	halLeu_3	nipNip_0	nipNip_1	nipNip_2	nipNip_3	galGal_0	galGal_1	galGal_2	galGal_3	aptHaa_0	aptHaa_1	aptHaa_2	aptHaa_3	aptOwe_0	aptOwe_1	aptOwe_2	aptOwe_3	aptRow_0	aptRow_1	aptRow_2	aptRow_3	casCas_0	casCas_1	casCas_2	casCas_3	droNov_0	droNov_1	droNov_2	droNov_3	rheAme_0	rheAme_1	rheAme_2	rheAme_3	rhePen_0	rhePen_1	rhePen_2	rhePen_3	cryCin_0	cryCin_1	cryCin_2	cryCin_3	tinGut_0	tinGut_1	tinGut_2	tinGut_3	eudEle_0	eudEle_1	eudEle_2	eudEle_3	notPer_0	notPer_1	notPer_2	notPer_3	anoDid_0	anoDid_1	anoDid_2	anoDid_3	strCam_0	strCam_1	strCam_2	strCam_3	taeGut.aptFor_0	taeGut.aptFor_1	taeGut.aptFor_2	taeGut.aptFor_3	taeGut.galGal_0	taeGut.galGal_1	taeGut.galGal_2	taeGut.galGal_3	aptHaa.aptOwe_0	aptHaa.aptOwe_1	aptHaa.aptOwe_2	aptHaa.aptOwe_3	aptHaa.aptRow_0	aptHaa.aptRow_1	aptHaa.aptRow_2	aptHaa.aptRow_3	casCas.droNov_0	casCas.droNov_1	casCas.droNov_2	casCas.droNov_3	aptHaa.casCas_0	aptHaa.casCas_1	aptHaa.casCas_2	aptHaa.casCas_3	rheAme.rhePen_0	rheAme.rhePen_1	rheAme.rhePen_2	rheAme.rhePen_3	aptHaa.rheAme_0	aptHaa.rheAme_1	aptHaa.rheAme_2	aptHaa.rheAme_3	cryCin.tinGut_0	cryCin.tinGut_1	cryCin.tinGut_2	cryCin.tinGut_3	eudEle.notPer_0	eudEle.notPer_1	eudEle.notPer_2	eudEle.notPer_3	cryCin.eudEle_0	cryCin.eudEle_1	cryCin.eudEle_2	cryCin.eudEle_3	cryCin.anoDid_0	cryCin.anoDid_1	cryCin.anoDid_2	cryCin.anoDid_3	aptHaa.cryCin_0	aptHaa.cryCin_1	aptHaa.cryCin_2	aptHaa.cryCin_3	aptHaa.strCam_0	aptHaa.strCam_1	aptHaa.strCam_2	aptHaa.strCam_3	taeGut.aptHaa_0	taeGut.aptHaa_1	taeGut.aptHaa_2	taeGut.aptHaa_3
18	1	0.174168	0.0737029	0.500402	0	0	1	0	0	0	0.996	0.004	0	0	0.843333	0.156667	0	0	0.998	0.002	0	0	0.996	0.004	0	0	0.981333	0.0186667	0	0	1	0	0	0	1	0	0	0	1	0	0	0	1	0	0	0	0.002	0.998	0	0	0.00266667	0.997333	0	0	0	1	0	0	0	1	0	0	1	0	0	0	1	0	0	0	1	0	0	0	1	0	0	0	1	0	0	0	1	0	0	0	1	0	0	0	1	0	0	0	1	0	0	0	1	0	0	0	0.00266667	0.997333	0	0	0	1	0	0	0.004	0.996	0	0	1	0	0	0	1	0	0	0	1	0	0	0	1	0	0
0	1	0.193686	0.0605697	0.487545	0	0	0.963333	0.0366667	0	0	0.948667	0.0513333	0	0	0.928	0.072	0	0	1	0	0	0	1	0	0	0	1	0	0	0	1	0	0	0	0.999333	0.000666667	0	0	1	0	0	0	1	0	0	0	0.220667	0.779333	0	0	0.58	0.42	0	0	0.419333	0.580667	0	0	0.412	0.588	0	0	1	0	0	0	1	0	0	0	0.964667	0.0353333	0	0	0.966667	0.0333333	0	0	1	0	0	0	1	0	0	0	1	0	0	0	1	0	0	0	1	0	0	0	1	0	0	0	0.584667	0.415333	0	0	0.452667	0.547333	0	0	0.586667	0.413333	0	0	1	0	0	0	1	0	0	0	1	0	0	0	1	0	0
8	1	0.169744	0.108639	0.495126	0	0	0	1	0	0	0.00133333	0.998667	0	0	0.000666667	0.999333	0	0	0.994	0.006	0	0	0.994	0.006	0	0	1	0	0	0	1	0	0	0	1	0	0	0	1	0	0	0	1	0	0	0	0.306667	0.693333	0	0	0.279333	0.720667	0	0	0.733333	0.266667	0	0	1	0	0	0	1	0	0	0	1	0	0	0	0.00133333	0.998667	0	0	0.00533333	0.994667	0	0	1	0	0	0	1	0	0	0	1	0	0	0	1	0	0	0	1	0	0	0	1	0	0	0	0.487333	0.512667	0	0	1	0	0	0	1	0	0	0	1	0	0	0	1	0	0	0	1	0	0	0	1	0	0
14	1	0.155083	0.116341	0.49656	0	0	0	1	0	0	0.000666667	0.999333	0	0	0.004	0.996	0	0	0.995333	0.00466667	0	0	1	0	0	0	1	0	0	0	1	0	0	0	1	0	0	0	1	0	0	0	1	0	0	0	0.197333	0.802667	0	0	0.292	0.708	0	0	0.944	0.056	0	0	0.988667	0.0113333	0	0	1	0	0	0	0.999333	0.000666667	0	0	0.000666667	0.999333	0	0	0.0246667	0.975333	0	0	1	0	0	0	1	0	0	0	1	0	0	0	1	0	0	0	1	0	0	0	1	0	0	0	0.976667	0.0233333	0	0	0.988667	0.0113333	0	0	0.991333	0.00866667	0	0	1	0	0	0	1	0	0	0	1	0	0	0	1	0	0
19	1	0.156144	0.0227255	0.481614	0	0	1	0	0	0	0.999333	0.000666667	0	0	1	0	0	0	0.999333	0.000666667	0	0	1	0	0	0	1	0	0	0	1	0	0	0	1	0	0	0	1	0	0	0	1	0	0	0	0.994	0.006	0	0	0.998	0.002	0	0	0.998667	0.00133333	0	0	0.996667	0.00333333	0	0	1	0	0	0	1	0	0	0	1	0	0	0	1	0	0	0	1	0	0	0	1	0	0	0	1	0	0	0	1	0	0	0	1	0	0	0	1	0	0	0	0.998667	0.00133333	0	0	0.999333	0.000666667	0	0	0.999333	0.000666667	0	0	1	0	0	0	1	0	0	0	1	0	0	0	1	0	0
15	1	0.129712	0.0223456	0.505727	0	0	1	0	0	0	1	0	0	0	1	0	0	0	1	0	0	0	1	0	0	0	1	0	0	0	1	0	0	0	1	0	0	0	1	0	0	0	1	0	0	0	1	0	0	0	0.998	0.002	0	0	1	0	0	0	1	0	0	0	1	0	0	0	1	0	0	0	1	0	0	0	1	0	0	0	1	0	0	0	1	0	0	0	1	0	0	0	1	0	0	0	1	0	0	0	1	0	0	0	1	0	0	0	1	0	0	0	1	0	0	0	1	0	0	0	1	0	0	0	1	0	0	0	1	0	0
9	1	0.131189	0.0345665	0.504793	0	0	0.839333	0.160667	0	0	0.758667	0.241333	0	0	0.734	0.266	0	0	1	0	0	0	0.994	0.006	0	0	0.997333	0.00266667	0	0	1	0	0	0	1	0	0	0	1	0	0	0	1	0	0	0	0.986667	0.0133333	0	0	0.941333	0.0586667	0	0	0.991333	0.00866667	0	0	0.990667	0.00933333	0	0	0.999333	0.000666667	0	0	0.998	0.002	0	0	0.840667	0.159333	0	0	0.842	0.158	0	0	1	0	0	0	1	0	0	0	1	0	0	0	1	0	0	0	1	0	0	0	1	0	0	0	0.987333	0.0126667	0	0	0.992	0.008	0	0	0.992	0.008	0	0	0.999333	0.000666667	0	0	1	0	0	0	1	0	0	0	1	0	0
1	1	0.108837	0.136725	0.504675	0	0	0.00533333	0.994667	0	0	0	1	0	0	0	1	0	0	0.954	0.046	0	0	0.832	0.168	0	0	1	0	0	0	1	0	0	0	1	0	0	0	0.997333	0.00266667	0	0	0.886667	0.113333	0	0	0	1	0	0	0	1	0	0	0	1	0	0	0	1	0	0	0.992	0.008	0	0	0.996667	0.00333333	0	0	0.00533333	0.994667	0	0	0.0106667	0.989333	0	0	0.977333	0.0226667	0	0	1	0	0	0	1	0	0	0	1	0	0	0	0.998	0.002	0	0	1	0	0	0	0	1	0	0	0	1	0	0	0.00133333	0.998667	0	0	0.992	0.008	0	0	1	0	0	0	1	0	0	0	1	0	0
20	1	0.0185673	0.0215254	0.508749	0	0	1	0	0	0	1	0	0	0	1	0	0	0	1	0	0	0	1	0	0	0	1	0	0	0	1	0	0	0	1	0	0	0	1	0	0	0	1	0	0	0	1	0	0	0	1	0	0	0	0.992667	0.00733333	0	0	1	0	0	0	1	0	0	0	1	0	0	0	1	0	0	0	1	0	0	0	1	0	0	0	1	0	0	0	1	0	0	0	1	0	0	0	1	0	0	0	1	0	0	0	1	0	0	0	1	0	0	0	1	0	0	0	1	0	0	0	1	0	0	0	1	0	0	0	1	0	0
16	1	0.110497	0.0236976	0.497202	0	0	0.965333	0.0346667	0	0	1	0	0	0	1	0	0	0	1	0	0	0	1	0	0	0	1	0	0	0	1	0	0	0	1	0	0	0	1	0	0	0	1	0	0	0	0.999333	0.000666667	0	0	1	0	0	0	1	0	0	0	1	0	0	0	1	0	0	0	1	0	0	0	1	0	0	0	1	0	0	0	1	0	0	0	1	0	0	0	1	0	0	0	1	0	0	0	1	0	0	0	1	0	0	0	1	0	0	0	1	0	0	0	1	0	0	0	1	0	0	0	1	0	0	0	1	0	0	0	1	0	0
10	1	0.157276	0.125213	0.481764	0	0	0	1	0	0	0	1	0	0	0	1	0	0	1	0	0	0	1	0	0	0	1	0	0	0	1	0	0	0	1	0	0	0	1	0	0	0	1	0	0	0	0	1	0	0	0.00333333	0.996667	0	0	0.00533333	0.994667	0	0	0	1	0	0	1	0	0	0	0.996667	0.00333333	0	0	0	1	0	0	0.0126667	0.987333	0	0	1	0	0	0	1	0	0	0	1	0	0	0	1	0	0	0	1	0	0	0	1	0	0	0	0.004	0.996	0	0	0.00533333	0.994667	0	0	0.006	0.994	0	0	1	0	0	0	1	0	0	0	1	0	0	0	1	0	0
2	1	0.0707483	0.0279589	0.508449	0	0	1	0	0	0	0.999333	0.000666667	0	0	0.867333	0.132667	0	0	1	0	0	0	0.993333	0.00666667	0	0	1	0	0	0	1	0	0	0	1	0	0	0	1	0	0	0	1	0	0	0	0.995333	0.00466667	0	0	0.981333	0.0186667	0	0	0.932667	0.0673333	0	0	0.964	0.036	0	0	1	0	0	0	0.995333	0.00466667	0	0	1	0	0	0	1	0	0	0	1	0	0	0	1	0	0	0	1	0	0	0	1	0	0	0	1	0	0	0	1	0	0	0	0.996667	0.00333333	0	0	0.973333	0.0266667	0	0	1	0	0	0	1	0	0	0	1	0	0	0	1	0	0	0	1	0	0
17	1	0.0918864	0.0206494	0.496124	0	0	1	0	0	0	0.999333	0.000666667	0	0	1	0	0	0	1	0	0	0	1	0	0	0	1	0	0	0	1	0	0	0	1	0	0	0	1	0	0	0	1	0	0	0	0.992	0.008	0	0	1	0	0	0	1	0	0	0	1	0	0	0	1	0	0	0	1	0	0	0	1	0	0	0	1	0	0	0	1	0	0	0	1	0	0	0	1	0	0	0	1	0	0	0	1	0	0	0	1	0	0	0	1	0	0	0	1	0	0	0	1	0	0	0	1	0	0	0	1	0	0	0	1	0	0	0	1	0	0
21	1	0.114986	0.127499	0.506084	0	0	0.00133333	0.998667	0	0	0.000666667	0.999333	0	0	0	1	0	0	1	0	0	0	1	0	0	0	1	0	0	0	0.993333	0.00666667	0	0	0.999333	0.000666667	0	0	1	0	0	0	1	0	0	0	0	1	0	0	0.000666667	0.999333	0	0	0	1	0	0	0	1	0	0	0.999333	0.000666667	0	0	1	0	0	0	0.002	0.998	0	0	0.0513333	0.948667	0	0	1	0	0	0	1	0	0	0	1	0	0	0	1	0	0	0	1	0	0	0	1	0	0	0	0.000666667	0.999333	0	0	0	1	0	0	0.002	0.998	0	0	0.999333	0.000666667	0	0	1	0	0	0	1	0	0	0	1	0	0
11	1	0.0209103	0.0225824	0.496491	0	0	1	0	0	0	1	0	0	0	0.996	0.004	0	0	1	0	0	0	1	0	0	0	0.999333	0.000666667	0	0	1	0	0	0	1	0	0	0	1	0	0	0	1	0	0	0	1	0	0	0	1	0	0	0	0.995333	0.00466667	0	0	1	0	0	0	1	0	0	0	1	0	0	0	1	0	0	0	1	0	0	0	1	0	0	0	1	0	0	0	1	0	0	0	1	0	0	0	1	0	0	0	1	0	0	0	1	0	0	0	1	0	0	0	1	0	0	0	1	0	0	0	1	0	0	0	1	0	0	0	1	0	0
3	1	0.131615	0.0441223	0.506406	0	0	1	0	0	0	1	0	0	0	1	0	0	0	0.993333	0.00666667	0	0	1	0	0	0	1	0	0	0	0.997333	0.00266667	0	0	1	0	0	0	1	0	0	0	1	0	0	0	0.991333	0.00866667	0	0	0.991333	0.00866667	0	0	0.964	0.036	0	0	0.275333	0.724667	0	0	0.999333	0.000666667	0	0	1	0	0	0	1	0	0	0	1	0	0	0	1	0	0	0	1	0	0	0	1	0	0	0	1	0	0	0	1	0	0	0	1	0	0	0	0.992	0.008	0	0	0.966	0.034	0	0	0.992	0.008	0	0	0.999333	0.000666667	0	0	1	0	0	0	1	0	0	0	1	0	0
24	1	0.119925	0.028135	0.505088	0	0	1	0	0	0	1	0	0	0	1	0	0	0	1	0	0	0	1	0	0	0	1	0	0	0	1	0	0	0	1	0	0	0	0.995333	0.00466667	0	0	0.946	0.054	0	0	1	0	0	0	0.998	0.002	0	0	0.846667	0.153333	0	0	0.956	0.044	0	0	1	0	0	0	1	0	0	0	1	0	0	0	1	0	0	0	1	0	0	0	1	0	0	0	1	0	0	0	1	0	0	0	1	0	0	0	1	0	0	0	1	0	0	0	1	0	0	0	1	0	0	0	1	0	0	0	1	0	0	0	1	0	0	0	1	0	0
22	1	0.148982	0.0740544	0.5292	0	0	0.123333	0.876667	0	0	0.0513333	0.948667	0	0	0.988	0.012	0	0	1	0	0	0	1	0	0	0	1	0	0	0	1	0	0	0	1	0	0	0	1	0	0	0	1	0	0	0	0.855333	0.144667	0	0	1	0	0	0	1	0	0	0	0.550667	0.449333	0	0	0.987333	0.0126667	0	0	1	0	0	0	0.134	0.866	0	0	0.988	0.012	0	0	1	0	0	0	1	0	0	0	1	0	0	0	1	0	0	0	1	0	0	0	1	0	0	0	1	0	0	0	1	0	0	0	1	0	0	0	1	0	0	0	1	0	0	0	1	0	0	0	1	0	0
12	1	0.204256	0.0686004	0.517069	0	0	1	0	0	0	0.999333	0.000666667	0	0	0.982667	0.0173333	0	0	1	0	0	0	1	0	0	0	1	0	0	0	1	0	0	0	1	0	0	0	0.998667	0.00133333	0	0	0.98	0.02	0	0	0.0273333	0.972667	0	0	0.0153333	0.984667	0	0	0.00866667	0.991333	0	0	0.0213333	0.978667	0	0	0.999333	0.000666667	0	0	1	0	0	0	1	0	0	0	1	0	0	0	1	0	0	0	1	0	0	0	1	0	0	0	1	0	0	0	1	0	0	0	1	0	0	0	0.0273333	0.972667	0	0	0.022	0.978	0	0	0.0293333	0.970667	0	0	0.999333	0.000666667	0	0	1	0	0	0	1	0	0	0	1	0	0
4	1	0.0480111	0.022095	0.494748	0	0	1	0	0	0	0.995333	0.00466667	0	0	1	0	0	0	0.998	0.002	0	0	0.996667	0.00333333	0	0	1	0	0	0	1	0	0	0	1	0	0	0	1	0	0	0	1	0	0	0	1	0	0	0	1	0	0	0	1	0	0	0	1	0	0	0	1	0	0	0	1	0	0	0	1	0	0	0	1	0	0	0	1	0	0	0	1	0	0	0	1	0	0	0	1	0	0	0	1	0	0	0	1	0	0	0	1	0	0	0	1	0	0	0	1	0	0	0	1	0	0	0	1	0	0	0	1	0	0	0	1	0	0
25	1	0.182476	0.140776	0.505984	0	0	0.0186667	0.981333	0	0	0.0173333	0.982667	0	0	0	1	0	0	0.952667	0.0473333	0	0	0.972	0.028	0	0	0.824	0.176	0	0	0.99	0.01	0	0	1	0	0	0	1	0	0	0	1	0	0	0	0.0266667	0.973333	0	0	0.01	0.99	0	0	0.002	0.998	0	0	0	1	0	0	1	0	0	0	1	0	0	0	0.0193333	0.980667	0	0	0.0333333	0.966667	0	0	0.99	0.01	0	0	1	0	0	0	1	0	0	0	1	0	0	0	1	0	0	0	1	0	0	0	0.0286667	0.971333	0	0	0.0166667	0.983333	0	0	0.0426667	0.957333	0	0	1	0	0	0	1	0	0	0	1	0	0	0	1	0	0
5	1	0.0575765	0.024598	0.485035	0	0	0.999333	0.000666667	0	0	0.999333	0.000666667	0	0	1	0	0	0	1	0	0	0	1	0	0	0	1	0	0	0	1	0	0	0	1	0	0	0	1	0	0	0	1	0	0	0	1	0	0	0	1	0	0	0	0.864	0.136	0	0	0.999333	0.000666667	0	0	1	0	0	0	1	0	0	0	1	0	0	0	1	0	0	0	1	0	0	0	1	0	0	0	1	0	0	0	1	0	0	0	1	0	0	0	1	0	0	0	1	0	0	0	0.999333	0.000666667	0	0	1	0	0	0	1	0	0	0	1	0	0	0	1	0	0	0	1	0	0
23	1	0.198737	0.111999	0.493492	0	0	0.108667	0.891333	0	0	0.613333	0.386667	0	0	0.0686667	0.931333	0	0	1	0	0	0	1	0	0	0	1	0	0	0	1	0	0	0	1	0	0	0	1	0	0	0	1	0	0	0	0.876667	0.123333	0	0	0.686667	0.313333	0	0	0.690667	0.309333	0	0	0.313333	0.686667	0	0	0.680667	0.319333	0	0	0.998667	0.00133333	0	0	0.613333	0.386667	0	0	0.617333	0.382667	0	0	1	0	0	0	1	0	0	0	1	0	0	0	1	0	0	0	1	0	0	0	1	0	0	0	0.878	0.122	0	0	0.711333	0.288667	0	0	0.882667	0.117333	0	0	0.896	0.104	0	0	1	0	0	0	1	0	0	0	1	0	0
13	1	0.133938	0.0541874	0.496327	0	0	0.554667	0.445333	0	0	0.290667	0.709333	0	0	0.973333	0.0266667	0	0	1	0	0	0	1	0	0	0	1	0	0	0	1	0	0	0	1	0	0	0	1	0	0	0	1	0	0	0	1	0	0	0	1	0	0	0	0.996	0.004	0	0	1	0	0	0	1	0	0	0	1	0	0	0	0.814667	0.185333	0	0	1	0	0	0	1	0	0	0	1	0	0	0	1	0	0	0	1	0	0	0	1	0	0	0	1	0	0	0	1	0	0	0	1	0	0	0	1	0	0	0	1	0	0	0	1	0	0	0	1	0	0	0	1	0	0
26	1	0.159137	0.0630158	0.496817	0	0	0.00133333	0.998667	0	0	0.000666667	0.999333	0	0	0	1	0	0	0.983333	0.0166667	0	0	1	0	0	0	0.994	0.006	0	0	1	0	0	0	1	0	0	0	1	0	0	0	1	0	0	0	0.998667	0.00133333	0	0	0.994667	0.00533333	0	0	0.998	0.002	0	0	0.904	0.096	0	0	1	0	0	0	1	0	0	0	0.00133333	0.998667	0	0	0.00533333	0.994667	0	0	1	0	0	0	1	0	0	0	1	0	0	0	1	0	0	0	1	0	0	0	1	0	0	0	1	0	0	0	0.998667	0.00133333	0	0	1	0	0	0	1	0	0	0	1	0	0	0	1	0	0	0	1	0	0
6	1	0.23911	0.097951	0.481371	0	0	0.686	0.314	0	0	0.714	0.286	0	0	0.712	0.288	0	0	0.878667	0.121333	0	0	0.962667	0.0373333	0	0	0.984667	0.0153333	0	0	1	0	0	0	1	0	0	0	1	0	0	0	0.999333	0.000666667	0	0	0.0626667	0.937333	0	0	0.0606667	0.939333	0	0	0.004	0.996	0	0	0.000666667	0.999333	0	0	0.997333	0.00266667	0	0	1	0	0	0	0.868667	0.131333	0	0	0.9	0.1	0	0	1	0	0	0	1	0	0	0	1	0	0	0	1	0	0	0	1	0	0	0	1	0	0	0	0.0626667	0.937333	0	0	0.00533333	0.994667	0	0	0.064	0.936	0	0	0.998	0.002	0	0	1	0	0	0	1	0	0	0	1	0	0
28	1	0.162523	0.088307	0.504484	0	0	0.00133333	0.998667	0	0	0.0153333	0.984667	0	0	0.0226667	0.977333	0	0	1	0	0	0	1	0	0	0	1	0	0	0	0.999333	0.000666667	0	0	1	0	0	0	1	0	0	0	1	0	0	0	0.974667	0.0253333	0	0	0.976667	0.0233333	0	0	0.986	0.014	0	0	0.705333	0.294667	0	0	0.998	0.002	0	0	1	0	0	0	0.0186667	0.981333	0	0	0.622	0.378	0	0	1	0	0	0	1	0	0	0	1	0	0	0	1	0	0	0	1	0	0	0	1	0	0	0	0.986667	0.0133333	0	0	0.987333	0.0126667	0	0	0.99	0.01	0	0	0.999333	0.000666667	0	0	1	0	0	0	1	0	0	0	1	0	0
27	1	0.108204	0.11792	0.48421	0	0	0.984667	0.0153333	0	0	0.184	0.816	0	0	0	1	0	0	1	0	0	0	1	0	0	0	0.996667	0.00333333	0	0	0.993333	0.00666667	0	0	0.95	0.05	0	0	1	0	0	0	1	0	0	0	0.218	0.782	0	0	0.29	0.71	0	0	0.866	0.134	0	0	0.999333	0.000666667	0	0	1	0	0	0	1	0	0	0	0.984667	0.0153333	0	0	0.995333	0.00466667	0	0	1	0	0	0	1	0	0	0	1	0	0	0	1	0	0	0	1	0	0	0	1	0	0	0	0.34	0.66	0	0	0.999333	0.000666667	0	0	0.999333	0.000666667	0	0	1	0	0	0	1	0	0	0	1	0	0	0	1	0	0
29	1	0.0996949	0.131036	0.499643	0	0	0.00133333	0.998667	0	0	0.016	0.984	0	0	0	1	0	0	0.972667	0.0273333	0	0	0.848667	0.151333	0	0	1	0	0	0	1	0	0	0	1	0	0	0	1	0	0	0	1	0	0	0	0	1	0	0	0	1	0	0	0	1	0	0	0	1	0	0	1	0	0	0	1	0	0	0	0.0166667	0.983333	0	0	0.0333333	0.966667	0	0	1	0	0	0	1	0	0	0	1	0	0	0	1	0	0	0	1	0	0	0	1	0	0	0	0	1	0	0	0.000666667	0.999333	0	0	0.00133333	0.998667	0	0	1	0	0	0	1	0	0	0	1	0	0	0	1	0	0
7	1	0.0742675	0.0218217	0.514948	0	0	1	0	0	0	1	0	0	0	0.994	0.006	0	0	1	0	0	0	1	0	0	0	1	0	0	0	1	0	0	0	1	0	0	0	1	0	0	0	1	0	0	0	1	0	0	0	1	0	0	0	1	0	0	0	1	0	0	0	1	0	0	0	1	0	0	0	1	0	0	0	1	0	0	0	1	0	0	0	1	0	0	0	1	0	0	0	1	0	0	0	1	0	0	0	1	0	0	0	1	0	0	0	1	0	0	0	1	0	0	0	1	0	0	0	1	0	0	0	1	0	0	0	1	0	0
61	1	0.132291	0.0448572	0.502748	0	0	0.991333	0.00866667	0	0	0.398667	0.601333	0	0	0.994667	0.00533333	0	0	1	0	0	0	1	0	0	0	1	0	0	0	1	0	0	0	1	0	0	0	1	0	0	0	1	0	0	0	0.992667	0.00733333	0	0	0.920667	0.0793333	0	0	0.959333	0.0406667	0	0	0.961333	0.0386667	0	0	0.999333	0.000666667	0	0	1	0	0	0	1	0	0	0	1	0	0	0	1	0	0	0	1	0	0	0	1	0	0	0	1	0	0	0	1	0	0	0	1	0	0	0	0.992667	0.00733333	0	0	0.974667	0.0253333	0	0	0.992667	0.00733333	0	0	0.999333	0.000666667	0	0	1	0	0	0	1	0	0	0	1	0	0
71	1	0.273266	0.0931652	0.492804	0	0	0.284	0.716	0	0	0.337333	0.662667	0	0	0.04	0.96	0	0	1	0	0	0	0.968	0.032	0	0	0.999333	0.000666667	0	0	0.998667	0.00133333	0	0	0.997333	0.00266667	0	0	1	0	0	0	1	0	0	0	0.344667	0.655333	0	0	0.358	0.642	0	0	0.406667	0.593333	0	0	0.415333	0.584667	0	0	1	0	0	0	0.996	0.004	0	0	0.338667	0.661333	0	0	0.351333	0.648667	0	0	1	0	0	0	1	0	0	0	0.999333	0.000666667	0	0	1	0	0	0	1	0	0	0	1	0	0	0	0.369333	0.630667	0	0	0.417333	0.582667	0	0	0.419333	0.580667	0	0	1	0	0	0	1	0	0	0	1	0	0	0	1	0	0
30	1	0.174009	0.118703	0.500095	0	0	0.331333	0.668667	0	0	0.608	0.392	0	0	0.054	0.946	0	0	1	0	0	0	0.994	0.006	0	0	0.999333	0.000666667	0	0	1	0	0	0	1	0	0	0	1	0	0	0	1	0	0	0	1	0	0	0	0.954	0.046	0	0	0.594667	0.405333	0	0	0.108667	0.891333	0	0	1	0	0	0	1	0	0	0	0.961333	0.0386667	0	0	0.963333	0.0366667	0	0	1	0	0	0	1	0	0	0	1	0	0	0	1	0	0	0	1	0	0	0	1	0	0	0	1	0	0	0	0.630667	0.369333	0	0	1	0	0	0	1	0	0	0	1	0	0	0	1	0	0	0	1	0	0
48	1	0.180682	0.0974737	0.511889	0	0	1	0	0	0	0.992667	0.00733333	0	0	0.406667	0.593333	0	0	1	0	0	0	0.998	0.002	0	0	1	0	0	0	1	0	0	0	1	0	0	0	1	0	0	0	1	0	0	0	0.823333	0.176667	0	0	0.597333	0.402667	0	0	0.157333	0.842667	0	0	0.0246667	0.975333	0	0	1	0	0	0	1	0	0	0	1	0	0	0	1	0	0	0	1	0	0	0	1	0	0	0	1	0	0	0	1	0	0	0	1	0	0	0	1	0	0	0	0.836667	0.163333	0	0	0.478	0.522	0	0	0.93	0.07	0	0	1	0	0	0	1	0	0	0	1	0	0	0	1	0	0
62	1	0.150573	0.0462529	0.526673	0	0	0.627333	0.372667	0	0	0.803333	0.196667	0	0	0.628	0.372	0	0	1	0	0	0	1	0	0	0	1	0	0	0	1	0	0	0	1	0	0	0	1	0	0	0	1	0	0	0	0.978667	0.0213333	0	0	0.986667	0.0133333	0	0	0.830667	0.169333	0	0	0.993333	0.00666667	0	0	1	0	0	0	1	0	0	0	0.804	0.196	0	0	0.850667	0.149333	0	0	1	0	0	0	1	0	0	0	1	0	0	0	1	0	0	0	1	0	0	0	1	0	0	0	1	0	0	0	0.999333	0.000666667	0	0	1	0	0	0	1	0	0	0	1	0	0	0	1	0	0	0	1	0	0
72	1	0.109123	0.033091	0.489432	0	0	0.996	0.004	0	0	0.997333	0.00266667	0	0	0.612667	0.387333	0	0	0.993333	0.00666667	0	0	0.961333	0.0386667	0	0	1	0	0	0	1	0	0	0	1	0	0	0	1	0	0	0	1	0	0	0	1	0	0	0	1	0	0	0	0.958667	0.0413333	0	0	0.989333	0.0106667	0	0	1	0	0	0	1	0	0	0	0.999333	0.000666667	0	0	0.999333	0.000666667	0	0	1	0	0	0	1	0	0	0	1	0	0	0	1	0	0	0	1	0	0	0	1	0	0	0	1	0	0	0	0.996667	0.00333333	0	0	1	0	0	0	1	0	0	0	1	0	0	0	1	0	0	0	1	0	0
31	1	0.208197	0.0656839	0.520142	0	0	0.355333	0.644667	0	0	0.377333	0.622667	0	0	0.092	0.908	0	0	0.960667	0.0393333	0	0	0.989333	0.0106667	0	0	1	0	0	0	1	0	0	0	0.997333	0.00266667	0	0	1	0	0	0	1	0	0	0	0.839333	0.160667	0	0	1	0	0	0	0.873333	0.126667	0	0	0.982667	0.0173333	0	0	1	0	0	0	1	0	0	0	0.378	0.622	0	0	0.382667	0.617333	0	0	1	0	0	0	1	0	0	0	1	0	0	0	1	0	0	0	1	0	0	0	1	0	0	0	1	0	0	0	0.989333	0.0106667	0	0	1	0	0	0	1	0	0	0	1	0	0	0	1	0	0	0	1	0	0
49	1	0.119611	0.15104	0.496589	0	0	0.00133333	0.998667	0	0	0.024	0.976	0	0	0.00666667	0.993333	0	0	1	0	0	0	1	0	0	0	1	0	0	0	1	0	0	0	1	0	0	0	1	0	0	0	1	0	0	0	0.172	0.828	0	0	1	0	0	0	0.98	0.02	0	0	0.0613333	0.938667	0	0	1	0	0	0	0.998	0.002	0	0	0.0306667	0.969333	0	0	1	0	0	0	1	0	0	0	1	0	0	0	1	0	0	0	1	0	0	0	1	0	0	0	1	0	0	0	1	0	0	0	0.980667	0.0193333	0	0	1	0	0	0	1	0	0	0	1	0	0	0	1	0	0	0	1	0	0
73	1	0.190269	0.102633	0.499194	0	0	0.818667	0.181333	0	0	0.940667	0.0593333	0	0	0.538	0.462	0	0	0.998667	0.00133333	0	0	1	0	0	0	1	0	0	0	1	0	0	0	1	0	0	0	1	0	0	0	0.999333	0.000666667	0	0	0.205333	0.794667	0	0	0.305333	0.694667	0	0	0.342667	0.657333	0	0	0.338667	0.661333	0	0	0.984667	0.0153333	0	0	0.998	0.002	0	0	0.961333	0.0386667	0	0	0.965333	0.0346667	0	0	1	0	0	0	1	0	0	0	1	0	0	0	1	0	0	0	1	0	0	0	1	0	0	0	0.715333	0.284667	0	0	0.426667	0.573333	0	0	0.718	0.282	0	0	0.985333	0.0146667	0	0	1	0	0	0	1	0	0	0	1	0	0
63	1	0.181696	0.0799733	0.49316	0	0	0.896	0.104	0	0	1	0	0	0	0.382667	0.617333	0	0	1	0	0	0	1	0	0	0	0.997333	0.00266667	0	0	1	0	0	0	0.989333	0.0106667	0	0	1	0	0	0	1	0	0	0	0.95	0.05	0	0	1	0	0	0	0.078	0.922	0	0	0.273333	0.726667	0	0	1	0	0	0	1	0	0	0	1	0	0	0	1	0	0	0	1	0	0	0	1	0	0	0	1	0	0	0	1	0	0	0	1	0	0	0	1	0	0	0	1	0	0	0	0.322	0.678	0	0	1	0	0	0	1	0	0	0	1	0	0	0	1	0	0	0	1	0	0
32	1	0.164313	0.124633	0.493462	0	0	0	1	0	0	0	1	0	0	0	1	0	0	1	0	0	0	1	0	0	0	1	0	0	0	1	0	0	0	1	0	0	0	1	0	0	0	1	0	0	0	0.014	0.986	0	0	0.00333333	0.996667	0	0	0.0246667	0.975333	0	0	0.038	0.962	0	0	1	0	0	0	1	0	0	0	0.000666667	0.999333	0	0	0.016	0.984	0	0	1	0	0	0	1	0	0	0	1	0	0	0	1	0	0	0	1	0	0	0	1	0	0	0	0.014	0.986	0	0	0.0386667	0.961333	0	0	0.0406667	0.959333	0	0	1	0	0	0	1	0	0	0	1	0	0	0	1	0	0
50	1	0.154433	0.0554518	0.493444	0	0	0.932667	0.0673333	0	0	0.924667	0.0753333	0	0	0.026	0.974	0	0	1	0	0	0	1	0	0	0	1	0	0	0	1	0	0	0	1	0	0	0	0.999333	0.000666667	0	0	0.999333	0.000666667	0	0	0.985333	0.0146667	0	0	1	0	0	0	1	0	0	0	0.953333	0.0466667	0	0	0.998667	0.00133333	0	0	1	0	0	0	0.932667	0.0673333	0	0	0.932667	0.0673333	0	0	1	0	0	0	1	0	0	0	1	0	0	0	1	0	0	0	1	0	0	0	1	0	0	0	1	0	0	0	1	0	0	0	1	0	0	0	1	0	0	0	1	0	0	0	1	0	0	0	1	0	0
64	1	0.126188	0.0383836	0.511097	0	0	0.558	0.442	0	0	0.984	0.016	0	0	1	0	0	0	1	0	0	0	1	0	0	0	0.998667	0.00133333	0	0	1	0	0	0	1	0	0	0	1	0	0	0	1	0	0	0	0.946667	0.0533333	0	0	0.999333	0.000666667	0	0	0.999333	0.000666667	0	0	0.959333	0.0406667	0	0	1	0	0	0	1	0	0	0	1	0	0	0	1	0	0	0	1	0	0	0	1	0	0	0	1	0	0	0	1	0	0	0	1	0	0	0	1	0	0	0	0.999333	0.000666667	0	0	1	0	0	0	1	0	0	0	1	0	0	0	1	0	0	0	1	0	0	0	1	0	0
33	1	0.100263	0.133975	0.484011	0	0	0	1	0	0	0	1	0	0	0	1	0	0	0.997333	0.00266667	0	0	0.905333	0.0946667	0	0	1	0	0	0	1	0	0	0	1	0	0	0	1	0	0	0	1	0	0	0	0.004	0.996	0	0	0.00533333	0.994667	0	0	0.00133333	0.998667	0	0	0.0193333	0.980667	0	0	1	0	0	0	1	0	0	0	0	1	0	0	0.004	0.996	0	0	1	0	0	0	1	0	0	0	1	0	0	0	1	0	0	0	1	0	0	0	1	0	0	0	0.0166667	0.983333	0	0	0.0193333	0.980667	0	0	0.026	0.974	0	0	1	0	0	0	1	0	0	0	1	0	0	0	1	0	0
74	1	0.191954	0.127219	0.520191	0	0	0.000666667	0.999333	0	0	0.00533333	0.994667	0	0	0	1	0	0	0.904	0.096	0	0	0.969333	0.0306667	0	0	0.999333	0.000666667	0	0	0.985333	0.0146667	0	0	0.984667	0.0153333	0	0	1	0	0	0	1	0	0	0	0.484667	0.515333	0	0	0.510667	0.489333	0	0	0.279333	0.720667	0	0	0.465333	0.534667	0	0	0.997333	0.00266667	0	0	0.482667	0.517333	0	0	0.00533333	0.994667	0	0	0.01	0.99	0	0	0.998667	0.00133333	0	0	1	0	0	0	0.996	0.004	0	0	1	0	0	0	1	0	0	0	1	0	0	0	0.514	0.486	0	0	0.469333	0.530667	0	0	0.515333	0.484667	0	0	0.997333	0.00266667	0	0	1	0	0	0	1	0	0	0	1	0	0
51	1	0.236048	0.132988	0.480826	0	0	0.145333	0.854667	0	0	0.076	0.924	0	0	0	1	0	0	0.995333	0.00466667	0	0	0.974667	0.0253333	0	0	1	0	0	0	0.978	0.022	0	0	1	0	0	0	1	0	0	0	1	0	0	0	0.0273333	0.972667	0	0	0.0373333	0.962667	0	0	0.0353333	0.964667	0	0	0.00133333	0.998667	0	0	0.868	0.132	0	0	0.994667	0.00533333	0	0	0.145333	0.854667	0	0	0.156667	0.843333	0	0	0.999333	0.000666667	0	0	1	0	0	0	1	0	0	0	1	0	0	0	1	0	0	0	1	0	0	0	0.038	0.962	0	0	0.0353333	0.964667	0	0	0.0386667	0.961333	0	0	0.898	0.102	0	0	1	0	0	0	1	0	0	0	1	0	0
34	1	0.128648	0.137034	0.499024	0	0	0	1	0	0	0	1	0	0	0	1	0	0	0.970667	0.0293333	0	0	0.827333	0.172667	0	0	1	0	0	0	1	0	0	0	0.999333	0.000666667	0	0	1	0	0	0	1	0	0	0	0	1	0	0	0	1	0	0	0.00133333	0.998667	0	0	0	1	0	0	1	0	0	0	1	0	0	0	0	1	0	0	0.00666667	0.993333	0	0	1	0	0	0	1	0	0	0	1	0	0	0	1	0	0	0	1	0	0	0	1	0	0	0	0	1	0	0	0.00133333	0.998667	0	0	0.004	0.996	0	0	1	0	0	0	1	0	0	0	1	0	0	0	1	0	0
65	1	0.161017	0.105493	0.497397	0	0	0.0106667	0.989333	0	0	0.00266667	0.997333	0	0	0.707333	0.292667	0	0	0.973333	0.0266667	0	0	1	0	0	0	0.982667	0.0173333	0	0	1	0	0	0	0.999333	0.000666667	0	0	1	0	0	0	1	0	0	0	0.208	0.792	0	0	0.235333	0.764667	0	0	0.690667	0.309333	0	0	0.957333	0.0426667	0	0	1	0	0	0	0.998667	0.00133333	0	0	0.016	0.984	0	0	0.723333	0.276667	0	0	1	0	0	0	1	0	0	0	1	0	0	0	1	0	0	0	1	0	0	0	1	0	0	0	0.286	0.714	0	0	0.966	0.034	0	0	0.986	0.014	0	0	1	0	0	0	1	0	0	0	1	0	0	0	1	0	0
75	1	0.146937	0.056898	0.481135	0	0	1	0	0	0	0.994667	0.00533333	0	0	0.0273333	0.972667	0	0	0.988667	0.0113333	0	0	0.995333	0.00466667	0	0	1	0	0	0	1	0	0	0	1	0	0	0	1	0	0	0	1	0	0	0	0.936	0.064	0	0	0.816	0.184	0	0	1	0	0	0	0.994	0.006	0	0	1	0	0	0	1	0	0	0	1	0	0	0	1	0	0	0	1	0	0	0	1	0	0	0	1	0	0	0	1	0	0	0	1	0	0	0	1	0	0	0	0.961333	0.0386667	0	0	1	0	0	0	1	0	0	0	1	0	0	0	1	0	0	0	1	0	0	0	1	0	0
52	1	0.253485	0.0851036	0.489781	0	0	0.87	0.13	0	0	0.980667	0.0193333	0	0	0.606667	0.393333	0	0	0.990667	0.00933333	0	0	1	0	0	0	0.981333	0.0186667	0	0	1	0	0	0	1	0	0	0	1	0	0	0	1	0	0	0	0.0933333	0.906667	0	0	0.176	0.824	0	0	0.066	0.934	0	0	0.137333	0.862667	0	0	0.991333	0.00866667	0	0	0.986667	0.0133333	0	0	0.980667	0.0193333	0	0	0.981333	0.0186667	0	0	1	0	0	0	1	0	0	0	1	0	0	0	1	0	0	0	1	0	0	0	1	0	0	0	0.176	0.824	0	0	0.138	0.862	0	0	0.177333	0.822667	0	0	0.991333	0.00866667	0	0	1	0	0	0	1	0	0	0	1	0	0
76	1	0.125511	0.0215298	0.493725	0	0	1	0	0	0	1	0	0	0	1	0	0	0	1	0	0	0	1	0	0	0	1	0	0	0	1	0	0	0	1	0	0	0	1	0	0	0	1	0	0	0	1	0	0	0	1	0	0	0	0.998667	0.00133333	0	0	0.999333	0.000666667	0	0	1	0	0	0	1	0	0	0	1	0	0	0	1	0	0	0	1	0	0	0	1	0	0	0	1	0	0	0	1	0	0	0	1	0	0	0	1	0	0	0	1	0	0	0	1	0	0	0	1	0	0	0	1	0	0	0	1	0	0	0	1	0	0	0	1	0	0
35	1	0.22753	0.115536	0.525296	0	0	0.918	0.082	0	0	0.704	0.296	0	0	0.106667	0.893333	0	0	0.994	0.006	0	0	0.994667	0.00533333	0	0	1	0	0	0	0.996667	0.00333333	0	0	0.978	0.022	0	0	1	0	0	0	0.998667	0.00133333	0	0	0.004	0.996	0	0	0.00466667	0.995333	0	0	0.00466667	0.995333	0	0	0.000666667	0.999333	0	0	0.828667	0.171333	0	0	1	0	0	0	0.942	0.058	0	0	0.944667	0.0553333	0	0	1	0	0	0	1	0	0	0	1	0	0	0	1	0	0	0	1	0	0	0	1	0	0	0	0.00466667	0.995333	0	0	0.00533333	0.994667	0	0	0.00933333	0.990667	0	0	0.831333	0.168667	0	0	1	0	0	0	1	0	0	0	1	0	0
66	1	0.133427	0.0398844	0.513572	0	0	0.841333	0.158667	0	0	0.998	0.002	0	0	0.568667	0.431333	0	0	1	0	0	0	1	0	0	0	1	0	0	0	1	0	0	0	1	0	0	0	1	0	0	0	1	0	0	0	0.996667	0.00333333	0	0	0.997333	0.00266667	0	0	0.952667	0.0473333	0	0	0.992667	0.00733333	0	0	1	0	0	0	0.999333	0.000666667	0	0	0.998	0.002	0	0	0.998	0.002	0	0	1	0	0	0	1	0	0	0	1	0	0	0	1	0	0	0	1	0	0	0	1	0	0	0	0.999333	0.000666667	0	0	0.993333	0.00666667	0	0	0.999333	0.000666667	0	0	1	0	0	0	1	0	0	0	1	0	0	0	1	0	0
53	1	0.0924527	0.0298118	0.49276	0	0	0.991333	0.00866667	0	0	0.988	0.012	0	0	0.864667	0.135333	0	0	1	0	0	0	0.996667	0.00333333	0	0	1	0	0	0	1	0	0	0	1	0	0	0	1	0	0	0	1	0	0	0	1	0	0	0	0.995333	0.00466667	0	0	0.836667	0.163333	0	0	0.980667	0.0193333	0	0	1	0	0	0	1	0	0	0	0.993333	0.00666667	0	0	0.993333	0.00666667	0	0	1	0	0	0	1	0	0	0	1	0	0	0	1	0	0	0	1	0	0	0	1	0	0	0	1	0	0	0	0.99	0.01	0	0	1	0	0	0	1	0	0	0	1	0	0	0	1	0	0	0	1	0	0
77	1	0.257784	0.122	0.497291	0	0	0.344	0.656	0	0	0.346667	0.653333	0	0	0.0266667	0.973333	0	0	0.999333	0.000666667	0	0	0.997333	0.00266667	0	0	1	0	0	0	0.987333	0.0126667	0	0	0.999333	0.000666667	0	0	1	0	0	0	1	0	0	0	0.01	0.99	0	0	0.012	0.988	0	0	0.00466667	0.995333	0	0	0.00533333	0.994667	0	0	0.999333	0.000666667	0	0	1	0	0	0	0.353333	0.646667	0	0	0.362667	0.637333	0	0	1	0	0	0	1	0	0	0	1	0	0	0	1	0	0	0	1	0	0	0	1	0	0	0	0.0133333	0.986667	0	0	0.00733333	0.992667	0	0	0.0213333	0.978667	0	0	0.999333	0.000666667	0	0	1	0	0	0	1	0	0	0	1	0	0
67	1	0.237766	0.0719269	0.492389	0	0	0.986	0.014	0	0	0.928667	0.0713333	0	0	0.779333	0.220667	0	0	1	0	0	0	0.999333	0.000666667	0	0	0.977333	0.0226667	0	0	0.981333	0.0186667	0	0	0.981333	0.0186667	0	0	1	0	0	0	0.994	0.006	0	0	0.213333	0.786667	0	0	0.226	0.774	0	0	0.169333	0.830667	0	0	0.181333	0.818667	0	0	0.804667	0.195333	0	0	1	0	0	0	0.986	0.014	0	0	0.986667	0.0133333	0	0	1	0	0	0	1	0	0	0	1	0	0	0	1	0	0	0	1	0	0	0	1	0	0	0	0.226	0.774	0	0	0.189333	0.810667	0	0	0.226	0.774	0	0	0.810667	0.189333	0	0	1	0	0	0	1	0	0	0	1	0	0
36	1	0.18179	0.103067	0.494936	0	0	0	1	0	0	0.00133333	0.998667	0	0	0	1	0	0	1	0	0	0	1	0	0	0	0.992667	0.00733333	0	0	1	0	0	0	1	0	0	0	1	0	0	0	1	0	0	0	0.988	0.012	0	0	0.982667	0.0173333	0	0	0.0986667	0.901333	0	0	0.217333	0.782667	0	0	0.998	0.002	0	0	0.998667	0.00133333	0	0	0.00133333	0.998667	0	0	0.00866667	0.991333	0	0	1	0	0	0	1	0	0	0	1	0	0	0	1	0	0	0	1	0	0	0	1	0	0	0	0.988667	0.0113333	0	0	0.277333	0.722667	0	0	0.988667	0.0113333	0	0	0.999333	0.000666667	0	0	1	0	0	0	1	0	0	0	1	0	0
54	1	0.197828	0.0929672	0.491664	0	0	1	0	0	0	0.995333	0.00466667	0	0	0.00133333	0.998667	0	0	1	0	0	0	1	0	0	0	0.992667	0.00733333	0	0	1	0	0	0	1	0	0	0	1	0	0	0	1	0	0	0	0.372	0.628	0	0	0.357333	0.642667	0	0	0.292667	0.707333	0	0	0.234	0.766	0	0	0.996	0.004	0	0	0.998667	0.00133333	0	0	1	0	0	0	1	0	0	0	1	0	0	0	1	0	0	0	1	0	0	0	1	0	0	0	1	0	0	0	1	0	0	0	0.373333	0.626667	0	0	0.305333	0.694667	0	0	0.375333	0.624667	0	0	0.996667	0.00333333	0	0	1	0	0	0	1	0	0	0	1	0	0
78	1	0.013192	0.0235218	0.497419	0	0	1	0	0	0	1	0	0	0	1	0	0	0	1	0	0	0	1	0	0	0	1	0	0	0	1	0	0	0	1	0	0	0	1	0	0	0	1	0	0	0	1	0	0	0	0.954667	0.0453333	0	0	1	0	0	0	1	0	0	0	1	0	0	0	1	0	0	0	1	0	0	0	1	0	0	0	1	0	0	0	1	0	0	0	1	0	0	0	1	0	0	0	1	0	0	0	1	0	0	0	1	0	0	0	1	0	0	0	1	0	0	0	1	0	0	0	1	0	0	0	1	0	0	0	1	0	0
68	1	0.152833	0.0248733	0.4991	0	0	1	0	0	0	0.996667	0.00333333	0	0	1	0	0	0	1	0	0	0	1	0	0	0	1	0	0	0	0.994667	0.00533333	0	0	0.991333	0.00866667	0	0	1	0	0	0	1	0	0	0	0.949333	0.0506667	0	0	0.952667	0.0473333	0	0	1	0	0	0	1	0	0	0	1	0	0	0	1	0	0	0	1	0	0	0	1	0	0	0	1	0	0	0	1	0	0	0	1	0	0	0	1	0	0	0	1	0	0	0	1	0	0	0	0.972667	0.0273333	0	0	1	0	0	0	1	0	0	0	1	0	0	0	1	0	0	0	1	0	0	0	1	0	0
37	1	0.220983	0.0781528	0.500492	0	0	0.999333	0.000666667	0	0	0.997333	0.00266667	0	0	0.321333	0.678667	0	0	0.996	0.004	0	0	1	0	0	0	0.97	0.03	0	0	0.998	0.002	0	0	1	0	0	0	1	0	0	0	1	0	0	0	0.714667	0.285333	0	0	0.65	0.35	0	0	0.457333	0.542667	0	0	0.296667	0.703333	0	0	1	0	0	0	0.999333	0.000666667	0	0	0.999333	0.000666667	0	0	0.999333	0.000666667	0	0	1	0	0	0	1	0	0	0	1	0	0	0	1	0	0	0	1	0	0	0	1	0	0	0	0.714667	0.285333	0	0	0.488	0.512	0	0	0.714667	0.285333	0	0	1	0	0	0	1	0	0	0	1	0	0	0	1	0	0
55	1	0.137391	0.0363733	0.498324	0	0	1	0	0	0	0.998667	0.00133333	0	0	0.922667	0.0773333	0	0	0.995333	0.00466667	0	0	1	0	0	0	1	0	0	0	1	0	0	0	1	0	0	0	1	0	0	0	1	0	0	0	0.971333	0.0286667	0	0	0.964667	0.0353333	0	0	0.72	0.28	0	0	0.640667	0.359333	0	0	0.999333	0.000666667	0	0	1	0	0	0	1	0	0	0	1	0	0	0	1	0	0	0	1	0	0	0	1	0	0	0	1	0	0	0	1	0	0	0	1	0	0	0	0.972	0.028	0	0	0.749333	0.250667	0	0	0.972	0.028	0	0	0.999333	0.000666667	0	0	1	0	0	0	1	0	0	0	1	0	0
79	1	0.107244	0.117257	0.507631	0	0	0.00133333	0.998667	0	0	0.00266667	0.997333	0	0	0.840667	0.159333	0	0	1	0	0	0	1	0	0	0	0.998	0.002	0	0	0.995333	0.00466667	0	0	1	0	0	0	1	0	0	0	1	0	0	0	0.180667	0.819333	0	0	0.944667	0.0553333	0	0	0.072	0.928	0	0	0.946	0.054	0	0	0.924667	0.0753333	0	0	1	0	0	0	0.00466667	0.995333	0	0	0.842	0.158	0	0	1	0	0	0	1	0	0	0	1	0	0	0	1	0	0	0	1	0	0	0	1	0	0	0	0.944667	0.0553333	0	0	0.946	0.054	0	0	0.946667	0.0533333	0	0	0.952	0.048	0	0	1	0	0	0	1	0	0	0	1	0	0
69	1	0.142062	0.130303	0.514265	0	0	0.00266667	0.997333	0	0	0.000666667	0.999333	0	0	0	1	0	0	0.999333	0.000666667	0	0	0.998667	0.00133333	0	0	1	0	0	0	0.999333	0.000666667	0	0	1	0	0	0	1	0	0	0	1	0	0	0	0.00133333	0.998667	0	0	0.00133333	0.998667	0	0	0.002	0.998	0	0	0.00133333	0.998667	0	0	1	0	0	0	1	0	0	0	0.0153333	0.984667	0	0	0.0273333	0.972667	0	0	1	0	0	0	1	0	0	0	1	0	0	0	1	0	0	0	1	0	0	0	1	0	0	0	0.00133333	0.998667	0	0	0.002	0.998	0	0	0.00333333	0.996667	0	0	1	0	0	0	1	0	0	0	1	0	0	0	1	0	0
38	1	0.12154	0.104697	0.498569	0	0	0	1	0	0	0	1	0	0	0	1	0	0	0.988667	0.0113333	0	0	0.997333	0.00266667	0	0	1	0	0	0	0.999333	0.000666667	0	0	1	0	0	0	0.99	0.01	0	0	1	0	0	0	0.172	0.828	0	0	0.133333	0.866667	0	0	0.990667	0.00933333	0	0	1	0	0	0	0.999333	0.000666667	0	0	1	0	0	0	0	1	0	0	0.00333333	0.996667	0	0	1	0	0	0	1	0	0	0	1	0	0	0	1	0	0	0	1	0	0	0	1	0	0	0	0.29	0.71	0	0	1	0	0	0	1	0	0	0	1	0	0	0	1	0	0	0	1	0	0	0	1	0	0
56	1	0.260151	0.114826	0.475274	0	0	0.0353333	0.964667	0	0	0.056	0.944	0	0	0.0766667	0.923333	0	0	1	0	0	0	1	0	0	0	0.998667	0.00133333	0	0	1	0	0	0	1	0	0	0	1	0	0	0	1	0	0	0	0.612667	0.387333	0	0	0.556667	0.443333	0	0	0.116667	0.883333	0	0	0.0526667	0.947333	0	0	1	0	0	0	1	0	0	0	0.0686667	0.931333	0	0	0.240667	0.759333	0	0	1	0	0	0	1	0	0	0	1	0	0	0	1	0	0	0	1	0	0	0	1	0	0	0	0.614	0.386	0	0	0.163333	0.836667	0	0	0.614	0.386	0	0	1	0	0	0	1	0	0	0	1	0	0	0	1	0	0
80	1	0.107962	0.129185	0.495162	0	0	0.0133333	0.986667	0	0	0.032	0.968	0	0	0	1	0	0	0.984667	0.0153333	0	0	1	0	0	0	0.976667	0.0233333	0	0	1	0	0	0	1	0	0	0	0.970667	0.0293333	0	0	0.998	0.002	0	0	0	1	0	0	0	1	0	0	0	1	0	0	0	1	0	0	0.991333	0.00866667	0	0	1	0	0	0	0.032	0.968	0	0	0.0373333	0.962667	0	0	1	0	0	0	1	0	0	0	1	0	0	0	1	0	0	0	1	0	0	0	1	0	0	0	0	1	0	0	0	1	0	0	0	1	0	0	0.991333	0.00866667	0	0	1	0	0	0	1	0	0	0	1	0	0
70	1	0.120171	0.163206	0.51983	0	0	0.00133333	0.998667	0	0	0.002	0.998	0	0	0.00266667	0.997333	0	0	0.968667	0.0313333	0	0	0.999333	0.000666667	0	0	0.992	0.008	0	0	0.988	0.012	0	0	0.998	0.002	0	0	1	0	0	0	1	0	0	0	0.016	0.984	0	0	0.02	0.98	0	0	0.000666667	0.999333	0	0	0	1	0	0	0.991333	0.00866667	0	0	0.998667	0.00133333	0	0	0.0386667	0.961333	0	0	1	0	0	0	1	0	0	0	1	0	0	0	1	0	0	0	1	0	0	0	1	0	0	0	1	0	0	0	0.02	0.98	0	0	0.000666667	0.999333	0	0	0.02	0.98	0	0	0.992	0.008	0	0	1	0	0	0	1	0	0	0	1	0	0
39	1	0.185931	0.0727836	0.493461	0	0	0.386	0.614	0	0	0.382	0.618	0	0	0.00333333	0.996667	0	0	1	0	0	0	0.999333	0.000666667	0	0	0.994	0.006	0	0	1	0	0	0	1	0	0	0	1	0	0	0	1	0	0	0	0.954	0.046	0	0	0.966667	0.0333333	0	0	0.965333	0.0346667	0	0	0.664	0.336	0	0	0.998667	0.00133333	0	0	1	0	0	0	0.392	0.608	0	0	0.394667	0.605333	0	0	1	0	0	0	1	0	0	0	1	0	0	0	1	0	0	0	1	0	0	0	1	0	0	0	0.970667	0.0293333	0	0	0.966	0.034	0	0	0.971333	0.0286667	0	0	0.998667	0.00133333	0	0	1	0	0	0	1	0	0	0	1	0	0
57	1	0.245658	0.130107	0.499328	0	0	0.026	0.974	0	0	0.162	0.838	0	0	0.0593333	0.940667	0	0	0.995333	0.00466667	0	0	0.942	0.058	0	0	1	0	0	0	1	0	0	0	1	0	0	0	0.999333	0.000666667	0	0	0.996	0.004	0	0	0.01	0.99	0	0	0.0153333	0.984667	0	0	0.00666667	0.993333	0	0	0.00266667	0.997333	0	0	0.983333	0.0166667	0	0	0.999333	0.000666667	0	0	0.187333	0.812667	0	0	0.329333	0.670667	0	0	1	0	0	0	1	0	0	0	1	0	0	0	1	0	0	0	1	0	0	0	1	0	0	0	0.0153333	0.984667	0	0	0.00866667	0.991333	0	0	0.0166667	0.983333	0	0	0.984667	0.0153333	0	0	1	0	0	0	1	0	0	0	1	0	0
81	1	0.201166	0.128756	0.492755	0	0	0.00333333	0.996667	0	0	0.00533333	0.994667	0	0	0	1	0	0	1	0	0	0	0.934667	0.0653333	0	0	1	0	0	0	1	0	0	0	1	0	0	0	1	0	0	0	1	0	0	0	0.00266667	0.997333	0	0	0.0113333	0.988667	0	0	0.02	0.98	0	0	0.0186667	0.981333	0	0	0.999333	0.000666667	0	0	1	0	0	0	0.00533333	0.994667	0	0	0.0113333	0.988667	0	0	1	0	0	0	1	0	0	0	1	0	0	0	1	0	0	0	1	0	0	0	1	0	0	0	0.0126667	0.987333	0	0	0.0206667	0.979333	0	0	0.026	0.974	0	0	0.999333	0.000666667	0	0	1	0	0	0	1	0	0	0	1	0	0
85	1	0.11873	0.127344	0.508262	0	0	0	1	0	0	0	1	0	0	0	1	0	0	1	0	0	0	1	0	0	0	1	0	0	0	1	0	0	0	1	0	0	0	1	0	0	0	1	0	0	0	0	1	0	0	0.000666667	0.999333	0	0	0.00133333	0.998667	0	0	0.00333333	0.996667	0	0	1	0	0	0	1	0	0	0	0	1	0	0	0.012	0.988	0	0	1	0	0	0	1	0	0	0	1	0	0	0	1	0	0	0	1	0	0	0	1	0	0	0	0.000666667	0.999333	0	0	0.00333333	0.996667	0	0	0.00333333	0.996667	0	0	1	0	0	0	1	0	0	0	1	0	0	0	1	0	0
40	1	0.235396	0.12028	0.508798	0	0	0.052	0.948	0	0	0.0146667	0.985333	0	0	0	1	0	0	1	0	0	0	1	0	0	0	0.973333	0.0266667	0	0	1	0	0	0	1	0	0	0	0.994	0.006	0	0	0.996	0.004	0	0	0.556667	0.443333	0	0	0.398667	0.601333	0	0	0.161333	0.838667	0	0	0.166	0.834	0	0	1	0	0	0	1	0	0	0	0.0526667	0.947333	0	0	0.0673333	0.932667	0	0	1	0	0	0	1	0	0	0	1	0	0	0	1	0	0	0	1	0	0	0	1	0	0	0	0.556667	0.443333	0	0	0.226	0.774	0	0	0.558667	0.441333	0	0	1	0	0	0	1	0	0	0	1	0	0	0	1	0	0
58	1	0.097193	0.0295427	0.510508	0	0	0.999333	0.000666667	0	0	1	0	0	0	1	0	0	0	1	0	0	0	1	0	0	0	0.998667	0.00133333	0	0	1	0	0	0	1	0	0	0	1	0	0	0	1	0	0	0	0.998	0.002	0	0	0.766667	0.233333	0	0	0.996667	0.00333333	0	0	1	0	0	0	1	0	0	0	1	0	0	0	1	0	0	0	1	0	0	0	1	0	0	0	1	0	0	0	1	0	0	0	1	0	0	0	1	0	0	0	1	0	0	0	0.998	0.002	0	0	1	0	0	0	1	0	0	0	1	0	0	0	1	0	0	0	1	0	0	0	1	0	0
82	1	0.346204	0.129215	0.503507	0	0	0.290667	0.709333	0	0	0.35	0.65	0	0	0.064	0.936	0	0	0.999333	0.000666667	0	0	0.98	0.02	0	0	0.895333	0.104667	0	0	0.941333	0.0586667	0	0	1	0	0	0	0.999333	0.000666667	0	0	1	0	0	0	0.0793333	0.920667	0	0	0.0626667	0.937333	0	0	0.100667	0.899333	0	0	0.0966667	0.903333	0	0	0.530667	0.469333	0	0	0.998667	0.00133333	0	0	0.351333	0.648667	0	0	0.363333	0.636667	0	0	1	0	0	0	1	0	0	0	1	0	0	0	1	0	0	0	1	0	0	0	1	0	0	0	0.0806667	0.919333	0	0	0.100667	0.899333	0	0	0.102667	0.897333	0	0	0.543333	0.456667	0	0	1	0	0	0	1	0	0	0	1	0	0
86	1	0.164502	0.102225	0.509814	0	0	0.686	0.314	0	0	0.502	0.498	0	0	0.647333	0.352667	0	0	0.855333	0.144667	0	0	0.881333	0.118667	0	0	1	0	0	0	1	0	0	0	1	0	0	0	1	0	0	0	1	0	0	0	0.999333	0.000666667	0	0	1	0	0	0	0.0373333	0.962667	0	0	0.008	0.992	0	0	0.998667	0.00133333	0	0	1	0	0	0	0.948	0.052	0	0	0.961333	0.0386667	0	0	0.999333	0.000666667	0	0	1	0	0	0	1	0	0	0	1	0	0	0	1	0	0	0	1	0	0	0	1	0	0	0	0.0973333	0.902667	0	0	1	0	0	0	1	0	0	0	1	0	0	0	1	0	0	0	1	0	0
59	1	0.134118	0.0549832	0.513031	0	0	1	0	0	0	1	0	0	0	0.0953333	0.904667	0	0	0.999333	0.000666667	0	0	0.998667	0.00133333	0	0	1	0	0	0	1	0	0	0	1	0	0	0	1	0	0	0	1	0	0	0	1	0	0	0	0.996	0.004	0	0	1	0	0	0	0.898667	0.101333	0	0	0.986	0.014	0	0	1	0	0	0	1	0	0	0	1	0	0	0	1	0	0	0	1	0	0	0	1	0	0	0	1	0	0	0	1	0	0	0	1	0	0	0	1	0	0	0	1	0	0	0	1	0	0	0	1	0	0	0	1	0	0	0	1	0	0	0	1	0	0
41	1	0.249527	0.127356	0.502213	0	0	0.0513333	0.948667	0	0	0.0613333	0.938667	0	0	0.000666667	0.999333	0	0	1	0	0	0	1	0	0	0	1	0	0	0	1	0	0	0	1	0	0	0	1	0	0	0	1	0	0	0	0.0506667	0.949333	0	0	0.0813333	0.918667	0	0	0.05	0.95	0	0	0.068	0.932	0	0	0.994	0.006	0	0	0.999333	0.000666667	0	0	0.0673333	0.932667	0	0	0.112	0.888	0	0	1	0	0	0	1	0	0	0	1	0	0	0	1	0	0	0	1	0	0	0	1	0	0	0	0.082	0.918	0	0	0.0726667	0.927333	0	0	0.09	0.91	0	0	0.994667	0.00533333	0	0	1	0	0	0	1	0	0	0	1	0	0
87	1	0.230134	0.0599142	0.483815	0	0	0.119333	0.880667	0	0	0.1	0.9	0	0	0.183333	0.816667	0	0	1	0	0	0	1	0	0	0	0.999333	0.000666667	0	0	1	0	0	0	1	0	0	0	1	0	0	0	0.992667	0.00733333	0	0	0.984667	0.0153333	0	0	0.992	0.008	0	0	0.982667	0.0173333	0	0	0.894	0.106	0	0	0.995333	0.00466667	0	0	1	0	0	0	0.124	0.876	0	0	0.192667	0.807333	0	0	1	0	0	0	1	0	0	0	1	0	0	0	1	0	0	0	1	0	0	0	1	0	0	0	0.994	0.006	0	0	0.988	0.012	0	0	0.995333	0.00466667	0	0	0.998667	0.00133333	0	0	1	0	0	0	1	0	0	0	1	0	0
83	1	0.196345	0.138782	0.509292	0	0	0.0886667	0.911333	0	0	0.0666667	0.933333	0	0	0	1	0	0	0.846	0.154	0	0	1	0	0	0	0.84	0.16	0	0	0.970667	0.0293333	0	0	0.999333	0.000666667	0	0	1	0	0	0	1	0	0	0	0.00333333	0.996667	0	0	0.00533333	0.994667	0	0	0.00666667	0.993333	0	0	0.0253333	0.974667	0	0	0.998667	0.00133333	0	0	0.999333	0.000666667	0	0	0.101333	0.898667	0	0	0.112667	0.887333	0	0	1	0	0	0	1	0	0	0	1	0	0	0	1	0	0	0	1	0	0	0	1	0	0	0	0.00666667	0.993333	0	0	0.0253333	0.974667	0	0	0.034	0.966	0	0	0.999333	0.000666667	0	0	1	0	0	0	1	0	0	0	1	0	0
60	1	0.120609	0.0309685	0.488843	0	0	0.948	0.052	0	0	0.771333	0.228667	0	0	1	0	0	0	1	0	0	0	0.998	0.002	0	0	0.999333	0.000666667	0	0	1	0	0	0	1	0	0	0	1	0	0	0	1	0	0	0	0.972	0.028	0	0	0.998667	0.00133333	0	0	0.999333	0.000666667	0	0	0.981333	0.0186667	0	0	1	0	0	0	1	0	0	0	0.959333	0.0406667	0	0	1	0	0	0	1	0	0	0	1	0	0	0	1	0	0	0	1	0	0	0	1	0	0	0	1	0	0	0	0.998667	0.00133333	0	0	0.999333	0.000666667	0	0	0.999333	0.000666667	0	0	1	0	0	0	1	0	0	0	1	0	0	0	1	0	0
42	1	0.120905	0.0342401	0.488522	0	0	1	0	0	0	0.998667	0.00133333	0	0	0.804667	0.195333	0	0	0.998667	0.00133333	0	0	0.990667	0.00933333	0	0	1	0	0	0	1	0	0	0	1	0	0	0	1	0	0	0	1	0	0	0	0.992	0.008	0	0	0.988	0.012	0	0	0.984	0.016	0	0	0.804	0.196	0	0	1	0	0	0	1	0	0	0	1	0	0	0	1	0	0	0	1	0	0	0	1	0	0	0	1	0	0	0	1	0	0	0	1	0	0	0	1	0	0	0	0.992	0.008	0	0	0.985333	0.0146667	0	0	0.993333	0.00666667	0	0	1	0	0	0	1	0	0	0	1	0	0	0	1	0	0
88	1	0.209657	0.0834419	0.508002	0	0	0.31	0.69	0	0	0.0866667	0.913333	0	0	0.04	0.96	0	0	1	0	0	0	0.928667	0.0713333	0	0	0.981333	0.0186667	0	0	1	0	0	0	1	0	0	0	1	0	0	0	1	0	0	0	0.768667	0.231333	0	0	0.876667	0.123333	0	0	0.939333	0.0606667	0	0	0.917333	0.0826667	0	0	1	0	0	0	1	0	0	0	0.361333	0.638667	0	0	0.368667	0.631333	0	0	1	0	0	0	1	0	0	0	1	0	0	0	1	0	0	0	1	0	0	0	1	0	0	0	0.882667	0.117333	0	0	0.945333	0.0546667	0	0	0.946	0.054	0	0	1	0	0	0	1	0	0	0	1	0	0	0	1	0	0
84	1	0.270639	0.137747	0.516367	0	0	0.0786667	0.921333	0	0	0.182	0.818	0	0	0.008	0.992	0	0	0.984	0.016	0	0	1	0	0	0	0.826	0.174	0	0	1	0	0	0	0.986	0.014	0	0	0.996667	0.00333333	0	0	1	0	0	0	0.0566667	0.943333	0	0	0.0386667	0.961333	0	0	0.00266667	0.997333	0	0	0.00533333	0.994667	0	0	0.968	0.032	0	0	0.86	0.14	0	0	0.184667	0.815333	0	0	0.208667	0.791333	0	0	1	0	0	0	1	0	0	0	1	0	0	0	1	0	0	0	1	0	0	0	1	0	0	0	0.0573333	0.942667	0	0	0.0106667	0.989333	0	0	0.0633333	0.936667	0	0	0.970667	0.0293333	0	0	1	0	0	0	1	0	0	0	1	0	0
89	1	0.153293	0.131277	0.503075	0	0	0.384	0.616	0	0	0.900667	0.0993333	0	0	0	1	0	0	1	0	0	0	1	0	0	0	1	0	0	0	1	0	0	0	1	0	0	0	1	0	0	0	0.999333	0.000666667	0	0	0.00666667	0.993333	0	0	0.008	0.992	0	0	0	1	0	0	0	1	0	0	0.951333	0.0486667	0	0	1	0	0	0	0.900667	0.0993333	0	0	0.902	0.098	0	0	1	0	0	0	1	0	0	0	1	0	0	0	1	0	0	0	1	0	0	0	1	0	0	0	0.008	0.992	0	0	0.002	0.998	0	0	0.008	0.992	0	0	0.952667	0.0473333	0	0	1	0	0	0	1	0	0	0	1	0	0
43	1	0.213701	0.123801	0.494875	0	0	0.276	0.724	0	0	0.475333	0.524667	0	0	0.000666667	0.999333	0	0	0.998	0.002	0	0	0.996	0.004	0	0	0.996667	0.00333333	0	0	0.979333	0.0206667	0	0	1	0	0	0	1	0	0	0	1	0	0	0	0.07	0.93	0	0	0.0973333	0.902667	0	0	0.0553333	0.944667	0	0	0.044	0.956	0	0	0.997333	0.00266667	0	0	0.974667	0.0253333	0	0	0.476667	0.523333	0	0	0.489333	0.510667	0	0	1	0	0	0	1	0	0	0	1	0	0	0	1	0	0	0	1	0	0	0	1	0	0	0	0.1	0.9	0	0	0.0746667	0.925333	0	0	0.140667	0.859333	0	0	0.998667	0.00133333	0	0	1	0	0	0	1	0	0	0	1	0	0
92	1	0.0770549	0.0228047	0.493666	0	0	1	0	0	0	1	0	0	0	1	0	0	0	0.995333	0.00466667	0	0	1	0	0	0	1	0	0	0	1	0	0	0	1	0	0	0	1	0	0	0	1	0	0	0	1	0	0	0	1	0	0	0	1	0	0	0	1	0	0	0	1	0	0	0	1	0	0	0	1	0	0	0	1	0	0	0	1	0	0	0	1	0	0	0	1	0	0	0	1	0	0	0	1	0	0	0	1	0	0	0	1	0	0	0	1	0	0	0	1	0	0	0	1	0	0	0	1	0	0	0	1	0	0	0	1	0	0
90	1	0.157722	0.0202781	0.49056	0	0	1	0	0	0	1	0	0	0	1	0	0	0	1	0	0	0	1	0	0	0	1	0	0	0	1	0	0	0	1	0	0	0	0.999333	0.000666667	0	0	0.998667	0.00133333	0	0	1	0	0	0	1	0	0	0	1	0	0	0	1	0	0	0	1	0	0	0	1	0	0	0	1	0	0	0	1	0	0	0	1	0	0	0	1	0	0	0	1	0	0	0	1	0	0	0	1	0	0	0	1	0	0	0	1	0	0	0	1	0	0	0	1	0	0	0	1	0	0	0	1	0	0	0	1	0	0	0	1	0	0
94	1	0.126581	0.06159	0.498326	0	0	0	1	0	0	0	1	0	0	0	1	0	0	1	0	0	0	1	0	0	0	1	0	0	0	1	0	0	0	1	0	0	0	1	0	0	0	1	0	0	0	0.993333	0.00666667	0	0	0.987333	0.0126667	0	0	1	0	0	0	0.999333	0.000666667	0	0	1	0	0	0	1	0	0	0	0	1	0	0	0.00533333	0.994667	0	0	1	0	0	0	1	0	0	0	1	0	0	0	1	0	0	0	1	0	0	0	1	0	0	0	1	0	0	0	1	0	0	0	1	0	0	0	1	0	0	0	1	0	0	0	1	0	0	0	1	0	0
44	1	0.184443	0.0723434	0.489547	0	0	0.997333	0.00266667	0	0	1	0	0	0	0.23	0.77	0	0	0.998667	0.00133333	0	0	1	0	0	0	1	0	0	0	1	0	0	0	1	0	0	0	1	0	0	0	1	0	0	0	0.894	0.106	0	0	0.924	0.076	0	0	0.837333	0.162667	0	0	0.327333	0.672667	0	0	0.942667	0.0573333	0	0	1	0	0	0	1	0	0	0	1	0	0	0	1	0	0	0	1	0	0	0	1	0	0	0	1	0	0	0	1	0	0	0	1	0	0	0	0.924	0.076	0	0	0.847333	0.152667	0	0	0.924667	0.0753333	0	0	0.96	0.04	0	0	1	0	0	0	1	0	0	0	1	0	0
93	1	0.0954893	0.059714	0.506465	0	0	0.002	0.998	0	0	0.00733333	0.992667	0	0	0.985333	0.0146667	0	0	1	0	0	0	1	0	0	0	0.966667	0.0333333	0	0	1	0	0	0	1	0	0	0	1	0	0	0	1	0	0	0	1	0	0	0	0.998	0.002	0	0	1	0	0	0	0.953333	0.0466667	0	0	1	0	0	0	0.996667	0.00333333	0	0	0.0333333	0.966667	0	0	0.986	0.014	0	0	1	0	0	0	1	0	0	0	1	0	0	0	1	0	0	0	1	0	0	0	1	0	0	0	1	0	0	0	1	0	0	0	1	0	0	0	1	0	0	0	1	0	0	0	1	0	0	0	1	0	0
91	1	0.147059	0.111471	0.503388	0	0	1	0	0	0	1	0	0	0	0.404	0.596	0	0	0.978667	0.0213333	0	0	0.979333	0.0206667	0	0	0.999333	0.000666667	0	0	1	0	0	0	1	0	0	0	1	0	0	0	1	0	0	0	0.0233333	0.976667	0	0	0.0746667	0.925333	0	0	1	0	0	0	0.0393333	0.960667	0	0	0.999333	0.000666667	0	0	1	0	0	0	1	0	0	0	1	0	0	0	0.999333	0.000666667	0	0	1	0	0	0	1	0	0	0	1	0	0	0	1	0	0	0	1	0	0	0	0.123333	0.876667	0	0	1	0	0	0	1	0	0	0	1	0	0	0	1	0	0	0	1	0	0	0	1	0	0
95	1	0.0745346	0.0218204	0.47976	0	0	0.938667	0.0613333	0	0	1	0	0	0	0.99	0.01	0	0	1	0	0	0	1	0	0	0	1	0	0	0	1	0	0	0	1	0	0	0	1	0	0	0	1	0	0	0	1	0	0	0	1	0	0	0	1	0	0	0	1	0	0	0	1	0	0	0	1	0	0	0	1	0	0	0	1	0	0	0	1	0	0	0	1	0	0	0	1	0	0	0	1	0	0	0	1	0	0	0	1	0	0	0	1	0	0	0	1	0	0	0	1	0	0	0	1	0	0	0	1	0	0	0	1	0	0	0	1	0	0
45	1	0.172791	0.024034	0.503772	0	0	1	0	0	0	1	0	0	0	1	0	0	0	1	0	0	0	1	0	0	0	1	0	0	0	1	0	0	0	0.999333	0.000666667	0	0	1	0	0	0	1	0	0	0	1	0	0	0	0.982667	0.0173333	0	0	0.938667	0.0613333	0	0	1	0	0	0	1	0	0	0	1	0	0	0	1	0	0	0	1	0	0	0	1	0	0	0	1	0	0	0	1	0	0	0	1	0	0	0	1	0	0	0	1	0	0	0	1	0	0	0	1	0	0	0	1	0	0	0	1	0	0	0	1	0	0	0	1	0	0	0	1	0	0
96	1	0.143956	0.122594	0.497976	0	0	0.654	0.346	0	0	0.695333	0.304667	0	0	0.0113333	0.988667	0	0	0.83	0.17	0	0	0.966	0.034	0	0	1	0	0	0	0.999333	0.000666667	0	0	1	0	0	0	1	0	0	0	0.998667	0.00133333	0	0	0	1	0	0	0	1	0	0	0	1	0	0	0	1	0	0	1	0	0	0	0.991333	0.00866667	0	0	0.708	0.292	0	0	0.717333	0.282667	0	0	0.992667	0.00733333	0	0	1	0	0	0	1	0	0	0	1	0	0	0	1	0	0	0	1	0	0	0	0	1	0	0	0.004	0.996	0	0	0.0133333	0.986667	0	0	1	0	0	0	1	0	0	0	1	0	0	0	1	0	0
97	1	0.223296	0.0669954	0.51272	0	0	0.166	0.834	0	0	0.102	0.898	0	0	0.0206667	0.979333	0	0	1	0	0	0	1	0	0	0	1	0	0	0	1	0	0	0	1	0	0	0	1	0	0	0	1	0	0	0	0.978	0.022	0	0	0.998667	0.00133333	0	0	0.904667	0.0953333	0	0	0.971333	0.0286667	0	0	1	0	0	0	1	0	0	0	0.166	0.834	0	0	0.172667	0.827333	0	0	1	0	0	0	1	0	0	0	1	0	0	0	1	0	0	0	1	0	0	0	1	0	0	0	1	0	0	0	0.994667	0.00533333	0	0	1	0	0	0	1	0	0	0	1	0	0	0	1	0	0	0	1	0	0
98	1	0.149468	0.0256739	0.515976	0	0	0.998	0.002	0	0	0.999333	0.000666667	0	0	1	0	0	0	0.994667	0.00533333	0	0	1	0	0	0	0.962	0.038	0	0	1	0	0	0	1	0	0	0	1	0	0	0	1	0	0	0	0.864667	0.135333	0	0	1	0	0	0	0.950667	0.0493333	0	0	0.987333	0.0126667	0	0	1	0	0	0	1	0	0	0	1	0	0	0	1	0	0	0	1	0	0	0	1	0	0	0	1	0	0	0	1	0	0	0	1	0	0	0	1	0	0	0	1	0	0	0	0.996667	0.00333333	0	0	1	0	0	0	1	0	0	0	1	0	0	0	1	0	0	0	1	0	0
46	1	0.111092	0.124269	0.492872	0	0	0.01	0.99	0	0	0.000666667	0.999333	0	0	0	1	0	0	0.838	0.162	0	0	0.848	0.152	0	0	0.999333	0.000666667	0	0	1	0	0	0	1	0	0	0	1	0	0	0	1	0	0	0	1	0	0	0	0.916	0.084	0	0	0.00133333	0.998667	0	0	0.000666667	0.999333	0	0	1	0	0	0	1	0	0	0	0.01	0.99	0	0	0.018	0.982	0	0	0.998667	0.00133333	0	0	1	0	0	0	1	0	0	0	1	0	0	0	1	0	0	0	1	0	0	0	1	0	0	0	0.0613333	0.938667	0	0	1	0	0	0	1	0	0	0	1	0	0	0	1	0	0	0	1	0	0
99	1	0.145172	0.0678943	0.487053	0	0	0.271333	0.728667	0	0	0.844	0.156	0	0	0.747333	0.252667	0	0	1	0	0	0	0.999333	0.000666667	0	0	1	0	0	0	1	0	0	0	1	0	0	0	1	0	0	0	1	0	0	0	0.880667	0.119333	0	0	0.999333	0.000666667	0	0	0.998	0.002	0	0	0.642	0.358	0	0	0.999333	0.000666667	0	0	1	0	0	0	0.95	0.05	0	0	0.968667	0.0313333	0	0	1	0	0	0	1	0	0	0	1	0	0	0	1	0	0	0	1	0	0	0	1	0	0	0	1	0	0	0	0.998	0.002	0	0	1	0	0	0	1	0	0	0	1	0	0	0	1	0	0	0	1	0	0
47	1	0.246992	0.0764018	0.517254	0	0	0.754667	0.245333	0	0	0.953333	0.0466667	0	0	0.932667	0.0673333	0	0	0.986	0.014	0	0	0.994667	0.00533333	0	0	0.996667	0.00333333	0	0	0.999333	0.000666667	0	0	0.998667	0.00133333	0	0	0.998	0.002	0	0	0.974	0.026	0	0	0.142667	0.857333	0	0	0.146667	0.853333	0	0	0.05	0.95	0	0	0.112	0.888	0	0	0.991333	0.00866667	0	0	0.998667	0.00133333	0	0	0.999333	0.000666667	0	0	0.999333	0.000666667	0	0	1	0	0	0	1	0	0	0	1	0	0	0	1	0	0	0	1	0	0	0	1	0	0	0	0.154667	0.845333	0	0	0.114	0.886	0	0	0.156667	0.843333	0	0	0.991333	0.00866667	0	0	1	0	0	0	1	0	0	0	1	0	0
