No.	ID	loglik_Null_W	loglik_Acc_W	loglik_Full_W	logBF1	logBF2
22	0	-816.28491	-797.50651	-829.14606	18.7784	31.63955
1	0	-1818.1994	-1810.3263	-1872.3539	7.8731	62.0276
1	1	-1348.0106	-1336.4925	-1386.9666	11.5181	50.4741
1	2	-1042.7574	-1038.8947	-1051.3784	3.8627	12.4837
1	3	-2782.9671	-2784.2529	-2857.6648	-1.2858	73.4119
1	4	-1572.5917	-1493.2871	-1618.1445	79.3046	124.8574
1	5	-866.27964	-856.09481	-865.8874	10.18483	9.79259
1	6	-483.20656	-481.91379	-494.29978	1.29277	12.38599
1	7	-2143.5627	-2131.1036	-2141.5434	12.4591	10.4398
1	8	-995.14995	-983.94284	-1001.6646	11.20711	17.72176
1	9	-787.99348	-782.51933	-796.62146	5.47415	14.10213
1	10	-990.79819	-985.03139	-1004.4699	5.7668	19.43851
1	11	-1084.6264	-1081.8138	-1088.4435	2.8126	6.6297
1	12	-1341.6363	-1335.2533	-1347.7989	6.383	12.5456
1	13	-1186.1979	-1182.7829	-1191.472	3.415	8.6891
1	14	-1388.1316	-1386.0948	-1403.2156	2.0368	17.1208
1	15	-1208.9343	-1201.6414	-1253.6621	7.2929	52.0207
1	16	-1276.5089	-1253.9245	-1307.2484	22.5844	53.3239
1	17	-1649.4546	-1648.9407	-1663.7956	0.5139	14.8549
1	18	-1657.9478	-1642.6094	-1713.2787	15.3384	70.6693
1	19	-2617.59	-2602.6879	-2660.0518	14.9021	57.3639
1	20	-1063.0474	-1062.2043	-1075.7205	0.8431	13.5162
1	21	-683.10026	-676.94336	-698.07206	6.1569	21.1287
1	22	-831.51203	-832.689	-847.76664	-1.17697	15.07764
1	23	-1527.6209	-1486.5438	-1512.0653	41.0771	25.5215
1	24	-2039.5917	-2009.4352	-2025.4025	30.1565	15.9673
1	25	-1388.296	-1377.5305	-1409.5307	10.7655	32.0002
1	26	-3072.9082	-3042.1339	-3170.5964	30.7743	128.4625
1	27	-1415.3045	-1400.8423	-1466.7504	14.4622	65.9081
1	28	-1056.0755	-1052.2628	-1071.1753	3.8127	18.9125
1	29	-735.9436	-725.36429	-746.69977	10.57931	21.33548
1	30	-2245.4241	-2233.7088	-2248.5264	11.7153	14.8176
1	31	-923.04156	-924.31557	-966.7098	-1.27401	42.39423
1	32	-1053.3642	-1052.632	-1063.4013	0.7322	10.7693
1	33	-1851.0481	-1822.6634	-1843.08	28.3847	20.4166
1	34	-921.12092	-916.7175	-950.76189	4.40342	34.04439
1	35	-3070.0757	-3064.8709	-3099.6323	5.2048	34.7614
1	36	-2104.1106	-2093.3373	-2122.084	10.7733	28.7467
1	37	-1335.5178	-1336.9739	-1344.916	-1.4561	7.9421
1	38	-2945.3951	-2927.0272	-2943.8745	18.3679	16.8473
1	39	-2033.9072	-2051.1334	-2093.3843	-17.2262	42.2509
1	40	-1304.7964	-1304.1354	-1359.8807	0.661	55.7453
1	41	-2026.1995	-2007.8489	-2138.1317	18.3506	130.2828
1	42	-1675.0138	-1673.6139	-1687.7817	1.3999	14.1678
1	43	-915.13202	-923.59687	-919.46228	-8.46485	-4.13459
1	44	-2715.6843	-2702.5547	-2728.0724	13.1296	25.5177
1	45	-1031.5332	-1022.9467	-1042.2622	8.5865	19.3155
1	46	-927.85544	-919.89393	-936.63951	7.96151	16.74558
1	47	-1272.8175	-1271.0122	-1293.7701	1.8053	22.7579
1	48	-1287.2146	-1279.3837	-1289.5261	7.8309	10.1424
1	49	-2145.2322	-2115.8622	-2141.2792	29.37	25.417
1	50	-805.52922	-794.43893	-802.92039	11.09029	8.48146
1	51	-2637.1588	-2619.4405	-2673.2156	17.7183	53.7751
1	52	-894.6476	-891.22981	-904.98716	3.41779	13.75735
1	53	-946.58223	-938.5008	-979.15568	8.08143	40.65488
1	54	-834.27158	-828.70328	-839.96903	5.5683	11.26575
1	55	-465.3766	-456.79165	-479.42058	8.58495	22.62893
1	56	-973.21405	-967.20505	-979.57033	6.009	12.36528
1	57	-614.91942	-609.62592	-635.5945	5.2935	25.96858
1	58	-1502.9713	-1496.8162	-1511.7038	6.1551	14.8876
1	59	-853.1637	-852.28108	-865.06474	0.88262	12.78366
1	60	-1460.1425	-1466.7848	-1487.599	-6.6423	20.8142
1	61	-1449.8392	-1447.704	-1454.2405	2.1352	6.5365
1	62	-912.34396	-911.3375	-924.24087	1.00646	12.90337
1	63	-901.53989	-898.59058	-921.70217	2.94931	23.11159
1	64	-980.87316	-975.79736	-992.24909	5.0758	16.45173
1	65	-911.26268	-889.16867	-953.21582	22.09401	64.04715
1	66	-941.9045	-937.87913	-953.16862	4.02537	15.28949
1	67	-1480.8823	-1475.4321	-1498.33	5.4502	22.8979
1	68	-1559.9702	-1558.783	-1569.8624	1.1872	11.0794
1	69	-1188.121	-1182.0902	-1188.8045	6.0308	6.7143
1	70	-3148.7383	-3138.1671	-3160.4401	10.5712	22.273
1	71	-1061.6996	-1057.1045	-1075.1105	4.5951	18.006
1	72	-961.63676	-961.66103	-976.62124	-0.02427	14.96021
1	73	-3232.1815	-3228.9983	-3301.9298	3.1832	72.9315
1	74	-1844.1886	-1851.1199	-1862.2066	-6.9313	11.0867
1	75	-1526.5431	-1508.9496	-1523.6295	17.5935	14.6799
1	76	-1901.1047	-1889.609	-1911.9994	11.4957	22.3904
1	77	-2625.934	-2606.7345	-2672.6626	19.1995	65.9281
1	78	-748.73218	-732.40712	-743.61426	16.32506	11.20714
1	79	-1251.0156	-1248.2499	-1263.049	2.7657	14.7991
1	80	-1100.2901	-1088.7686	-1099.1309	11.5215	10.3623
1	81	-1458.1735	-1437.4288	-1446.9528	20.7447	9.524
1	82	-618.00068	-608.61663	-629.97971	9.38405	21.36308
1	83	-1584.8886	-1561.1827	-1562.6561	23.7059	1.4734
1	84	-1221.6485	-1213.2035	-1227.2855	8.445	14.082
1	85	-1254.1925	-1243.9322	-1258.7794	10.2603	14.8472
1	86	-3239.8641	-3211.4228	-3268.0734	28.4413	56.6506
1	87	-2642.2554	-2600.7942	-2626.5642	41.4612	25.77
1	88	-1340.8697	-1337.7542	-1360.0071	3.1155	22.2529
1	89	-2236.3321	-2208.441	-2204.4199	27.8911	-4.0211
1	90	-946.20279	-935.43802	-945.77675	10.76477	10.33873
1	91	-1759.5638	-1747.2937	-1749.5457	12.2701	2.252
1	92	-840.24272	-839.14614	-856.35138	1.09658	17.20524
1	93	-1137.4402	-1130.2852	-1132.4966	7.155	2.2114
1	94	-1070.1325	-1061.9335	-1074.115	8.199	12.1815
1	95	-2039.5618	-2030.2238	-2040.8598	9.338	10.636
1	96	-3699.405	-3626.0084	-3720.4539	73.3966	94.4455
1	97	-1058.7217	-1039.4605	-1058.0704	19.2612	18.6099
1	98	-4289.5311	-4095.8076	-4210.7881	193.7235	114.9805
1	99	-2110.1792	-2092.121	-2121.329	18.0582	29.208
1	100	-1135.0462	-1137.0781	-1138.8059	-2.0319	1.7278
1	101	-2702.5577	-2701.2319	-2780.3708	1.3258	79.1389
1	102	-2176.8993	-2198.2102	-2356.1384	-21.3109	157.9282
1	103	-1096.3527	-1090.225	-1098.2768	6.1277	8.0518
1	104	-844.53605	-837.96923	-854.07925	6.56682	16.11002
1	105	-1131.5274	-1129.603	-1146.8947	1.9244	17.2917
1	106	-1051.7224	-1037.5745	-1045.0463	14.1479	7.4718
1	107	-1588.117	-1578.2733	-1588.9224	9.8437	10.6491
1	108	-806.88147	-799.79991	-816.88928	7.08156	17.08937
1	109	-915.02285	-912.5031	-933.90259	2.51975	21.39949
1	110	-1146.6826	-1142.0057	-1149.9287	4.6769	7.923
1	111	-1265.1275	-1255.2116	-1285.8905	9.9159	30.6789
1	112	-1249.0677	-1232.773	-1326.031	16.2947	93.258
1	113	-1340.0793	-1334.6925	-1347.705	5.3868	13.0125
1	114	-793.79631	-791.83607	-805.14662	1.96024	13.31055
1	115	-882.22477	-882.61781	-923.22585	-0.39304	40.60804
1	116	-767.12718	-763.06577	-775.25812	4.06141	12.19235
1	117	-1304.5128	-1301.631	-1323.5838	2.8818	21.9528
1	118	-2589.1625	-2572.4533	-2617.9552	16.7092	45.5019
1	119	-865.42554	-860.71576	-876.40412	4.70978	15.68836
1	120	-862.08015	-859.0914	-877.54889	2.98875	18.45749
1	121	-893.12059	-884.99875	-897.09341	8.12184	12.09466
1	122	-1757.4694	-1736.1224	-1762.5694	21.347	26.447
1	123	-630.60722	-625.79299	-643.40918	4.81423	17.61619
1	124	-953.03603	-918.38731	-948.95541	34.64872	30.5681
1	125	-1199.7263	-1191.8691	-1202.0431	7.8572	10.174
1	126	-1367.3384	-1349.3102	-1360.9971	18.0282	11.6869
1	127	-691.6374	-697.48842	-710.77341	-5.85102	13.28499
1	128	-770.66006	-763.48273	-774.7654	7.17733	11.28267
1	129	-758.71105	-753.72461	-767.14199	4.98644	13.41738
1	130	-1256.3168	-1243.3896	-1253.0429	12.9272	9.6533
1	131	-1488.7302	-1482.6083	-1500.9801	6.1219	18.3718
1	132	-1944.322	-1922.7703	-1932.761	21.5517	9.9907
1	133	-1506.1053	-1494.6052	-1500.4338	11.5001	5.8286
1	134	-1317.2036	-1300.7095	-1315.212	16.4941	14.5025
1	135	-926.99516	-919.20306	-946.72931	7.7921	27.52625
1	136	-1339.6741	-1325.844	-1332.4182	13.8301	6.5742
1	137	-891.15897	-874.63934	-887.60905	16.51963	12.96971
1	138	-2129.5747	-2103.7288	-2125.2453	25.8459	21.5165
1	139	-764.19281	-759.13763	-771.85891	5.05518	12.72128
1	140	-1100.2611	-1104.59	-1111.6741	-4.3289	7.0841
1	141	-1108.3242	-1109.4591	-1135.5814	-1.1349	26.1223
1	142	-2151.0302	-2148.1022	-2183.5028	2.928	35.4006
1	143	-876.4156	-864.39923	-876.64583	12.01637	12.2466
1	144	-892.52767	-889.66867	-898.35963	2.859	8.69096
1	145	-744.07501	-745.99755	-785.9468	-1.92254	39.94925
1	146	-1167.0102	-1162.549	-1179.6825	4.4612	17.1335
1	147	-1234.9428	-1232.8588	-1242.0237	2.084	9.1649
1	148	-1029.3678	-1028.6621	-1043.781	0.7057	15.1189
1	149	-1968.655	-1975.5488	-1968.3857	-6.8938	-7.1631
1	150	-745.45411	-726.32606	-743.98686	19.12805	17.6608
1	151	-1493.8067	-1448.6715	-1455.4689	45.1352	6.7974
1	152	-1830.9205	-1795.4781	-1813.509	35.4424	18.0309
1	153	-878.39533	-888.16401	-897.04545	-9.76868	8.88144
1	154	-1867.4366	-1866.6851	-1877.7612	0.7515	11.0761
1	155	-1071.43	-1070.5047	-1107.6899	0.9253	37.1852
1	156	-1179.6537	-1177.0599	-1191.17	2.5938	14.1101
1	157	-3800.7555	-3790.6622	-3874.2375	10.0933	83.5753
1	158	-1761.0352	-1759.7033	-1780.7896	1.3319	21.0863
1	159	-1196.534	-1194.7417	-1219.9239	1.7923	25.1822
1	160	-1657.668	-1656.7034	-1717.6321	0.9646	60.9287
2	0	-1536.4568	-1525.1088	-1536.141	11.348	11.0322
2	1	-1434.5104	-1434.4539	-1448.603	0.0565	14.1491
2	2	-1492.7518	-1483.552	-1494.8846	9.1998	11.3326
2	3	-1599.9179	-1590.274	-1630.6057	9.6439	40.3317
2	4	-2581.4635	-2580.1934	-2612.461	1.2701	32.2676
2	5	-1928.6165	-1923.832	-1915.2625	4.7845	-8.5695
2	6	-854.01129	-852.64995	-864.27168	1.36134	11.62173
2	7	-1306.1724	-1299.5801	-1311.1697	6.5923	11.5896
2	8	-3136.9054	-3140.6528	-3182.3939	-3.7474	41.7411
2	9	-779.38267	-782.06317	-792.09329	-2.6805	10.03012
2	10	-255.77276	-243.56284	-277.14979	12.20992	33.58695
2	11	-1396.0758	-1395.9138	-1400.2987	0.162	4.3849
2	12	-1484.1691	-1481.9313	-1543.0265	2.2378	61.0952
2	13	-1384.4788	-1383.6918	-1400.7433	0.787	17.0515
2	14	-1430.6304	-1426.2879	-1443.9697	4.3425	17.6818
2	15	-899.42051	-892.06205	-902.25208	7.35846	10.19003
2	16	-654.73221	-647.97567	-662.01626	6.75654	14.04059
2	17	-1922.2559	-1919.4741	-1933.4357	2.7818	13.9616
2	18	-780.05997	-775.51881	-788.69908	4.54116	13.18027
2	19	-1177.6145	-1178.8187	-1190.0208	-1.2042	11.2021
2	20	-3541.076	-3533.9994	-3547.7824	7.0766	13.783
2	21	-1177.5425	-1176.5927	-1179.4879	0.9498	2.8952
2	22	-825.10822	-819.28674	-830.21958	5.82148	10.93284
2	23	-875.98289	-872.67395	-885.20946	3.30894	12.53551
2	24	-1080.5587	-1076.1124	-1084.6115	4.4463	8.4991
2	25	-5557.9408	-5566.0347	-5666.9021	-8.0939	100.8674
2	26	-1093.0694	-1076.2678	-1081.802	16.8016	5.5342
2	27	-613.10152	-608.91964	-623.73715	4.18188	14.81751
2	28	-2691.578	-2691.7807	-2774.387	-0.2027	82.6063
2	29	-2612.2975	-2613.6916	-2727.0028	-1.3941	113.3112
2	30	-1049.9495	-1033.3872	-1055.8354	16.5623	22.4482
2	31	-1522.485	-1506.7779	-1550.7067	15.7071	43.9288
2	32	-3485.2511	-3491.7752	-3573.3751	-6.5241	81.5999
2	33	-1855.746	-1847.8081	-1892.1908	7.9379	44.3827
2	34	-2697.5874	-2698.5749	-2750.603	-0.9875	52.0281
2	35	-3500.6293	-3491.1065	-3535.6572	9.5228	44.5507
2	36	-1229.377	-1209.7234	-1266.7975	19.6536	57.0741
2	37	-2058.9024	-2039.1982	-2129.7743	19.7042	90.5761
2	38	-2478.6869	-2474.3853	-2578.0092	4.3016	103.6239
2	39	-2052.1396	-2046.0982	-2282.9735	6.0414	236.8753
2	40	-1835.2613	-1831.9649	-1869.1361	3.2964	37.1712
2	41	-1352.3864	-1349.3353	-1358.4943	3.0511	9.159
2	42	-968.0531	-967.71793	-976.65793	0.33517	8.94
2	43	-3072.4023	-3075.6105	-3264.0866	-3.2082	188.4761
2	44	-1446.6237	-1439.1673	-1456.0084	7.4564	16.8411
2	45	-1730.6009	-1735.7142	-1775.4435	-5.1133	39.7293
2	46	-1046.4614	-1045.3088	-1065.8376	1.1526	20.5288
2	47	-723.10397	-725.78846	-736.08721	-2.68449	10.29875
2	48	-1737.828	-1728.5357	-1752.8033	9.2923	24.2676
2	49	-873.36003	-872.68943	-891.83383	0.6706	19.1444
2	50	-1148.1409	-1140.267	-1154.7378	7.8739	14.4708
2	51	-1694.7457	-1675.7492	-1690.5369	18.9965	14.7877
2	52	-1154.4369	-1152.1942	-1163.5335	2.2427	11.3393
2	53	-734.26989	-730.61843	-747.50248	3.65146	16.88405
2	54	-1863.6462	-1858.8567	-1880.1928	4.7895	21.3361
2	55	-1025.9299	-1024.1738	-1032.7565	1.7561	8.5827
2	56	-1243.6309	-1240.7979	-1253.0676	2.833	12.2697
2	57	-2016.9588	-2005.9908	-2015.7113	10.968	9.7205
2	58	-1132.2835	-1121.8736	-1138.7106	10.4099	16.837
2	59	-1230.6208	-1231.1133	-1271.9274	-0.4925	40.8141
2	60	-3527.1774	-3512.7104	-3555.0922	14.467	42.3818
2	61	-1441.1795	-1439.701	-1445.507	1.4785	5.806
2	62	-3138.2471	-3141.433	-3207.0002	-3.1859	65.5672
2	63	-1573.8318	-1572.1717	-1578.1643	1.6601	5.9926
2	64	-1135.8883	-1127.7818	-1133.8735	8.1065	6.0917
2	65	-2541.4571	-2546.8747	-2592.0485	-5.4176	45.1738
2	66	-993.09439	-968.04124	-1007.5817	25.05315	39.54046
2	67	-1634.8983	-1624.9139	-1636.4515	9.9844	11.5376
2	68	-1201.59	-1193.8883	-1206.1422	7.7017	12.2539
2	69	-785.07759	-779.89171	-792.73841	5.18588	12.8467
2	70	-2612.8497	-2615.3655	-2675.6174	-2.5158	60.2519
2	71	-1704.4284	-1702.5779	-1709.6126	1.8505	7.0347
2	72	-1611.1624	-1602.4953	-1634.9678	8.6671	32.4725
2	73	-828.47847	-830.17926	-842.38398	-1.70079	12.20472
2	74	-1409.0418	-1403.0685	-1426.6306	5.9733	23.5621
2	75	-806.55157	-807.92179	-860.33565	-1.37022	52.41386
2	76	-731.87336	-729.60589	-745.40519	2.26747	15.7993
2	77	-1586.3118	-1555.3708	-1575.5289	30.941	20.1581
2	78	-814.76465	-816.4534	-828.0378	-1.68875	11.5844
2	79	-1196.5193	-1194.0434	-1209.0456	2.4759	15.0022
2	80	-674.159	-671.71059	-682.39985	2.44841	10.68926
2	81	-1262.1914	-1253.3951	-1268.8335	8.7963	15.4384
2	82	-971.56919	-964.35691	-987.19665	7.21228	22.83974
2	83	-2488.4718	-2487.0153	-2526.3417	1.4565	39.3264
2	84	-1380.6258	-1377.912	-1387.2679	2.7138	9.3559
2	85	-1190.076	-1184.3326	-1207.781	5.7434	23.4484
2	86	-1594.7574	-1582.6854	-1597.743	12.072	15.0576
2	87	-1059.55	-1056.7233	-1070.9711	2.8267	14.2478
2	88	-730.57834	-717.97879	-740.26375	12.59955	22.28496
2	89	-3985.8744	-4041.6492	-4323.2809	-55.7748	281.6317
2	90	-2343.055	-2329.9732	-2434.1212	13.0818	104.148
2	91	-4534.3293	-4530.7643	-4699.7671	3.565	169.0028
2	92	-992.33578	-1001.0218	-1066.4913	-8.68602	65.4695
2	93	-3363.81	-3356.7196	-3353.5333	7.0904	-3.1863
2	94	-4456.1124	-4412.7156	-4432.6074	43.3968	19.8918
2	95	-958.42715	-955.31577	-970.56791	3.11138	15.25214
2	96	-745.77855	-741.76405	-757.52666	4.0145	15.76261
2	97	-1242.7878	-1241.1821	-1255.2812	1.6057	14.0991
2	98	-906.53532	-898.59934	-913.31699	7.93598	14.71765
2	99	-4203.6782	-4225.5701	-4417.6232	-21.8919	192.0531
2	100	-4032.464	-4036.9037	-4221.8763	-4.4397	184.9726
2	101	-992.87172	-992.24183	-1018.3752	0.62989	26.13337
2	102	-2988.5008	-3007.5896	-3209.4318	-19.0888	201.8422
2	103	-747.75076	-742.63657	-752.47715	5.11419	9.84058
2	104	-3101.1639	-3095.3852	-3108.0708	5.7787	12.6856
2	105	-2472.1987	-2469.1705	-2486.8235	3.0282	17.653
2	106	-2079.8769	-2081.8424	-2103.8068	-1.9655	21.9644
2	107	-2182.5165	-2180.1107	-2252.9588	2.4058	72.8481
2	108	-2354.9227	-2359.5932	-2430.7246	-4.6705	71.1314
2	109	-1825.122	-1826.0209	-1840.5307	-0.8989	14.5098
2	110	-3657.7854	-3624.5657	-3938.6174	33.2197	314.0517
2	111	-1648.9185	-1653.7918	-1699.4205	-4.8733	45.6287
2	112	-3176.3839	-3167.4205	-3441.5757	8.9634	274.1552
2	113	-1015.0061	-1010.1461	-1015.8724	4.86	5.7263
2	114	-974.75088	-971.50633	-998.93191	3.24455	27.42558
2	115	-2855.1154	-2843.8525	-2910.5094	11.2629	66.6569
2	116	-791.88176	-787.70945	-807.24453	4.17231	19.53508
2	117	-1721.8165	-1724.3103	-1731.5394	-2.4938	7.2291
2	118	-1044.5265	-1045.1174	-1053.6708	-0.5909	8.5534
2	119	-2365.5067	-2361.1195	-2375.9707	4.3872	14.8512
2	120	-3086.4249	-3077.5286	-3172.7367	8.8963	95.2081
2	121	-2645.2284	-2653.0153	-2736.2322	-7.7869	83.2169
2	122	-806.57174	-801.96298	-815.81397	4.60876	13.85099
2	123	-1140.115	-1135.3248	-1150.0317	4.7902	14.7069
2	124	-3675.0209	-3640.2862	-3727.2757	34.7347	86.9895
2	125	-2612.0777	-2598.4672	-2632.8304	13.6105	34.3632
2	126	-1782.6208	-1768.3645	-1843.2139	14.2563	74.8494
2	127	-1091.3882	-1091.2336	-1130.0699	0.1546	38.8363
2	128	-3152.0786	-3146.5894	-3217.2231	5.4892	70.6337
2	129	-5296.1725	-5323.9459	-5580.7306	-27.7734	256.7847
2	130	-3566.4161	-3580.2934	-3610.8348	-13.8773	30.5414
2	131	-1250.8543	-1245.3781	-1257.6301	5.4762	12.252
2	132	-868.82535	-864.24693	-877.4924	4.57842	13.24547
2	133	-1582.778	-1562.3903	-1572.8795	20.3877	10.4892
2	134	-1184.9455	-1182.0664	-1195.0844	2.8791	13.018
2	135	-887.34686	-886.67547	-895.03845	0.67139	8.36298
2	136	-1222.1688	-1219.9255	-1241.8505	2.2433	21.925
2	137	-1306.6448	-1303.0323	-1327.7623	3.6125	24.73
2	138	-1008.566	-1003.4256	-1021.3886	5.1404	17.963
2	139	-1696.0474	-1682.6335	-1730.0353	13.4139	47.4018
2	140	-2716.1696	-2718.4192	-2831.4844	-2.2496	113.0652
2	141	-1780.3834	-1780.741	-1800.5977	-0.3576	19.8567
2	142	-2569.28	-2556.0566	-2579.1577	13.2234	23.1011
2	143	-1681.7771	-1644.7393	-1662.4159	37.0378	17.6766
2	144	-970.23493	-968.98509	-985.98835	1.24984	17.00326
2	145	-1026.8936	-1012.4063	-1030.7029	14.4873	18.2966
2	146	-1698.0803	-1696.2391	-1696.3612	1.8412	0.1221
2	147	-1185.5965	-1182.0781	-1193.9758	3.5184	11.8977
2	148	-762.79431	-757.36172	-773.72578	5.43259	16.36406
2	149	-1293.488	-1280.8572	-1293.0204	12.6308	12.1632
2	150	-1337.5138	-1323.8421	-1364.7076	13.6717	40.8655
2	151	-1767.6653	-1768.9214	-1792.8783	-1.2561	23.9569
2	152	-1154.1317	-1133.8119	-1139.8111	20.3198	5.9992
2	153	-1088.4031	-1095.0763	-1094.8237	-6.6732	-0.2526
2	154	-2637.9717	-2636.4403	-2657.6354	1.5314	21.1951
2	155	-4158.0351	-4156.3818	-4203.6534	1.6533	47.2716
2	156	-1075.9384	-1068.0745	-1089.3695	7.8639	21.295
2	157	-1933.2512	-1932.167	-1957.2259	1.0842	25.0589
2	158	-2770.8915	-2762.5811	-2797.7388	8.3104	35.1577
2	159	-1620.853	-1628.8017	-1626.2033	-7.9487	-2.5984
2	160	-1268.8949	-1259.8142	-1270.4979	9.0807	10.6837
2	161	-618.26027	-605.6645	-618.49351	12.59577	12.82901
2	162	-1641.9624	-1624.8818	-1636.3828	17.0806	11.501
2	163	-1022.7988	-1015.8561	-1020.9488	6.9427	5.0927
2	164	-728.43655	-724.67938	-774.98921	3.75717	50.30983
2	165	-744.20429	-738.81855	-750.93024	5.38574	12.11169
2	166	-1238.4016	-1232.917	-1247.2315	5.4846	14.3145
2	167	-1151.0477	-1142.5818	-1190.3905	8.4659	47.8087
2	168	-1794.0176	-1787.8421	-1799.9587	6.1755	12.1166
2	169	-1668.0179	-1647.9469	-1672.9172	20.071	24.9703
2	170	-1269.5721	-1261.7142	-1309.4189	7.8579	47.7047
2	171	-1160.2566	-1160.7107	-1174.7375	-0.4541	14.0268
2	172	-697.59548	-694.08885	-716.16474	3.50663	22.07589
3	0	-843.24732	-837.65968	-851.52376	5.58764	13.86408
3	1	-1804.8013	-1796.2927	-1783.4158	8.5086	-12.8769
3	2	-597.50441	-586.89932	-602.05908	10.60509	15.15976
3	3	-3723.2198	-3702.2287	-3734.5403	20.9911	32.3116
3	4	-559.98929	-556.54619	-571.93573	3.4431	15.38954
3	5	-552.18842	-550.71913	-556.81075	1.46929	6.09162
3	6	-999.27452	-994.39994	-1001.6968	4.87458	7.29686
3	7	-2881.8302	-2868.2933	-2986.3646	13.5369	118.0713
3	8	-2292.4251	-2286.4163	-2323.5105	6.0088	37.0942
3	9	-1176.5586	-1165.9086	-1194.2944	10.65	28.3858
3	10	-914.14855	-913.4023	-924.99833	0.74625	11.59603
3	11	-1138.6069	-1129.6309	-1151.4995	8.976	21.8686
3	12	-673.40161	-658.9345	-679.24861	14.46711	20.31411
3	13	-1462.5325	-1454.816	-1466.3595	7.7165	11.5435
3	14	-2197.0875	-2162.1863	-2161.0035	34.9012	-1.1828
3	15	-1660.5169	-1657.9212	-1707.2011	2.5957	49.2799
3	16	-997.66023	-995.41672	-1002.0235	2.24351	6.60678
3	17	-1002.9059	-992.79124	-999.48864	10.11466	6.6974
3	18	-913.24541	-911.62507	-920.30347	1.62034	8.6784
3	19	-804.07173	-799.44831	-812.4097	4.62342	12.96139
3	20	-5436.109	-5409.2612	-5558.504	26.8478	149.2428
3	21	-1480.9308	-1481.9165	-1500.4283	-0.9857	18.5118
3	22	-793.60118	-786.98784	-808.19438	6.61334	21.20654
3	23	-2083.4699	-2070.4985	-2131.2127	12.9714	60.7142
3	24	-2078.8938	-2075.5624	-2148.7996	3.3314	73.2372
3	25	-805.57753	-798.61122	-813.81544	6.96631	15.20422
3	26	-869.2279	-869.80697	-875.32199	-0.57907	5.51502
3	27	-1244.6583	-1239.8788	-1256.8986	4.7795	17.0198
3	28	-1778.6845	-1774.8525	-1785.7367	3.832	10.8842
3	29	-692.82215	-686.99305	-696.94435	5.8291	9.9513
3	30	-1006.0726	-1002.9806	-1009.1573	3.092	6.1767
3	31	-864.11873	-865.24922	-877.35528	-1.13049	12.10606
3	32	-1393.9869	-1380.74	-1386.692	13.2469	5.952
3	33	-1638.1517	-1624.8397	-1641.497	13.312	16.6573
3	34	-1235.9472	-1231.903	-1239.2128	4.0442	7.3098
3	35	-1986.9	-1978.6553	-1997.8187	8.2447	19.1634
3	36	-3546.2361	-3543.6135	-3603.6724	2.6226	60.0589
3	37	-912.75974	-903.58174	-919.24341	9.178	15.66167
3	38	-1528.6762	-1528.8721	-1534.1356	-0.1959	5.2635
3	39	-895.55656	-884.88984	-891.74471	10.66672	6.85487
3	40	-1253.4254	-1251.4081	-1262.6647	2.0173	11.2566
3	41	-3220.5354	-3213.8082	-3235.4709	6.7272	21.6627
3	42	-1022.0069	-1022.8996	-1026.7794	-0.8927	3.8798
3	43	-868.0945	-844.83276	-861.37558	23.26174	16.54282
3	44	-624.0473	-608.94032	-635.68889	15.10698	26.74857
3	45	-850.91031	-834.60111	-859.50276	16.3092	24.90165
3	46	-900.73645	-887.54366	-908.33112	13.19279	20.78746
3	47	-753.92836	-735.76089	-757.34331	18.16747	21.58242
3	48	-1083.0573	-1051.9207	-1073.4722	31.1366	21.5515
3	49	-954.38918	-952.90396	-958.35058	1.48522	5.44662
3	50	-1203.6279	-1206.7739	-1229.0872	-3.146	22.3133
3	51	-897.1972	-898.17447	-930.80998	-0.97727	32.63551
3	52	-1526.7294	-1512.4846	-1563.0108	14.2448	50.5262
3	53	-951.83089	-942.50956	-961.71545	9.32133	19.20589
3	54	-1034.3632	-1020.945	-1048.6692	13.4182	27.7242
3	55	-1097.5205	-1083.8363	-1093.5264	13.6842	9.6901
3	56	-2621.8103	-2615.5169	-2688.8499	6.2934	73.333
3	57	-1933.5216	-1930.3166	-1941.7283	3.205	11.4117
3	58	-1288.4397	-1280.092	-1301.0884	8.3477	20.9964
3	59	-3825.8455	-3843.8346	-3951.9809	-17.9891	108.1463
3	60	-2535.2032	-2540.7054	-2652.7246	-5.5022	112.0192
3	61	-946.72655	-939.95293	-950.47638	6.77362	10.52345
3	62	-998.50892	-994.22575	-1007.1559	4.28317	12.93015
3	63	-1073.0775	-1066.095	-1076.8176	6.9825	10.7226
3	64	-1597.1356	-1591.7397	-1607.0561	5.3959	15.3164
3	65	-1138.9291	-1127.0249	-1138.5333	11.9042	11.5084
3	66	-743.56002	-744.02786	-758.84449	-0.46784	14.81663
3	67	-1102.4145	-1104.735	-1145.3679	-2.3205	40.6329
3	68	-973.26965	-968.8554	-980.90769	4.41425	12.05229
3	69	-1301.075	-1293.7447	-1332.916	7.3303	39.1713
3	70	-767.62739	-763.6344	-773.53854	3.99299	9.90414
3	71	-763.72933	-760.40509	-779.17143	3.32424	18.76634
3	72	-1600.1375	-1590.3423	-1624.4774	9.7952	34.1351
3	73	-1904.0175	-1902.7971	-1925.1031	1.2204	22.306
3	74	-1012.1775	-1009.5987	-1024.8349	2.5788	15.2362
3	75	-1192.0508	-1184.6203	-1210.8748	7.4305	26.2545
4	0	-1834.6539	-1839.9949	-1909.1395	-5.341	69.1446
4	1	-1446.0376	-1448.0631	-1456.3578	-2.0255	8.2947
4	2	-1192.8997	-1191.684	-1210.5303	1.2157	18.8463
4	3	-966.09377	-968.1826	-976.40941	-2.08883	8.22681
4	4	-1423.7127	-1423.9725	-1430.789	-0.2598	6.8165
4	5	-1200.5039	-1199.7978	-1213.6368	0.7061	13.839
4	6	-1149.6292	-1148.4004	-1160.2364	1.2288	11.836
4	7	-1297.2063	-1295.3908	-1313.527	1.8155	18.1362
4	8	-716.49363	-710.4649	-732.05918	6.02873	21.59428
4	9	-966.31049	-963.38552	-971.81115	2.92497	8.42563
4	10	-729.1776	-726.09259	-746.85822	3.08501	20.76563
4	11	-1908.349	-1896.8816	-1934.7968	11.4674	37.9152
4	12	-921.07822	-921.17045	-935.49082	-0.09223	14.32037
4	13	-1559.0261	-1552.6819	-1570.8638	6.3442	18.1819
4	14	-1352.6008	-1344.0256	-1366.3471	8.5752	22.3215
4	15	-1444.532	-1440.9166	-1452.7315	3.6154	11.8149
4	16	-1801.9741	-1796.9455	-1821.9909	5.0286	25.0454
4	17	-2041.9114	-2034.2172	-2053.9002	7.6942	19.683
4	18	-1372.6049	-1361.2027	-1358.387	11.4022	-2.8157
4	19	-1176.6464	-1162.063	-1176.3056	14.5834	14.2426
4	20	-1700.5213	-1668.1629	-1721.0091	32.3584	52.8462
4	21	-2161.527	-2149.4601	-2169.4047	12.0669	19.9446
4	22	-1084.3088	-1084.8409	-1099.265	-0.5321	14.4241
4	23	-750.51663	-744.81534	-754.32139	5.70129	9.50605
4	24	-1090.3091	-1084.4768	-1120.2207	5.8323	35.7439
4	25	-2140.4527	-2146.5191	-2159.282	-6.0664	12.7629
4	26	-840.33012	-837.44858	-856.96913	2.88154	19.52055
4	27	-3812.826	-3805.046	-3824.4473	7.78	19.4013
4	28	-1130.5237	-1120.2454	-1132.0343	10.2783	11.7889
4	29	-2086.5055	-2080.3519	-2094.6537	6.1536	14.3018
4	30	-1485.818	-1479.9717	-1489.3583	5.8463	9.3866
4	31	-1020.2064	-1018.2892	-1028.7201	1.9172	10.4309
4	32	-2227.1773	-2235.3762	-2294.9721	-8.1989	59.5959
4	33	-1187.153	-1183.1457	-1195.1817	4.0073	12.036
4	34	-837.7763	-835.28069	-847.94043	2.49561	12.65974
4	35	0	0	0	0	0
4	36	-1486.0835	-1478.1729	-1505.7305	7.9106	27.5576
4	37	-2954.2137	-2963.3862	-3090.9149	-9.1725	127.5287
4	38	-821.59627	-816.45482	-820.92095	5.14145	4.46613
4	39	-815.43206	-802.86631	-815.49058	12.56575	12.62427
4	40	-1404.3201	-1399.5897	-1412.943	4.7304	13.3533
4	41	-1885.2685	-1888.1482	-1900.5204	-2.8797	12.3722
4	42	-1000.1248	-1001.175	-1012.7834	-1.0502	11.6084
4	43	-3761.9701	-3763.4184	-3829.7151	-1.4483	66.2967
4	44	-2682.4529	-2677.2706	-2843.9572	5.1823	166.6866
4	45	-711.30353	-713.31431	-727.24367	-2.01078	13.92936
4	46	-2217.8212	-2206.3659	-2299.999	11.4553	93.6331
4	47	-947.31566	-936.82873	-947.89391	10.48693	11.06518
4	48	-898.84233	-896.93795	-928.79411	1.90438	31.85616
4	49	-1365.3162	-1357.8105	-1383.3589	7.5057	25.5484
4	50	-2656.6637	-2650.328	-2672.7387	6.3357	22.4107
4	51	-1733.1359	-1719.2131	-1730.141	13.9228	10.9279
4	52	-1850.3798	-1845.09	-1860.426	5.2898	15.336
4	53	-1164.227	-1154.863	-1170.2585	9.364	15.3955
4	54	-1630.5065	-1627.0154	-1651.3106	3.4911	24.2952
4	55	-1030.3591	-1028.7939	-1033.1651	1.5652	4.3712
4	56	-816.25467	-810.91968	-826.24943	5.33499	15.32975
4	57	-1497.3004	-1485.5217	-1501.8062	11.7787	16.2845
4	58	-760.81461	-755.74121	-766.67691	5.0734	10.9357
4	59	-698.44508	-688.75415	-686.07619	9.69093	-2.67796
4	60	-2098.9224	-2098.2368	-2109.5757	0.6856	11.3389
4	61	-1917.3735	-1916.2597	-1938.0424	1.1138	21.7827
4	62	-3687.2536	-3670.6952	-3698.5106	16.5584	27.8154
4	63	-1505.6172	-1500.4185	-1549.8593	5.1987	49.4408
4	64	-1312.0139	-1298.95	-1313.788	13.0639	14.838
4	65	-1525.3968	-1521.2452	-1539.4452	4.1516	18.2
4	66	-1057.6202	-1051.0443	-1062.2292	6.5759	11.1849
5	0	-774.80023	-769.12253	-779.34784	5.6777	10.22531
5	1	-1389.8996	-1385.11	-1395.9734	4.7896	10.8634
5	2	-992.56544	-984.29806	-1006.8055	8.26738	22.50744
5	3	-1392.372	-1387.8654	-1442.172	4.5066	54.3066
5	4	-856.07178	-853.87864	-860.54669	2.19314	6.66805
5	5	-2265.0872	-2266.73	-2302.7212	-1.6428	35.9912
5	6	-1111.0325	-1107.9593	-1115.915	3.0732	7.9557
5	7	-1085.6694	-1078.7169	-1097.1439	6.9525	18.427
5	8	-1028.4637	-1026.7132	-1047.5578	1.7505	20.8446
5	9	-870.57153	-869.22176	-879.92723	1.34977	10.70547
5	10	-931.67536	-928.22703	-943.79615	3.44833	15.56912
5	11	-1103.832	-1099.195	-1109.6501	4.637	10.4551
5	12	-1817.4946	-1821.14	-1823.9847	-3.6454	2.8447
5	13	-1229.6663	-1219.0281	-1235.2087	10.6382	16.1806
5	14	-1190.3222	-1180.3156	-1201.0547	10.0066	20.7391
5	15	-2275.1053	-2271.5425	-2321.4529	3.5628	49.9104
5	16	-2888.7253	-2859.3718	-2882.9737	29.3535	23.6019
5	17	-1892.0569	-1874.8976	-1924.3164	17.1593	49.4188
5	18	-908.33285	-901.35234	-915.0723	6.98051	13.71996
5	19	-2386.153	-2378.4278	-2430.9793	7.7252	52.5515
5	20	-1271.3474	-1271.9046	-1279.9793	-0.5572	8.0747
5	21	-905.4745	-905.67288	-918.5241	-0.19838	12.85122
5	22	-844.95517	-841.03029	-862.98169	3.92488	21.9514
5	23	-3023.6767	-3004.6261	-3101.9383	19.0506	97.3122
5	24	-988.61938	-988.85301	-1000.7998	-0.23363	11.94679
5	25	-1198.2245	-1191.0092	-1203.7624	7.2153	12.7532
5	26	-1169.4784	-1162.0211	-1203.9507	7.4573	41.9296
5	27	-2857.4241	-2846.5006	-2883.035	10.9235	36.5344
5	28	-2270.6441	-2257.308	-2300.2647	13.3361	42.9567
5	29	-6253.8197	-6189.0848	-6280.4285	64.7349	91.3437
5	30	-2409.3178	-2400.6901	-2430.7825	8.6277	30.0924
5	31	-1018.5958	-1004.7303	-1014.2907	13.8655	9.5604
5	32	-2475.9058	-2483.3883	-2471.2788	-7.4825	-12.1095
5	33	-1526.2082	-1519.2193	-1515.0227	6.9889	-4.1966
5	34	-2186.1411	-2160.0065	-2196.8145	26.1346	36.808
5	35	-1326.3416	-1321.766	-1329.4109	4.5756	7.6449
5	36	-4166.117	-4149.2883	-4336.7415	16.8287	187.4532
5	37	-866.50623	-861.52972	-873.9721	4.97651	12.44238
5	38	-2235.9385	-2231.7889	-2240.8137	4.1496	9.0248
5	39	-2328.6584	-2299.1307	-2319.4761	29.5277	20.3454
5	40	-1927.3838	-1930.7765	-1962.585	-3.3927	31.8085
5	41	-1276.9206	-1276.3656	-1291.443	0.555	15.0774
5	42	-2947.9948	-2912.6247	-2943.6419	35.3701	31.0172
5	43	-1778.6782	-1759.1612	-1766.9716	19.517	7.8104
5	44	-2028.3618	-2031.214	-2049.6339	-2.8522	18.4199
5	45	-1183.6489	-1173.4287	-1186.8141	10.2202	13.3854
5	46	-742.88931	-725.70442	-738.32773	17.18489	12.62331
5	47	-999.49533	-986.2298	-1027.8232	13.26553	41.5934
5	48	-915.19513	-909.8759	-929.01461	5.31923	19.13871
5	49	-553.03552	-548.52658	-569.35931	4.50894	20.83273
5	50	-1747.6486	-1749.9127	-1761.4693	-2.2641	11.5566
5	51	-945.98423	-934.71331	-948.95363	11.27092	14.24032
5	52	-1068.4999	-1069.6327	-1084.3558	-1.1328	14.7231
5	53	-1686.399	-1678.8974	-1690.7568	7.5016	11.8594
5	54	-886.53548	-878.60766	-891.70335	7.92782	13.09569
5	55	-2938.48	-2933.3767	-2963.1374	5.1033	29.7607
5	56	-1282.0821	-1276.969	-1287.4255	5.1131	10.4565
5	57	-1331.0233	-1338.0228	-1391.1372	-6.9995	53.1144
5	58	-1526.9527	-1483.1172	-1522.7899	43.8355	39.6727
5	59	-1137.6348	-1134.8853	-1155.0828	2.7495	20.1975
5	60	-940.20572	-935.62174	-947.18296	4.58398	11.56122
5	61	-814.15325	-807.94884	-820.85021	6.20441	12.90137
5	62	-1269.6752	-1269.6217	-1282.8446	0.0535	13.2229
5	63	-789.32655	-780.15774	-791.6756	9.16881	11.51786
5	64	-1358.3422	-1354.6818	-1366.3568	3.6604	11.675
5	65	-1602.3958	-1600.4263	-1611.612	1.9695	11.1857
5	66	-2247.0956	-2245.2776	-2304.2816	1.818	59.004
5	67	-1884.0756	-1872.4589	-1906.1447	11.6167	33.6858
5	68	-2126.5593	-2106.1299	-2117.204	20.4294	11.0741
5	69	-903.89014	-897.62968	-912.7011	6.26046	15.07142
5	70	-2412.153	-2411.493	-2452.0179	0.66	40.5249
5	71	-1888.6914	-1868.3912	-1888.0479	20.3002	19.6567
5	72	-2349.3536	-2333.0149	-2356.8755	16.3387	23.8606
5	73	-1310.2221	-1309.3629	-1310.7988	0.8592	1.4359
5	74	-1162.8125	-1149.4626	-1182.3938	13.3499	32.9312
5	75	-1821.1225	-1795.9231	-1833.7724	25.1994	37.8493
5	76	-647.14606	-631.86878	-644.69211	15.27728	12.82333
5	77	-1039.6254	-1015.9068	-1112.2169	23.7186	96.3101
6	0	-1675.7641	-1657.159	-1662.6676	18.6051	5.5086
6	1	-915.96158	-905.31678	-916.17471	10.6448	10.85793
6	2	-1587.7368	-1549.1733	-1576.7606	38.5635	27.5873
6	3	-1554.9391	-1544.1016	-1572.3382	10.8375	28.2366
6	4	-1928.9844	-1906.7431	-1932.8961	22.2413	26.153
6	5	-3438.3203	-3451.2143	-3554.3904	-12.894	103.1761
6	6	-2069.3133	-2049.326	-2093.311	19.9873	43.985
6	7	-1248.587	-1248.1265	-1256.3406	0.4605	8.2141
6	8	-975.265	-964.22973	-976.08621	11.03527	11.85648
6	9	-1018.83	-1010.2663	-1020.7131	8.5637	10.4468
6	10	-802.71538	-801.21002	-812.86546	1.50536	11.65544
6	11	-2159.8098	-2133.3118	-2156.3218	26.498	23.01
6	12	-1038.7478	-1035.3848	-1043.4997	3.363	8.1149
6	13	-2850.1223	-2864.7071	-2894.1375	-14.5848	29.4304
6	14	-950.01702	-943.75706	-954.48336	6.25996	10.7263
6	15	-1082.6584	-1078.9446	-1089.0579	3.7138	10.1133
6	16	-1148.3216	-1144.8078	-1160.8396	3.5138	16.0318
6	17	-914.10841	-909.05203	-929.68194	5.05638	20.62991
6	18	-1599.2365	-1579.2296	-1615.6899	20.0069	36.4603
6	19	-2017.678	-2013.6269	-2044.3994	4.0511	30.7725
6	20	-837.57136	-830.82265	-846.08837	6.74871	15.26572
6	21	-766.54868	-765.72147	-780.96228	0.82721	15.24081
6	22	-1070.676	-1065.8492	-1077.8703	4.8268	12.0211
6	23	-757.25538	-750.81674	-775.18727	6.43864	24.37053
6	24	-3460.816	-3426.9051	-3539.7171	33.9109	112.812
6	25	-789.4941	-786.49045	-794.58996	3.00365	8.09951
6	26	-899.81566	-891.25242	-912.2385	8.56324	20.98608
6	27	-1651.3869	-1642.2646	-1676.2022	9.1223	33.9376
6	28	-2426.834	-2431.8572	-2473.388	-5.0232	41.5308
6	29	-3121.6471	-3112.191	-3130.827	9.4561	18.636
6	30	-1074.4101	-1069.7291	-1080.8584	4.681	11.1293
6	31	-1574.7395	-1571.3235	-1576.5632	3.416	5.2397
6	32	-1121.6948	-1124.0573	-1131.6856	-2.3625	7.6283
6	33	-1862.6187	-1865.0155	-1880.5683	-2.3968	15.5528
6	34	-1100.0513	-1097.6584	-1099.4063	2.3929	1.7479
6	35	-1279.607	-1267.9051	-1288.6085	11.7019	20.7034
6	36	-1336.2895	-1314.1396	-1331.7114	22.1499	17.5718
6	37	-1894.3715	-1899.7461	-1943.5022	-5.3746	43.7561
6	38	-968.74951	-968.25469	-985.45372	0.49482	17.19903
6	39	-1002.5359	-992.31227	-1010.7265	10.22363	18.41423
6	40	-1489.866	-1497.0145	-1500.4157	-7.1485	3.4012
6	41	-1661.7002	-1657.5566	-1671.446	4.1436	13.8894
6	42	-1284.7787	-1285.3011	-1293.6361	-0.5224	8.335
6	43	-1795.2494	-1788.9496	-1844.7829	6.2998	55.8333
6	44	-895.883	-895.57843	-906.50639	0.30457	10.92796
6	45	-1957.9952	-1959.4098	-1999.8223	-1.4146	40.4125
6	46	-1252.5307	-1250.1561	-1254.3241	2.3746	4.168
6	47	-1199.6319	-1197.9403	-1210.3738	1.6916	12.4335
6	48	-1138.5454	-1127.0391	-1160.5373	11.5063	33.4982
6	49	-1841.6816	-1839.4766	-1881.0434	2.205	41.5668
6	50	-3184.4831	-3179.5255	-3250.4484	4.9576	70.9229
6	51	-1261.8484	-1251.414	-1263.4174	10.4344	12.0034
6	52	-1218.9661	-1213.5127	-1229.1788	5.4534	15.6661
6	53	-2252.6213	-2244.929	-2292.7949	7.6923	47.8659
6	54	-959.9405	-953.7642	-961.18814	6.1763	7.42394
6	55	-2005.7847	-1983.3667	-2016.6924	22.418	33.3257
6	56	-1020.5111	-1021.304	-1032.3859	-0.7929	11.0819
6	57	-1665.7964	-1667.9981	-1675.6884	-2.2017	7.6903
6	58	-1226.3751	-1222.6349	-1232.7316	3.7402	10.0967
6	59	-1130.1363	-1125.1812	-1139.5875	4.9551	14.4063
6	60	-1190.7186	-1187.5514	-1198.7687	3.1672	11.2173
6	61	-879.09074	-879.1146	-885.74527	-0.02386	6.63067
6	62	-707.04008	-703.80138	-719.50851	3.2387	15.70713
7	0	-872.59337	-875.09896	-939.92501	-2.50559	64.82605
7	1	-2447.0618	-2448.0421	-2456.4825	-0.9803	8.4404
7	2	-1607.3945	-1605.5744	-1610.8237	1.8201	5.2493
7	3	-1028.3903	-1030.0224	-1054.3142	-1.6321	24.2918
7	4	-1117.0802	-1115.7559	-1129.3444	1.3243	13.5885
7	5	-1349.6947	-1335.4067	-1348.7266	14.288	13.3199
7	6	-753.35145	-748.84212	-769.37836	4.50933	20.53624
7	7	-2734.2758	-2729.6978	-2818.2695	4.578	88.5717
7	8	-786.70017	-788.91638	-790.013	-2.21621	1.09662
7	9	-3069.5901	-3059.2484	-3113.2361	10.3417	53.9877
7	10	-1397.0627	-1395.22	-1434.5028	1.8427	39.2828
7	11	-641.69983	-642.20193	-655.1566	-0.5021	12.95467
7	12	-2129.466	-2106.3326	-2116.6353	23.1334	10.3027
7	13	-1263.6356	-1271.6245	-1280.897	-7.9889	9.2725
7	14	-2778.3468	-2709.2142	-2766.7813	69.1326	57.5671
7	15	-1156.4233	-1136.5942	-1157.7397	19.8291	21.1455
7	16	-1768.4219	-1753.1502	-1771.0172	15.2717	17.867
7	17	-1461.5285	-1451.4829	-1486.3326	10.0456	34.8497
7	18	-2106.7421	-2096.7411	-2148.8638	10.001	52.1227
7	19	-3067.3316	-3074.0723	-3093.395	-6.7407	19.3227
7	20	-2319.6728	-2315.3082	-2331.4401	4.3646	16.1319
7	21	-1470.9685	-1445.5051	-1480.1708	25.4634	34.6657
7	22	-1643.1272	-1632.8732	-1633.2608	10.254	0.3876
7	23	-1921.6815	-1906.5859	-1954.4639	15.0956	47.878
7	24	-815.81184	-821.27333	-842.93738	-5.46149	21.66405
7	25	-2385.4563	-2366.3614	-2379.1956	19.0949	12.8342
7	26	-1693.253	-1647.151	-1676.0874	46.102	28.9364
7	27	-862.21524	-859.99238	-859.88251	2.22286	-0.10987
7	28	-1104.3111	-1097.5921	-1116.3084	6.719	18.7163
7	29	-889.4575	-882.41823	-895.25139	7.03927	12.83316
7	30	-3734.9539	-3739.1395	-3813.3115	-4.1856	74.172
7	31	-2641.0082	-2637.1006	-2671.5322	3.9076	34.4316
7	32	-886.50973	-883.50987	-898.01603	2.99986	14.50616
7	33	-1052.7721	-1048.8578	-1064.2325	3.9143	15.3747
7	34	-3470.0535	-3466.5207	-3511.3966	3.5328	44.8759
7	35	-644.97295	-639.97921	-643.21014	4.99374	3.23093
7	36	-1889.0153	-1879.0472	-1950.5525	9.9681	71.5053
7	37	-831.96216	-819.20431	-838.43911	12.75785	19.2348
7	38	-1028.2246	-1014.9271	-1038.3246	13.2975	23.3975
7	39	-2537.7717	-2478.4547	-2648.9113	59.317	170.4566
7	40	-3297.0599	-3294.6254	-3408.8307	2.4345	114.2053
7	41	-918.17297	-906.85914	-920.50122	11.31383	13.64208
7	42	-1431.6175	-1431.1996	-1451.4923	0.4179	20.2927
7	43	-1135.8957	-1132.2226	-1140.6549	3.6731	8.4323
7	44	-612.46669	-607.48424	-629.02783	4.98245	21.54359
7	45	-1242.6991	-1238.2678	-1250.7096	4.4313	12.4418
7	46	-745.01784	-744.54399	-765.81438	0.47385	21.27039
7	47	-804.1169	-799.19988	-817.40193	4.91702	18.20205
7	48	-984.72481	-981.24175	-993.94805	3.48306	12.7063
7	49	-4832.41	-4837.3165	-4912.437	-4.9065	75.1205
7	50	-3801.2083	-3794.5874	-3874.2667	6.6209	79.6793
7	51	-1018.1038	-995.5345	-1023.4388	22.5693	27.9043
7	52	-814.68201	-808.55042	-819.16205	6.13159	10.61163
7	53	-1625.9722	-1617.4933	-1624.9911	8.4789	7.4978
7	54	-1553.718	-1550.9604	-1563.3029	2.7576	12.3425
7	55	-1139.72	-1128.8021	-1139.2893	10.9179	10.4872
7	56	-1361.7343	-1356.9553	-1369.2802	4.779	12.3249
7	57	-901.62882	-894.1983	-911.87928	7.43052	17.68098
7	58	-1009.4462	-999.57677	-1014.4791	9.86943	14.90233
7	59	-579.15608	-565.32439	-593.68178	13.83169	28.35739
8	0	-1893.1786	-1882.6573	-1900.1156	10.5213	17.4583
8	1	-1135.4289	-1124.2665	-1134.4347	11.1624	10.1682
8	2	-784.82986	-780.4852	-793.66395	4.34466	13.17875
8	3	-814.1736	-812.53677	-824.3724	1.63683	11.83563
8	4	-606.65308	-596.19794	-615.31104	10.45514	19.1131
8	5	-906.46032	-907.29384	-921.97177	-0.83352	14.67793
8	6	-606.31019	-603.28281	-623.11893	3.02738	19.83612
8	7	-3385.4682	-3389.4866	-3498.3827	-4.0184	108.8961
8	8	-2244.7463	-2258.3749	-2345.5784	-13.6286	87.2035
8	9	-1219.6743	-1185.4128	-1213.4123	34.2615	27.9995
8	10	-623.43895	-620.28161	-634.36964	3.15734	14.08803
8	11	-879.72928	-874.22447	-891.79997	5.50481	17.5755
8	12	-1349.12	-1327.2286	-1341.6785	21.8914	14.4499
8	13	-1274.7672	-1254.3329	-1263.0375	20.4343	8.7046
8	14	-1465.2736	-1465.9564	-1508.9308	-0.6828	42.9744
8	15	-977.78846	-979.72533	-1067.2949	-1.93687	87.56957
8	16	-1222.1223	-1208.0315	-1267.0499	14.0908	59.0184
8	17	-1787.7294	-1785.9467	-1825.9815	1.7827	40.0348
8	18	-2093.1536	-2095.5039	-2099.967	-2.3503	4.4631
8	19	-4577.7119	-4536.307	-4655.1427	41.4049	118.8357
8	20	-1404.1862	-1403.7932	-1415.969	0.393	12.1758
8	21	-966.32552	-957.32935	-971.90839	8.99617	14.57904
8	22	-1547.6735	-1544.7513	-1567.0775	2.9222	22.3262
8	23	-1100.7142	-1089.0203	-1103.0711	11.6939	14.0508
8	24	-1872.867	-1829.0638	-1881.2969	43.8032	52.2331
8	25	-1514.9661	-1523.496	-1532.7261	-8.5299	9.2301
8	26	-3175.657	-3175.0714	-3277.0721	0.5856	102.0007
8	27	-996.75717	-989.85078	-1003.2573	6.90639	13.40652
8	28	-1026.4478	-1019.0826	-1028.5722	7.3652	9.4896
8	29	-758.47162	-751.2535	-771.93789	7.21812	20.68439
8	30	-2650.8706	-2651.9563	-2749.7234	-1.0857	97.7671
8	31	-1560.942	-1556.0943	-1570.6344	4.8477	14.5401
8	32	-738.42232	-733.39826	-743.39222	5.02406	9.99396
8	33	-1964.4903	-1939.7628	-1953.4211	24.7275	13.6583
8	34	-2384.3321	-2355.0544	-2377.3429	29.2777	22.2885
8	35	-812.4476	-805.58928	-818.4241	6.85832	12.83482
8	36	-711.68772	-706.01467	-715.20394	5.67305	9.18927
8	37	-2506.8332	-2516.8524	-2604.91	-10.0192	88.0576
8	38	-2232.7585	-2232.8121	-2247.9631	-0.0536	15.151
8	39	-1976.0537	-1976.7637	-1988.9147	-0.71	12.151
8	40	-2176.2908	-2177.0362	-2188.1678	-0.7454	11.1316
8	41	-1464.7153	-1465.4121	-1494.021	-0.6968	28.6089
8	42	-717.97792	-707.18825	-716.39395	10.78967	9.2057
8	43	-875.92096	-867.23505	-892.36426	8.68591	25.12921
9	0	-1255.5152	-1268.2114	-1291.7792	-12.6962	23.5678
9	1	-1124.7883	-1110.8707	-1115.1991	13.9176	4.3284
9	2	-2307.0132	-2232.2129	-2282.0804	74.8003	49.8675
9	3	-1479.43	-1470.5085	-1466.9955	8.9215	-3.513
9	4	-1306.4078	-1303.1309	-1328.691	3.2769	25.5601
9	5	-1084.0431	-1081.8647	-1085.4983	2.1784	3.6336
9	6	-644.49666	-629.33284	-638.84901	15.16382	9.51617
9	7	-1509.0758	-1488.9258	-1516.2454	20.15	27.3196
9	8	-974.49035	-966.8849	-983.6935	7.60545	16.8086
9	9	-2331.7453	-2335.1288	-2495.2614	-3.3835	160.1326
9	10	-2499.9196	-2498.0885	-2508.877	1.8311	10.7885
9	11	-1667.7747	-1679.6571	-1762.2902	-11.8824	82.6331
9	12	-1796.7639	-1790.3853	-1865.2808	6.3786	74.8955
9	13	-923.42467	-921.58174	-934.86566	1.84293	13.28392
9	14	-2048.5297	-2036.1853	-2134.4294	12.3444	98.2441
9	15	-695.72024	-689.63669	-712.06262	6.08355	22.42593
9	16	-1001.2509	-994.98036	-1006.1041	6.27054	11.12374
9	17	-1120.6833	-1116.0992	-1130.6293	4.5841	14.5301
9	18	-713.20051	-700.50165	-720.72043	12.69886	20.21878
9	19	-1360.9971	-1346.4643	-1370.8549	14.5328	24.3906
9	20	-932.56842	-916.85971	-934.13327	15.70871	17.27356
9	21	-1501.3416	-1477.1033	-1493.389	24.2383	16.2857
9	22	-2435.1056	-2412.8974	-2425.9573	22.2082	13.0599
9	23	-1225.7626	-1182.2036	-1247.0661	43.559	64.8625
9	24	-1561.3939	-1553.3175	-1567.253	8.0764	13.9355
9	25	-1139.4548	-1136.5628	-1145.9786	2.892	9.4158
9	26	-1207.6992	-1207.4259	-1217.9024	0.2733	10.4765
9	27	-1021.3662	-1021.4383	-1029.7047	-0.0721	8.2664
9	28	-606.95607	-602.48575	-615.30485	4.47032	12.8191
9	29	-1985.3934	-1979.6582	-2006.034	5.7352	26.3758
9	30	-646.85231	-639.48716	-661.97158	7.36515	22.48442
9	31	-660.83638	-657.01351	-671.07095	3.82287	14.05744
9	32	-1173.4649	-1168.1646	-1176.5229	5.3003	8.3583
9	33	-1077.926	-1073.0738	-1091.6193	4.8522	18.5455
9	34	-1480.5958	-1463.1308	-1486.66	17.465	23.5292
9	35	-1086.9114	-1069.4203	-1102.8206	17.4911	33.4003
9	36	-2572.36	-2556.1405	-2655.9939	16.2195	99.8534
9	37	-2390.1914	-2399.1013	-2415.4446	-8.9099	16.3433
9	38	-1872.0581	-1853.685	-1947.1328	18.3731	93.4478
9	39	-742.41739	-734.97229	-747.69179	7.4451	12.7195
9	40	-2853.9602	-2856.5348	-2997.0225	-2.5746	140.4877
9	41	-917.16925	-899.20987	-914.06396	17.95938	14.85409
9	42	-582.48577	-575.19724	-593.89706	7.28853	18.69982
9	43	-851.56012	-845.58873	-858.5948	5.97139	13.00607
9	44	-1867.0958	-1856.4246	-1873.299	10.6712	16.8744
9	45	-1095.6988	-1097.7864	-1110.8662	-2.0876	13.0798
9	46	-1505.0839	-1493.2411	-1491.6184	11.8428	-1.6227
9	47	-1668.3742	-1639.1417	-1659.3906	29.2325	20.2489
9	48	-1224.8832	-1236.296	-1241.0453	-11.4128	4.7493
9	49	-1906.2581	-1906.3425	-1953.2548	-0.0844	46.9123
9	50	-2064.5119	-2048.917	-2058.7638	15.5949	9.8468
9	51	-1752.3014	-1744.0979	-1757.4438	8.2035	13.3459
9	52	-1148.4945	-1150.6252	-1156.4786	-2.1307	5.8534
9	53	-849.2513	-843.88923	-859.15915	5.36207	15.26992
9	54	-784.89635	-787.5679	-801.44958	-2.67155	13.88168
9	55	-787.15214	-784.85105	-794.45472	2.30109	9.60367
9	56	-1483.6347	-1468.1235	-1493.965	15.5112	25.8415
9	57	-911.90269	-908.09732	-916.28184	3.80537	8.18452
9	58	-1401.1552	-1399.0776	-1420.4463	2.0776	21.3687
9	59	-1203.0612	-1203.0388	-1211.5687	0.0224	8.5299
9	60	-856.14063	-844.1752	-863.33785	11.96543	19.16265
9	61	-541.0371	-534.18879	-550.96497	6.84831	16.77618
9	62	-1149.0573	-1146.021	-1167.519	3.0363	21.498
9	63	-740.2059	-743.76199	-760.01449	-3.55609	16.2525
9	64	-942.43817	-933.43138	-942.91189	9.00679	9.48051
9	65	-969.97526	-972.55753	-973.34846	-2.58227	0.79093
9	66	-1019.4777	-1016.147	-1022.8609	3.3307	6.7139
9	67	-1364.1017	-1361.4286	-1376.5409	2.6731	15.1123
9	68	-2276.0455	-2271.9605	-2336.4005	4.085	64.44
9	69	-1201.7379	-1200.0459	-1245.3317	1.692	45.2858
9	70	-2189.8385	-2190.2469	-2257.1618	-0.4084	66.9149
9	71	-2639.2007	-2637.0818	-2750.13	2.1189	113.0482
9	72	-2046.9918	-2053.5533	-2110.8261	-6.5615	57.2728
9	73	-954.9941	-951.80442	-1013.2359	3.18968	61.43148
10	0	-772.87044	-770.9118	-781.38174	1.95864	10.46994
10	1	-933.07726	-914.44472	-933.50003	18.63254	19.05531
10	2	-1017.5963	-1001.1618	-1017.4495	16.4345	16.2877
10	3	-1250.2095	-1242.0555	-1256.1617	8.154	14.1062
10	4	-1727.5501	-1726.2777	-1748.7382	1.2724	22.4605
10	5	-2369.6835	-2363.8619	-2391.1533	5.8216	27.2914
10	6	-759.89894	-731.80269	-751.50325	28.09625	19.70056
10	7	-1040.9291	-1038.8228	-1052.3818	2.1063	13.559
10	8	-947.09652	-934.90022	-945.67065	12.1963	10.77043
10	9	-562.874	-560.71179	-595.47464	2.16221	34.76285
10	10	-953.64008	-943.30316	-953.73982	10.33692	10.43666
10	11	-861.65362	-857.87709	-866.30789	3.77653	8.4308
10	12	-1105.4156	-1098.2583	-1119.7875	7.1573	21.5292
10	13	-1381.4518	-1369.3011	-1407.3879	12.1507	38.0868
10	14	-1169.6669	-1163.9182	-1174.4984	5.7487	10.5802
10	15	-1145.3885	-1138.0836	-1155.6864	7.3049	17.6028
10	16	-1264.5571	-1253.4391	-1293.2148	11.118	39.7757
10	17	-1235.8797	-1222.8121	-1250.9701	13.0676	28.158
10	18	-545.5639	-532.97192	-541.43063	12.59198	8.45871
10	19	-1003.4005	-992.29393	-1014.1844	11.10657	21.89047
10	20	-1039.9106	-1027.3305	-1037.192	12.5801	9.8615
10	21	-1062.4378	-1055.7685	-1069.5595	6.6693	13.791
10	22	-1349.8318	-1356.5427	-1359.4403	-6.7109	2.8976
10	23	-771.35685	-771.1065	-779.17106	0.25035	8.06456
10	24	-849.12364	-835.8575	-849.71359	13.26614	13.85609
10	25	-1879.0286	-1878.245	-1890.9709	0.7836	12.7259
10	26	-721.84678	-720.48355	-731.362	1.36323	10.87845
10	27	-1799.5328	-1785.3904	-1820.6576	14.1424	35.2672
10	28	-892.37537	-888.60168	-901.96283	3.77369	13.36115
10	29	-1585.5173	-1585.6437	-1619.9797	-0.1264	34.336
10	30	-1074.1123	-1055.573	-1064.6572	18.5393	9.0842
10	31	-1479.999	-1448.5878	-1456.8797	31.4112	8.2919
10	32	-961.55688	-942.25289	-957.80732	19.30399	15.55443
10	33	-1858.7165	-1845.572	-1865.2895	13.1445	19.7175
10	34	-3489.2572	-3449.3253	-3532.9521	39.9319	83.6268
10	35	-2467.0937	-2438.1219	-2542.7698	28.9718	104.6479
10	36	-2295.0372	-2297.5396	-2454.5007	-2.5024	156.9611
10	37	-1598.0179	-1585.6878	-1732.1038	12.3301	146.416
10	38	-1091.478	-1079.8982	-1133.4763	11.5798	53.5781
10	39	-3089.7482	-3083.999	-3154.4527	5.7492	70.4537
10	40	-737.49225	-732.40079	-761.05347	5.09146	28.65268
10	41	-1100.8871	-1092.1924	-1106.5669	8.6947	14.3745
10	42	-3473.3659	-3473.0311	-3516.9523	0.3348	43.9212
10	43	-1928.9734	-1925.2913	-2003.0994	3.6821	77.8081
10	44	-881.25701	-880.29802	-887.57442	0.95899	7.2764
10	45	-846.90696	-837.54552	-851.78925	9.36144	14.24373
10	46	-957.59868	-954.92635	-961.80353	2.67233	6.87718
10	47	-1540.499	-1520.3454	-1536.0027	20.1536	15.6573
10	48	-2118.8639	-2066.3377	-2129.9693	52.5262	63.6316
10	49	-766.53821	-765.18298	-814.31749	1.35523	49.13451
10	50	-823.13568	-817.85889	-832.29644	5.27679	14.43755
10	51	-2540.1666	-2521.7904	-2548.8326	18.3762	27.0422
10	52	-977.53954	-974.16347	-994.6762	3.37607	20.51273
10	53	-799.1402	-782.40005	-818.28909	16.74015	35.88904
10	54	-3337.6636	-3314.8784	-3538.2154	22.7852	223.337
10	55	-1557.7346	-1558.8862	-1574.7255	-1.1516	15.8393
10	56	-868.12529	-867.22657	-878.60521	0.89872	11.37864
10	57	-875.90451	-853.55494	-875.02728	22.34957	21.47234
10	58	-931.97297	-929.90393	-936.05926	2.06904	6.15533
10	59	-900.66217	-900.41177	-918.72091	0.2504	18.30914
10	60	-2006.8393	-1971.7556	-2048.5014	35.0837	76.7458
10	61	-2360.3453	-2356.1748	-2385.9232	4.1705	29.7484
10	62	-3803.7071	-3809.3353	-3872.375	-5.6282	63.0397
10	63	-1291.3267	-1286.2796	-1325.7174	5.0471	39.4378
10	64	-1252.7405	-1240.0761	-1297.1622	12.6644	57.0861
10	65	-2653.3667	-2648.4393	-2672.9	4.9274	24.4607
10	66	-691.45424	-695.17946	-709.19257	-3.72522	14.01311
10	67	-1020.4832	-1013.4928	-1071.4449	6.9904	57.9521
10	68	-1268.2249	-1266.3401	-1284.172	1.8848	17.8319
10	69	-1454.3856	-1443.3913	-1479.3473	10.9943	35.956
10	70	-1368.2426	-1361.1981	-1375.775	7.0445	14.5769
11	0	-627.90254	-616.76828	-634.66043	11.13426	17.89215
11	1	-1442.6852	-1414.3216	-1440.6647	28.3636	26.3431
11	2	-1850.5727	-1854.2785	-1880.2312	-3.7058	25.9527
11	3	-866.88213	-859.96033	-874.96419	6.9218	15.00386
11	4	-3779.2501	-3794.5651	-4033.9658	-15.315	239.4007
11	5	-1982.5218	-1966.0845	-1992.4734	16.4373	26.3889
11	6	-1009.5618	-1023.5554	-1029.8853	-13.9936	6.3299
11	7	-1331.247	-1330.9373	-1334.7135	0.3097	3.7762
11	8	-1875.4293	-1831.055	-1848.9028	44.3743	17.8478
11	9	-785.78416	-775.6538	-792.95684	10.13036	17.30304
11	10	-2114.3061	-2112.5041	-2129.0131	1.802	16.509
11	11	-2394.6003	-2394.9891	-2404.0058	-0.3888	9.0167
11	12	-1450.5278	-1449.2211	-1461.0487	1.3067	11.8276
11	13	-1717.067	-1704.984	-1750.9813	12.083	45.9973
11	14	-2151.5782	-2143.5966	-2170.1679	7.9816	26.5713
11	15	-1042.3595	-1045.6284	-1057.7782	-3.2689	12.1498
11	16	-810.18063	-804.37861	-820.44013	5.80202	16.06152
11	17	-1432.7154	-1433.0322	-1435.22	-0.3168	2.1878
11	18	-1117.0223	-1112.4454	-1115.5586	4.5769	3.1132
11	19	-1834.0289	-1822.3808	-1849.4431	11.6481	27.0623
11	20	-1712.3479	-1710.6	-1725.8819	1.7479	15.2819
11	21	-1313.6633	-1311.6299	-1326.1784	2.0334	14.5485
11	22	-882.73166	-881.66323	-894.2423	1.06843	12.57907
11	23	-1464.6086	-1462.7259	-1465.6053	1.8827	2.8794
11	24	-965.36771	-965.92723	-973.09038	-0.55952	7.16315
11	25	-1319.5553	-1311.8837	-1319.9742	7.6716	8.0905
11	26	-1964.5503	-1962.634	-1977.0559	1.9163	14.4219
11	27	-1655.9005	-1650.2613	-1669.5411	5.6392	19.2798
11	28	-1139.9948	-1136.886	-1149.1511	3.1088	12.2651
11	29	-965.42013	-964.70962	-979.98423	0.71051	15.27461
11	30	-950.52651	-946.632	-958.79854	3.89451	12.16654
11	31	-669.95584	-671.57407	-680.91261	-1.61823	9.33854
11	32	-1665.1787	-1648.7149	-1665.8345	16.4638	17.1196
11	33	-1143.6286	-1136.7101	-1149.3732	6.9185	12.6631
11	34	-1198.5411	-1186.84	-1207.7064	11.7011	20.8664
11	35	-1784.2541	-1772.7429	-1784.3433	11.5112	11.6004
11	36	-1286.8442	-1289.3481	-1365.3097	-2.5039	75.9616
11	37	-960.88825	-954.55013	-971.61538	6.33812	17.06525
11	38	-1588.1417	-1594.581	-1588.9911	-6.4393	-5.5899
11	39	-848.89818	-846.6231	-883.89366	2.27508	37.27056
11	40	-1336.4013	-1338.1532	-1425.2666	-1.7519	87.1134
11	41	-1867.5575	-1843.0459	-1940.0351	24.5116	96.9892
11	42	-1234.2231	-1231.5183	-1256.3252	2.7048	24.8069
11	43	-889.91497	-889.4413	-891.44926	0.47367	2.00796
11	44	-1074.0535	-1078.1695	-1171.793	-4.116	93.6235
11	45	-1502.5468	-1490.133	-1494.4303	12.4138	4.2973
11	46	-1216.31	-1212.6382	-1240.0394	3.6718	27.4012
11	47	-885.30932	-879.8144	-885.78408	5.49492	5.96968
11	48	-907.99534	-895.65799	-918.65435	12.33735	22.99636
11	49	-863.49311	-854.94939	-868.12511	8.54372	13.17572
11	50	-826.06253	-825.67193	-835.8478	0.3906	10.17587
11	51	-1091.726	-1076.2083	-1099.7434	15.5177	23.5351
11	52	-1120.0775	-1113.7373	-1144.7809	6.3402	31.0436
11	53	-1874.4958	-1861.5022	-1902.3793	12.9936	40.8771
11	54	-1925.4905	-1912.0028	-1946.3633	13.4877	34.3605
11	55	-1429.3074	-1425.1613	-1432.3169	4.1461	7.1556
11	56	-1067.5987	-1062.1988	-1073.9527	5.3999	11.7539
12	0	-1051.5701	-1047.6006	-1062.6486	3.9695	15.048
12	1	-2051.2059	-2042.4234	-2053.2549	8.7825	10.8315
12	2	-798.83841	-799.21981	-805.61241	-0.3814	6.3926
12	3	-651.30403	-646.59633	-656.51232	4.7077	9.91599
12	4	-682.51652	-648.00974	-665.75114	34.50678	17.7414
12	5	-1625.6708	-1619.661	-1649.3859	6.0098	29.7249
12	6	-853.46489	-847.33223	-861.03284	6.13266	13.70061
12	7	-653.53028	-653.21807	-666.63298	0.31221	13.41491
12	8	-1105.0622	-1103.5751	-1114.9977	1.4871	11.4226
12	9	-977.32087	-975.29484	-984.70227	2.02603	9.40743
12	10	-1515.4768	-1515.142	-1527.5447	0.3348	12.4027
12	11	-1132.8098	-1131.7593	-1141.7118	1.0505	9.9525
12	12	-674.59989	-670.0676	-689.52727	4.53229	19.45967
12	13	-978.5092	-974.23402	-984.12179	4.27518	9.88777
12	14	-1872.7033	-1877.09	-1906.6304	-4.3867	29.5404
12	15	-622.01685	-621.0122	-634.21375	1.00465	13.20155
12	16	-922.9783	-924.21568	-928.9609	-1.23738	4.74522
12	17	-2569.1408	-2566.9834	-2576.4602	2.1574	9.4768
12	18	-735.39406	-724.92332	-737.96894	10.47074	13.04562
12	19	-906.52872	-902.07572	-912.50554	4.453	10.42982
12	20	-1199.442	-1198.1296	-1200.9259	1.3124	2.7963
12	21	-1404.9694	-1394.3206	-1409.1809	10.6488	14.8603
12	22	-2889.8419	-2888.7959	-2934.4267	1.046	45.6308
12	23	-846.53897	-843.97644	-867.2528	2.56253	23.27636
12	24	-2136.4085	-2138.5997	-2180.9434	-2.1912	42.3437
12	25	-839.0981	-832.59996	-900.5234	6.49814	67.92344
12	26	-652.82176	-647.34225	-668.9678	5.47951	21.62555
12	27	-906.84948	-904.3496	-917.73475	2.49988	13.38515
12	28	-772.97077	-787.5295	-803.91953	-14.55873	16.39003
12	29	-988.67806	-969.08687	-987.39313	19.59119	18.30626
13	0	-991.28836	-986.34483	-990.29965	4.94353	3.95482
13	1	-962.85374	-962.64283	-965.47636	0.21091	2.83353
13	2	-1096.7372	-1097.8757	-1106.3583	-1.1385	8.4826
13	3	-748.44478	-747.13527	-757.59103	1.30951	10.45576
13	4	-1765.58	-1758.1304	-1787.5123	7.4496	29.3819
13	5	-1138.0987	-1131.4815	-1143.7645	6.6172	12.283
13	6	-1734.0908	-1719.4093	-1740.1003	14.6815	20.691
13	7	-1842.2669	-1839.3532	-1847.6247	2.9137	8.2715
13	8	-872.60427	-864.36875	-884.07246	8.23552	19.70371
13	9	-689.53939	-682.91177	-703.20163	6.62762	20.28986
13	10	-945.87988	-936.77009	-950.97546	9.10979	14.20537
13	11	-760.8496	-749.94971	-769.61653	10.89989	19.66682
13	12	-719.32177	-715.92702	-731.7037	3.39475	15.77668
13	13	-1196.9579	-1187.6407	-1202.0422	9.3172	14.4015
13	14	-1709.0516	-1689.0285	-1707.7158	20.0231	18.6873
13	15	-1001.1657	-993.59545	-1004.7746	7.57025	11.17915
13	16	-1548.177	-1532.6372	-1558.0116	15.5398	25.3744
13	17	-3248.3926	-3245.0322	-3301.2043	3.3604	56.1721
13	18	-1867.1904	-1864.6761	-1908.8861	2.5143	44.21
13	19	-1528.7573	-1528.052	-1535.9314	0.7053	7.8794
13	20	-1968.4897	-1971.2888	-1989.174	-2.7991	17.8852
13	21	-1557.9038	-1546.6761	-1563.4865	11.2277	16.8104
13	22	-2560.8051	-2551.1169	-2592.2458	9.6882	41.1289
13	23	-2386.633	-2371.2648	-2388.2574	15.3682	16.9926
13	24	-1050.7181	-1051.1002	-1077.7865	-0.3821	26.6863
13	25	-931.0789	-933.18922	-944.45268	-2.11032	11.26346
13	26	-1961.5007	-1959.2667	-2123.3505	2.234	164.0838
13	27	-3200.6426	-3181.9869	-3310.7808	18.6557	128.7939
13	28	-3054.0703	-3017.8936	-3074.4637	36.1767	56.5701
13	29	-1519.8109	-1500.2715	-1602.9124	19.5394	102.6409
13	30	-1379.0618	-1376.3697	-1393.9388	2.6921	17.5691
13	31	-1557.8953	-1534.0666	-1548.6746	23.8287	14.608
13	32	-1084.5003	-1078.1866	-1092.6868	6.3137	14.5002
13	33	-3871.2107	-3883.8981	-4148.3956	-12.6874	264.4975
13	34	-1774.9607	-1773.3116	-1795.9654	1.6491	22.6538
13	35	-1225.4581	-1221.2938	-1229.9929	4.1643	8.6991
13	36	-889.16439	-885.11854	-895.63868	4.04585	10.52014
13	37	-2867.9859	-2861.9671	-2874.9971	6.0188	13.03
13	38	-698.78477	-691.87663	-707.21156	6.90814	15.33493
13	39	-1114.7096	-1110.3343	-1127.5425	4.3753	17.2082
13	40	-1258.9925	-1248.8773	-1267.0979	10.1152	18.2206
13	41	-2965.0165	-2966.86	-2976.307	-1.8435	9.447
13	42	-1083.9079	-1076.0562	-1086.411	7.8517	10.3548
13	43	-1082.9265	-1078.8614	-1090.7336	4.0651	11.8722
13	44	-1236.708	-1219.6673	-1252.8648	17.0407	33.1975
13	45	-3110.183	-3086.7931	-3088.9992	23.3899	2.2061
13	46	-761.27383	-754.78753	-772.17732	6.4863	17.38979
13	47	-848.03543	-839.87466	-856.06717	8.16077	16.19251
13	48	-830.22953	-827.98984	-863.23791	2.23969	35.24807
14	0	-695.88516	-692.85244	-703.39476	3.03272	10.54232
14	1	-889.7311	-873.21529	-891.43288	16.51581	18.21759
14	2	-1666.4476	-1649.8049	-1666.5123	16.6427	16.7074
14	3	-3368.8106	-3354.3325	-3381.0302	14.4781	26.6977
14	4	-1139.7765	-1141.1345	-1140.1392	-1.358	-0.9953
14	5	-3827.7282	-3793.1215	-3774.8273	34.6067	-18.2942
14	6	-1864.6481	-1872.7006	-1889.4999	-8.0525	16.7993
14	7	-5519.6601	-5516.0154	-5580.0424	3.6447	64.027
14	8	-692.60504	-677.18578	-692.07582	15.41926	14.89004
14	9	-1013.7749	-1012.4482	-1022.8609	1.3267	10.4127
14	10	-1514.4819	-1515.1612	-1589.6962	-0.6793	74.535
14	11	-2153.9664	-2130.3301	-2164.656	23.6363	34.3259
14	12	-1063.8202	-1056.009	-1066.5885	7.8112	10.5795
14	13	-3012.3098	-3006.204	-3087.1391	6.1058	80.9351
14	14	-742.50938	-734.48062	-745.06383	8.02876	10.58321
14	15	-920.77904	-915.40137	-927.74015	5.37767	12.33878
14	16	-2390.8093	-2393.5835	-2423.4318	-2.7742	29.8483
14	17	-1161.7014	-1162.4187	-1173.2765	-0.7173	10.8578
14	18	-3620.637	-3619.9901	-3678.0673	0.6469	58.0772
14	19	-1769.0707	-1763.2354	-1776.1461	5.8353	12.9107
14	20	-1554.0405	-1552.0581	-1563.7991	1.9824	11.741
14	21	-901.25222	-908.32354	-919.3847	-7.07132	11.06116
14	22	-1150.0134	-1143.6882	-1158.6722	6.3252	14.984
14	23	-826.91538	-824.79772	-841.98795	2.11766	17.19023
14	24	-3903.2	-3907.6805	-3948.0352	-4.4805	40.3547
14	25	-1354.9908	-1343.6495	-1383.0194	11.3413	39.3699
14	26	-1089.4117	-1084.558	-1100.7292	4.8537	16.1712
14	27	-789.39469	-784.85395	-796.30355	4.54074	11.4496
14	28	-1010.5745	-1003.9743	-1020.6651	6.6002	16.6908
14	29	-1703.6661	-1695.249	-1696.8308	8.4171	1.5818
14	30	-546.14143	-546.14028	-559.28471	0.00115	13.14443
14	31	-1117.4555	-1127.9855	-1142.433	-10.53	14.4475
14	32	-819.97004	-812.86438	-827.70056	7.10566	14.83618
14	33	-899.41529	-892.90921	-912.68886	6.50608	19.77965
14	34	-958.18136	-938.7949	-955.96462	19.38646	17.16972
14	35	-885.80864	-892.50115	-896.82207	-6.69251	4.32092
14	36	-649.57316	-644.36096	-666.20705	5.2122	21.84609
14	37	-891.46889	-887.04449	-902.88499	4.4244	15.8405
14	38	-1104.7042	-1110.6628	-1120.2721	-5.9586	9.6093
14	39	-1372.2472	-1359.3788	-1378.9087	12.8684	19.5299
14	40	-784.38275	-773.97472	-785.38848	10.40803	11.41376
14	41	-2311.8292	-2301.2121	-2315.8431	10.6171	14.631
14	42	-1413.3877	-1415.8064	-1409.4452	-2.4187	-6.3612
14	43	-797.11891	-788.36204	-809.79701	8.75687	21.43497
14	44	-1891.3571	-1873.8066	-1849.1065	17.5505	-24.7001
14	45	-1161.2449	-1160.324	-1173.3021	0.9209	12.9781
14	46	-1914.4349	-1903.3359	-1912.4639	11.099	9.128
14	47	-1026.557	-1018.5869	-1029.1215	7.9701	10.5346
14	48	-2373.5331	-2378.2157	-2403.9658	-4.6826	25.7501
15	0	-1047.0218	-1040.593	-1057.4887	6.4288	16.8957
15	1	-2063.2714	-2054.1602	-2063.5779	9.1112	9.4177
15	2	-1493.0328	-1484.5846	-1528.9411	8.4482	44.3565
15	3	-4000.2624	-3995.2332	-4064.5482	5.0292	69.315
15	4	-991.97245	-988.0712	-1009.5526	3.90125	21.4814
15	5	-1120.5356	-1116.8878	-1130.9212	3.6478	14.0334
15	6	-898.2787	-893.69281	-900.92785	4.58589	7.23504
15	7	-1534.137	-1516.02	-1544.4704	18.117	28.4504
15	8	-2213.8067	-2200.2524	-2238.9515	13.5543	38.6991
15	9	-2849.5741	-2825.5957	-2925.937	23.9784	100.3413
15	10	-3212.4096	-3203.1066	-3240.1327	9.303	37.0261
15	11	-775.79924	-774.26241	-788.89399	1.53683	14.63158
15	12	-2460.5745	-2458.768	-2526.5863	1.8065	67.8183
15	13	-2597.918	-2597.9042	-2637.1029	0.0138	39.1987
15	14	-2159.8558	-2165.7666	-2280.8205	-5.9108	115.0539
15	15	-3697.7148	-3706.5604	-3800.1766	-8.8456	93.6162
15	16	-4943.3195	-4931.4088	-5017.1792	11.9107	85.7704
15	17	-957.25647	-954.58185	-966.01858	2.67462	11.43673
15	18	-747.53968	-742.99621	-759.75761	4.54347	16.7614
15	19	-2345.2809	-2328.3634	-2346.5586	16.9175	18.1952
15	20	-1117.6046	-1112.9056	-1122.7113	4.699	9.8057
15	21	-929.97838	-920.93924	-934.30757	9.03914	13.36833
15	22	-1802.2239	-1778.0373	-1788.9115	24.1866	10.8742
15	23	-2205.5714	-2199.6677	-2218.2376	5.9037	18.5699
15	24	-1066.584	-1061.9926	-1079.6482	4.5914	17.6556
15	25	-1056.3918	-1048.6538	-1062.4981	7.738	13.8443
15	26	-3895.5089	-3885.1894	-3887.0323	10.3195	1.8429
15	27	-905.39228	-895.01189	-916.43872	10.38039	21.42683
15	28	-1275.1756	-1271.588	-1277.823	3.5876	6.235
15	29	-1590.32	-1591.722	-1635.0627	-1.402	43.3407
15	30	-1283.4595	-1280.2938	-1289.5331	3.1657	9.2393
15	31	-769.83108	-767.27591	-780.15104	2.55517	12.87513
15	32	-2186.4245	-2178.7692	-2219.4528	7.6553	40.6836
15	33	-1344.5284	-1342.4055	-1361.038	2.1229	18.6325
15	34	-1712.8046	-1705.9494	-1722.806	6.8552	16.8566
15	35	-1239.4517	-1245.8671	-1297.6522	-6.4154	51.7851
15	36	-775.23565	-775.07933	-784.9298	0.15632	9.85047
15	37	-1203.0235	-1202.6533	-1221.0656	0.3702	18.4123
15	38	-773.09876	-769.21755	-779.09091	3.88121	9.87336
15	39	-1782.2767	-1788.0655	-1829.8902	-5.7888	41.8247
15	40	-1484.7802	-1466.8788	-1512.6762	17.9014	45.7974
15	41	-1770.5126	-1775.4209	-1826.5711	-4.9083	51.1502
15	42	-1258.2868	-1250.3682	-1267.7806	7.9186	17.4124
15	43	-2449.9839	-2429.0618	-2439.4161	20.9221	10.3543
16	0	-1731.5425	-1724.3991	-1735.8977	7.1434	11.4986
16	1	-2049.2242	-2043.1977	-2059.1528	6.0265	15.9551
16	2	-1593.7972	-1587.5004	-1614.253	6.2968	26.7526
16	3	-1704.3318	-1700.0032	-1746.6535	4.3286	46.6503
16	4	-1358.2638	-1352.5445	-1358.7334	5.7193	6.1889
16	5	-1547.6618	-1548.1116	-1558.3536	-0.4498	10.242
16	6	-1151.1139	-1143.4869	-1158.8661	7.627	15.3792
16	7	-879.0619	-882.59205	-887.06635	-3.53015	4.4743
16	8	-798.01117	-793.98304	-802.97991	4.02813	8.99687
16	9	-2440.8065	-2418.6623	-2442.2306	22.1442	23.5683
16	10	-705.22611	-703.60022	-726.50203	1.62589	22.90181
16	11	-2987.2626	-2985.0891	-2986.9055	2.1735	1.8164
16	12	-637.03861	-625.07328	-661.45156	11.96533	36.37828
16	13	-1440.773	-1436.1732	-1489.572	4.5998	53.3988
16	14	-1583.3248	-1582.5642	-1593.9959	0.7606	11.4317
16	15	-1279.0108	-1279.8155	-1292.2088	-0.8047	12.3933
16	16	-2616.0652	-2613.0982	-2650.1743	2.967	37.0761
16	17	-829.49975	-829.07995	-833.65918	0.4198	4.57923
16	18	-921.96821	-901.57704	-910.04732	20.39117	8.47028
16	19	-835.20873	-834.90183	-840.92649	0.3069	6.02466
16	20	-1470.1211	-1468.0785	-1493.8711	2.0426	25.7926
16	21	-3187.4335	-3177.2303	-3195.5526	10.2032	18.3223
16	22	-1256.0858	-1252.2364	-1282.4989	3.8494	30.2625
16	23	-758.71108	-750.07742	-767.165	8.63366	17.08758
16	24	-1170.5787	-1162.2864	-1176.6666	8.2923	14.3802
16	25	-1301.8223	-1272.8036	-1317.2401	29.0187	44.4365
16	26	-753.87784	-746.01903	-799.60802	7.85881	53.58899
16	27	-1076.1945	-1056.7778	-1068.8809	19.4167	12.1031
16	28	-1025.629	-1016.5607	-1051.3779	9.0683	34.8172
16	29	-1584.6785	-1578.9041	-1599.0289	5.7744	20.1248
16	30	-2170.7945	-2147.8009	-2156.1903	22.9936	8.3894
16	31	-812.20316	-814.71147	-827.01093	-2.50831	12.29946
16	32	-1305.3915	-1289.2348	-1295.5069	16.1567	6.2721
16	33	-833.90828	-830.64311	-843.74002	3.26517	13.09691
16	34	-838.21323	-832.52304	-844.26697	5.69019	11.74393
16	35	-1071.2134	-1075.6367	-1090.706	-4.4233	15.0693
16	36	-957.51207	-954.15964	-960.37665	3.35243	6.21701
16	37	-850.47825	-841.86151	-850.53694	8.61674	8.67543
16	38	-833.83639	-829.89967	-844.07567	3.93672	14.176
16	39	-1588.2184	-1589.7853	-1642.1619	-1.5669	52.3766
16	40	-1691.7257	-1695.3444	-1701.6509	-3.6187	6.3065
16	41	-1176.2539	-1166.1471	-1208.0744	10.1068	41.9273
16	42	-1764.4752	-1753.3202	-1766.0321	11.155	12.7119
16	43	-1005.867	-994.17418	-997.73175	11.69282	3.55757
17	0	-2868.6576	-2868.835	-2912.177	-0.1774	43.342
17	1	-2020.1504	-1999.624	-2011.5764	20.5264	11.9524
17	2	-785.92611	-782.57131	-792.39853	3.3548	9.82722
17	3	-2098.2003	-2083.2194	-2134.5293	14.9809	51.3099
17	4	-1046.2418	-1049.3067	-1070.3452	-3.0649	21.0385
17	5	-885.55586	-891.64917	-910.38198	-6.09331	18.73281
17	6	-1311.0514	-1307.9511	-1314.8395	3.1003	6.8884
17	7	-784.24606	-780.79277	-792.97423	3.45329	12.18146
17	8	-1044.0072	-1045.1125	-1055.207	-1.1053	10.0945
17	9	-1040.794	-1035.5764	-1062.7572	5.2176	27.1808
17	10	-933.19385	-920.34307	-941.16139	12.85078	20.81832
17	11	-628.35358	-615.18162	-640.47769	13.17196	25.29607
17	12	-843.44459	-841.83949	-849.38342	1.6051	7.54393
17	13	-1083.3763	-1080.9207	-1095.5797	2.4556	14.659
17	14	-1176.1429	-1171.007	-1186.3708	5.1359	15.3638
17	15	-1194.0252	-1186.5177	-1204.9053	7.5075	18.3876
17	16	-832.32761	-828.64343	-839.68848	3.68418	11.04505
17	17	-1256.6133	-1257.1244	-1301.6088	-0.5111	44.4844
17	18	-1276.2816	-1266.0854	-1284.0352	10.1962	17.9498
17	19	-1054.7286	-1049.8575	-1059.4716	4.8711	9.6141
17	20	-2006.4039	-2009.6061	-2045.8867	-3.2022	36.2806
17	21	-1161.2674	-1157.8491	-1218.5513	3.4183	60.7022
17	22	-984.39689	-974.94557	-990.16518	9.45132	15.21961
17	23	-936.43627	-925.97694	-947.87573	10.45933	21.89879
17	24	-921.25167	-916.49708	-985.14029	4.75459	68.64321
17	25	-1775.0315	-1782.0873	-1789.9055	-7.0558	7.8182
17	26	-965.51809	-959.97086	-974.31767	5.54723	14.34681
17	27	-2708.4111	-2629.1015	-2663.1088	79.3096	34.0073
17	28	-1249.5245	-1244.5927	-1261.4683	4.9318	16.8756
17	29	-1851.1466	-1838.5966	-1858.1936	12.55	19.597
17	30	-1646.6382	-1649.443	-1657.4733	-2.8048	8.0303
17	31	-1426.2469	-1412.7036	-1440.0786	13.5433	27.375
17	32	-821.62598	-818.83603	-836.06999	2.78995	17.23396
17	33	-1386.3543	-1386.3509	-1405.2387	0.0034	18.8878
17	34	-567.6662	-563.71549	-595.19024	3.95071	31.47475
17	35	-1116.5952	-1110.2496	-1125.6287	6.3456	15.3791
17	36	-1110.4963	-1107.8822	-1133.5209	2.6141	25.6387
17	37	-989.78248	-990.72142	-1003.784	-0.93894	13.06258
17	38	-2686.6765	-2686.9878	-2737.3791	-0.3113	50.3913
17	39	-1861.4878	-1836.6812	-1861.9169	24.8066	25.2357
17	40	-1660.7219	-1671.1446	-1701.4135	-10.4227	30.2689
17	41	-1845.5927	-1834.0925	-1856.0847	11.5002	21.9922
17	42	-1004.3687	-999.54194	-1010.6933	4.82676	11.15136
17	43	-1329.4173	-1317.4768	-1332.93	11.9405	15.4532
17	44	-2205.4325	-2208.6971	-2269.1111	-3.2646	60.414
17	45	-4123.3672	-4100.7668	-4140.7734	22.6004	40.0066
17	46	-735.14902	-730.37752	-743.20713	4.7715	12.82961
17	47	-1267.0128	-1264.0651	-1268.3815	2.9477	4.3164
17	48	-705.33412	-692.86078	-711.00178	12.47334	18.141
17	49	-853.98169	-850.11096	-863.50684	3.87073	13.39588
17	50	-1621.309	-1627.8192	-1705.0371	-6.5102	77.2179
17	51	-799.85091	-790.4413	-808.56465	9.40961	18.12335
17	52	-570.17509	-562.76359	-610.9081	7.4115	48.14451
17	53	-587.60979	-572.95002	-586.34146	14.65977	13.39144
17	54	-672.63817	-665.29621	-674.15109	7.34196	8.85488
18	0	0	0	0	0	0
18	1	-860.06183	-852.14175	-865.09419	7.92008	12.95244
18	2	-2269.6263	-2261.9331	-2284.6848	7.6932	22.7517
18	3	-2014.1757	-1996.6121	-2021.2219	17.5636	24.6098
18	4	-1076.6809	-1076.3495	-1093.7294	0.3314	17.3799
18	5	-3525.2699	-3494.1567	-3592.3353	31.1132	98.1786
18	6	-783.95683	-778.03276	-788.00541	5.92407	9.97265
18	7	-1365.6028	-1355.7143	-1396.3215	9.8885	40.6072
18	8	-768.32581	-765.33149	-780.54676	2.99432	15.21527
18	9	-1149.3654	-1148.3779	-1157.6255	0.9875	9.2476
18	10	-2234.5528	-2240.3505	-2279.8841	-5.7977	39.5336
18	11	-1511.1249	-1511.9397	-1556.7176	-0.8148	44.7779
18	12	-1105.6659	-1101.4639	-1134.2518	4.202	32.7879
18	13	-1290.5326	-1275.5462	-1315.8939	14.9864	40.3477
18	14	-1657.0212	-1620.7513	-1655.4813	36.2699	34.73
18	15	-2080.283	-2065.058	-2112.9746	15.225	47.9166
18	16	-2307.8987	-2284.8999	-2297.2274	22.9988	12.3275
18	17	-1421.1829	-1371.1302	-1429.5349	50.0527	58.4047
18	18	-1046.5403	-1039.8039	-1053.8246	6.7364	14.0207
18	19	-2253.8649	-2249.1659	-2293.8334	4.699	44.6675
18	20	-531.42558	-528.65201	-552.13336	2.77357	23.48135
18	21	-1960.2468	-1932.4425	-1968.2109	27.8043	35.7684
18	22	-1473.795	-1471.0219	-1490.4125	2.7731	19.3906
18	23	-1344.7803	-1345.0586	-1350.5703	-0.2783	5.5117
18	24	-1291.2095	-1288.5183	-1373.1831	2.6912	84.6648
18	25	-3672.8064	-3665.9281	-3754.297	6.8783	88.3689
18	26	-1453.1694	-1450.0177	-1467.7943	3.1517	17.7766
18	27	-1587.237	-1585.8216	-1637.9739	1.4154	52.1523
18	28	-872.36369	-873.19561	-886.089	-0.83192	12.89339
18	29	-2472.7668	-2469.5519	-2514.7037	3.2149	45.1518
18	30	-1633.7039	-1632.7126	-1654.351	0.9913	21.6384
18	31	-2852.6864	-2844.9501	-2953.5938	7.7363	108.6437
18	32	-2529.7589	-2513.0769	-2526.8041	16.682	13.7272
18	33	-817.60904	-809.46567	-818.66011	8.14337	9.19444
18	34	-1178.9341	-1180.2842	-1218.3894	-1.3501	38.1052
18	35	-1779.2538	-1777.6054	-1821.1593	1.6484	43.5539
18	36	-2567.5113	-2557.2758	-2610.7292	10.2355	53.4534
18	37	-838.59195	-829.81179	-858.86044	8.78016	29.04865
18	38	-1046.625	-1046.317	-1059.9614	0.308	13.6444
18	39	-1982.3599	-1984.0312	-1995.6776	-1.6713	11.6464
19	0	-833.15129	-832.61726	-843.31738	0.53403	10.70012
19	1	-586.40525	-588.70921	-605.48816	-2.30396	16.77895
19	2	-835.9406	-835.4585	-845.59064	0.4821	10.13214
19	3	-1265.5929	-1261.7441	-1275.3593	3.8488	13.6152
19	4	-2807.0514	-2803.8922	-2945.0281	3.1592	141.1359
19	5	-1114.3202	-1108.1986	-1125.8627	6.1216	17.6641
19	6	-1376.635	-1365.4545	-1370.5003	11.1805	5.0458
20	0	-1274.6028	-1267.9584	-1287.3738	6.6444	19.4154
20	1	-1324.6764	-1325.3265	-1335.4299	-0.6501	10.1034
20	2	-991.59576	-992.78888	-1013.3298	-1.19312	20.54092
20	3	-1171.9182	-1164.6085	-1165.5098	7.3097	0.9013
20	4	-905.40357	-903.27924	-916.46139	2.12433	13.18215
20	5	-915.12823	-920.01996	-929.79936	-4.89173	9.7794
20	6	-1684.9783	-1689.9608	-1701.2579	-4.9825	11.2971
20	7	-660.85706	-651.25803	-667.83005	9.59903	16.57202
20	8	-996.35096	-1006.1249	-1020.4513	-9.77394	14.3264
20	9	-506.8293	-502.34201	-526.15438	4.48729	23.81237
20	10	-1227.8609	-1224.7013	-1232.7665	3.1596	8.0652
20	11	-1728.5716	-1720.937	-1743.4825	7.6346	22.5455
20	12	-2013.8415	-2005.0729	-2040.2103	8.7686	35.1374
20	13	-1068.764	-1067.6837	-1074.2349	1.0803	6.5512
20	14	-1466.1286	-1460.9788	-1477.1101	5.1498	16.1313
20	15	-902.53458	-875.49628	-892.9399	27.0383	17.44362
20	16	-830.3465	-828.62682	-834.73338	1.71968	6.10656
20	17	-410.02761	-406.92243	-420.29318	3.10518	13.37075
20	18	-1215.0371	-1215.6112	-1231.0846	-0.5741	15.4734
20	19	-3746.53	-3744.3258	-3821.0129	2.2042	76.6871
21	0	-1228.6892	-1231.0337	-1242.9262	-2.3445	11.8925
21	1	-923.08423	-912.58449	-928.63907	10.49974	16.05458
21	2	-502.02537	-490.38856	-503.87759	11.63681	13.48903
21	3	-1013.4528	-1040.6166	-1050.8505	-27.1638	10.2339
21	4	-1999.7117	-2006.2215	-2015.732	-6.5098	9.5105
21	5	-892.13923	-889.28442	-887.73984	2.85481	-1.54458
21	6	-989.99182	-987.48376	-998.06411	2.50806	10.58035
21	7	-2401.9329	-2412.483	-2417.2997	-10.5501	4.8167
21	8	-1027.941	-1023.5027	-1038.4432	4.4383	14.9405
21	9	-1423.9566	-1423.9044	-1429.9954	0.0522	6.091
21	10	-1174.9139	-1173.2106	-1181.6013	1.7033	8.3907
21	11	-756.35819	-756.777	-763.3566	-0.41881	6.5796
21	12	-819.0079	-813.19754	-829.58306	5.81036	16.38552
