No.	ID	loglik_Null_W	loglik_Acc_W	loglik_Full_W	logBF1	logBF2
0	0	-692.91224	-694.95422	-691.7048	-2.0419773	-3.2494132
1	1	-475.83434	-477.48008	-476.0001	-1.645743	-1.4799817
2	2	-424.77048	-424.50469	-422.38044	0.26578845	-2.1242499
3	3	-518.02582	-521.24845	-521.10513	-3.22263	-0.14332018
4	4	-339.85537	-338.35046	-341.25425	1.5049016	2.903787
5	5	-436.31144	-435.70439	-433.79345	0.60704356	-1.9109468
6	6	-310.00289	-309.40516	-309.06668	0.59772888	-0.33848125
7	7	-290.68548	-292.15291	-291.29545	-1.4674268	-0.8574611
8	8	-636.39698	-634.92826	-630.88148	1.4687197	-4.0467773
9	9	-313.95541	-312.71614	-314.15543	1.2392687	1.4392912
10	10	-433.00783	-433.19558	-436.78427	-0.18774365	3.588692
11	11	-361.4242	-362.48608	-364.26414	-1.0618791	1.7780622
12	12	-394.31932	-394.76608	-396.86683	-0.44676056	2.1007441
13	13	-338.71372	-339.22686	-339.55708	-0.51313825	0.33022806
14	14	-211.67594	-212.43344	-218.14871	-0.75749976	5.7152728
15	15	-361.34869	-362.58142	-364.72383	-1.2327274	2.1424099
16	16	-356.18483	-358.08804	-359.02579	-1.903211	0.93775083
17	17	-281.94512	-280.89158	-281.93051	1.0535381	1.0389243
18	18	-255.00898	-256.15439	-257.50714	-1.1454093	1.3527506
19	19	-502.09065	-501.9836	-498.37379	0.10704985	-3.6098137
20	20	-364.09413	-362.30141	-361.32023	1.7927149	-0.98118097
21	21	-352.83366	-351.25973	-355.39101	1.5739282	4.1312858
22	22	-433.60181	-431.86924	-433.94391	1.7325665	2.0746678
23	23	-495.03584	-494.57141	-497.66207	0.46443395	3.0906608
24	24	-514.54199	-517.67138	-508.7841	-3.1293901	-8.8872753
25	25	-299.81037	-300.19752	-305.12034	-0.38715258	4.9228148
26	26	-363.95007	-365.28076	-366.48052	-1.3306915	1.1997682
27	27	-440.75697	-440.66533	-438.18793	0.091636376	-2.4773961
28	28	-489.64089	-489.61932	-490.67678	0.021568415	1.0574606
29	29	-413.71109	-411.46501	-416.57594	2.2460801	5.110932
30	30	-450.16636	-450.57872	-448.88093	-0.41235864	-1.6977851
31	31	-383.58268	-387.87058	-390.55994	-4.2879012	2.6893513
32	32	-526.89186	-526.94559	-526.53804	-0.053731655	-0.40754533
33	33	-343.55092	-345.05175	-344.0777	-1.5008263	-0.9740542
34	34	-398.77482	-402.05286	-402.64278	-3.2780343	0.58991887
35	35	-402.67349	-403.83597	-399.85322	-1.1624805	-3.9827519
36	36	-453.30393	-445.6315	-444.19004	7.672431	-1.4414527
37	37	-329.06968	-328.16519	-327.99311	0.90449392	-0.17208373
38	38	-283.95282	-285.7163	-287.75073	-1.7634858	2.0344257
39	39	-358.3728	-356.26557	-359.92974	2.1072262	3.6641661
40	40	-515.85228	-516.32989	-517.03459	-0.47760167	0.70470596
41	41	-436.07775	-433.37472	-438.23543	2.7030368	4.8607098
42	42	-410.66075	-412.48348	-411.43228	-1.8227318	-1.0511959
43	43	-764.59265	-762.7854	-763.87342	1.8072547	1.0880272
44	44	-349.13786	-349.45249	-350.36045	-0.31462974	0.90796594
45	45	-520.16449	-520.65281	-516.5917	-0.48831799	-4.0611142
46	46	-311.04406	-308.98341	-317.59944	2.060653	8.6160278
47	47	-529.99722	-526.87731	-522.6519	3.1199104	-4.2254103
48	48	-564.58525	-564.58341	-562.651	0.001847062	-1.9324065
49	49	-300.2934	-300.93415	-301.98711	-0.64075599	1.0529582
50	50	-330.7958	-331.42966	-331.89277	-0.63385826	0.46311161
51	51	-458.25861	-458.4776	-458.05691	-0.21899297	-0.42068922
52	52	-247.95998	-249.89551	-251.17168	-1.935531	1.276177
53	53	-409.89443	-411.5763	-413.59712	-1.6818645	2.0208216
54	54	-445.33165	-446.07411	-447.05393	-0.74245622	0.97981983
55	55	-260.55814	-259.73596	-262.46892	0.8221758	2.7329591
56	56	-346.92089	-347.84839	-350.12128	-0.92750354	2.2728877
57	57	-421.89472	-422.06517	-425.52544	-0.1704474	3.4602691
58	58	-338.65495	-332.57908	-334.98669	6.075875	2.407618
59	59	-463.594	-463.28374	-467.94858	0.31026206	4.6648422
60	60	-479.38811	-477.65637	-474.05644	1.7317436	-3.5999261
61	61	-345.75971	-344.46834	-339.92849	1.2913698	-4.5398572
62	62	-508.33933	-508.56844	-506.56955	-0.22910347	-1.998885
63	63	-599.74007	-599.93869	-602.39449	-0.19861543	2.4557985
64	64	-315.40412	-317.67808	-319.74315	-2.2739606	2.0650643
65	65	-522.87196	-523.66903	-522.4773	-0.79707315	-1.191728
66	66	-392.74564	-393.70866	-392.12725	-0.96302213	-1.5814166
67	67	-453.04849	-453.40145	-454.13446	-0.35295427	0.73300897
68	68	-449.29114	-449.35822	-450.43498	-0.067085006	1.0767625
69	69	-315.67855	-313.97939	-318.52597	1.6991505	4.5465771
70	70	-317.80191	-319.05101	-321.45534	-1.249098	2.4043322
71	71	-333.88436	-334.30146	-336.33905	-0.41709715	2.0375936
72	72	-461.15173	-465.51085	-464.37244	-4.359126	-1.1384114
73	73	-518.99935	-515.41665	-514.76083	3.5826991	-0.65582122
74	74	-561.89433	-562.10444	-560.00118	-0.2101076	-2.1032582
75	75	-341.10044	-342.36923	-343.84773	-1.2687893	1.4784938
76	76	-375.00637	-375.73663	-373.69936	-0.73025982	-2.0372725
77	77	-284.24113	-286.18001	-290.78265	-1.9388812	4.6026409
78	78	-309.27833	-308.69116	-312.39564	0.58717409	3.7044783
79	79	-405.22731	-405.93307	-407.04537	-0.70576503	1.112297
80	80	-280.15339	-282.2268	-284.78134	-2.0734066	2.5545397
81	81	-389.01634	-389.88503	-390.71866	-0.86868435	0.83362783
82	82	-414.65075	-405.18657	-405.96641	9.4641825	0.77984349
83	83	-465.43363	-464.76149	-466.27199	0.67213602	1.5105041
84	84	-448.53824	-447.24541	-450.87616	1.2928246	3.6307436
85	85	-442.02611	-440.23583	-443.35747	1.7902801	3.1216365
86	86	-284.91143	-285.86643	-288.89655	-0.95499792	3.0301248
87	87	-524.37632	-515.2858	-510.6071	9.0905275	-4.6786965
88	88	-212.99212	-212.68212	-220.25421	0.31000428	7.5720868
89	89	-255.04695	-257.45585	-263.1826	-2.4089	5.726745
90	90	-383.10501	-378.14849	-376.22324	4.9565128	-1.9252564
91	91	-400.54439	-401.11337	-399.79909	-0.56897975	-1.3142794
92	92	-397.27016	-388.67496	-404.20082	8.5952009	15.525856
93	93	-587.12328	-587.21584	-584.67375	-0.092560561	-2.5420883
94	94	-279.85998	-281.56588	-282.17542	-1.7058947	0.60954366
95	95	-233.24366	-234.74267	-238.1158	-1.4990083	3.3731243
96	96	-665.19004	-665.18416	-665.24712	0.005882362	0.062959726
97	97	-479.19476	-480.11417	-479.20525	-0.91940933	-0.90891153
98	98	-567.53235	-566.29333	-566.65162	1.2390147	0.35828837
99	99	-431.43314	-427.50002	-430.6375	3.933126	3.1374771
100	100	-386.28131	-385.38302	-385.86235	0.89829496	0.4793291
101	101	-403.6151	-403.33513	-407.05399	0.27996982	3.7188563
102	102	-383.96498	-382.34304	-382.86616	1.6219352	0.52311555
103	103	-541.51091	-542.01707	-541.17534	-0.5061607	-0.84172697
104	104	-366.74781	-369.05713	-367.31403	-2.309327	-1.7430997
105	105	-413.14608	-410.88333	-412.36092	2.2627494	1.4775959
106	106	-520.01821	-519.26229	-522.27782	0.75592541	3.0155334
107	107	-380.95509	-382.95966	-383.82752	-2.0045614	0.86786269
108	108	-311.11609	-309.36333	-312.09579	1.7527547	2.73246
109	109	-412.42509	-407.93638	-411.14712	4.4887138	3.2107461
110	110	-405.01734	-401.44554	-403.99992	3.5718021	2.5543755
111	111	-421.18354	-419.78734	-422.88764	1.3962017	3.1003053
112	112	-536.37049	-534.45107	-533.04599	1.919417	-1.4050795
113	113	-524.09209	-520.64432	-522.90224	3.4477636	2.257914
114	114	-437.50267	-435.08285	-435.87085	2.4198114	0.78799698
115	115	-490.20037	-487.51973	-483.78162	2.6806418	-3.7381104
116	116	-556.90489	-555.36975	-557.42725	1.5351467	2.0574989
117	117	-697.61735	-686.76187	-684.36921	10.855478	-2.3926605
118	118	-383.15529	-383.96568	-386.41638	-0.81039007	2.4507018
119	119	-446.3473	-446.49112	-446.08819	-0.14382419	-0.40293338
120	120	-339.46571	-340.10725	-337.98412	-0.64154298	-2.1231304
121	121	-413.26563	-413.73591	-415.37295	-0.47027858	1.637034
122	122	-388.24575	-386.90327	-391.16244	1.3424795	4.2591754
123	123	-264.74918	-264.03109	-268.58313	0.71808309	4.5520373
124	124	-339.12181	-338.33143	-340.61767	0.79038406	2.2862475
125	125	-296.88	-297.81496	-301.05951	-0.934957	3.2445553
126	126	-319.58946	-321.67851	-317.38812	-2.0890534	-4.2903927
127	127	-407.91174	-410.15362	-409.64139	-2.2418713	-0.51222503
128	128	-366.07358	-379.91782	-376.12392	-13.844239	-3.7938983
129	129	-501.76858	-501.46997	-495.50391	0.29860865	-5.9660589
130	130	-367.4477	-364.27171	-370.63464	3.1759963	6.3629297
131	131	-556.34069	-555.18665	-551.91519	1.1540439	-3.2714524
132	132	-542.74532	-540.20789	-539.72823	2.5374372	-0.47965547
133	133	-302.37504	-302.35705	-304.07067	0.01799206	1.713623
134	134	-368.3127	-372.27846	-372.64047	-3.9657657	0.36201065
135	135	-271.35445	-272.13005	-273.01618	-0.77560251	0.88612409
136	136	-292.09848	-294.00232	-296.19849	-1.9038417	2.1961706
137	137	-372.06285	-373.23523	-369.65267	-1.1723829	-3.5825605
138	138	-431.00674	-432.34595	-430.27869	-1.3392096	-2.0672549
139	139	-339.52305	-339.84266	-342.94695	-0.31960796	3.1042839
140	140	-376.13487	-374.91178	-377.88375	1.2230933	2.9719723
141	141	-446.77565	-447.08507	-446.69721	-0.30941842	-0.38786124
142	142	-597.76947	-598.32527	-598.1239	-0.55579697	-0.20137078
143	143	-341.01762	-340.55816	-342.29669	0.45946093	1.7385265
144	144	-438.16635	-436.3253	-437.80614	1.8410491	1.4808343
145	145	-443.14364	-444.6556	-446.2052	-1.5119629	1.5495956
146	146	-577.51519	-578.08627	-577.23475	-0.57108362	-0.85152246
147	147	-380.43085	-379.70242	-382.02668	0.72843279	2.3242584
148	148	-363.77479	-365.15737	-367.44596	-1.3825819	2.2885842
149	149	-389.13877	-391.48007	-388.62792	-2.3413032	-2.8521553
150	150	-600.01172	-589.90165	-579.82801	10.110068	-10.073639
151	151	-421.93188	-421.07444	-424.30452	0.85744087	3.2300862
152	152	-420.67625	-420.59856	-420.99204	0.077692576	0.39348084
153	153	-389.59366	-389.06362	-394.05229	0.53003919	4.9886766
154	154	-327.59301	-328.77242	-332.34531	-1.1794112	3.5728931
155	155	-415.53037	-417.2329	-417.50768	-1.7025278	0.2747806
156	156	-388.71198	-386.91742	-387.73668	1.7945588	0.81925957
157	157	-430.44546	-428.86553	-432.19247	1.5799312	3.3269373
158	158	-303.89498	-298.30785	-303.55357	5.5871367	5.2457194
159	159	-517.82597	-509.614	-515.34747	8.2119687	5.7334634
160	160	-456.77163	-459.14398	-459.07886	-2.3723492	-0.065115426
161	161	-328.61482	-331.82146	-333.02857	-3.2066441	1.2071013
162	162	-321.54766	-319.06563	-318.79527	2.482027	-0.27036852
163	163	-231.23941	-231.59287	-233.13198	-0.35345989	1.5391085
164	164	-362.08259	-364.31331	-367.67694	-2.2307163	3.3636329
165	165	-406.87488	-408.33136	-409.76253	-1.4564833	1.4311607
166	166	-309.66605	-310.2103	-314.4917	-0.54425559	4.2813998
167	167	-311.97632	-312.26255	-316.09448	-0.28623065	3.8319317
168	168	-546.79945	-542.98535	-546.6246	3.8140973	3.6392466
169	169	-487.04678	-485.60617	-487.72143	1.4406043	2.1152528
170	170	-431.43416	-435.79033	-434.08943	-4.3561635	-1.7008924
171	171	-371.43834	-368.20627	-368.93493	3.2320764	0.72866737
172	172	-258.47612	-257.40918	-260.62813	1.0669334	3.2189491
173	173	-384.76268	-383.9296	-380.44747	0.8330834	-3.4821272
174	174	-416.73785	-418.01313	-418.22471	-1.2752854	0.21157838
175	175	-438.44653	-438.51302	-439.48125	-0.0664957	0.96822815
176	176	-250.02663	-253.18271	-255.23185	-3.1560772	2.0491428
177	177	-284.8706	-286.54761	-290.0453	-1.6770133	3.497688
178	178	-350.51841	-351.84665	-353.09881	-1.3282419	1.2521594
179	179	-351.82583	-349.98431	-353.20047	1.8415173	3.216159
180	180	-419.93575	-421.13814	-420.57515	-1.2023952	-0.56298895
181	181	-243.76096	-245.67468	-247.82387	-1.9137183	2.1491947
182	182	-519.75147	-519.87821	-519.64055	-0.12673487	-0.23765718
183	183	-429.60712	-429.09397	-431.58442	0.51314319	2.4904408
184	184	-486.92642	-486.06834	-487.9871	0.85807895	1.9187573
185	185	-274.94975	-273.8938	-274.06152	1.0559534	0.16772652
186	186	-489.58161	-487.34081	-486.93338	2.2407995	-0.40742951
187	187	-294.72267	-293.6982	-295.27703	1.0244785	1.5788353
188	188	-517.81307	-516.82315	-511.84766	0.98992524	-4.9754928
189	189	-411.33785	-408.48386	-411.67085	2.8539882	3.1869833
190	190	-533.29109	-532.55298	-533.91852	0.73811064	1.365533
191	191	-348.36033	-347.413	-346.67095	0.94732965	-0.74205415
192	192	-617.83312	-616.64657	-616.36616	1.1865594	-0.2804066
193	193	-250.83728	-252.63882	-254.69132	-1.8015416	2.0524985
194	194	-319.98197	-320.65938	-323.68169	-0.67740505	3.0223061
195	195	-350.62141	-349.62365	-356.08368	0.99775634	6.4600264
196	196	-224.95221	-227.19383	-231.37557	-2.2416189	4.1817389
197	197	-454.39704	-450.94941	-457.45313	3.4476338	6.5037177
198	198	-489.0204	-490.06763	-489.64099	-1.0472313	-0.42664264
199	199	-393.94241	-394.33279	-389.36602	-0.39038001	-4.9667735
