No.	ID	loglik_Null_W	loglik_Acc_W	loglik_Full_W	logBF1	logBF2
0	0	-600.92711	-584.87138	-590.20351	16.055732	5.3321342
1	1	-335.69729	-317.0997	-324.29497	18.597591	7.1952727
2	2	-555.11516	-530.69129	-536.8916	24.423874	6.2003153
3	3	-442.91343	-429.46988	-433.21031	13.44355	3.740425
4	4	-575.8782	-567.26923	-571.48549	8.6089766	4.2162673
5	5	-559.72621	-542.28823	-544.41697	17.437972	2.1287313
6	6	-352.73388	-335.26154	-341.32697	17.47234	6.0654323
7	7	-401.15222	-382.31014	-384.46453	18.842088	2.1543937
8	8	-466.45266	-450.56007	-452.97302	15.892585	2.4129473
9	9	-564.21611	-542.43296	-547.11775	21.783146	4.6847911
10	10	-450.01414	-429.2414	-434.7656	20.772747	5.5242029
11	11	-463.78106	-448.63328	-454.81123	15.147777	6.177949
12	12	-378.47806	-363.33941	-366.95904	15.13865	3.619625
13	13	-507.70862	-494.99816	-498.75487	12.710465	3.7567098
14	14	-555.15878	-545.01737	-548.4797	10.141413	3.4623249
15	15	-517.24143	-499.73818	-505.46892	17.503246	5.7307304
16	16	-419.60728	-417.55636	-421.8425	2.0509142	4.2861342
17	17	-432.61049	-428.98073	-430.07849	3.6297612	1.0977633
18	18	-542.2085	-530.94663	-535.21355	11.261867	4.2669191
19	19	-525.96861	-515.28764	-519.90909	10.680972	4.6214521
20	20	-489.68814	-471.39305	-476.25002	18.295093	4.8569766
21	21	-677.05178	-653.38537	-658.59148	23.666417	5.206112
22	22	-490.15345	-469.1057	-475.20646	21.047744	6.1007542
23	23	-401.86331	-383.06959	-389.14743	18.793716	6.077839
24	24	-361.84162	-343.56734	-348.26867	18.274275	4.7013305
25	25	-575.16862	-559.67704	-563.69085	15.491576	4.013801
26	26	-598.32888	-587.14084	-590.42723	11.188037	3.2863862
27	27	-433.06377	-426.95685	-430.79609	6.1069256	3.8392392
28	28	-547.57081	-534.57658	-539.10286	12.994234	4.5262769
29	29	-669.07426	-654.57176	-658.18717	14.502507	3.6154188
30	30	-448.36418	-425.90731	-433.24232	22.456868	7.3350078
31	31	-552.98529	-543.9077	-548.43253	9.0775981	4.5248342
32	32	-563.57287	-545.70179	-550.419	17.871083	4.7172155
33	33	-550.9355	-528.22515	-532.71928	22.710346	4.494132
34	34	-441.30132	-430.84377	-434.43574	10.457546	3.5919643
35	35	-474.92983	-456.62659	-459.82775	18.303242	3.201155
36	36	-550.51409	-540.89199	-545.94698	9.6221037	5.0549862
37	37	-687.67833	-670.69885	-670.9705	16.97948	0.27164868
38	38	-453.02524	-439.44444	-445.08698	13.5808	5.6425355
39	39	-650.23267	-640.4084	-645.35872	9.8242703	4.9503276
40	40	-635.3867	-612.19451	-618.25683	23.192191	6.0623197
41	41	-544.02882	-525.53338	-529.9968	18.495433	4.4634195
42	42	-601.68649	-590.26671	-595.37713	11.419771	5.1104119
43	43	-335.33511	-327.60815	-332.50672	7.7269511	4.8985638
44	44	-658.50111	-641.32599	-645.73165	17.175113	4.4056541
45	45	-445.58127	-431.57724	-437.91374	14.004023	6.3364926
46	46	-393.92932	-377.80362	-383.85894	16.125696	6.0553161
47	47	-475.59351	-467.90876	-473.12466	7.6847507	5.2159007
48	48	-494.63873	-475.5046	-480.81505	19.134131	5.3104518
49	49	-749.13541	-736.16201	-740.16837	12.973397	4.0063602
50	50	-426.63896	-416.71272	-423.00743	9.9262416	6.2947172
51	51	-471.58667	-465.19307	-468.63051	6.3936042	3.4374423
52	52	-554.38218	-543.54915	-546.2742	10.833034	2.7250486
53	53	-615.93231	-597.3388	-599.58945	18.593505	2.2506417
54	54	-480.89237	-472.24064	-476.19788	8.6517225	3.9572361
55	55	-412.12029	-404.57963	-409.60159	7.5406619	5.0219633
56	56	-380.83118	-366.38573	-369.69951	14.445449	3.3137735
57	57	-498.73373	-481.38584	-486.6547	17.347893	5.2688619
58	58	-491.9648	-479.72394	-482.66302	12.240859	2.9390743
59	59	-557.90226	-537.23601	-542.25491	20.666248	5.0189031
60	60	-468.91119	-449.06163	-453.28085	19.849554	4.2192164
61	61	-714.95424	-690.73423	-694.29973	24.220012	3.5654982
62	62	-484.71186	-480.81789	-484.06254	3.8939713	3.2446506
63	63	-474.76197	-468.51092	-470.31255	6.2510457	1.8016215
64	64	-400.3575	-387.02145	-393.98979	13.336057	6.9683458
65	65	-546.16855	-531.78335	-538.73567	14.385192	6.9523172
66	66	-554.74271	-534.51465	-540.36111	20.228061	5.8464557
67	67	-597.88269	-587.24379	-590.73844	10.6389	3.4946479
68	68	-561.61872	-541.64291	-544.8152	19.975809	3.1722875
69	69	-569.40118	-563.12523	-568.23007	6.2759482	5.1048403
70	70	-561.07814	-540.75229	-546.2379	20.325848	5.4856082
71	71	-542.27101	-524.79084	-529.55976	17.480164	4.7689177
72	72	-664.17527	-645.83116	-648.21763	18.344107	2.386469
73	73	-453.96556	-436.77654	-445.66309	17.189018	8.8865419
74	74	-486.175	-461.76282	-468.30626	24.412179	6.543447
75	75	-392.54395	-387.99264	-388.04281	4.551308	0.050170615
76	76	-610.12578	-601.07393	-605.4284	9.0518463	4.3544642
77	77	-573.21819	-567.57202	-571.39032	5.6461703	3.8183006
78	78	-514.85149	-493.11446	-495.24156	21.73703	2.127099
79	79	-632.33394	-609.18353	-607.60117	23.150413	-1.5823616
80	80	-458.35691	-449.25662	-454.62381	9.1002917	5.3671909
81	81	-563.48809	-530.85244	-535.47286	32.635647	4.6204119
82	82	-479.22053	-462.64171	-467.75006	16.578813	5.1083482
83	83	-558.08532	-545.81601	-548.95918	12.269309	3.1431665
84	84	-434.62586	-419.1474	-423.77669	15.478467	4.6292898
85	85	-625.98861	-615.59426	-618.68538	10.39435	3.0911189
86	86	-512.13596	-500.8531	-504.77137	11.282858	3.918272
87	87	-480.60943	-463.004	-468.26284	17.60543	5.258837
88	88	-491.74996	-487.41419	-490.13693	4.3357722	2.7227338
89	89	-547.91089	-540.26134	-543.70877	7.6495467	3.4474252
90	90	-585.05958	-575.7633	-580.85367	9.2962847	5.0903724
91	91	-305.3786	-294.65675	-300.71046	10.721848	6.0537053
92	92	-564.10291	-539.83385	-543.68061	24.269061	3.8467545
93	93	-559.47108	-529.52024	-536.38128	29.950836	6.8610361
94	94	-681.10857	-670.73197	-672.91124	10.376595	2.179263
95	95	-429.07229	-419.69736	-424.09989	9.3749312	4.4025223
96	96	-468.11575	-447.75363	-453.30419	20.362111	5.5505552
97	97	-424.63479	-407.52677	-411.49557	17.108021	3.9687961
98	98	-475.23947	-467.46166	-475.84847	7.7778083	8.3868038
99	99	-438.51352	-427.95602	-432.21038	10.557498	4.2543585
