No.	ID	loglik_Null_W	loglik_Acc_W	loglik_Full_W	logBF1	logBF2	loglik_Max_M0	loglik_Max_M1	loglik_Max_M2
5	0	-540.32109	-511.53521	-517.40141	28.785884	5.8661959	-527.20936	-503.46641	-503.45031
5	1	-373.63265	-353.43387	-358.71075	20.19878	5.2768771	-359.74545	-348.76314	-348.7589
5	2	-451.32909	-451.70816	-453.03242	-0.37907524	1.3242607	-443.58186	-444.63732	-444.15653
5	3	-334.2744	-326.0959	-330.87028	8.1784984	4.774379	-321.39119	-321.32088	-320.1528
5	4	-393.94957	-376.67768	-382.99312	17.271887	6.3154317	-381.53558	-369.44881	-369.46437
5	5	-415.33516	-403.93742	-409.91666	11.39774	5.9792355	-403.23977	-394.73864	-394.72664
5	6	-383.82937	-363.47977	-369.33346	20.349592	5.8536897	-370.81327	-357.44544	-357.44529
5	7	-550.31726	-521.00024	-525.64624	29.317018	4.6460028	-537.67655	-513.3101	-513.81971
5	8	-530.21889	-501.69617	-507.476	28.522721	5.7798308	-517.53342	-492.15333	-491.15333
5	9	-555.30813	-506.7242	-512.217	48.583927	5.4927968	-542.39505	-503.49811	-503.50144
5	10	-564.71064	-539.2014	-544.80978	25.509235	5.6083819	-552.34923	-532.38647	-532.3734
5	11	-453.78343	-434.33909	-439.17637	19.444342	4.8372847	-438.06712	-423.4065	-422.23044
5	12	-387.88367	-375.08664	-373.72944	12.79703	-1.3572073	-372.63582	-366.1764	-359.35702
5	13	-475.21742	-452.18391	-453.63945	23.03351	1.4555335	-462.41278	-446.72074	-442.16789
5	14	-330.73507	-315.20909	-319.21857	15.525985	4.0094823	-317.73252	-311.41593	-309.51881
5	15	-549.53701	-544.23259	-545.6805	5.3044234	1.4479104	-538.62864	-532.25044	-532.30384
5	16	-294.26171	-287.09012	-291.24634	7.1715882	4.1562238	-283.84331	-280.82041	-280.82716
5	17	-435.61795	-425.78637	-430.66111	9.8315796	4.8747399	-427.68825	-416.91224	-415.91458
5	18	-401.34243	-384.14847	-389.15351	17.193955	5.0050417	-388.93815	-378.32181	-376.89848
5	19	-418.09301	-398.18608	-399.91778	19.906933	1.7317012	-405.63574	-394.41716	-389.14406
5	20	-405.49865	-388.21314	-393.01821	17.285507	4.8050707	-392.24078	-383.90392	-383.86283
5	21	-482.35554	-467.75348	-472.72955	14.602063	4.9760735	-467.3627	-459.19431	-459.16034
5	22	-390.0182	-380.87654	-386.08307	9.1416612	5.2065272	-379.64648	-376.55986	-376.57899
5	23	-511.93272	-487.22142	-488.7604	24.711297	1.5389832	-499.3472	-483.3186	-475.97475
5	24	-428.5015	-403.16671	-408.05085	25.33479	4.884136	-415.40752	-399.22634	-399.23312
5	25	-562.04877	-508.09299	-512.77854	53.955771	4.6855451	-549.55133	-501.42925	-499.46303
5	26	-481.59165	-462.14668	-466.82207	19.444963	4.675386	-469.04986	-457.74899	-457.73924
5	27	-429.19949	-417.8983	-421.48808	11.301197	3.5897814	-416.30106	-413.91001	-410.65277
5	28	-405.99874	-391.44466	-396.91434	14.55408	5.4696776	-392.45018	-387.41094	-387.41268
5	29	-495.48951	-472.23688	-474.97397	23.252623	2.7370834	-482.04268	-465.93405	-460.9992
5	30	-583.53383	-568.93809	-574.16004	14.59574	5.2219496	-569.93715	-560.45181	-559.73984
5	31	-435.46322	-435.53214	-437.68857	-0.068916273	2.1564321	-427.62156	-427.86717	-426.8893
5	32	-474.33824	-449.18106	-452.74931	25.157187	3.5682524	-462.56122	-442.20857	-437.43063
5	33	-517.70869	-497.34278	-503.48171	20.365904	6.1389297	-504.50499	-488.86597	-489.22797
5	34	-431.87318	-417.23507	-419.44861	14.638107	2.2135369	-419.73338	-412.70861	-408.30269
5	35	-450.67442	-422.51087	-427.80393	28.163549	5.2930687	-437.50439	-418.67245	-417.09606
5	36	-439.58331	-405.61857	-411.95902	33.964747	6.3404531	-426.42914	-398.7715	-398.77324
5	37	-402.61572	-389.60398	-391.64448	13.011742	2.0405017	-389.17506	-385.05998	-379.13666
5	38	-506.91383	-491.07125	-493.21474	15.842582	2.1434902	-494.34942	-483.90595	-478.06077
5	39	-478.9544	-465.18106	-467.04893	13.773344	1.8678734	-466.21874	-460.99769	-455.10771
5	40	-507.82735	-492.44309	-489.31531	15.38426	-3.1277767	-495.58954	-487.80952	-475.33878
5	41	-493.167	-485.01038	-483.67286	8.1566175	-1.3375224	-479.98744	-470.86157	-465.51279
5	42	-439.74646	-429.37486	-428.01365	10.371591	-1.3612147	-428.33586	-423.27338	-413.16181
5	43	-387.29914	-368.04351	-373.23332	19.255636	5.1898116	-375.17221	-361.54152	-361.77317
5	44	-426.21834	-414.31084	-418.71232	11.907504	4.4014782	-415.17963	-406.26406	-406.22517
5	45	-332.74767	-321.68609	-326.25563	11.061574	4.569539	-321.87513	-315.10007	-315.09522
5	46	-605.49287	-588.11787	-591.85986	17.375003	3.7419957	-593.67049	-577.29694	-577.24195
5	47	-431.99729	-421.03553	-421.31215	10.961758	0.27662401	-418.56868	-416.71949	-408.64846
5	48	-391.341	-381.9122	-386.81954	9.4287985	4.9073384	-380.34292	-376.20111	-376.23563
5	49	-459.02854	-439.62234	-445.29186	19.406201	5.6695234	-448.57455	-431.44844	-431.46198
5	50	-400.53672	-379.90718	-384.8992	20.629543	4.9920222	-387.26303	-376.21614	-376.21691
5	51	-277.01171	-267.9191	-272.27559	9.0926097	4.3564864	-265.90894	-264.31432	-262.22833
5	52	-482.74857	-449.8503	-455.10766	32.898275	5.2573667	-469.44656	-445.85103	-444.743
5	53	-364.58012	-346.79988	-351.93163	17.780234	5.1317434	-351.23865	-342.61127	-342.62116
5	54	-576.36442	-538.68106	-543.66897	37.683358	4.9879014	-562.29862	-528.57402	-527.94892
5	55	-339.67366	-325.03518	-330.27653	14.638479	5.241353	-327.00664	-321.34192	-321.34259
5	56	-384.33395	-368.55313	-373.90425	15.780823	5.3511283	-371.6048	-361.6533	-360.16314
5	57	-443.98977	-417.86766	-423.85871	26.122108	5.9910543	-430.44733	-411.51984	-411.51881
5	58	-473.22764	-449.77531	-455.55204	23.452327	5.7767323	-460.38046	-444.91023	-444.87743
5	59	-399.50622	-386.56978	-391.97394	12.936445	5.4041654	-386.93775	-379.86169	-379.90577
5	60	-456.93697	-431.41266	-436.85247	25.524311	5.4398165	-443.74235	-427.41146	-427.40713
5	61	-615.31267	-605.69036	-601.45899	9.6223101	-4.2313722	-606.72197	-595.73892	-587.39315
5	62	-404.16499	-390.51323	-395.90961	13.651762	5.3963871	-391.46771	-386.52012	-386.51694
5	63	-262.27474	-253.08917	-258.10699	9.185565	5.0178192	-251.05047	-248.87645	-248.87291
5	64	-506.26029	-498.61584	-502.46273	7.6444531	3.8468886	-498.27295	-491.18428	-490.75052
5	65	-346.9461	-336.20795	-340.08798	10.73815	3.880023	-335.24344	-332.04848	-330.321
5	66	-313.99688	-303.65639	-308.77704	10.340497	5.1206545	-301.77429	-299.59933	-299.59674
5	67	-342.11001	-325.06417	-330.10872	17.045842	5.0445577	-329.92845	-321.28564	-321.29055
5	68	-443.77135	-414.7997	-420.10112	28.971649	5.3014235	-431.01473	-411.23453	-411.23508
5	69	-390.49686	-372.11804	-377.05015	18.378822	4.932109	-378.04528	-365.37372	-363.82954
5	70	-433.79762	-417.57482	-422.56555	16.222799	4.9907329	-421.27314	-411.70475	-410.27238
5	71	-547.26624	-503.96941	-510.37092	43.29683	6.4015096	-534.14934	-494.68729	-494.68358
5	72	-404.53905	-392.31578	-395.09584	12.223271	2.7800626	-390.90523	-383.84293	-381.42195
5	73	-467.78772	-448.69645	-453.65957	19.091269	4.96312	-454.1471	-444.42788	-443.37282
5	74	-415.68034	-399.5533	-403.56021	16.127038	4.0069036	-404.8204	-395.05896	-392.99173
5	75	-555.65651	-525.37199	-531.13763	30.284519	5.7656472	-542.8699	-517.49702	-516.42556
5	76	-416.98081	-398.41329	-403.5911	18.567524	5.1778139	-404.98993	-394.95775	-394.96471
5	77	-339.85026	-328.06589	-332.75844	11.784366	4.6925531	-327.597	-321.93997	-321.92784
5	78	-688.20914	-664.61627	-666.53146	23.592869	1.9151877	-677.09144	-653.40882	-654.46507
5	79	-363.855	-346.16292	-351.30038	17.692083	5.1374606	-351.76642	-339.51876	-337.4787
5	80	-319.76982	-305.12332	-309.16147	14.646497	4.0381509	-306.76959	-300.61265	-300.61386
5	81	-463.6916	-427.40867	-429.96697	36.282937	2.558309	-450.63188	-420.2624	-415.63985
5	82	-487.91233	-467.34113	-473.16117	20.571201	5.8200485	-475.28959	-458.72304	-458.72345
5	83	-456.75826	-423.28985	-430.11684	33.468415	6.8269919	-444.21255	-415.31423	-415.31441
5	84	-433.21164	-413.72404	-419.03363	19.487597	5.3095845	-417.54358	-409.42985	-409.41839
5	85	-514.12052	-510.55261	-509.60682	3.567904	-0.94578928	-502.20779	-500.48535	-498.27903
5	86	-394.96951	-384.9332	-389.3417	10.036303	4.4084935	-382.93654	-380.75305	-378.48001
5	87	-329.34377	-311.21455	-316.7834	18.129218	5.568851	-316.3708	-308.01901	-308.02007
5	88	-319.68111	-313.02024	-316.73916	6.6608756	3.7189174	-312.07037	-306.09889	-306.09686
5	89	-374.22204	-370.78446	-369.95424	3.4375801	-0.83022543	-363.79609	-364.56649	-357.71008
5	90	-432.17571	-420.0792	-423.40183	12.096507	3.3226274	-420.14274	-413.70414	-409.01862
5	91	-337.40144	-324.61722	-329.64655	12.784216	5.0293228	-324.86444	-320.44847	-320.45205
5	92	-431.11099	-421.79221	-425.11049	9.3187795	3.3182801	-419.40391	-415.42624	-412.37466
5	93	-417.40774	-413.13917	-415.45239	4.2685751	2.3132201	-405.76355	-405.15345	-404.74369
5	94	-359.54643	-346.75476	-352.55304	12.791675	5.7982856	-348.01425	-338.77432	-338.78297
5	95	-444.17695	-427.34373	-432.78861	16.83322	5.4448785	-431.58701	-420.7912	-419.90856
5	96	-703.76361	-632.44247	-633.14552	71.321137	0.70304712	-692.25391	-627.78608	-620.71561
5	97	-369.02573	-355.38055	-360.94249	13.645175	5.5619384	-356.81031	-351.14322	-351.17263
5	98	-522.03632	-495.31477	-501.11639	26.721553	5.8016244	-509.11278	-486.1332	-485.3325
5	99	-372.4773	-361.04052	-365.26101	11.436786	4.2204923	-360.96067	-356.1862	-355.16716
6	0	-590.21816	-567.51434	-574.04226	22.703816	6.5279204	-578.17376	-559.67133	-559.57185
6	1	-395.86719	-388.5211	-392.46037	7.3460903	3.9392651	-385.51235	-380.64776	-380.54527
6	2	-798.51677	-715.29545	-721.45363	83.22132	6.1581844	-787.03328	-700.88538	-700.88927
6	3	-533.5069	-509.79036	-515.19251	23.716539	5.402152	-522.40266	-499.18482	-499.17831
6	4	-416.37554	-401.02808	-407.56253	15.347463	6.5344469	-405.42372	-392.2811	-392.28585
6	5	-568.31744	-530.55284	-537.48897	37.764603	6.9361252	-557.41349	-525.13407	-525.12855
6	6	-530.53228	-503.20153	-509.2098	27.330753	6.0082756	-519.22236	-497.84003	-497.2752
6	7	-382.37634	-369.37076	-374.38079	13.005586	5.0100287	-371.36482	-357.64644	-357.57933
6	8	-415.91224	-402.09756	-404.93702	13.814681	2.8394679	-403.7809	-394.09262	-389.90392
6	9	-510.68654	-494.70721	-501.29565	15.979327	6.5884335	-499.78395	-485.53512	-485.55082
6	10	-651.24809	-616.92716	-621.49282	34.320928	4.5656623	-639.15071	-607.34955	-607.43698
6	11	-647.50769	-625.28519	-631.63883	22.222495	6.3536391	-635.39241	-616.88877	-617.01034
6	12	-446.65245	-435.8321	-442.44002	10.820348	6.6079138	-434.94209	-425.22374	-425.22112
6	13	-415.77419	-396.01692	-402.52018	19.757277	6.5032615	-405.16218	-391.34372	-391.33011
6	14	-562.43454	-528.44132	-535.93863	33.993213	7.4973037	-548.77855	-519.35106	-519.35157
6	15	-457.99639	-443.98151	-448.4279	14.014878	4.4463865	-446.25131	-437.90367	-436.91419
6	16	-516.27338	-494.85865	-499.47713	21.41473	4.6184832	-504.49686	-486.48866	-486.02543
6	17	-555.26218	-546.08039	-551.62417	9.1817904	5.543783	-543.81358	-534.9947	-535.05525
6	18	-605.45458	-547.45066	-555.32999	58.003919	7.8793315	-594.41902	-542.23115	-542.21356
6	19	-682.85623	-647.49309	-653.32866	35.36314	5.8355662	-671.0536	-637.06598	-637.00801
6	20	-352.43348	-343.61697	-348.96282	8.816511	5.345852	-343.12026	-335.43505	-335.30546
6	21	-604.36703	-584.51975	-588.66829	19.847276	4.1485386	-593.00274	-577.39724	-576.50727
6	22	-626.47563	-591.5788	-598.62901	34.896824	7.050211	-614.73666	-586.26157	-586.21656
6	23	-605.31172	-578.12311	-584.97218	27.188606	6.8490677	-593.88708	-572.10276	-572.09264
6	24	-412.23107	-412.70895	-412.79322	-0.47787725	0.084273206	-408.17109	-404.03876	-401.1517
6	25	-471.05805	-455.73993	-461.95544	15.318125	6.2155101	-459.79829	-444.51393	-444.51347
6	26	-524.74763	-505.37495	-510.44135	19.372674	5.0663944	-513.60918	-495.23775	-495.23459
6	27	-513.89327	-496.17758	-502.85809	17.715694	6.6805173	-502.21145	-488.48049	-488.53704
6	28	-459.87503	-453.12234	-455.33397	6.7526845	2.2116291	-449.53552	-441.354	-441.61927
6	29	-565.34174	-529.48436	-535.66565	35.857378	6.1812936	-553.27006	-523.53476	-523.52627
6	30	-491.8391	-480.24185	-486.45161	11.597251	6.2097527	-480.51721	-472.99033	-472.92192
6	31	-449.35647	-434.60759	-440.53716	14.74888	5.9295759	-437.98756	-427.42953	-427.39399
6	32	-709.7718	-664.50855	-669.88734	45.263257	5.3787967	-696.87692	-656.4709	-653.86828
6	33	-462.13991	-445.82137	-452.36726	16.318536	6.5458811	-450.68262	-440.56579	-440.58478
6	34	-392.50625	-383.1632	-390.35028	9.34305	7.187082	-380.41212	-376.22713	-376.22849
6	35	-716.71099	-655.77149	-662.90373	60.939494	7.1322356	-705.21714	-650.20143	-650.21356
6	36	-679.39563	-657.64146	-658.70472	21.754173	1.0632587	-666.02846	-647.7512	-643.22718
6	37	-684.43266	-662.53982	-665.77189	21.892847	3.2320767	-674.24445	-656.49975	-654.03012
6	38	-387.25926	-375.8166	-380.42557	11.442656	4.6089737	-375.77917	-364.93542	-364.88971
6	39	-660.40908	-612.3472	-620.07965	48.061876	7.7324409	-648.53255	-602.14085	-602.019
6	40	-534.39672	-524.66934	-527.67616	9.7273813	3.0068191	-522.39574	-512.91755	-512.63267
6	41	-539.10467	-512.76042	-519.95693	26.344245	7.1965037	-528.14876	-507.27159	-507.3369
6	42	-551.29336	-537.41032	-542.24491	13.883044	4.8345855	-539.46089	-525.67702	-525.6837
6	43	-622.1239	-594.02648	-601.62145	28.097419	7.5949696	-610.48483	-588.69837	-588.69669
6	44	-547.56639	-533.04892	-539.70799	14.517466	6.6590681	-536.34826	-525.83207	-525.53479
6	45	-435.62994	-423.4093	-426.37503	12.220638	2.9657322	-424.12902	-415.24892	-410.96991
6	46	-589.65932	-569.96875	-575.32112	19.690574	5.3523731	-577.87336	-557.01069	-557.00609
6	47	-460.01357	-450.66067	-455.08498	9.3528985	4.4243123	-448.62737	-442.80873	-442.41792
6	48	-541.25366	-513.47722	-519.18968	27.776444	5.7124676	-529.49545	-503.27461	-503.23837
6	49	-729.39701	-675.37072	-681.28231	54.026284	5.9115926	-716.28536	-663.24713	-663.20326
6	50	-649.21123	-603.89123	-610.36062	45.319999	6.4693866	-637.31332	-598.25281	-598.24717
6	51	-474.06724	-448.89156	-455.43907	25.175683	6.5475178	-462.25232	-439.79025	-439.79364
6	52	-712.31793	-649.98654	-658.17897	62.331385	8.1924321	-701.08359	-641.79266	-641.79654
6	53	-541.06747	-523.98845	-526.80295	17.079014	2.8144972	-529.08272	-516.96635	-514.95769
6	54	-709.9051	-644.16227	-653.10318	65.74283	8.9409095	-698.4665	-635.22064	-635.22151
6	55	-580.02589	-531.42057	-538.69441	48.605316	7.2738368	-569.04224	-527.28432	-527.28539
6	56	-630.89768	-605.59758	-603.14612	25.300103	-2.4514606	-617.85424	-599.33936	-589.82484
6	57	-515.33542	-495.87522	-501.86658	19.460197	5.9913623	-503.28699	-481.93339	-481.93827
6	58	-471.60974	-461.03358	-467.60877	10.576162	6.5751911	-458.79509	-455.06275	-455.33897
6	59	-562.90089	-525.5393	-532.68112	37.361592	7.1418163	-550.96816	-515.75429	-515.75301
6	60	-553.45351	-529.92502	-536.62743	23.528485	6.7024091	-541.84436	-524.34321	-524.34939
6	61	-626.00402	-587.45516	-594.34908	38.548857	6.8939183	-612.42335	-581.94896	-581.94798
6	62	-477.58609	-461.16725	-467.75131	16.418837	6.5840567	-465.79796	-454.60992	-454.55897
6	63	-547.07555	-517.51259	-525.40366	29.562955	7.8910706	-535.01044	-512.32168	-512.31633
6	64	-547.8283	-529.34089	-536.19261	18.487409	6.8517182	-536.4628	-523.63579	-523.67744
6	65	-547.30438	-520.96874	-520.63638	26.335647	-0.3323517	-534.0575	-515.01723	-507.65765
6	66	-494.2046	-468.09641	-474.46274	26.108187	6.3663275	-483.13815	-460.20705	-460.19783
6	67	-472.37861	-453.07817	-460.55183	19.300443	7.4736619	-461.43189	-444.264	-444.27643
6	68	-710.4691	-656.76625	-664.50886	53.702858	7.7426086	-698.14526	-650.89467	-650.88456
6	69	-531.05683	-508.92637	-515.5727	22.130457	6.6463319	-519.64448	-498.37794	-498.38612
6	70	-435.02721	-427.37121	-432.42975	7.6560061	5.0585435	-423.36785	-422.00787	-422.05148
6	71	-556.68201	-525.02693	-532.49616	31.655084	7.4692325	-545.73305	-519.75898	-519.74558
6	72	-443.2743	-427.03921	-434.06171	16.235094	7.0225071	-432.28547	-422.44384	-422.46165
6	73	-650.60985	-617.08052	-624.07814	33.529322	6.997615	-639.54914	-606.92571	-606.93046
6	74	-460.26137	-439.36018	-446.07084	20.901186	6.7106607	-449.19036	-434.27736	-434.27874
6	75	-622.96739	-612.0227	-614.64491	10.944691	2.6222126	-615.09624	-606.04011	-602.88403
6	76	-571.47926	-528.08857	-534.62901	43.390683	6.5404401	-559.80412	-522.3259	-522.30045
6	77	-697.75631	-656.3611	-666.35717	41.395209	9.9960675	-686.73076	-650.56546	-650.27896
6	78	-676.9813	-626.90172	-634.50589	50.07958	7.6041676	-665.31881	-616.21013	-616.1398
6	79	-576.56101	-553.32928	-559.68357	23.23173	6.3542836	-565.13439	-546.64883	-546.77154
6	80	-659.53435	-616.84553	-623.63095	42.688825	6.7854262	-648.0208	-606.84754	-606.84693
6	81	-688.66727	-646.71087	-652.45191	41.956407	5.7410457	-676.18621	-636.99531	-635.31733
6	82	-491.12395	-474.72837	-481.13716	16.395582	6.4087961	-479.35123	-469.19169	-469.11082
6	83	-567.93047	-544.3533	-550.51113	23.577172	6.1578278	-556.31652	-534.80731	-534.80518
6	84	-394.11934	-384.60238	-390.98815	9.5169567	6.385767	-383.56188	-379.68018	-379.61213
6	85	-420.61203	-408.18199	-412.79544	12.430041	4.6134412	-409.84329	-400.48734	-400.5166
6	86	-522.1962	-506.25137	-512.31088	15.944828	6.0595112	-509.7326	-500.94208	-500.93913
6	87	-710.75733	-668.51621	-674.84575	42.241116	6.3295338	-699.36551	-661.68287	-661.80695
6	88	-629.91773	-587.78915	-594.60649	42.128573	6.8173404	-618.44879	-577.29114	-577.29333
6	89	-478.53626	-471.41682	-476.83169	7.1194365	5.4148715	-468.82192	-463.29319	-463.35852
6	90	-703.02944	-647.83959	-655.33967	55.189848	7.5000757	-691.40878	-641.70015	-641.63793
6	91	-497.18712	-486.19962	-492.96674	10.987491	6.767118	-486.04077	-480.71687	-480.71865
6	92	-505.92789	-483.5492	-490.78451	22.378697	7.2353166	-493.7276	-478.22861	-478.23291
6	93	-576.73744	-541.35112	-548.24276	35.386321	6.8916432	-565.46482	-533.81342	-533.81824
6	94	-533.10035	-503.87336	-510.22303	29.22699	6.3496702	-521.53634	-496.93261	-496.9366
6	95	-499.4636	-486.07609	-489.58368	13.387505	3.5075881	-486.09959	-479.68488	-479.6766
6	96	-494.89385	-471.34522	-477.0872	23.548629	5.7419863	-483.93519	-459.51501	-459.49989
6	97	-534.34196	-524.25408	-528.29721	10.087875	4.04313	-522.3919	-516.74817	-516.9245
6	98	-466.82651	-452.63446	-458.96165	14.192051	6.3271937	-455.68965	-443.49149	-443.48925
6	99	-657.29663	-621.51646	-627.60648	35.780169	6.0900182	-643.61406	-610.76928	-610.7651
8	0	-511.78254	-495.48588	-499.76138	16.296662	4.2755047	-501.17151	-488.54515	-486.57383
8	1	-486.84403	-470.27782	-474.84438	16.56621	4.5665686	-474.53791	-463.85925	-458.9073
8	2	-474.29969	-467.65861	-468.52687	6.6410726	0.86825727	-461.86068	-461.83553	-451.69859
8	3	-428.3304	-404.40164	-411.46752	23.928756	7.0658792	-414.48534	-400.08828	-400.09236
8	4	-332.01653	-314.92677	-321.92733	17.089757	7.0005567	-319.2886	-309.27456	-309.2744
8	5	-539.58361	-501.4372	-508.82756	38.146405	7.3903599	-526.24935	-493.22144	-492.86368
8	6	-467.31332	-457.86017	-462.90029	9.4531446	5.0401234	-455.46113	-453.58483	-450.61246
8	7	-443.12714	-417.88649	-424.8421	25.240645	6.9556123	-429.72343	-413.59723	-413.59567
8	8	-435.19788	-416.04313	-423.12839	19.154752	7.0852623	-422.55152	-409.94633	-409.98403
8	9	-437.89701	-413.52974	-420.8685	24.367268	7.3387602	-425.02359	-409.64961	-409.64984
8	10	-385.27151	-370.93014	-377.88856	14.341374	6.9584209	-372.41882	-365.21675	-365.21648
8	11	-559.76285	-536.6067	-539.89141	23.15615	3.2847096	-545.59277	-529.19893	-524.84592
8	12	-344.33114	-330.5989	-337.8241	13.732241	7.2252042	-331.53829	-325.04328	-325.04193
8	13	-506.09704	-495.65224	-495.26764	10.444796	-0.38460317	-493.82689	-485.93235	-481.33174
8	14	-396.86304	-379.12803	-386.36077	17.735004	7.2327399	-384.31896	-373.74316	-373.74267
8	15	-585.06193	-550.61092	-557.49841	34.451006	6.8874802	-572.64344	-544.12961	-543.24762
8	16	-367.94016	-360.81068	-367.19767	7.129486	6.3869937	-356.92669	-355.90348	-355.90729
8	17	-391.25552	-372.71394	-379.41119	18.541587	6.6972552	-378.36633	-368.21731	-368.17947
8	18	-409.81316	-390.83161	-397.63664	18.981556	6.8050365	-397.62263	-385.71116	-385.71961
8	19	-537.39909	-521.63799	-524.92843	15.761102	3.2904424	-524.43977	-510.26397	-508.26826
8	20	-567.20996	-537.75438	-544.37596	29.455578	6.6215726	-554.27532	-530.09553	-530.09424
8	21	-410.17828	-406.94839	-410.93769	3.2298893	3.9893058	-404.26822	-401.1075	-400.84919
8	22	-428.80977	-404.56005	-411.60122	24.249719	7.0411753	-415.84998	-398.88397	-398.88139
8	23	-451.73106	-437.19776	-443.30952	14.533299	6.1117627	-438.75041	-432.25129	-432.22627
8	24	-460.89966	-448.25208	-454.69102	12.647578	6.4389407	-448.0062	-441.85176	-441.85325
8	25	-424.50032	-420.75954	-422.3139	3.7407816	1.5543647	-412.91672	-412.66506	-408.80089
8	26	-355.97195	-346.34379	-352.90009	9.6281665	6.5563013	-343.88763	-341.90243	-341.24946
8	27	-444.44152	-425.79289	-432.8797	18.648632	7.0868069	-431.99352	-419.92308	-419.9352
8	28	-590.62005	-541.66337	-548.10456	48.95668	6.4411941	-577.90016	-533.49506	-533.51023
8	29	-457.86262	-441.54067	-447.52353	16.321949	5.9828562	-444.01279	-436.0479	-436.0469
8	30	-490.6067	-475.99436	-481.92091	14.612337	5.9265523	-478.72908	-470.34215	-470.34118
8	31	-399.71992	-385.5423	-391.79889	14.17762	6.2565917	-386.98449	-380.79671	-379.93079
8	32	-356.5249	-345.7193	-351.49824	10.805601	5.7789422	-346.3726	-340.58851	-340.59371
8	33	-477.52774	-471.09842	-472.85295	6.4293216	1.7545267	-466.01345	-465.26658	-462.63766
8	34	-457.67879	-435.64506	-442.25328	22.033734	6.6082229	-445.72719	-429.54217	-428.40642
8	35	-400.46393	-375.26218	-382.46415	25.201747	7.2019648	-387.61218	-369.57788	-369.46079
8	36	-451.68355	-443.91799	-449.14031	7.765562	5.2223273	-441.10361	-439.19519	-437.01377
8	37	-498.8979	-481.14333	-487.42856	17.754576	6.2852316	-486.12021	-474.89455	-473.54521
8	38	-403.29667	-390.82101	-396.15299	12.475659	5.3319759	-391.08387	-386.53766	-383.72435
8	39	-334.35121	-323.56544	-330.11687	10.785772	6.5514359	-322.02353	-318.6082	-318.63684
8	40	-497.52921	-490.88413	-495.17073	6.6450811	4.2866013	-484.40969	-484.96502	-484.28297
8	41	-510.64359	-476.59396	-483.595	34.049632	7.0010373	-498.20408	-471.87549	-469.84234
8	42	-377.78246	-377.25828	-377.61621	0.52418289	0.35793031	-374.17666	-370.74577	-365.11504
8	43	-500.92884	-480.59324	-486.40391	20.335596	5.8106629	-489.05475	-474.08398	-474.10609
8	44	-463.49286	-451.85023	-456.82894	11.642633	4.9787121	-451.47405	-443.98642	-443.2055
8	45	-514.22848	-486.26276	-493.12962	27.965729	6.8668682	-501.48893	-479.46432	-479.4659
8	46	-395.52576	-377.47963	-384.76501	18.04613	7.2853764	-382.43053	-371.21859	-371.22006
8	47	-398.0732	-385.0189	-390.78674	13.054306	5.7678407	-387.6104	-380.90848	-378.15405
8	48	-448.77692	-440.51119	-446.50034	8.2657253	5.9891497	-434.47549	-432.78834	-432.84801
8	49	-455.25776	-414.02714	-421.90109	41.230626	7.8739573	-442.14231	-406.99574	-406.99555
8	50	-442.55488	-422.06002	-427.77381	20.494853	5.7137843	-430.63623	-416.41132	-414.05818
8	51	-384.50137	-361.97977	-369.21821	22.521601	7.238438	-372.73418	-356.55539	-356.55779
8	52	-477.34529	-453.03624	-460.01646	24.309051	6.9802205	-464.50057	-448.44012	-448.43921
8	53	-363.82416	-352.28176	-355.24309	11.5424	2.9613252	-352.45722	-346.24557	-340.49919
8	54	-538.98811	-529.25007	-530.21241	9.7380409	0.96234397	-524.75621	-516.3489	-514.5325
8	55	-565.84367	-537.05565	-545.12059	28.788011	8.064931	-553.38878	-529.22764	-529.22695
8	56	-620.2353	-617.1824	-618.07787	3.0529047	0.89546951	-612.17622	-607.83205	-606.35298
8	57	-348.18382	-332.94792	-340.2033	15.235901	7.2553789	-336.32834	-325.72151	-325.72286
8	58	-507.82385	-477.51594	-484.39263	30.307917	6.8766939	-494.9117	-471.19384	-469.89419
8	59	-573.7322	-537.23861	-544.41751	36.493592	7.1789013	-561.22921	-528.0026	-527.95909
8	60	-423.82304	-411.73766	-418.48213	12.085377	6.744474	-412.04909	-404.73949	-404.81096
8	61	-365.52847	-340.93343	-347.95378	24.595038	7.0203482	-352.76557	-337.42637	-337.42765
8	62	-403.32879	-394.24406	-397.43592	9.0847352	3.1918594	-391.08486	-389.2852	-387.13073
8	63	-457.48845	-438.6954	-445.36797	18.793046	6.6725639	-444.57394	-434.41793	-434.41737
8	64	-395.64019	-378.89827	-384.14671	16.741921	5.248438	-383.82571	-371.92156	-371.92631
8	65	-428.42178	-416.05368	-422.38496	12.368095	6.3312777	-416.33297	-408.70637	-408.73885
8	66	-369.12485	-353.70472	-361.15895	15.420129	7.454235	-356.89516	-349.15206	-349.15308
8	67	-447.87907	-439.84625	-440.17278	8.0328274	0.32653425	-436.42062	-434.90208	-426.34502
8	68	-481.7162	-465.30833	-471.38926	16.407868	6.0809259	-470.42503	-459.90277	-458.45905
8	69	-350.47196	-345.72479	-351.49048	4.747173	5.7656892	-343.37983	-341.30052	-341.30077
8	70	-387.62374	-378.55449	-383.23015	9.0692534	4.6756591	-375.11195	-371.98515	-367.94882
8	71	-606.62698	-590.68277	-596.33767	15.944206	5.6548946	-596.48837	-581.02045	-580.87366
8	72	-531.80491	-508.67375	-515.84243	23.13116	7.1686731	-517.98727	-501.78267	-501.78176
8	73	-406.93246	-390.6176	-397.80067	16.314858	7.1830677	-394.30784	-386.45107	-386.45641
8	74	-531.94712	-523.67793	-526.01897	8.2691815	2.3410391	-520.47218	-517.17763	-514.43602
8	75	-397.52418	-375.0012	-382.2327	22.522975	7.2314911	-384.5475	-371.03005	-371.02959
8	76	-438.33514	-421.34674	-427.61655	16.988393	6.2698026	-425.11278	-415.32044	-415.00597
8	77	-409.25906	-398.22341	-403.38129	11.035649	5.1578847	-394.29043	-393.33647	-390.58121
8	78	-390.53904	-359.42428	-366.93933	31.114761	7.5150462	-378.33113	-353.12406	-353.12484
8	79	-353.15157	-336.32137	-342.88507	16.830197	6.5637018	-341.68787	-331.91834	-330.97741
8	80	-535.11539	-521.51231	-529.03769	13.603078	7.5253793	-523.11243	-513.15744	-513.14613
8	81	-454.74796	-444.89123	-450.35753	9.8567297	5.4662991	-445.28973	-439.69235	-437.92421
8	82	-463.88447	-448.64962	-455.38646	15.234849	6.7368434	-452.33318	-441.77947	-441.79677
8	83	-407.94626	-381.81738	-390.00224	26.128883	8.1848546	-396.45798	-374.9354	-374.93569
8	84	-515.38916	-498.98139	-499.87484	16.407779	0.8934585	-501.87063	-493.92179	-485.65105
8	85	-371.19385	-361.9936	-368.48352	9.2002495	6.489916	-359.65619	-357.32955	-357.01219
8	86	-492.81182	-464.37771	-471.35138	28.434117	6.9736735	-479.48171	-457.08726	-457.08662
8	87	-417.20444	-394.08005	-401.29786	23.124393	7.2178111	-404.89362	-390.1437	-390.14145
8	88	-379.46807	-368.98085	-374.51601	10.487216	5.5351543	-368.81117	-364.32802	-362.78569
8	89	-450.02391	-428.7685	-434.40913	21.255413	5.6406316	-437.89224	-424.30761	-421.85692
8	90	-406.97885	-398.8374	-404.32321	8.1414528	5.4858148	-395.42844	-393.81091	-393.81108
8	91	-512.20967	-501.68868	-505.03467	10.520988	3.3459899	-497.51365	-495.44075	-490.60919
8	92	-385.39616	-369.34676	-376.48332	16.049402	7.1365592	-374.46682	-365.455	-365.0743
8	93	-414.81109	-386.48326	-392.60061	28.327831	6.1173482	-402.12099	-381.67888	-381.67803
8	94	-504.44554	-472.14555	-480.32927	32.299982	8.1837195	-492.08102	-465.03672	-465.03698
8	95	-588.66688	-557.05325	-564.61286	31.613626	7.5596144	-577.38342	-551.26956	-550.95591
8	96	-467.9362	-446.98442	-454.12231	20.951775	7.1378899	-456.35876	-439.27635	-439.27507
8	97	-327.47136	-318.22526	-323.92959	9.2461011	5.7043341	-314.31486	-313.92713	-313.44294
8	98	-330.17976	-321.05239	-325.49228	9.1273716	4.4398954	-318.90616	-316.17454	-316.02427
8	99	-466.99758	-446.4623	-453.66041	20.535288	7.1981173	-454.168	-439.84889	-438.96073
