No.	ID	loglik_Null	loglik_Acc	loglik_Full	logBF1	logBF2	loglik_Max_M0	loglik_Max_M1	loglik_Max_M2
0	0	-638.54881	-636.83916	-611.60222	1.7096523	-25.236939	-626.40899	-621.71519	-594.69332
1	1	-886.39041	-860.22234	-806.77476	26.168072	-53.447571	-872.62736	-839.46983	-783.65915
2	2	-539.58653	-532.28749	-533.41038	7.29904	1.1228886	-528.50766	-523.42925	-517.5836
3	3	-497.93209	-495.87694	-492.7903	2.0551428	-3.086644	-492.97897	-489.06412	-475.85434
4	4	-382.21865	-376.0514	-377.31215	6.1672445	1.2607514	-374.37655	-367.96185	-367.63507
5	5	-1035.3897	-966.7605	-905.94545	68.629211	-60.815045	-1019.3982	-951.171	-887.24923
6	6	-930.24176	-902.6618	-869.16759	27.579965	-33.494203	-915.01654	-883.89323	-849.49083
7	7	-390.51248	-386.60642	-387.61526	3.9060557	1.0088381	-381.29326	-374.40545	-369.61859
8	8	-653.04538	-640.86763	-627.65972	12.177754	-13.207903	-638.57205	-624.56888	-608.40641
9	9	-914.32953	-879.48884	-828.35124	34.840699	-51.137595	-903.09114	-862.45245	-808.57983
10	10	-562.4843	-542.70374	-539.01719	19.780556	-3.6865544	-547.89142	-528.15903	-517.92122
11	11	-661.94179	-655.29725	-648.34459	6.6445439	-6.9526569	-647.86368	-637.54794	-626.36348
12	12	-701.43911	-702.47256	-680.1275	-1.0334543	-22.345061	-687.3498	-683.51305	-660.25585
13	13	-724.65653	-710.63029	-682.57952	14.026234	-28.05077	-705.80148	-690.66273	-665.13376
14	14	-756.07291	-742.72716	-724.64013	13.345745	-18.087033	-742.22192	-722.57147	-701.76298
15	15	-737.13724	-727.45968	-711.34975	9.6775565	-16.109927	-719.98264	-703.78404	-687.43051
16	16	-380.08564	-379.64309	-378.27681	0.44254483	-1.3662799	-377.68748	-375.01299	-363.35211
17	17	-464.1971	-453.35557	-455.28446	10.841522	1.928887	-454.46023	-443.7899	-441.3756
18	18	-379.29243	-378.07248	-377.87853	1.2199499	-0.19395264	-376.78871	-371.80132	-366.41374
19	19	-511.72226	-510.79592	-498.51141	0.92634036	-12.284509	-496.74656	-493.05866	-477.62587
20	20	-535.28133	-534.7626	-530.57894	0.51872534	-4.1836596	-526.17697	-523.16147	-506.85945
21	21	-344.93009	-342.00094	-343.81912	2.929149	1.8181877	-342.32357	-335.06724	-334.7195
22	22	-427.23003	-423.12324	-423.19834	4.1067919	0.075102375	-419.15168	-410.7202	-398.75076
23	23	-732.48558	-719.17821	-715.11934	13.30737	-4.0588643	-719.69244	-700.87341	-696.85244
24	24	-459.00344	-440.70355	-430.9112	18.299887	-9.7923553	-446.35428	-432.34227	-415.6475
25	25	-951.56539	-918.5336	-912.73506	33.031783	-5.7985428	-936.73027	-899.75985	-890.43744
26	26	-576.75714	-575.96848	-574.79845	0.78866072	-1.1700309	-565.25025	-565.51679	-556.94198
27	27	-756.60216	-754.37557	-736.3799	2.2265955	-17.995669	-744.11016	-734.98366	-710.84822
28	28	-605.88228	-605.19976	-597.51675	0.68252297	-7.6830153	-591.73961	-591.75592	-577.53864
29	29	-355.09974	-355.11329	-354.47722	-0.013545418	-0.63607171	-352.58689	-351.57014	-344.52516
30	30	-832.24547	-810.49162	-765.34101	21.753848	-45.150609	-815.07667	-787.43597	-741.89061
31	31	-639.09677	-606.69622	-603.21102	32.400557	-3.4851929	-625.36828	-594.75015	-586.05145
32	32	-447.54995	-443.21099	-443.83237	4.3389676	0.62137993	-442.86933	-436.52529	-430.81898
33	33	-364.51236	-363.82757	-358.88614	0.68478751	-4.9414368	-361.91045	-358.90501	-347.19296
34	34	-549.96761	-535.38382	-538.04818	14.583787	2.664364	-534.98496	-521.79035	-521.79858
35	35	-639.24172	-639.18194	-616.77277	0.059781051	-22.409171	-625.4587	-625.88568	-600.10205
36	36	-703.52357	-683.54045	-684.8009	19.983121	1.2604478	-686.87465	-666.47162	-661.58506
37	37	-1161.6422	-1112.1293	-1037.0426	49.512853	-75.086762	-1150.2351	-1095.7492	-1017.4484
38	38	-264.73549	-259.20957	-260.37819	5.5259192	1.1686178	-261.25137	-250.50195	-248.50104
39	39	-812.04652	-806.55731	-777.44856	5.4892106	-29.108749	-799.42774	-787.33254	-754.96942
40	40	-875.79129	-871.21874	-848.60908	4.5725506	-22.609662	-863.6801	-851.49032	-823.7135
41	41	-566.91355	-546.43097	-520.42963	20.482585	-26.00134	-553.45823	-531.0338	-503.42375
42	42	-304.35046	-298.35233	-300.06767	5.9981289	1.7153388	-301.60948	-291.08654	-288.69851
43	43	-556.28376	-543.50991	-519.18592	12.773855	-24.323983	-541.01422	-523.42209	-500.46259
44	44	-482.10441	-481.50522	-481.52591	0.59919149	0.020695362	-475.93848	-472.21218	-467.8599
45	45	-764.26087	-744.62235	-725.72894	19.638516	-18.893406	-750.77076	-723.37003	-701.94879
46	46	-444.57154	-443.83793	-442.23257	0.73361797	-1.6053545	-441.97881	-439.05347	-427.32462
47	47	-465.77546	-465.43156	-451.79609	0.34390224	-13.635471	-452.62522	-449.25418	-435.15444
48	48	-611.24761	-601.91376	-586.53488	9.3338473	-15.378878	-597.89476	-589.38649	-571.3893
49	49	-445.09367	-435.13804	-431.82995	9.9556342	-3.3080902	-432.07298	-422.38045	-409.35128
50	50	-542.04518	-539.07839	-523.80155	2.966792	-15.276835	-526.98908	-522.08962	-506.40597
51	51	-369.82325	-364.62364	-365.68403	5.1996151	1.0603865	-367.21249	-359.63882	-358.46673
52	52	-425.98866	-422.09779	-422.21097	3.8908674	0.11317778	-412.99239	-408.61114	-402.83234
53	53	-858.77218	-837.24852	-800.83416	21.523655	-36.414362	-845.08353	-815.8249	-776.71895
54	54	-706.6898	-706.82343	-706.79652	-0.13363465	-0.026910422	-698.02577	-697.02013	-685.68207
55	55	-562.70666	-547.04472	-528.1399	15.661941	-18.904821	-548.46636	-530.00084	-510.76087
56	56	-652.39924	-648.45326	-649.37446	3.9459871	0.92119912	-641.44673	-634.55682	-634.0111
57	57	-429.14524	-416.33155	-417.59239	12.813692	1.2608436	-414.58363	-405.26845	-400.27479
58	58	-438.56647	-438.64502	-440.40732	-0.078551098	1.7623058	-433.15289	-431.96962	-420.17157
59	59	-452.4103	-445.77222	-437.02989	6.6380799	-8.7423346	-438.88965	-434.30133	-420.82482
60	60	-535.50169	-516.07544	-500.93665	19.426246	-15.138791	-519.89007	-499.59059	-486.19432
61	61	-632.50471	-626.71708	-616.65321	5.7876285	-10.06387	-615.30332	-607.76168	-595.87255
62	62	-420.40186	-420.75211	-415.53141	-0.35025818	-5.2207032	-418.04428	-417.10882	-406.29968
63	63	-470.96031	-466.68241	-467.05644	4.2778954	0.37403026	-464.51851	-454.05242	-448.10006
64	64	-400.47228	-396.75499	-393.01211	3.7172906	-3.7428814	-396.12731	-389.3088	-377.06638
65	65	-519.11403	-517.3822	-516.43905	1.7318339	-0.94314462	-498.86946	-495.62376	-494.94359
66	66	-465.37787	-461.467	-462.14464	3.9108689	0.6776341	-457.27395	-450.49484	-445.27471
67	67	-580.55832	-572.77271	-561.94384	7.7856114	-10.828876	-564.12766	-556.42304	-544.41343
68	68	-434.39365	-429.54567	-429.88814	4.8479803	0.34247343	-432.09362	-421.69666	-415.76435
69	69	-361.16507	-358.79701	-359.53742	2.3680582	0.74040493	-356.61003	-351.26924	-347.96513
70	70	-656.04926	-633.38345	-607.33187	22.665807	-26.051575	-639.0545	-614.28508	-591.8452
71	71	-332.38995	-327.66351	-328.9419	4.7264411	1.2783907	-329.72369	-322.44499	-322.4768
72	72	-417.57761	-407.09065	-403.52934	10.486967	-3.5613019	-403.28632	-390.96608	-386.54299
73	73	-1051.8785	-1037.0556	-988.10096	14.822931	-48.95466	-1038.533	-1019.729	-968.60369
74	74	-413.41444	-413.0279	-412.01092	0.3865373	-1.016984	-410.96786	-408.28854	-392.34967
75	75	-1309.9302	-1256.889	-1178.9105	53.04125	-77.978452	-1298.5976	-1236.9022	-1154.1683
76	76	-439.43251	-439.08245	-434.00031	0.35005189	-5.0821403	-437.1788	-434.09628	-420.03921
77	77	-495.42645	-475.54107	-477.96345	19.885382	2.4223824	-480.90485	-466.79839	-466.15161
78	78	-382.87578	-379.41903	-372.47866	3.4567559	-6.9403731	-371.85247	-368.17788	-358.51947
79	79	-342.26485	-335.75766	-329.52213	6.5071859	-6.235531	-333.76328	-329.01064	-314.78254
80	80	-371.43758	-367.58289	-366.79484	3.8546912	-0.78804209	-356.61845	-352.82796	-348.18559
81	81	-677.17837	-659.8567	-649.91269	17.32167	-9.9440092	-661.2391	-644.2573	-632.62848
82	82	-808.73226	-791.46993	-791.74276	17.262331	0.27282541	-794.82789	-773.74345	-773.77891
83	83	-732.94534	-724.85596	-707.86497	8.0893761	-16.990998	-721.54052	-708.52134	-687.43728
84	84	-930.01941	-899.10397	-851.18385	30.915433	-47.920122	-916.36343	-878.99681	-830.37087
85	85	-1091.5977	-1053.7695	-984.57067	37.828154	-69.198849	-1078.6333	-1035.085	-964.83859
86	86	-590.19616	-574.72937	-564.31808	15.466793	-10.411291	-575.57527	-557.53286	-545.44963
87	87	-827.94042	-818.20258	-779.31557	9.7378395	-38.887011	-814.79996	-800.0793	-757.51864
88	88	-478.34915	-467.97885	-467.34277	10.370293	-0.63608685	-464.7517	-454.36755	-448.17837
89	89	-538.0111	-517.79453	-505.90638	20.216566	-11.888151	-521.75713	-501.32961	-487.75371
90	90	-325.45193	-320.42657	-318.78669	5.0253646	-1.6398811	-320.44587	-313.91461	-307.62531
91	91	-477.14734	-473.83785	-460.05266	3.3094916	-13.785188	-468.14452	-460.22242	-442.84397
92	92	-860.54782	-834.93772	-808.08934	25.610106	-26.848373	-846.67188	-816.81913	-786.35229
93	93	-510.68553	-500.40112	-488.8578	10.284409	-11.543321	-496.2642	-485.66121	-472.60319
94	94	-867.42674	-862.378	-791.29975	5.0487333	-71.078254	-849.982	-838.78926	-770.50892
95	95	-360.20229	-358.62805	-356.25754	1.5742445	-2.3705081	-357.56804	-351.02428	-341.65644
96	96	-609.1717	-604.63072	-593.07723	4.5409809	-11.553488	-594.20283	-585.14692	-570.20696
97	97	-540.46721	-523.9393	-502.86625	16.527911	-21.073055	-524.55592	-510.62381	-488.58164
98	98	-574.84148	-563.62885	-540.37234	11.212625	-23.256514	-558.64966	-549.41194	-524.77632
99	99	-569.70051	-545.91202	-546.7853	23.788492	0.87328541	-555.41192	-533.99171	-526.7336
100	100	-505.32729	-506.40745	-492.56976	-1.080157	-13.837685	-491.34148	-489.72256	-473.84278
101	101	-788.19755	-745.38449	-745.74724	42.813061	0.3627473	-773.45231	-726.27452	-725.63759
102	102	-404.73223	-405.25387	-401.10043	-0.52163068	-4.1534379	-392.67731	-393.10639	-390.03933
103	103	-1295.0308	-1179.0699	-1087.919	115.96092	-91.150941	-1280.335	-1157.8278	-1065.6673
104	104	-397.53151	-397.66302	-391.44322	-0.13151418	-6.2198008	-395.15212	-393.03204	-378.80157
105	105	-647.801	-643.54883	-619.87945	4.2521679	-23.669386	-634.00734	-626.93253	-603.34943
106	106	-639.43394	-620.47398	-585.57545	18.959952	-34.898536	-626.78135	-606.42488	-574.93492
107	107	-459.19655	-454.18596	-456.15005	5.0105898	1.9640913	-453.13469	-444.66556	-444.7267
108	108	-401.21277	-399.44736	-385.28623	1.7654148	-14.161133	-394.157	-390.86397	-372.75069
109	109	-1324.1763	-1225.5016	-1175.1851	98.674668	-50.316561	-1312.184	-1206.7863	-1152.4089
110	110	-471.66423	-468.81965	-468.63728	2.84458	-0.18237118	-465.61175	-458.36316	-452.31526
111	111	-969.36636	-938.35558	-902.951	31.010776	-35.404579	-957.73805	-922.55735	-881.42408
112	112	-499.09329	-498.50294	-465.3755	0.59034362	-33.127438	-486.495	-481.4116	-455.44826
113	113	-416.63424	-410.35183	-408.49654	6.2824146	-1.8552852	-402.49143	-397.18724	-390.44451
114	114	-408.86621	-404.13501	-405.48881	4.7311976	1.3537974	-399.76094	-392.21668	-387.6426
115	115	-423.62957	-402.40619	-404.45286	21.223376	2.0466649	-411.47987	-394.71488	-394.73509
116	116	-682.09292	-632.21423	-616.68193	49.87869	-15.532293	-665.53234	-615.31429	-596.948
117	117	-285.9643	-285.05383	-274.38785	0.91047323	-10.66598	-281.01568	-276.3696	-263.92214
118	118	-520.31032	-512.37184	-506.56606	7.9384848	-5.8057744	-505.46954	-495.33885	-484.43874
119	119	-468.61553	-460.2768	-459.52945	8.338728	-0.74734652	-455.8368	-448.37439	-444.15465
120	120	-374.66899	-366.43685	-368.12295	8.2321351	1.686103	-365.37607	-359.42783	-359.48261
121	121	-478.64993	-478.03039	-472.90612	0.61953922	-5.1242638	-474.60999	-472.74184	-461.02849
122	122	-420.56497	-419.94875	-409.05636	0.61621615	-10.892389	-407.45537	-406.63577	-394.92377
123	123	-458.02895	-454.43241	-454.44753	3.5965321	0.015119111	-448.95652	-444.84142	-434.62692
124	124	-377.47432	-377.86253	-378.4929	-0.38820298	0.63037367	-374.80819	-374.0852	-373.02855
125	125	-734.90839	-728.63287	-713.41732	6.2755189	-15.215549	-722.41935	-708.8105	-686.87571
126	126	-361.61351	-361.63558	-359.67212	-0.022071794	-1.9634654	-357.56941	-356.3655	-346.86217
127	127	-916.6992	-877.03705	-862.65197	39.662158	-14.385075	-900.79017	-855.12299	-840.55654
128	128	-342.35069	-342.45865	-342.41367	-0.10795672	-0.044981343	-339.28356	-337.92359	-332.42632
129	129	-516.45252	-509.66323	-510.3448	6.7892909	0.68157356	-508.06462	-500.55083	-495.5512
130	130	-437.95727	-435.78336	-434.51885	2.1739162	-1.2645095	-428.50175	-425.06829	-420.1286
131	131	-464.63209	-451.30503	-448.25256	13.327053	-3.0524745	-456.02564	-443.9169	-433.0757
132	132	-518.59244	-505.64884	-501.64488	12.943599	-4.0039586	-509.18971	-499.51591	-488.74952
133	133	-600.47818	-574.91222	-576.17175	25.56596	1.2595364	-584.91797	-558.1214	-558.19854
134	134	-500.72987	-500.30217	-494.20716	0.42769975	-6.0950047	-488.18351	-484.21728	-474.70798
135	135	-327.13867	-325.01489	-323.87448	2.1237805	-1.1404086	-322.0814	-318.08142	-310.50248
136	136	-378.56165	-377.2128	-378.36628	1.3488429	1.1534802	-376.08509	-370.49068	-368.0263
137	137	-436.41444	-428.89532	-430.57329	7.5191171	1.6779714	-427.10008	-420.57445	-416.61113
138	138	-876.33531	-852.52179	-791.35655	23.813521	-61.165245	-859.79463	-833.40311	-769.83963
139	139	-767.26926	-742.72142	-725.20042	24.54784	-17.521004	-754.84734	-725.25835	-707.96664
140	140	-600.30623	-582.82516	-583.1172	17.481073	0.2920399	-586.66732	-571.80906	-568.22676
141	141	-428.08412	-428.00628	-427.80574	0.07784217	-0.20053243	-420.62615	-419.54143	-413.37515
142	142	-273.5691	-271.44934	-271.72145	2.1197525	0.2721045	-270.71601	-264.08704	-259.92493
143	143	-821.75499	-808.08223	-780.04137	13.672758	-28.040859	-808.66701	-793.01498	-758.57291
144	144	-662.31001	-648.91768	-624.4024	13.39233	-24.515279	-644.89417	-628.92218	-603.99901
145	145	-969.6553	-938.02617	-905.71275	31.629131	-32.313418	-954.57647	-922.04874	-889.19365
146	146	-654.67783	-632.22931	-629.54295	22.448518	-2.6863592	-638.1737	-610.72619	-610.74785
147	147	-466.69063	-466.41411	-461.8204	0.27651738	-4.5937126	-458.08462	-455.89623	-445.74652
148	148	-488.82515	-475.91133	-470.39696	12.913818	-5.5143661	-471.79038	-461.30261	-453.72503
149	149	-887.82359	-842.71351	-787.8083	45.11008	-54.905214	-871.3754	-824.14696	-768.17922
150	150	-285.4381	-285.57517	-285.57126	-0.13706665	-0.0039065615	-279.30766	-277.78084	-275.41347
151	151	-615.49912	-599.29498	-599.0699	16.204141	-0.22508267	-599.89415	-583.89256	-579.57266
152	152	-468.18125	-466.82744	-461.37517	1.3538084	-5.4522704	-459.96269	-455.85995	-445.86676
153	153	-562.40169	-562.04766	-544.34014	0.354022	-17.707522	-546.04377	-544.40016	-521.16306
154	154	-361.04693	-361.02483	-360.73528	0.022100486	-0.28954484	-353.23913	-351.74495	-349.86697
155	155	-401.57953	-400.38934	-402.29105	1.1901853	1.9017088	-391.89469	-388.49022	-388.51065
156	156	-520.48029	-519.77942	-521.84499	0.70086256	2.0655637	-510.90642	-509.20941	-502.40094
157	157	-527.68085	-522.20827	-520.40904	5.4725822	-1.7992219	-515.72869	-508.06372	-501.15133
158	158	-644.26671	-628.60446	-615.31514	15.662248	-13.289323	-630.16043	-609.30893	-595.18864
159	159	-1100.7824	-1058.1071	-953.9021	42.675279	-104.20503	-1089.2336	-1039.0001	-933.819
160	160	-366.17338	-360.24044	-360.31665	5.9329404	0.076216069	-353.79527	-348.73192	-346.44311
161	161	-699.54782	-698.51991	-672.41849	1.0279014	-26.101427	-683.98069	-680.25687	-649.34654
162	162	-534.68587	-532.19938	-527.11483	2.4864939	-5.0845501	-519.98203	-515.05996	-508.52205
163	163	-870.40936	-823.29868	-823.40542	47.110676	0.10673834	-857.32781	-803.21374	-803.20301
164	164	-517.31526	-507.27965	-499.12706	10.03561	-8.1525884	-505.5381	-496.49861	-481.87056
165	165	-479.13711	-464.78008	-440.86953	14.357033	-23.910551	-462.39843	-446.0666	-426.39705
166	166	-1230.2679	-1227.1105	-1076.3467	3.1574395	-150.7638	-1216.3036	-1211.9202	-1055.0027
167	167	-570.15634	-561.57538	-550.57538	8.5809601	-11	-556.41869	-547.93651	-532.58244
168	168	-730.39979	-718.20575	-656.0086	12.194042	-62.197147	-715.11466	-700.55359	-639.28
169	169	-909.80367	-876.6694	-867.15711	33.134271	-9.512292	-896.57164	-862.25813	-851.06818
170	170	-589.9149	-586.95727	-574.19668	2.9576271	-12.760588	-572.40692	-566.31588	-554.21736
171	171	-1019.0811	-987.87361	-905.25537	31.207464	-82.618247	-1003.2498	-968.98944	-883.73883
172	172	-342.60338	-341.24978	-342.16902	1.3536008	0.91923825	-334.36208	-330.56909	-327.48049
173	173	-738.6172	-737.17845	-676.77165	1.4387568	-60.406795	-723.24969	-717.11384	-655.49998
174	174	-480.69087	-465.12064	-466.23537	15.570225	1.1147277	-466.10246	-452.86277	-448.75738
175	175	-843.09216	-808.77922	-752.69031	34.312934	-56.088911	-828.85819	-788.92016	-731.81071
176	176	-267.68478	-268.24091	-268.6532	-0.55612502	0.41228973	-264.86439	-265.28413	-262.64941
177	177	-890.02749	-850.75084	-842.27302	39.276644	-8.4778278	-877.58227	-835.39698	-823.92064
178	178	-373.79583	-372.27493	-363.2828	1.5209057	-8.9921272	-359.66338	-359.54391	-349.75489
179	179	-352.40561	-352.48984	-352.80883	-0.084232389	0.31899429	-350.00368	-348.6149	-345.7761
180	180	-551.52938	-540.76597	-535.5684	10.763407	-5.1975675	-532.50491	-518.4763	-515.53188
181	181	-321.88945	-320.6764	-321.73846	1.2130478	1.0620568	-319.27522	-315.71383	-315.7119
182	182	-720.49351	-692.12256	-691.86529	28.370942	-0.25727658	-705.71122	-672.50624	-672.48155
183	183	-741.7398	-721.99785	-704.79924	19.741953	-17.198605	-727.51879	-703.50792	-686.90543
184	184	-404.88439	-400.56052	-402.7759	4.3238683	2.2153802	-392.02366	-386.35984	-386.35316
185	185	-580.59258	-580.73207	-565.02159	-0.13948981	-15.710482	-564.45842	-563.59487	-544.27679
186	186	-559.91468	-558.79723	-554.57152	1.1174472	-4.2257074	-545.19679	-542.8801	-534.01915
187	187	-508.18951	-507.74585	-504.96809	0.44366829	-2.7777546	-497.21868	-492.57475	-486.50416
188	188	-478.84738	-466.46249	-463.70279	12.384892	-2.7596959	-464.4531	-455.36073	-447.66432
189	189	-634.28891	-628.62125	-611.35628	5.6676616	-17.264966	-617.02494	-608.02687	-589.73342
190	190	-353.87267	-351.24864	-352.55968	2.6240273	1.3110389	-351.34647	-345.45537	-343.25496
191	191	-554.19395	-537.05706	-518.71488	17.136886	-18.342177	-536.53834	-517.70896	-497.15655
192	192	-532.02391	-530.6555	-524.36264	1.3684098	-6.2928564	-518.36501	-513.9371	-505.21295
193	193	-493.43718	-488.61245	-472.34885	4.8247364	-16.2636	-474.3131	-464.10576	-449.63923
194	194	-683.17798	-668.25386	-647.0953	14.924115	-21.158561	-667.31312	-648.50024	-623.90549
195	195	-432.99351	-433.35216	-430.05335	-0.35864976	-3.2988082	-429.0976	-429.33213	-415.54943
196	196	-644.42279	-638.93692	-630.13773	5.4858728	-8.7991893	-630.27019	-621.86382	-615.41477
197	197	-363.37783	-359.00223	-336.94937	4.3756004	-22.052864	-349.5015	-343.39613	-320.97935
198	198	-651.95645	-645.03767	-641.95755	6.9187768	-3.0801184	-636.16935	-627.60163	-622.00633
199	199	-404.79303	-404.2582	-400.97436	0.53483482	-3.2838364	-400.64667	-398.1582	-386.29806
