No.	ID	loglik_Null_W	loglik_Acc_W	loglik_Full_W	logBF1	logBF2
0	0	-650.15075	-650.56565	-649.84326	-0.41489877	-0.7223846
1	1	-431.52666	-434.39391	-431.40307	-2.8672478	-2.9908333
2	2	-358.14288	-356.61054	-358.82534	1.5323335	2.2147925
3	3	-268.37132	-269.83835	-270.045	-1.4670329	0.20665208
4	4	-407.61037	-404.88685	-407.31308	2.7235269	2.4262377
5	5	-354.24217	-355.79108	-357.68218	-1.5489063	1.8910999
6	6	-221.50147	-223.93219	-224.98426	-2.430722	1.0520727
7	7	-392.38653	-395.81148	-396.04157	-3.4249489	0.23009101
8	8	-292.66201	-295.18366	-297.67153	-2.5216445	2.4878714
9	9	-383.0328	-385.02518	-386.84681	-1.9923803	1.8216261
10	10	-252.90937	-254.3016	-254.4834	-1.3922243	0.18180335
11	11	-264.47453	-267.04499	-268.49109	-2.5704632	1.4461
12	12	-375.0272	-374.47841	-375.4188	0.54878627	0.94039001
13	13	-401.78666	-403.6225	-403.97637	-1.8358365	0.3538686
14	14	-452.3528	-444.49741	-445.66983	7.8553888	1.1724182
15	15	-363.98297	-367.00787	-367.17946	-3.024904	0.17158373
16	16	-405.40395	-403.54922	-405.70881	1.8547282	2.1595888
17	17	-336.76374	-337.16446	-338.69017	-0.40071762	1.5257053
18	18	-428.92596	-430.5371	-429.91617	-1.6111476	-0.62093204
19	19	-259.90147	-261.95269	-263.60804	-2.0512206	1.6553463
20	20	-263.34081	-265.17978	-266.99807	-1.8389708	1.8182854
21	21	-305.0414	-304.5307	-306.38339	0.51070198	1.852691
22	22	-310.95033	-311.4998	-314.11748	-0.54946967	2.6176749
23	23	-469.84171	-464.99494	-465.34894	4.8467737	0.35400587
24	24	-263.88928	-264.88093	-268.48368	-0.9916441	3.6027511
25	25	-378.75633	-379.83939	-378.91575	-1.0830596	-0.92364588
26	26	-346.22524	-347.78166	-346.6272	-1.5564192	-1.1544625
27	27	-219.68258	-223.21912	-224.60742	-3.5365377	1.388298
28	28	-311.44916	-312.50571	-314.48143	-1.0565549	1.9757204
29	29	-512.05558	-512.63945	-513.75286	-0.58387597	1.1134088
30	30	-404.84027	-404.98394	-405.77088	-0.14367784	0.78693522
31	31	-622.79093	-622.73465	-621.78675	0.056286786	-0.9478934
32	32	-440.84185	-440.48181	-441.98963	0.36004589	1.5078195
33	33	-470.33595	-468.29353	-468.77864	2.0424208	0.48510737
34	34	-311.12146	-313.35619	-315.20549	-2.2347212	1.8493066
35	35	-278.6139	-280.44793	-279.86052	-1.8340312	-0.58741052
36	36	-401.3675	-402.85574	-403.65878	-1.4882391	0.80304764
37	37	-304.85982	-305.12586	-305.79603	-0.26604015	0.6701701
38	38	-382.69099	-384.49687	-384.4551	-1.8058859	-0.041773846
39	39	-241.34785	-244.62769	-245.16607	-3.2798358	0.53837914
40	40	-342.32977	-341.66872	-341.89412	0.66104694	0.22540186
41	41	-322.6673	-323.53201	-326.61154	-0.86471874	3.0795242
42	42	-313.74077	-312.1151	-313.49351	1.6256616	1.3784082
43	43	-390.31777	-392.34286	-391.53864	-2.0250877	-0.80421796
44	44	-427.58714	-426.48421	-427.35133	1.1029233	0.86712131
45	45	-403.71613	-403.13414	-404.02709	0.58199192	0.89294604
46	46	-269.79417	-271.91199	-273.17422	-2.1178221	1.2622339
47	47	-284.44032	-288.0687	-290.62921	-3.628381	2.5605129
48	48	-324.54232	-327.45414	-328.79781	-2.9118104	1.3436788
49	49	-290.12317	-291.91752	-292.98271	-1.7943459	1.0651925
50	50	-315.03788	-316.83435	-318.05095	-1.7964637	1.2166029
51	51	-383.76206	-385.7012	-386.55889	-1.9391396	0.85768991
52	52	-413.13349	-416.0243	-415.78839	-2.8908137	-0.23591151
53	53	-321.93407	-323.24076	-323.95764	-1.3066908	0.7168777
54	54	-427.80017	-424.02718	-428.07515	3.7729819	4.0479687
55	55	-276.40605	-278.21735	-279.06336	-1.8113015	0.84601399
56	56	-369.87951	-372.77123	-371.50523	-2.8917158	-1.2660037
57	57	-216.80265	-219.23733	-221.29063	-2.4346741	2.053301
58	58	-436.52811	-438.05531	-439.63637	-1.5272062	1.581054
59	59	-324.2052	-326.97622	-326.52782	-2.7710245	-0.44840122
60	60	-473.94435	-476.0119	-477.29089	-2.0675572	1.2789829
61	61	-282.23082	-283.36634	-285.57664	-1.1355135	2.210301
62	62	-459.37445	-462.22967	-462.31569	-2.8552142	0.086020448
63	63	-370.27406	-371.97279	-372.32608	-1.6987295	0.35329161
64	64	-439.40168	-440.72057	-440.78287	-1.3188944	0.062298219
65	65	-404.31161	-403.96683	-404.99902	0.34477591	1.032187
66	66	-395.47395	-394.89294	-395.02151	0.58101479	0.12856807
67	67	-341.1298	-342.56417	-344.09441	-1.4343763	1.5302416
68	68	-377.45397	-377.70519	-380.55359	-0.25121998	2.8483999
69	69	-441.22695	-441.0847	-442.20734	0.14224496	1.1226417
70	70	-406.16453	-408.84723	-407.9681	-2.6826977	-0.87912459
71	71	-388.27072	-389.97585	-390.51824	-1.7051265	0.54238596
72	72	-320.94571	-321.90512	-322.97862	-0.95941492	1.073494
73	73	-385.93101	-386.71612	-385.18328	-0.78511548	-1.5328395
74	74	-388.28236	-390.34804	-388.75102	-2.0656795	-1.5970242
75	75	-262.24506	-263.75632	-265.04122	-1.5112652	1.2848988
76	76	-547.03861	-550.1025	-548.18596	-3.0638818	-1.9165318
77	77	-340.03164	-341.0931	-342.44151	-1.0614622	1.3484117
78	78	-219.91578	-223.13546	-225.55742	-3.2196849	2.4219557
79	79	-316.58793	-318.3445	-318.88691	-1.75657	0.54240635
80	80	-259.7298	-262.22985	-264.48407	-2.500048	2.2542235
81	81	-354.79265	-355.40886	-358.33725	-0.61621319	2.9283959
82	82	-511.26709	-511.58927	-508.25016	-0.3221768	-3.3391114
83	83	-359.47301	-361.35257	-363.21629	-1.8795675	1.8637128
84	84	-241.5657	-243.60326	-244.91778	-2.0375573	1.3145177
85	85	-444.53588	-444.68272	-442.6539	-0.14684353	-2.0288288
86	86	-218.94284	-222.7646	-224.55662	-3.8217642	1.7920177
87	87	-305.69784	-307.38745	-308.74425	-1.6896182	1.3567954
88	88	-314.67313	-316.84685	-320.68261	-2.1737278	3.8357542
89	89	-410.30051	-412.91795	-414.25739	-2.617442	1.3394391
90	90	-354.10396	-355.13892	-355.78803	-1.0349609	0.64911033
91	91	-443.10805	-435.58627	-438.15821	7.5217819	2.5719388
92	92	-415.91637	-417.99206	-419.32154	-2.0756939	1.3294799
93	93	-369.82996	-371.70709	-375.96794	-1.8771249	4.2608485
94	94	-438.58632	-439.11037	-439.90021	-0.52405341	0.78984443
95	95	-316.73285	-317.09104	-319.39046	-0.35818851	2.2994167
96	96	-386.1334	-388.82033	-389.00951	-2.6869277	0.18918153
97	97	-244.43367	-243.87205	-245.42783	0.56161366	1.5557734
98	98	-395.87787	-397.49852	-398.21833	-1.6206536	0.71980274
99	99	-232.27347	-234.17149	-236.04386	-1.898023	1.8723736
100	100	-270.57499	-273.60765	-274.8149	-3.0326637	1.2072524
101	101	-364.47916	-367.1175	-367.28633	-2.6383329	0.16883518
102	102	-522.98351	-524.53453	-525.38097	-1.5510253	0.84643617
103	103	-264.28194	-265.73415	-268.59829	-1.4522111	2.8641378
104	104	-352.17934	-355.19042	-356.02415	-3.0110791	0.83372149
105	105	-317.52143	-322.58403	-322.3424	-5.0626037	-0.24163126
106	106	-250.62174	-251.70322	-255.30076	-1.0814806	3.5975425
107	107	-351.9473	-354.67759	-354.32984	-2.730296	-0.34775391
108	108	-376.48677	-375.58143	-375.56794	0.90533363	-0.013493918
109	109	-377.04866	-377.79805	-377.29658	-0.7493996	-0.50147505
110	110	-300.81398	-303.57369	-303.0351	-2.7597153	-0.53859524
111	111	-324.52826	-324.98406	-327.13495	-0.45579698	2.1508922
112	112	-295.79583	-297.23759	-300.9889	-1.4417526	3.7513146
113	113	-276.3165	-277.89738	-281.58691	-1.5808847	3.689523
114	114	-321.52216	-324.31267	-326.61323	-2.7905062	2.3005656
115	115	-323.9535	-325.62304	-327.10982	-1.6695416	1.4867801
116	116	-333.09912	-334.54639	-336.58777	-1.4472667	2.0413857
117	117	-424.93941	-425.49434	-424.01247	-0.55493152	-1.4818654
118	118	-317.47796	-318.93446	-319.59371	-1.4565022	0.6592488
119	119	-398.80734	-400.37441	-402.31054	-1.5670703	1.9361248
120	120	-292.30681	-294.56709	-296.14437	-2.2602752	1.5772819
121	121	-265.80751	-269.00291	-268.94035	-3.1954023	-0.062563582
122	122	-282.37349	-283.25703	-285.3491	-0.88353992	2.092065
123	123	-290.26583	-292.7386	-296.2882	-2.4727684	3.5496024
124	124	-431.68859	-430.89064	-427.65236	0.7979537	-3.2382842
125	125	-366.70351	-365.46829	-368.74126	1.2352211	3.272968
126	126	-350.51713	-349.95727	-353.35239	0.55986153	3.3951217
127	127	-293.5489	-296.50155	-297.82501	-2.9526525	1.3234593
128	128	-300.37435	-302.84084	-306.02634	-2.4664925	3.1854934
129	129	-274.0921	-276.43788	-278.83027	-2.3457792	2.3923848
130	130	-465.71985	-466.75493	-465.32557	-1.0350872	-1.4293645
131	131	-335.03208	-336.66912	-337.10045	-1.637045	0.43133119
132	132	-368.03717	-369.01149	-372.53242	-0.97431516	3.5209291
133	133	-276.86646	-277.19746	-278.5338	-0.33100405	1.3363374
134	134	-484.36387	-484.94742	-484.71991	-0.58354986	-0.22751166
135	135	-361.80318	-363.57877	-364.79944	-1.7755978	1.2206691
136	136	-220.28234	-222.1512	-224.77855	-1.8688617	2.6273489
137	137	-261.39342	-260.64702	-264.63048	0.74639762	3.9834593
138	138	-281.05281	-281.08838	-284.11429	-0.035576101	3.0259065
139	139	-309.37596	-311.35624	-312.48704	-1.980273	1.1308056
140	140	-353.96845	-356.55987	-358.26795	-2.591424	1.7080773
141	141	-347.25697	-345.81784	-350.18298	1.4391279	4.3651395
142	142	-487.20365	-488.19578	-485.77861	-0.99213132	-2.4171661
143	143	-299.76136	-302.91689	-306.74426	-3.1555303	3.8273622
144	144	-339.44362	-343.13991	-342.77115	-3.6962904	-0.36875551
145	145	-356.84448	-358.128	-358.23852	-1.2835129	0.11052608
146	146	-444.85405	-448.67068	-449.07971	-3.8166286	0.4090307
147	147	-326.35474	-328.12238	-330.72836	-1.7676319	2.6059877
148	148	-297.40852	-299.36895	-300.59483	-1.9604277	1.2258827
149	149	-284.08526	-286.04714	-283.30047	-1.9618802	-2.7466683
150	150	-313.86295	-315.72737	-315.99265	-1.8644227	0.26528161
151	151	-285.79187	-285.95037	-289.66199	-0.15849831	3.7116146
152	152	-274.48629	-275.43537	-279.09432	-0.94908098	3.6589461
153	153	-344.25821	-341.55887	-344.28399	2.699345	2.7251162
154	154	-384.4221	-386.13452	-387.5408	-1.7124252	1.4062731
155	155	-338.12761	-340.49492	-342.54819	-2.3673091	2.0532694
156	156	-317.18241	-315.64242	-316.81689	1.5399932	1.1744736
157	157	-316.29979	-317.54319	-319.73539	-1.2433972	2.1922029
158	158	-332.78697	-335.70904	-336.96805	-2.9220773	1.2590057
159	159	-311.97694	-312.88325	-313.27862	-0.90631461	0.39536555
160	160	-289.23832	-292.27175	-294.48239	-3.0334238	2.2106442
161	161	-357.61441	-359.07878	-360.39784	-1.4643715	1.3190557
162	162	-340.11653	-342.18228	-341.92093	-2.0657584	-0.26135056
163	163	-376.0663	-378.91949	-378.05539	-2.8531892	-0.86410319
164	164	-248.38789	-251.54019	-254.61249	-3.1522957	3.0723013
165	165	-418.77716	-417.07993	-414.33736	1.6972327	-2.7425703
166	166	-332.3447	-331.70873	-331.47644	0.63596865	-0.23229201
167	167	-377.47132	-377.5706	-378.76668	-0.099284488	1.196075
168	168	-532.07967	-534.22203	-534.27487	-2.1423605	0.052837926
169	169	-256.68773	-257.75601	-261.46144	-1.0682819	3.7054336
170	170	-489.92131	-489.99299	-491.65441	-0.071679582	1.6614166
171	171	-342.21829	-344.64321	-345.07123	-2.4249139	0.42802311
172	172	-323.95477	-323.22202	-325.39027	0.73274954	2.1682531
173	173	-259.88207	-260.06963	-261.82863	-0.18755825	1.7589996
174	174	-432.48735	-432.30735	-432.99964	0.18000747	0.69228993
175	175	-315.28423	-316.23831	-320.52591	-0.95408088	4.2876043
176	176	-320.7042	-322.93959	-324.77354	-2.2353865	1.8339556
177	177	-292.21562	-293.69022	-294.83658	-1.4746071	1.146358
178	178	-380.40775	-380.39836	-381.58182	0.0093866554	1.1834506
179	179	-432.4291	-433.58397	-434.65618	-1.1548627	1.0722123
180	180	-523.80227	-523.40661	-519.78353	0.39566846	-3.6230734
181	181	-300.17992	-302.95152	-304.57593	-2.7715952	1.6244103
182	182	-334.27666	-335.51406	-337.48842	-1.2374055	1.9743629
183	183	-294.49891	-296.68774	-299.38778	-2.1888379	2.7000357
184	184	-352.41052	-354.36145	-356.55393	-1.9509333	2.1924779
185	185	-330.89029	-331.63694	-332.56553	-0.7466519	0.92859078
186	186	-286.16106	-288.28292	-289.36172	-2.1218607	1.0788005
187	187	-392.51444	-396.52078	-396.71029	-4.0063433	0.18950668
188	188	-325.4361	-327.23865	-326.07279	-1.8025593	-1.1658623
189	189	-266.07096	-266.13361	-267.4519	-0.062647285	1.3182894
190	190	-304.12343	-305.27347	-306.34988	-1.1500456	1.0764081
191	191	-409.45286	-411.06257	-410.1635	-1.6097157	-0.89907244
192	192	-218.93712	-219.82519	-221.41328	-0.88807013	1.5880905
193	193	-301.69858	-304.36254	-308.14228	-2.6639558	3.7797459
194	194	-454.97533	-457.05276	-456.8593	-2.0774314	-0.19345905
195	195	-309.06595	-312.07525	-314.75986	-3.0093002	2.6846106
196	196	-241.68126	-243.64931	-246.6273	-1.9680478	2.9779896
197	197	-432.36083	-430.66299	-430.10676	1.6978404	-0.5562289
198	198	-394.75492	-397.81349	-397.31532	-3.0585678	-0.49816764
199	199	-372.03359	-373.86139	-376.18949	-1.8277928	2.3281042
