No.	n_rate	c_rate	g_rate	l_rate	l2_rate	halLeu_0	halLeu_1	halLeu_2	halLeu_3	nipNip_0	nipNip_1	nipNip_2	nipNip_3	galGal_0	galGal_1	galGal_2	galGal_3	aptHaa_0	aptHaa_1	aptHaa_2	aptHaa_3	aptOwe_0	aptOwe_1	aptOwe_2	aptOwe_3	aptRow_0	aptRow_1	aptRow_2	aptRow_3	casCas_0	casCas_1	casCas_2	casCas_3	droNov_0	droNov_1	droNov_2	droNov_3	rheAme_0	rheAme_1	rheAme_2	rheAme_3	rhePen_0	rhePen_1	rhePen_2	rhePen_3	cryCin_0	cryCin_1	cryCin_2	cryCin_3	tinGut_0	tinGut_1	tinGut_2	tinGut_3	eudEle_0	eudEle_1	eudEle_2	eudEle_3	notPer_0	notPer_1	notPer_2	notPer_3	anoDid_0	anoDid_1	anoDid_2	anoDid_3	strCam_0	strCam_1	strCam_2	strCam_3	taeGut-aptFor_0	taeGut-aptFor_1	taeGut-aptFor_2	taeGut-aptFor_3	taeGut-galGal_0	taeGut-galGal_1	taeGut-galGal_2	taeGut-galGal_3	aptHaa-aptOwe_0	aptHaa-aptOwe_1	aptHaa-aptOwe_2	aptHaa-aptOwe_3	aptHaa-aptRow_0	aptHaa-aptRow_1	aptHaa-aptRow_2	aptHaa-aptRow_3	casCas-droNov_0	casCas-droNov_1	casCas-droNov_2	casCas-droNov_3	aptHaa-casCas_0	aptHaa-casCas_1	aptHaa-casCas_2	aptHaa-casCas_3	rheAme-rhePen_0	rheAme-rhePen_1	rheAme-rhePen_2	rheAme-rhePen_3	aptHaa-rheAme_0	aptHaa-rheAme_1	aptHaa-rheAme_2	aptHaa-rheAme_3	cryCin-tinGut_0	cryCin-tinGut_1	cryCin-tinGut_2	cryCin-tinGut_3	eudEle-notPer_0	eudEle-notPer_1	eudEle-notPer_2	eudEle-notPer_3	cryCin-eudEle_0	cryCin-eudEle_1	cryCin-eudEle_2	cryCin-eudEle_3	cryCin-anoDid_0	cryCin-anoDid_1	cryCin-anoDid_2	cryCin-anoDid_3	aptHaa-cryCin_0	aptHaa-cryCin_1	aptHaa-cryCin_2	aptHaa-cryCin_3	aptHaa-strCam_0	aptHaa-strCam_1	aptHaa-strCam_2	aptHaa-strCam_3	taeGut-aptHaa_0	taeGut-aptHaa_1	taeGut-aptHaa_2	taeGut-aptHaa_3
18	2.40102	0.183183	0.590042	0.634805	0	0	0	1	0	0	0	1	0	0	0	1	0	0	0	0.0045	0.9955	0	0	0.006	0.994	0	0	0.0115	0.9885	0	0	0	1	0	0	0	1	0	0	1	0	0	0	1	0	0	0	1	0	0	0	1	0	0	0	1	0	0	0	1	0	0	0	1	0	0	0.0005	0.9995	0	0	0.0005	0.9995	0	0	0.003	0.997	0	0	0	0.007	0.993	0	0	0.0145	0.9855	0	0	0.272	0.728	0	0	0.425	0.575	0	0	1	0	0	0	1	0	0	0	1	0	0	0	1	0	0	0	1	0	0	0	1	0	0	0	1	0	0	0.0045	0.9955	0	0	0.2495	0.7505	0
8	3.68259	0.274043	0.563375	0.58515	0	0	0.0935	0.9065	0	0	0.0845	0.9155	0	0	0.0475	0.9525	0	0	0	0	1	0	0	0	1	0	0	0	1	0	0	0	1	0	0	0	1	0	0.005	0.995	0	0	0.0035	0.9965	0	0	0	1	0	0	0	1	0	0	0	1	0	0	0	1	0	0	0.001	0.999	0	0	0.2515	0.7485	0	0	0.2145	0.7855	0	0	0.3495	0.6505	0	0	0	0	1	0	0	0.981	0.019	0	0	0.014	0.986	0	0	0.9835	0.0165	0	0.0065	0.9935	0	0	0.0255	0.9745	0	0	0	1	0	0	0	1	0	0	0	1	0	0	0.003	0.997	0	0	0.058	0.942	0	0	0.4005	0.5995	0	0	0.692	0.308	0
14	1.90357	0.114203	0.602646	0.698687	0	0	0.0005	0.9995	0	0	0.001	0.999	0	0	0	1	0	0	0	0	1	0	0	0	1	0	0	0.001	0.999	0	0	0	1	0	0	0	1	0	0	1	0	0	0	1	0	0	0	1	0	0	0	1	0	0	0	1	0	0	0	1	0	0	0	1	0	0	0	1	0	0	0.0165	0.9835	0	0	0.0195	0.9805	0	0	0	0	1	0	0	0.009	0.991	0	0	0	1	0	0	0.2125	0.7875	0	0	1	0	0	0	1	0	0	0	1	0	0	0	1	0	0	0	1	0	0	0	1	0	0	0	1	0	0	0.0025	0.9975	0	0	0.273	0.727	0
0	3.84804	0.289595	0.614582	0.592082	0	0	0.0005	0.9995	0	0	0.002	0.998	0	0	0.004	0.996	0	0	0	0	1	0	0	0	1	0	0	0	1	0	0	0	1	0	0	0	1	0	0.0005	0.9995	0	0	0.001	0.999	0	0	0	1	0	0	0	1	0	0	0	1	0	0	0	1	0	0	0	1	0	0	0.032	0.968	0	0	0.011	0.989	0	0	0.114	0.886	0	0	0	0	1	0	0	0	1	0	0	0.7745	0.2255	0	0	0.844	0.156	0	0.001	0.999	0	0	0.0075	0.9925	0	0	0	1	0	0	0	1	0	0	0	1	0	0	0.002	0.998	0	0	0.02	0.98	0	0	0.1515	0.8485	0	0	0.426	0.574	0
19	2.38163	0.0958812	0.622145	0.689218	0	0	0	1	0	0	0	1	0	0	0	1	0	0	0	0	1	0	0	0	1	0	0	0	1	0	0	0	1	0	0	0	1	0	0.0005	0.9995	0	0	0	1	0	0	0	1	0	0	0	1	0	0	0	1	0	0	0	1	0	0	0	1	0	0	0.0005	0.9995	0	0	0	1	0	0	0.01	0.99	0	0	0	0.0005	0.9995	0	0	0.001	0.999	0	0	0.0195	0.9805	0	0	0.2265	0.7735	0	0.0005	0.9995	0	0	0.0005	0.9995	0	0	0	1	0	0	0	1	0	0	0	1	0	0	0.0005	0.9995	0	0	0.0005	0.9995	0	0	0.0075	0.9925	0	0	0.272	0.728	0
9	4.05031	0.122042	0.61482	0.684413	0	0	0	1	0	0	0	1	0	0	0	1	0	0	0	0	1	0	0	0	1	0	0	0	1	0	0	0	1	0	0	0	1	0	0	1	0	0	0	1	0	0	0	1	0	0	0	1	0	0	0	1	0	0	0	1	0	0	0	1	0	0	0.003	0.997	0	0	0	1	0	0	0.032	0.968	0	0	0	0.0005	0.9995	0	0	0.0035	0.9965	0	0	0.0025	0.9975	0	0	0.151	0.849	0	0	1	0	0	0	1	0	0	0	1	0	0	0	1	0	0	0	1	0	0	0	1	0	0	0.0035	0.9965	0	0	0.031	0.969	0	0	0.2975	0.7025	0
15	2.46529	0.426657	0.429951	0.581783	0	0	0.2275	0.7725	0	0	0.077	0.923	0	0	0.284	0.716	0	0	0.013	0.0055	0.9815	0	0.015	0.002	0.983	0	0.016	0.013	0.971	0	0.193	0.1165	0.6905	0	0.1795	0.338	0.4825	0	0.2945	0.7055	0	0	0.2535	0.7465	0	0	0.218	0.782	0	0	0.1635	0.8365	0	0	0.1845	0.8155	0	0	0.1725	0.8275	0	0	0.204	0.796	0	0	0.0415	0.9585	0	0	0.2795	0.7205	0	0	0.4175	0.5825	0	0	0.0155	0.005	0.9795	0	0.016	0.764	0.22	0	0.2	0.647	0.153	0	0.315	0.5875	0.0975	0	0.3725	0.6275	0	0	0.3825	0.6175	0	0	0.219	0.781	0	0	0.2045	0.7955	0	0	0.223	0.777	0	0	0.244	0.756	0	0	0.3885	0.6115	0	0	0.447	0.553	0	0	0.661	0.339	0
1	2.37467	0.111981	0.601815	0.663197	0	0	0.0005	0.9995	0	0	0	1	0	0	0	1	0	0	0	0	1	0	0	0	1	0	0	0	1	0	0	0	1	0	0	0	1	0	0	1	0	0	0	1	0	0	0	1	0	0	0	1	0	0	0	1	0	0	0	1	0	0	0	1	0	0	0.001	0.999	0	0	0.0005	0.9995	0	0	0.007	0.993	0	0	0	0	1	0	0	0	1	0	0	0.061	0.939	0	0	0.288	0.712	0	0	1	0	0	0	1	0	0	0	1	0	0	0	1	0	0	0	1	0	0	0	1	0	0	0.001	0.999	0	0	0.0085	0.9915	0	0	0.275	0.725	0
20	2.2804	0.164705	0.624987	0.68534	0	0	0.0005	0.9995	0	0	0.001	0.999	0	0	0.001	0.999	0	0	0	0	1	0	0	0	1	0	0	0	1	0	0	0	1	0	0	0	1	0	0	1	0	0	0	1	0	0	0	1	0	0	0	1	0	0	0	1	0	0	0	1	0	0	0	1	0	0	0.0025	0.9975	0	0	0.0025	0.9975	0	0	0.1025	0.8975	0	0	0	0	1	0	0	0	1	0	0	0.025	0.975	0	0	0.2495	0.7505	0	0	1	0	0	0.001	0.999	0	0	0	1	0	0	0	1	0	0	0	1	0	0	0.001	0.999	0	0	0.0085	0.9915	0	0	0.1005	0.8995	0	0	0.398	0.602	0
10	3.39828	0.375295	0.629247	0.617121	0	0	0.0025	0.9975	0	0	0.001	0.999	0	0	0.001	0.999	0	0	0	0	1	0	0	0	1	0	0	0	1	0	0	0	1	0	0	0	1	0	0.0055	0.9945	0	0	0.0035	0.9965	0	0	0	1	0	0	0	1	0	0	0	1	0	0	0	1	0	0	0.002	0.998	0	0	0.0075	0.9925	0	0	0.0035	0.9965	0	0	0.0745	0.9255	0	0	0	0	1	0	0	0.613	0.387	0	0	0	1	0	0	0.709	0.291	0	0.008	0.992	0	0	0.015	0.985	0	0	0	1	0	0	0	1	0	0	0	1	0	0	0.0075	0.9925	0	0	0.0245	0.9755	0	0	0.0915	0.9085	0	0	0.378	0.622	0
16	1.66462	0.126628	0.586447	0.503689	0	0	0	1	0	0	0	1	0	0	0	1	0	0	0.0015	0.046	0.9525	0	0.001	0.0435	0.9555	0	0.002	0.3755	0.6225	0	0.001	0	0.999	0	0.001	0.232	0.767	0	0	1	0	0	0	1	0	0	0	1	0	0	0	1	0	0	0	1	0	0	0	1	0	0	0.002	0.998	0	0	0.081	0.919	0	0	0	1	0	0	0.005	0.995	0	0	0.0025	0.0595	0.938	0	0.0025	0.5245	0.473	0	0.001	0.4575	0.5415	0	0.003	0.666	0.331	0	0	1	0	0	0.0045	0.9955	0	0	0	1	0	0	0	1	0	0	0	1	0	0	0.006	0.994	0	0	0.015	0.985	0	0	0.0875	0.9125	0	0	0.317	0.683	0
2	1.27502	0.35061	0.585238	0.565927	0	0	0.0025	0.9975	0	0	0.002	0.998	0	0	0.0055	0.9945	0	0	0.0165	0.183	0.8005	0	0.0155	0.1925	0.792	0	0.023	0.2085	0.7685	0	0.018	0.2275	0.7545	0	0.0185	0.2245	0.757	0	0.0065	0.9935	0	0	0.0045	0.9955	0	0	0.005	0.995	0	0	0.006	0.994	0	0	0.0065	0.9935	0	0	0.001	0.999	0	0	0.032	0.968	0	0	0.065	0.935	0	0	0.0045	0.9955	0	0	0.0455	0.9545	0	0	0.025	0.2165	0.7585	0	0.0395	0.2255	0.735	0	0.0425	0.2195	0.738	0	0.045	0.3005	0.6545	0	0.008	0.992	0	0	0.0455	0.9545	0	0	0.011	0.989	0	0	0.014	0.986	0	0	0.015	0.985	0	0	0.0395	0.9605	0	0	0.0575	0.9425	0	0	0.1055	0.8945	0	0	0.369	0.631	0
21	2.49094	0.294295	0.612517	0.509374	0	0	0.0005	0.9995	0	0	0.002	0.998	0	0	0	1	0	0	0	0.162	0.838	0	0	0	1	0	0.0005	0.0195	0.98	0	0.0005	0.002	0.9975	0	0	0.426	0.574	0	0.001	0.999	0	0	0.0005	0.9995	0	0	0	1	0	0	0	1	0	0	0	1	0	0	0	1	0	0	0.0005	0.9995	0	0	0	1	0	0	0.002	0.998	0	0	0.0045	0.9955	0	0	0	0.326	0.674	0	0.0005	0.64	0.3595	0	0.0005	0.5315	0.468	0	0.002	0.6825	0.3155	0	0.002	0.998	0	0	0.002	0.998	0	0	0.0005	0.9995	0	0	0.0005	0.9995	0	0	0.0005	0.9995	0	0	0.0005	0.9995	0	0	0.0025	0.9975	0	0	0.0055	0.9945	0	0	0.245	0.755	0
11	3.35209	0.268688	0.576695	0.531383	0	0	0	1	0	0	0	1	0	0	0	1	0	0	0.0045	0.0635	0.932	0	0.0035	0.294	0.7025	0	0.0175	0.0215	0.961	0	0	0	1	0	0	0	1	0	0.0105	0.9895	0	0	0.0135	0.9865	0	0	0.001	0.999	0	0	0.0015	0.9985	0	0	0	1	0	0	0	1	0	0	0.0015	0.9985	0	0	0.0225	0.9775	0	0	0	1	0	0	0.003	0.997	0	0	0.005	0.462	0.533	0	0.018	0.7135	0.2685	0	0	0.961	0.039	0	0.032	0.943	0.025	0	0.029	0.971	0	0	0.041	0.959	0	0	0.035	0.965	0	0	0.006	0.994	0	0	0.035	0.965	0	0	0.0385	0.9615	0	0	0.042	0.958	0	0	0.0465	0.9535	0	0	0.2795	0.7205	0
17	2.68698	0.27977	0.588535	0.433298	0	0	0.0005	0.9995	0	0	0.0005	0.9995	0	0	0.0055	0.9945	0	0	0	0.0005	0.9995	0	0	0.0085	0.9915	0	0	0.0445	0.9555	0	0.001	0.033	0.966	0	0	0.9345	0.0655	0	0	1	0	0	0.0005	0.9995	0	0	0	1	0	0	0	1	0	0	0	1	0	0	0	1	0	0	0.001	0.999	0	0	0.002	0.998	0	0	0.0005	0.9995	0	0	0.025	0.975	0	0	0	0.2705	0.7295	0	0	0.886	0.114	0	0.001	0.991	0.008	0	0.0025	0.9925	0.005	0	0.0005	0.9995	0	0	0.0035	0.9965	0	0	0	1	0	0	0	1	0	0	0	1	0	0	0.001	0.999	0	0	0.004	0.996	0	0	0.023	0.977	0	0	0.2965	0.7035	0
3	1.64584	0.146424	0.609878	0.606657	0	0	0	1	0	0	0	1	0	0	0	1	0	0	0.0005	0	0.9995	0	0.0005	0	0.9995	0	0.0005	0	0.9995	0	0.0005	0.02	0.9795	0	0.0005	0.233	0.7665	0	0	1	0	0	0	1	0	0	0	1	0	0	0	1	0	0	0	1	0	0	0	1	0	0	0	1	0	0	0	1	0	0	0.0065	0.9935	0	0	0.1175	0.8825	0	0	0.0005	0	0.9995	0	0.0005	0.0035	0.996	0	0.0005	0.2555	0.744	0	0.001	0.4065	0.5925	0	0	1	0	0	0.0015	0.9985	0	0	0	1	0	0	0	1	0	0	0	1	0	0	0.0005	0.9995	0	0	0.0115	0.9885	0	0	0.1285	0.8715	0	0	0.432	0.568	0
22	1.45943	0.189023	0.603733	0.617809	0	0	0	1	0	0	0	1	0	0	0	1	0	0	0	0.01	0.99	0	0	0.0125	0.9875	0	0	0.017	0.983	0	0	0.024	0.976	0	0	0.1995	0.8005	0	0	1	0	0	0	1	0	0	0	1	0	0	0	1	0	0	0	1	0	0	0	1	0	0	0	1	0	0	0.0005	0.9995	0	0	0	1	0	0	0.0005	0.9995	0	0	0	0.015	0.985	0	0	0.068	0.932	0	0	0.229	0.771	0	0	0.393	0.607	0	0	1	0	0	0	1	0	0	0	1	0	0	0	1	0	0	0	1	0	0	0	1	0	0	0.0005	0.9995	0	0	0.002	0.998	0	0	0.2635	0.7365	0
12	2.44918	0.183552	0.569344	0.548202	0	0	0	1	0	0	0	1	0	0	0	1	0	0	0	0	1	0	0	0	1	0	0	0.0005	0.9995	0	0	0.24	0.76	0	0	0.0015	0.9985	0	0.0005	0.9995	0	0	0.0005	0.9995	0	0	0.0015	0.9985	0	0	0.0005	0.9995	0	0	0	1	0	0	0	1	0	0	0	1	0	0	0	1	0	0	0	1	0	0	0.004	0.996	0	0	0	0	1	0	0	0.727	0.273	0	0	0.921	0.079	0	0.0005	0.951	0.0485	0	0.0005	0.9995	0	0	0.0015	0.9985	0	0	0.0015	0.9985	0	0	0.0005	0.9995	0	0	0.0015	0.9985	0	0	0.0015	0.9985	0	0	0.0015	0.9985	0	0	0.005	0.995	0	0	0.2305	0.7695	0
24	2.7616	0.150695	0.589801	0.674997	0	0	0.004	0.996	0	0	0	1	0	0	0	1	0	0	0	0	1	0	0	0	1	0	0	0	1	0	0	0	1	0	0	0	1	0	0	1	0	0	0	1	0	0	0	1	0	0	0	1	0	0	0	1	0	0	0	1	0	0	0	1	0	0	0	1	0	0	0.035	0.965	0	0	0.0415	0.9585	0	0	0	0	1	0	0	0	1	0	0	0.0495	0.9505	0	0	0.2835	0.7165	0	0	1	0	0	0.0005	0.9995	0	0	0	1	0	0	0	1	0	0	0	1	0	0	0	1	0	0	0.001	0.999	0	0	0.003	0.997	0	0	0.286	0.714	0
4	2.27206	0.168408	0.534619	0.57205	0	0	0.048	0.952	0	0	0.002	0.998	0	0	0.3595	0.6405	0	0	0	0	1	0	0	0	1	0	0	0	1	0	0	0.1405	0.8595	0	0	0	1	0	0	1	0	0	0	1	0	0	0	1	0	0	0	1	0	0	0	1	0	0	0	1	0	0	0	1	0	0	0	1	0	0	0.068	0.932	0	0	0.3615	0.6385	0	0	0	0	1	0	0	0	1	0	0	0.853	0.147	0	0	0.885	0.115	0	0	1	0	0	0.001	0.999	0	0	0	1	0	0	0	1	0	0	0.0005	0.9995	0	0	0.0005	0.9995	0	0	0.0015	0.9985	0	0	0.011	0.989	0	0	0.514	0.486	0
23	2.95407	0.267942	0.589707	0.704968	0	0	0	1	0	0	0	1	0	0	0	1	0	0	0	0	1	0	0	0	1	0	0	0	1	0	0	0	1	0	0	0	1	0	0	1	0	0	0	1	0	0	0	1	0	0	0	1	0	0	0	1	0	0	0	1	0	0	0	1	0	0	0.0015	0.9985	0	0	0	1	0	0	0.0105	0.9895	0	0	0	0	1	0	0	0	1	0	0	0	1	0	0	0.0675	0.9325	0	0	1	0	0	0	1	0	0	0	1	0	0	0	1	0	0	0	1	0	0	0	1	0	0	0.002	0.998	0	0	0.015	0.985	0	0	0.2705	0.7295	0
13	2.64999	0.257863	0.593072	0.667545	0	0	0.0005	0.9995	0	0	0	1	0	0	0	1	0	0	0	0.0245	0.9755	0	0	0	1	0	0	0	1	0	0	0	1	0	0	0	1	0	0	1	0	0	0	1	0	0	0	1	0	0	0	1	0	0	0	1	0	0	0	1	0	0	0	1	0	0	0.0015	0.9985	0	0	0.0005	0.9995	0	0	0.006	0.994	0	0	0	0.0485	0.9515	0	0	0.1225	0.8775	0	0	0	1	0	0	0.3255	0.6745	0	0	1	0	0	0	1	0	0	0	1	0	0	0	1	0	0	0	1	0	0	0	1	0	0	0.0005	0.9995	0	0	0.0095	0.9905	0	0	0.2565	0.7435	0
25	4.62636	0.145473	0.608425	0.615569	0	0	0	1	0	0	0	1	0	0	0	1	0	0	0	0	1	0	0	0	1	0	0	0	1	0	0	0	1	0	0	0	1	0	0.001	0.999	0	0	0.001	0.999	0	0	0	1	0	0	0	1	0	0	0	1	0	0	0	1	0	0	0	1	0	0	0.0005	0.9995	0	0	0	1	0	0	0.0275	0.9725	0	0	0	0	1	0	0	0.6045	0.3955	0	0	0	1	0	0	0.7235	0.2765	0	0.001	0.999	0	0	0.002	0.998	0	0	0	1	0	0	0	1	0	0	0	1	0	0	0	1	0	0	0.003	0.997	0	0	0.0265	0.9735	0	0	0.2875	0.7125	0
5	2.41876	0.249724	0.631943	0.560894	0	0	0.004	0.996	0	0	0.0015	0.9985	0	0	0.0015	0.9985	0	0	0	0.0015	0.9985	0	0	0.0015	0.9985	0	0	0.002	0.998	0	0.0015	0.038	0.9605	0	0.0025	0.055	0.9425	0	0.002	0.998	0	0	0.0015	0.9985	0	0	0.001	0.999	0	0	0	1	0	0	0	1	0	0	0	1	0	0	0	1	0	0	0.0045	0.9955	0	0	0.0125	0.9875	0	0	0.127	0.873	0	0	0	0.003	0.997	0	0	0.882	0.118	0	0.0025	0.748	0.2495	0	0.017	0.912	0.071	0	0.006	0.994	0	0	0.0225	0.9775	0	0	0.001	0.999	0	0	0	1	0	0	0.001	0.999	0	0	0.0045	0.9955	0	0	0.03	0.97	0	0	0.1425	0.8575	0	0	0.46	0.54	0
26	2.73765	0.272141	0.623377	0.711136	0	0	0.0125	0.9875	0	0	0.0015	0.9985	0	0	0	1	0	0	0	0	1	0	0	0	1	0	0	0	1	0	0	0	1	0	0	0	1	0	0.0005	0.9995	0	0	0.001	0.999	0	0	0	1	0	0	0	1	0	0	0	1	0	0	0	1	0	0	0.006	0.994	0	0	0.01	0.99	0	0	0.0165	0.9835	0	0	0.102	0.898	0	0	0	0	1	0	0	0	1	0	0	0	1	0	0	0.108	0.892	0	0.001	0.999	0	0	0.0015	0.9985	0	0	0	1	0	0	0	1	0	0	0	1	0	0	0.006	0.994	0	0	0.015	0.985	0	0	0.098	0.902	0	0	0.3825	0.6175	0
27	2.15825	0.262862	0.593362	0.666914	0	0	0.0005	0.9995	0	0	0.001	0.999	0	0	0	1	0	0	0	0	1	0	0	0	1	0	0	0.0055	0.9945	0	0	0	1	0	0	0	1	0	0.001	0.999	0	0	0.001	0.999	0	0	0	1	0	0	0	1	0	0	0	1	0	0	0	1	0	0	0.001	0.999	0	0	0.001	0.999	0	0	0.001	0.999	0	0	0.033	0.967	0	0	0	0.002	0.998	0	0	0.0315	0.9685	0	0	0	1	0	0	0.1755	0.8245	0	0.001	0.999	0	0	0.0025	0.9975	0	0	0	1	0	0	0	1	0	0	0	1	0	0	0.0025	0.9975	0	0	0.007	0.993	0	0	0.0305	0.9695	0	0	0.2855	0.7145	0
28	1.94749	0.200857	0.577126	0.688389	0	0	0	1	0	0	0.0005	0.9995	0	0	0	1	0	0	0	0	1	0	0	0	1	0	0	0.0005	0.9995	0	0	0	1	0	0	0	1	0	0	1	0	0	0	1	0	0	0	1	0	0	0	1	0	0	0	1	0	0	0	1	0	0	0	1	0	0	0	1	0	0	0.0005	0.9995	0	0	0.003	0.997	0	0	0	0	1	0	0	0.0005	0.9995	0	0	0	1	0	0	0.192	0.808	0	0	1	0	0	0	1	0	0	0	1	0	0	0	1	0	0	0	1	0	0	0	1	0	0	0.0005	0.9995	0	0	0.0025	0.9975	0	0	0.2445	0.7555	0
6	2.55931	0.147246	0.614583	0.614232	0	0	0	1	0	0	0	1	0	0	0	1	0	0	0	0	1	0	0	0	1	0	0	0	1	0	0	0	1	0	0	0.0375	0.9625	0	0	1	0	0	0	1	0	0	0	1	0	0	0	1	0	0	0	1	0	0	0	1	0	0	0	1	0	0	0	1	0	0	0	1	0	0	0.0005	0.9995	0	0	0	0	1	0	0	0	1	0	0	0.5275	0.4725	0	0	0.632	0.368	0	0	1	0	0	0	1	0	0	0	1	0	0	0	1	0	0	0	1	0	0	0	1	0	0	0	1	0	0	0.0005	0.9995	0	0	0.26	0.74	0
29	3.14847	0.21768	0.593646	0.638388	0	0	0	1	0	0	0	1	0	0	0.0025	0.9975	0	0	0	0	1	0	0	0	1	0	0	0	1	0	0	0	1	0	0	0	1	0	0	1	0	0	0.0015	0.9985	0	0	0	1	0	0	0	1	0	0	0	1	0	0	0	1	0	0	0	1	0	0	0.0015	0.9985	0	0	0.0005	0.9995	0	0	0.0165	0.9835	0	0	0	0	1	0	0	0.0065	0.9935	0	0	0.302	0.698	0	0	0.482	0.518	0	0.0015	0.9985	0	0	0.005	0.995	0	0	0	1	0	0	0	1	0	0	0	1	0	0	0.001	0.999	0	0	0.0095	0.9905	0	0	0.027	0.973	0	0	0.277	0.723	0
7	3.47345	0.297738	0.569368	0.633597	0	0	0.06	0.94	0	0	0.095	0.905	0	0	0.0285	0.9715	0	0	0	0.0005	0.9995	0	0	0	1	0	0.006	0.0095	0.9845	0	0	0.0015	0.9985	0	0	0	1	0	0	1	0	0	0	1	0	0	0	1	0	0	0	1	0	0	0	1	0	0	0	1	0	0	0	1	0	0	0.014	0.986	0	0	0.1025	0.8975	0	0	0.1455	0.8545	0	0	0	0.032	0.968	0	0.01	0.061	0.929	0	0	0.332	0.668	0	0.0105	0.4045	0.585	0	0	1	0	0	0.0115	0.9885	0	0	0	1	0	0	0	1	0	0	0	1	0	0	0.003	0.997	0	0	0.0165	0.9835	0	0	0.0665	0.9335	0	0	0.3975	0.6025	0
61	2.63946	0.416001	0.212172	0.733504	0	0	0.498	0.502	0	0	0.4645	0.5355	0	0	0.501	0.499	0	0	0.0015	0.0015	0.997	0	0.0015	0.0025	0.996	0	0.0015	0.01	0.9885	0	0.0015	0	0.9985	0	0.0015	0	0.9985	0	0.462	0.538	0	0	0.4295	0.5705	0	0	0.4315	0.5685	0	0	0.4835	0.5165	0	0	0.497	0.503	0	0	0.496	0.504	0	0	0.499	0.501	0	0	0.0735	0.9265	0	0	0.506	0.494	0	0	0.5225	0.4775	0	0	0.0015	0.0135	0.985	0	0.0015	0.0305	0.968	0	0.0015	0	0.9985	0	0.0015	0.6015	0.397	0	0.463	0.537	0	0	0.4675	0.5325	0	0	0.4865	0.5135	0	0	0.4975	0.5025	0	0	0.4975	0.5025	0	0	0.5	0.5	0	0	0.5035	0.4965	0	0	0.517	0.483	0	0	0.663	0.337	0
30	2.71282	0.440104	0.588704	0.688511	0	0	0.0475	0.9525	0	0	0.059	0.941	0	0	0.038	0.962	0	0	0	0	1	0	0	0	1	0	0.0005	0.0005	0.999	0	0	0	1	0	0	0.0065	0.9935	0	0.048	0.952	0	0	0.066	0.934	0	0	0.017	0.983	0	0	0.0275	0.9725	0	0	0.0205	0.9795	0	0	0.004	0.996	0	0	0.023	0.977	0	0	0.0855	0.9145	0	0	0.081	0.919	0	0	0.3205	0.6795	0	0	0	0.0035	0.9965	0	0.0005	0.0085	0.991	0	0	0.0695	0.9305	0	0.001	0.3435	0.6555	0	0.09	0.91	0	0	0.1065	0.8935	0	0	0.045	0.955	0	0	0.0275	0.9725	0	0	0.067	0.933	0	0	0.129	0.871	0	0	0.1865	0.8135	0	0	0.398	0.602	0	0	0.671	0.329	0
48	1.82113	0.248164	0.608198	0.606686	0	0	0.005	0.995	0	0	0.0145	0.9855	0	0	0.0225	0.9775	0	0	0	0	1	0	0	0	1	0	0	0	1	0	0	0.1635	0.8365	0	0	0.0035	0.9965	0	0	1	0	0	0	1	0	0	0	1	0	0	0	1	0	0	0	1	0	0	0	1	0	0	0	1	0	0	0.002	0.998	0	0	0.0155	0.9845	0	0	0.037	0.963	0	0	0	0	1	0	0	0	1	0	0	0.3575	0.6425	0	0	0.4765	0.5235	0	0	1	0	0	0.0005	0.9995	0	0	0	1	0	0	0	1	0	0	0	1	0	0	0	1	0	0	0.004	0.996	0	0	0.02	0.98	0	0	0.2975	0.7025	0
71	5.52419	0.282279	0.585196	0.554282	0	0	0.0035	0.9965	0	0	0.01	0.99	0	0	0.0175	0.9825	0	0	0	0	1	0	0	0	1	0	0	0.0005	0.9995	0	0	0	1	0	0	0	1	0	0	1	0	0	0	1	0	0	0	1	0	0	0	1	0	0	0	1	0	0	0	1	0	0	0.0005	0.9995	0	0	0.001	0.999	0	0	0.013	0.987	0	0	0.0255	0.9745	0	0	0	0.4085	0.5915	0	0	0.9	0.1	0	0	0.999	0.001	0	0.0005	0.999	0.0005	0	0	1	0	0	0.001	0.999	0	0	0	1	0	0	0.0005	0.9995	0	0	0.0005	0.9995	0	0	0.0005	0.9995	0	0	0.0015	0.9985	0	0	0.01	0.99	0	0	0.267	0.733	0
62	1.9569	0.241738	0.602828	0.703473	0	0	0	1	0	0	0	1	0	0	0.0005	0.9995	0	0	0	0	1	0	0	0	1	0	0	0	1	0	0	0	1	0	0	0.001	0.999	0	0	1	0	0	0	1	0	0	0	1	0	0	0.0015	0.9985	0	0	0.0005	0.9995	0	0	0.001	0.999	0	0	0.0005	0.9995	0	0	0.001	0.999	0	0	0	1	0	0	0.0065	0.9935	0	0	0	0	1	0	0	0.0005	0.9995	0	0	0.0035	0.9965	0	0	0.092	0.908	0	0	1	0	0	0	1	0	0	0.0015	0.9985	0	0	0.001	0.999	0	0	0.0015	0.9985	0	0	0.002	0.998	0	0	0.002	0.998	0	0	0.0115	0.9885	0	0	0.2665	0.7335	0
31	1.36867	0.382206	0.583627	0.537129	0	0	0.084	0.916	0	0	0.058	0.942	0	0	0.0195	0.9805	0	0	0.004	0.1635	0.8325	0	0.006	0.1065	0.8875	0	0.009	0.2065	0.7845	0	0.0125	0.2085	0.779	0	0.006	0.262	0.732	0	0.0015	0.9985	0	0	0.002	0.998	0	0	0.001	0.999	0	0	0.001	0.999	0	0	0	1	0	0	0.0005	0.9995	0	0	0.002	0.998	0	0	0.0255	0.9745	0	0	0.0925	0.9075	0	0	0.167	0.833	0	0	0.0065	0.195	0.7985	0	0.0135	0.2605	0.726	0	0.015	0.273	0.712	0	0.0175	0.4515	0.531	0	0.0025	0.9975	0	0	0.022	0.978	0	0	0.001	0.999	0	0	0.001	0.999	0	0	0.0025	0.9975	0	0	0.0165	0.9835	0	0	0.04	0.96	0	0	0.1465	0.8535	0	0	0.45	0.55	0
49	3.20272	0.234188	0.565726	0.588606	0	0	0.0005	0.9995	0	0	0	1	0	0	0	1	0	0	0	0	1	0	0	0	1	0	0	0	1	0	0	0	1	0	0	0	1	0	0.008	0.992	0	0	0.006	0.994	0	0	0.0095	0.9905	0	0	0.0055	0.9945	0	0	0	1	0	0	0	1	0	0	0.0195	0.9805	0	0	0.2115	0.7885	0	0	0.002	0.998	0	0	0.083	0.917	0	0	0	0	1	0	0	0	1	0	0	0.9555	0.0445	0	0	0.9675	0.0325	0	0.0145	0.9855	0	0	0.036	0.964	0	0	0.0095	0.9905	0	0	0.0015	0.9985	0	0	0.01	0.99	0	0	0.0315	0.9685	0	0	0.072	0.928	0	0	0.3095	0.6905	0	0	0.5325	0.4675	0
72	2.17851	0.192104	0.651439	0.638006	0	0	0.002	0.998	0	0	0.0005	0.9995	0	0	0	1	0	0	0	0.0465	0.9535	0	0	0.005	0.995	0	0	0.0195	0.9805	0	0	0	1	0	0	0	1	0	0.001	0.999	0	0	0.001	0.999	0	0	0.0005	0.9995	0	0	0.0005	0.9995	0	0	0.0005	0.9995	0	0	0.007	0.993	0	0	0.005	0.995	0	0	0.042	0.958	0	0	0.0265	0.9735	0	0	0.4235	0.5765	0	0	0	0.098	0.902	0	0	0.226	0.774	0	0	0	1	0	0	0.405	0.595	0	0.0015	0.9985	0	0	0.015	0.985	0	0	0.0025	0.9975	0	0	0.007	0.993	0	0	0.007	0.993	0	0	0.009	0.991	0	0	0.053	0.947	0	0	0.4795	0.5205	0	0	0.8375	0.1625	0
63	1.38845	0.0666833	0.606065	0.618402	0	0	0	1	0	0	0	1	0	0	0	1	0	0	0	0.003	0.997	0	0	0.003	0.997	0	0	0.0165	0.9835	0	0	0.0635	0.9365	0	0	0.003	0.997	0	0	1	0	0	0	1	0	0	0	1	0	0	0	1	0	0	0	1	0	0	0	1	0	0	0	1	0	0	0.0005	0.9995	0	0	0	1	0	0	0.0095	0.9905	0	0	0	0.004	0.996	0	0	0.0265	0.9735	0	0	0.343	0.657	0	0	0.4755	0.5245	0	0	1	0	0	0.0015	0.9985	0	0	0	1	0	0	0	1	0	0	0	1	0	0	0	1	0	0	0.0015	0.9985	0	0	0.013	0.987	0	0	0.2705	0.7295	0
32	3.06025	0.26416	0.613772	0.576259	0	0	0	1	0	0	0	1	0	0	0	1	0	0	0.0005	0.039	0.9605	0	0.0005	0.026	0.9735	0	0.0005	0.013	0.9865	0	0	0.0005	0.9995	0	0	0	1	0	0.0005	0.9995	0	0	0.0005	0.9995	0	0	0	1	0	0	0	1	0	0	0	1	0	0	0	1	0	0	0	1	0	0	0.0005	0.9995	0	0	0	1	0	0	0.002	0.998	0	0	0.0005	0.0855	0.914	0	0.0005	0.144	0.8555	0	0	0.9105	0.0895	0	0.0005	0.9325	0.067	0	0.0005	0.9995	0	0	0.0005	0.9995	0	0	0	1	0	0	0	1	0	0	0	1	0	0	0	1	0	0	0.0015	0.9985	0	0	0.0035	0.9965	0	0	0.2585	0.7415	0
50	2.57708	0.149397	0.597139	0.705961	0	0	0	1	0	0	0	1	0	0	0	1	0	0	0	0	1	0	0	0	1	0	0	0	1	0	0	0	1	0	0	0	1	0	0	1	0	0	0	1	0	0	0	1	0	0	0	1	0	0	0	1	0	0	0	1	0	0	0	1	0	0	0	1	0	0	0	1	0	0	0.011	0.989	0	0	0	0	1	0	0	0	1	0	0	0	1	0	0	0.043	0.957	0	0	1	0	0	0	1	0	0	0	1	0	0	0	1	0	0	0	1	0	0	0	1	0	0	0.0005	0.9995	0	0	0.007	0.993	0	0	0.2605	0.7395	0
73	2.46512	0.237731	0.600093	0.678375	0	0	0.0005	0.9995	0	0	0.0015	0.9985	0	0	0.002	0.998	0	0	0	0	1	0	0	0	1	0	0	0	1	0	0	0	1	0	0	0.004	0.996	0	0	1	0	0	0	1	0	0	0	1	0	0	0	1	0	0	0	1	0	0	0	1	0	0	0	1	0	0	0.0005	0.9995	0	0	0.0045	0.9955	0	0	0.021	0.979	0	0	0	0	1	0	0	0	1	0	0	0.004	0.996	0	0	0.2215	0.7785	0	0	1	0	0	0	1	0	0	0	1	0	0	0	1	0	0	0	1	0	0	0.0005	0.9995	0	0	0.003	0.997	0	0	0.021	0.979	0	0	0.274	0.726	0
64	2.15507	0.424416	0.576421	0.463036	0	0	0.0135	0.9865	0	0	0.027	0.973	0	0	0.0145	0.9855	0	0	0	0.014	0.986	0	0	0.0005	0.9995	0	0.0025	0.5105	0.487	0	0.0065	0.28	0.7135	0	0.0085	0.114	0.8775	0	0.004	0.996	0	0	0.006	0.994	0	0	0.0005	0.9995	0	0	0	1	0	0	0.0005	0.9995	0	0	0	1	0	0	0.002	0.998	0	0	0.0175	0.9825	0	0	0.0375	0.9625	0	0	0.052	0.948	0	0	0	0.228	0.772	0	0.0045	0.778	0.2175	0	0.01	0.3805	0.6095	0	0.011	0.827	0.162	0	0.0075	0.9925	0	0	0.013	0.987	0	0	0.0005	0.9995	0	0	0.001	0.999	0	0	0.001	0.999	0	0	0.003	0.997	0	0	0.016	0.984	0	0	0.0375	0.9625	0	0	0.3005	0.6995	0
51	1.37551	0.0998872	0.575726	0.659116	0	0	0	1	0	0	0	1	0	0	0.0015	0.9985	0	0	0	0.0005	0.9995	0	0	0.001	0.999	0	0	0.0655	0.9345	0	0	0.0005	0.9995	0	0	0.0055	0.9945	0	0	1	0	0	0	1	0	0	0	1	0	0	0	1	0	0	0	1	0	0	0	1	0	0	0	1	0	0	0	1	0	0	0	1	0	0	0.0095	0.9905	0	0	0	0.001	0.999	0	0	0.0995	0.9005	0	0	0.048	0.952	0	0	0.3	0.7	0	0	1	0	0	0	1	0	0	0	1	0	0	0	1	0	0	0	1	0	0	0	1	0	0	0.0005	0.9995	0	0	0.009	0.991	0	0	0.2425	0.7575	0
33	3.32684	0.364733	0.572021	0.500579	0	0	0.0565	0.9435	0	0	0.0555	0.9445	0	0	0.0255	0.9745	0	0	0	0.0015	0.9985	0	0	0.001	0.999	0	0	0.0005	0.9995	0	0.001	0	0.999	0	0.001	0.544	0.455	0	0.0005	0.9995	0	0	0.001	0.999	0	0	0.0005	0.9995	0	0	0.0005	0.9995	0	0	0.0005	0.9995	0	0	0.0005	0.9995	0	0	0	1	0	0	0.007	0.993	0	0	0.0605	0.9395	0	0	0.0965	0.9035	0	0	0	0.006	0.994	0	0	0.9745	0.0255	0	0.001	0.9445	0.0545	0	0.01	0.9755	0.0145	0	0.0025	0.9975	0	0	0.012	0.988	0	0	0.0005	0.9995	0	0	0.0005	0.9995	0	0	0.0005	0.9995	0	0	0.0025	0.9975	0	0	0.016	0.984	0	0	0.0485	0.9515	0	0	0.3535	0.6465	0
74	2.25301	0.185249	0.585468	0.675253	0	0	0	1	0	0	0	1	0	0	0	1	0	0	0	0	1	0	0	0	1	0	0	0	1	0	0	0	1	0	0	0	1	0	0	1	0	0	0	1	0	0	0	1	0	0	0	1	0	0	0	1	0	0	0	1	0	0	0	1	0	0	0.0045	0.9955	0	0	0	1	0	0	0.0015	0.9985	0	0	0	0	1	0	0	0	1	0	0	0.0035	0.9965	0	0	0.236	0.764	0	0	1	0	0	0	1	0	0	0	1	0	0	0	1	0	0	0	1	0	0	0	1	0	0	0.001	0.999	0	0	0.0085	0.9915	0	0	0.245	0.755	0
65	1.65133	0.131076	0.603473	0.68507	0	0	0	1	0	0	0	1	0	0	0.0005	0.9995	0	0	0	0.0105	0.9895	0	0	0.01	0.99	0	0	0	1	0	0	0	1	0	0	0	1	0	0	1	0	0	0	1	0	0	0	1	0	0	0	1	0	0	0	1	0	0	0	1	0	0	0	1	0	0	0	1	0	0	0	1	0	0	0.005	0.995	0	0	0	0.0135	0.9865	0	0	0.019	0.981	0	0	0	1	0	0	0.22	0.78	0	0	1	0	0	0	1	0	0	0	1	0	0	0	1	0	0	0	1	0	0	0	1	0	0	0	1	0	0	0.0015	0.9985	0	0	0.2595	0.7405	0
52	3.25896	0.195765	0.583988	0.682404	0	0	0	1	0	0	0	1	0	0	0.0005	0.9995	0	0	0	0	1	0	0	0	1	0	0	0	1	0	0	0	1	0	0	0	1	0	0	1	0	0	0	1	0	0	0	1	0	0	0	1	0	0	0	1	0	0	0	1	0	0	0	1	0	0	0	1	0	0	0.0005	0.9995	0	0	0.0045	0.9955	0	0	0	0	1	0	0	0	1	0	0	0.0005	0.9995	0	0	0.2085	0.7915	0	0	1	0	0	0	1	0	0	0	1	0	0	0	1	0	0	0	1	0	0	0	1	0	0	0.0005	0.9995	0	0	0.002	0.998	0	0	0.255	0.745	0
34	2.12479	0.241056	0.604667	0.67414	0	0	0	1	0	0	0	1	0	0	0	1	0	0	0	0	1	0	0	0	1	0	0	0.0015	0.9985	0	0	0	1	0	0	0	1	0	0	1	0	0	0	1	0	0	0	1	0	0	0	1	0	0	0	1	0	0	0	1	0	0	0	1	0	0	0.0065	0.9935	0	0	0.0005	0.9995	0	0	0.0155	0.9845	0	0	0	0.0005	0.9995	0	0	0.002	0.998	0	0	0	1	0	0	0.2275	0.7725	0	0	1	0	0	0	1	0	0	0	1	0	0	0	1	0	0	0	1	0	0	0	1	0	0	0.003	0.997	0	0	0.0225	0.9775	0	0	0.2805	0.7195	0
75	3.7043	0.299933	0.587005	0.578972	0	0	0.031	0.969	0	0	0.028	0.972	0	0	0.0035	0.9965	0	0	0	0	1	0	0	0	1	0	0	0	1	0	0	0	1	0	0	0.0005	0.9995	0	0.0005	0.9995	0	0	0	1	0	0	0	1	0	0	0	1	0	0	0	1	0	0	0	1	0	0	0.0005	0.9995	0	0	0.0015	0.9985	0	0	0.037	0.963	0	0	0.071	0.929	0	0	0	0	1	0	0	0	1	0	0	0.9535	0.0465	0	0	0.9685	0.0315	0	0.001	0.999	0	0	0.0025	0.9975	0	0	0	1	0	0	0	1	0	0	0.0005	0.9995	0	0	0.0025	0.9975	0	0	0.0065	0.9935	0	0	0.039	0.961	0	0	0.3335	0.6665	0
66	1.61505	0.0766582	0.580154	0.673903	0	0	0	1	0	0	0	1	0	0	0	1	0	0	0	0.0005	0.9995	0	0	0	1	0	0	0	1	0	0	0	1	0	0	0.0035	0.9965	0	0	1	0	0	0	1	0	0	0	1	0	0	0	1	0	0	0	1	0	0	0	1	0	0	0	1	0	0	0	1	0	0	0	1	0	0	0.0295	0.9705	0	0	0	0.0005	0.9995	0	0	0.001	0.999	0	0	0.0135	0.9865	0	0	0.213	0.787	0	0	1	0	0	0	1	0	0	0	1	0	0	0	1	0	0	0	1	0	0	0	1	0	0	0.0015	0.9985	0	0	0.033	0.967	0	0	0.2865	0.7135	0
53	2.11044	0.123405	0.604692	0.672144	0	0	0	1	0	0	0	1	0	0	0	1	0	0	0	0	1	0	0	0.0005	0.9995	0	0	0	1	0	0	0	1	0	0	0	1	0	0	1	0	0	0	1	0	0	0	1	0	0	0	1	0	0	0	1	0	0	0	1	0	0	0	1	0	0	0	1	0	0	0	1	0	0	0.0015	0.9985	0	0	0	0.003	0.997	0	0	0.01	0.99	0	0	0	1	0	0	0.2345	0.7655	0	0	1	0	0	0	1	0	0	0	1	0	0	0	1	0	0	0	1	0	0	0	1	0	0	0	1	0	0	0.0015	0.9985	0	0	0.246	0.754	0
35	2.94112	0.146506	0.605026	0.694803	0	0	0	1	0	0	0	1	0	0	0	1	0	0	0	0	1	0	0	0	1	0	0	0	1	0	0	0	1	0	0	0	1	0	0	1	0	0	0	1	0	0	0	1	0	0	0	1	0	0	0	1	0	0	0	1	0	0	0	1	0	0	0	1	0	0	0	1	0	0	0.0025	0.9975	0	0	0	0	1	0	0	0	1	0	0	0.002	0.998	0	0	0.234	0.766	0	0	1	0	0	0	1	0	0	0	1	0	0	0	1	0	0	0	1	0	0	0	1	0	0	0.0005	0.9995	0	0	0.008	0.992	0	0	0.2675	0.7325	0
76	2.30445	0.148514	0.614591	0.676129	0	0	0	1	0	0	0	1	0	0	0	1	0	0	0	0	1	0	0	0	1	0	0	0	1	0	0	0	1	0	0	0	1	0	0	1	0	0	0	1	0	0	0	1	0	0	0	1	0	0	0	1	0	0	0	1	0	0	0	1	0	0	0.0015	0.9985	0	0	0.0005	0.9995	0	0	0.021	0.979	0	0	0	0	1	0	0	0	1	0	0	0	1	0	0	0.206	0.794	0	0.0005	0.9995	0	0	0.001	0.999	0	0	0	1	0	0	0	1	0	0	0	1	0	0	0	1	0	0	0.002	0.998	0	0	0.0175	0.9825	0	0	0.299	0.701	0
67	2.25792	0.0978981	0.586905	0.673253	0	0	0	1	0	0	0	1	0	0	0	1	0	0	0	0.0025	0.9975	0	0	0.002	0.998	0	0	0.0025	0.9975	0	0	0	1	0	0	0	1	0	0	1	0	0	0	1	0	0	0	1	0	0	0	1	0	0	0	1	0	0	0	1	0	0	0	1	0	0	0	1	0	0	0.0005	0.9995	0	0	0.0095	0.9905	0	0	0	0.0025	0.9975	0	0	0.0025	0.9975	0	0	0	1	0	0	0.2275	0.7725	0	0	1	0	0	0	1	0	0	0	1	0	0	0	1	0	0	0	1	0	0	0	1	0	0	0.0005	0.9995	0	0	0.0105	0.9895	0	0	0.2685	0.7315	0
54	5.36581	0.324448	0.580399	0.565984	0	0	0	1	0	0	0	1	0	0	0	1	0	0	0	0	1	0	0	0	1	0	0	0	1	0	0	0	1	0	0	0	1	0	0.001	0.999	0	0	0.002	0.998	0	0	0.013	0.987	0	0	0.0145	0.9855	0	0	0.0065	0.9935	0	0	0.018	0.982	0	0	0.006	0.994	0	0	0.0145	0.9855	0	0	0.0005	0.9995	0	0	0.006	0.994	0	0	0	0	1	0	0	0.9945	0.0055	0	0	0.903	0.097	0	0.012	0.986	0.002	0	0.004	0.996	0	0	0.0155	0.9845	0	0	0.016	0.984	0	0	0.018	0.982	0	0	0.018	0.982	0	0	0.0185	0.9815	0	0	0.0215	0.9785	0	0	0.0305	0.9695	0	0	0.267	0.733	0
36	3.93127	0.113778	0.610922	0.574252	0	0	0	1	0	0	0	1	0	0	0	1	0	0	0	0	1	0	0	0	1	0	0	0	1	0	0	0	1	0	0	0	1	0	0	1	0	0	0	1	0	0	0	1	0	0	0	1	0	0	0	1	0	0	0	1	0	0	0	1	0	0	0	1	0	0	0	1	0	0	0.0225	0.9775	0	0	0	0	1	0	0	0	1	0	0	0.9945	0.0055	0	0	0.9955	0.0045	0	0	1	0	0	0.0005	0.9995	0	0	0	1	0	0	0	1	0	0	0	1	0	0	0	1	0	0	0.002	0.998	0	0	0.0165	0.9835	0	0	0.282	0.718	0
77	1.84965	0.142248	0.613605	0.425554	0	0	0	1	0	0	0	1	0	0	0	1	0	0	0	0.2395	0.7605	0	0	0.3545	0.6455	0	0	0.5655	0.4345	0	0	0.0005	0.9995	0	0	0	1	0	0	1	0	0	0	1	0	0	0	1	0	0	0	1	0	0	0	1	0	0	0	1	0	0	0	1	0	0	0	1	0	0	0	1	0	0	0.013	0.987	0	0	0	0.504	0.496	0	0	0.724	0.276	0	0	0.0985	0.9015	0	0	0.784	0.216	0	0	1	0	0	0	1	0	0	0	1	0	0	0	1	0	0	0	1	0	0	0	1	0	0	0.0015	0.9985	0	0	0.019	0.981	0	0	0.2575	0.7425	0
68	2.92469	0.140193	0.606186	0.679306	0	0	0.0045	0.9955	0	0	0.0005	0.9995	0	0	0	1	0	0	0	0	1	0	0	0	1	0	0	0	1	0	0	0	1	0	0	0	1	0	0	1	0	0	0	1	0	0	0	1	0	0	0	1	0	0	0	1	0	0	0	1	0	0	0	1	0	0	0.0005	0.9995	0	0	0.0045	0.9955	0	0	0.0095	0.9905	0	0	0	0	1	0	0	0	1	0	0	0.017	0.983	0	0	0.2135	0.7865	0	0	1	0	0	0	1	0	0	0	1	0	0	0	1	0	0	0	1	0	0	0	1	0	0	0.0015	0.9985	0	0	0.008	0.992	0	0	0.2685	0.7315	0
55	2.10657	0.106205	0.60002	0.689605	0	0	0	1	0	0	0	1	0	0	0	1	0	0	0	0	1	0	0	0	1	0	0	0	1	0	0	0	1	0	0	0	1	0	0	1	0	0	0	1	0	0	0	1	0	0	0	1	0	0	0	1	0	0	0	1	0	0	0	1	0	0	0	1	0	0	0.0005	0.9995	0	0	0.026	0.974	0	0	0	0	1	0	0	0	1	0	0	0	1	0	0	0.216	0.784	0	0	1	0	0	0	1	0	0	0	1	0	0	0	1	0	0	0	1	0	0	0	1	0	0	0.0025	0.9975	0	0	0.0225	0.9775	0	0	0.28	0.72	0
37	1.73325	0.209296	0.58358	0.671893	0	0	0	1	0	0	0	1	0	0	0	1	0	0	0	0.0005	0.9995	0	0	0.0025	0.9975	0	0	0.0115	0.9885	0	0	0.003	0.997	0	0	0.0015	0.9985	0	0	1	0	0	0	1	0	0	0	1	0	0	0	1	0	0	0	1	0	0	0	1	0	0	0	1	0	0	0	1	0	0	0	1	0	0	0.0035	0.9965	0	0	0	0.004	0.996	0	0	0.058	0.942	0	0	0.0245	0.9755	0	0	0.262	0.738	0	0	1	0	0	0	1	0	0	0	1	0	0	0	1	0	0	0	1	0	0	0	1	0	0	0.001	0.999	0	0	0.0065	0.9935	0	0	0.251	0.749	0
78	3.3117	0.470456	0.571106	0.642393	0	0	0.025	0.975	0	0	0.023	0.977	0	0	0.0185	0.9815	0	0	0	0.0285	0.9715	0	0	0	1	0	0.01	0.066	0.924	0	0	0.0085	0.9915	0	0	0	1	0	0.015	0.985	0	0	0.0135	0.9865	0	0	0.0405	0.9595	0	0	0.0355	0.9645	0	0	0.1035	0.8965	0	0	0.0435	0.9565	0	0	0.0945	0.9055	0	0	0.0435	0.9565	0	0	0.045	0.955	0	0	0.0905	0.9095	0	0	0	0.0785	0.9215	0	0.0165	0.11	0.8735	0	0	0.1065	0.8935	0	0.017	0.4035	0.5795	0	0.0235	0.9765	0	0	0.0445	0.9555	0	0	0.0535	0.9465	0	0	0.1035	0.8965	0	0	0.1035	0.8965	0	0	0.106	0.894	0	0	0.118	0.882	0	0	0.1595	0.8405	0	0	0.416	0.584	0
69	2.64123	0.152665	0.584385	0.576385	0	0	0	1	0	0	0	1	0	0	0	1	0	0	0	0.0015	0.9985	0	0	0.0025	0.9975	0	0	0.01	0.99	0	0	0	1	0	0	0.0035	0.9965	0	0	1	0	0	0	1	0	0	0	1	0	0	0	1	0	0	0	1	0	0	0	1	0	0	0	1	0	0	0	1	0	0	0	1	0	0	0.0125	0.9875	0	0	0	0.017	0.983	0	0	0.929	0.071	0	0	0.0495	0.9505	0	0	0.948	0.052	0	0	1	0	0	0.0005	0.9995	0	0	0	1	0	0	0	1	0	0	0	1	0	0	0.0005	0.9995	0	0	0.0015	0.9985	0	0	0.017	0.983	0	0	0.261	0.739	0
56	2.23974	0.18268	0.613654	0.595593	0	0	0	1	0	0	0	1	0	0	0	1	0	0	0	0	1	0	0	0	1	0	0	0	1	0	0	0.0005	0.9995	0	0	0.002	0.998	0	0	1	0	0	0	1	0	0	0	1	0	0	0	1	0	0	0	1	0	0	0	1	0	0	0	1	0	0	0	1	0	0	0.0005	0.9995	0	0	0.0045	0.9955	0	0	0	0	1	0	0	0.003	0.997	0	0	0.8135	0.1865	0	0	0.8545	0.1455	0	0	1	0	0	0	1	0	0	0	1	0	0	0	1	0	0	0	1	0	0	0	1	0	0	0	1	0	0	0.0035	0.9965	0	0	0.2805	0.7195	0
38	2.36228	0.288641	0.471625	0.655539	0	0	0.258	0.742	0	0	0.1085	0.8915	0	0	0.448	0.552	0	0	0	0	1	0	0	0	1	0	0	0.0045	0.9955	0	0	0	1	0	0	0	1	0	0	1	0	0	0	1	0	0	0	1	0	0	0	1	0	0	0	1	0	0	0	1	0	0	0	1	0	0	0.0005	0.9995	0	0	0.369	0.631	0	0	0.46	0.54	0	0	0	0.0005	0.9995	0	0	0.013	0.987	0	0	0.1245	0.8755	0	0	0.312	0.688	0	0	1	0	0	0.0005	0.9995	0	0	0	1	0	0	0	1	0	0	0	1	0	0	0	1	0	0	0.0025	0.9975	0	0	0.025	0.975	0	0	0.609	0.391	0
79	2.29133	0.105828	0.600311	0.582304	0	0	0	1	0	0	0	1	0	0	0	1	0	0	0	0.001	0.999	0	0	0	1	0	0	0.0445	0.9555	0	0	0	1	0	0	0	1	0	0	1	0	0	0	1	0	0	0	1	0	0	0	1	0	0	0	1	0	0	0	1	0	0	0	1	0	0	0	1	0	0	0	1	0	0	0.0105	0.9895	0	0	0	0.001	0.999	0	0	0.057	0.943	0	0	0.8635	0.1365	0	0	0.889	0.111	0	0	1	0	0	0	1	0	0	0	1	0	0	0	1	0	0	0	1	0	0	0	1	0	0	0.001	0.999	0	0	0.01	0.99	0	0	0.257	0.743	0
70	2.36117	0.190758	0.659318	0.664391	0	0	0.0025	0.9975	0	0	0.0005	0.9995	0	0	0	1	0	0	0	0	1	0	0	0	1	0	0	0	1	0	0	0	1	0	0	0.0005	0.9995	0	0	1	0	0	0	1	0	0	0	1	0	0	0	1	0	0	0	1	0	0	0	1	0	0	0	1	0	0	0.002	0.998	0	0	0.004	0.996	0	0	0.2705	0.7295	0	0	0	0	1	0	0	0	1	0	0	0.023	0.977	0	0	0.247	0.753	0	0	1	0	0	0.002	0.998	0	0	0	1	0	0	0	1	0	0	0	1	0	0	0.001	0.999	0	0	0.019	0.981	0	0	0.232	0.768	0	0	0.607	0.393	0
57	3.31383	0.173859	0.586438	0.565408	0	0	0	1	0	0	0	1	0	0	0	1	0	0	0	0	1	0	0	0	1	0	0	0	1	0	0	0.035	0.965	0	0	0.1465	0.8535	0	0	1	0	0	0	1	0	0	0	1	0	0	0	1	0	0	0	1	0	0	0	1	0	0	0	1	0	0	0	1	0	0	0	1	0	0	0.0015	0.9985	0	0	0	0	1	0	0	0	1	0	0	0.8165	0.1835	0	0	0.8575	0.1425	0	0	1	0	0	0.0005	0.9995	0	0	0	1	0	0	0	1	0	0	0	1	0	0	0	1	0	0	0.001	0.999	0	0	0.0035	0.9965	0	0	0.26	0.74	0
39	2.29177	0.291474	0.606722	0.6655	0	0	0	1	0	0	0	1	0	0	0	1	0	0	0	0	1	0	0	0	1	0	0	0.0015	0.9985	0	0	0.0015	0.9985	0	0	0.0005	0.9995	0	0	1	0	0	0	1	0	0	0	1	0	0	0.0025	0.9975	0	0	0	1	0	0	0	1	0	0	0.002	0.998	0	0	0.007	0.993	0	0	0	1	0	0	0.019	0.981	0	0	0	0.0035	0.9965	0	0	0.0105	0.9895	0	0	0.0735	0.9265	0	0	0.285	0.715	0	0	1	0	0	0.001	0.999	0	0	0.0025	0.9975	0	0	0.0005	0.9995	0	0	0.0025	0.9975	0	0	0.0025	0.9975	0	0	0.0065	0.9935	0	0	0.036	0.964	0	0	0.293	0.707	0
80	1.88862	0.109922	0.594326	0.573075	0	0	0	1	0	0	0	1	0	0	0	1	0	0	0	0	1	0	0	0	1	0	0	0	1	0	0	0.146	0.854	0	0	0.2665	0.7335	0	0	1	0	0	0	1	0	0	0	1	0	0	0	1	0	0	0	1	0	0	0	1	0	0	0	1	0	0	0	1	0	0	0	1	0	0	0.001	0.999	0	0	0	0	1	0	0	0	1	0	0	0.2845	0.7155	0	0	0.413	0.587	0	0	1	0	0	0	1	0	0	0	1	0	0	0	1	0	0	0	1	0	0	0	1	0	0	0	1	0	0	0.002	0.998	0	0	0.239	0.761	0
85	1.86623	0.424962	0.538859	0.62083	0	0	0.034	0.966	0	0	0.0325	0.9675	0	0	0.0005	0.9995	0	0	0.0115	0.078	0.9105	0	0.0095	0.082	0.9085	0	0.016	0.0015	0.9825	0	0.013	0.1485	0.8385	0	0.0155	0.007	0.9775	0	0.0155	0.9845	0	0	0.016	0.984	0	0	0.0385	0.9615	0	0	0.028	0.972	0	0	0.0775	0.9225	0	0	0.0855	0.9145	0	0	0.05	0.95	0	0	0.0525	0.9475	0	0	0.0345	0.9655	0	0	0.0465	0.9535	0	0	0.0125	0.1175	0.87	0	0.016	0.1475	0.8365	0	0.0155	0.2495	0.735	0	0.019	0.4175	0.5635	0	0.021	0.979	0	0	0.035	0.965	0	0	0.0545	0.9455	0	0	0.0855	0.9145	0	0	0.0855	0.9145	0	0	0.0865	0.9135	0	0	0.088	0.912	0	0	0.0995	0.9005	0	0	0.332	0.668	0
58	2.48006	0.192025	0.592287	0.666938	0	0	0.002	0.998	0	0	0.0145	0.9855	0	0	0	1	0	0	0	0	1	0	0	0	1	0	0	0.001	0.999	0	0	0	1	0	0	0	1	0	0	1	0	0	0	1	0	0	0	1	0	0	0	1	0	0	0	1	0	0	0	1	0	0	0	1	0	0	0	1	0	0	0.0285	0.9715	0	0	0.0305	0.9695	0	0	0	0.026	0.974	0	0	0.08	0.92	0	0	0	1	0	0	0.307	0.693	0	0	1	0	0	0	1	0	0	0	1	0	0	0	1	0	0	0	1	0	0	0	1	0	0	0	1	0	0	0.002	0.998	0	0	0.2865	0.7135	0
40	2.30983	0.337031	0.586856	0.670405	0	0	0.0005	0.9995	0	0	0	1	0	0	0	1	0	0	0	0	1	0	0	0	1	0	0	0.003	0.997	0	0	0.0005	0.9995	0	0	0	1	0	0	1	0	0	0	1	0	0	0	1	0	0	0	1	0	0	0	1	0	0	0	1	0	0	0	1	0	0	0	1	0	0	0.0005	0.9995	0	0	0.004	0.996	0	0	0	0	1	0	0	0.027	0.973	0	0	0.0005	0.9995	0	0	0.2275	0.7725	0	0	1	0	0	0	1	0	0	0	1	0	0	0	1	0	0	0	1	0	0	0	1	0	0	0	1	0	0	0.005	0.995	0	0	0.2685	0.7315	0
81	3.80818	0.16734	0.595947	0.578677	0	0	0.001	0.999	0	0	0	1	0	0	0.002	0.998	0	0	0	0	1	0	0	0	1	0	0	0	1	0	0	0	1	0	0	0	1	0	0.0005	0.9995	0	0	0	1	0	0	0	1	0	0	0	1	0	0	0	1	0	0	0	1	0	0	0	1	0	0	0	1	0	0	0.001	0.999	0	0	0.011	0.989	0	0	0	0	1	0	0	0	1	0	0	0.982	0.018	0	0	0.984	0.016	0	0.0005	0.9995	0	0	0.0005	0.9995	0	0	0	1	0	0	0	1	0	0	0	1	0	0	0	1	0	0	0.0005	0.9995	0	0	0.012	0.988	0	0	0.254	0.746	0
86	1.71506	0.171989	0.600092	0.684572	0	0	0.0005	0.9995	0	0	0	1	0	0	0	1	0	0	0	0	1	0	0	0	1	0	0	0.001	0.999	0	0	0.002	0.998	0	0	0.003	0.997	0	0	1	0	0	0	1	0	0	0	1	0	0	0	1	0	0	0	1	0	0	0	1	0	0	0	1	0	0	0.002	0.998	0	0	0.0005	0.9995	0	0	0.0295	0.9705	0	0	0	0	1	0	0	0.0045	0.9955	0	0	0.0035	0.9965	0	0	0.215	0.785	0	0	1	0	0	0	1	0	0	0	1	0	0	0	1	0	0	0	1	0	0	0	1	0	0	0.005	0.995	0	0	0.056	0.944	0	0	0.313	0.687	0
59	1.91464	0.253782	0.615784	0.590068	0	0	0.0005	0.9995	0	0	0.003	0.997	0	0	0.0055	0.9945	0	0	0	0.0375	0.9625	0	0	0.064	0.936	0	0	0.026	0.974	0	0	0.004	0.996	0	0	0.009	0.991	0	0	1	0	0	0	1	0	0	0	1	0	0	0	1	0	0	0	1	0	0	0	1	0	0	0	1	0	0	0.0005	0.9995	0	0	0.0075	0.9925	0	0	0.0265	0.9735	0	0	0	0.1475	0.8525	0	0	0.2875	0.7125	0	0	0.4805	0.5195	0	0.0005	0.6225	0.377	0	0	1	0	0	0.0015	0.9985	0	0	0	1	0	0	0	1	0	0	0	1	0	0	0	1	0	0	0.004	0.996	0	0	0.0225	0.9775	0	0	0.2955	0.7045	0
41	2.48486	0.159325	0.302093	0.592997	0	0	0.586	0.414	0	0	0.2285	0.7715	0	0	0	1	0	0	0.0015	0.006	0.9925	0	0.0015	0.0225	0.976	0	0.0015	0.0035	0.995	0	0.023	0	0.977	0	0.023	0.002	0.975	0	0.002	0.998	0	0	0.0015	0.9985	0	0	0.494	0.506	0	0	0.541	0.459	0	0	0.5305	0.4695	0	0	0.541	0.459	0	0	0.4935	0.5065	0	0	0.1885	0.8115	0	0	0.5865	0.4135	0	0	0.589	0.411	0	0	0.0015	0.2915	0.707	0	0.0015	0.9155	0.083	0	0.023	0.0655	0.9115	0	0.028	0.91	0.062	0	0.0045	0.9955	0	0	0.188	0.812	0	0	0.541	0.459	0	0	0.541	0.459	0	0	0.541	0.459	0	0	0.541	0.459	0	0	0.543	0.457	0	0	0.5485	0.4515	0	0	0.6985	0.3015	0
82	3.1317	0.314189	0.607112	0.572913	0	0	0	1	0	0	0.0005	0.9995	0	0	0.002	0.998	0	0	0	0.018	0.982	0	0	0.0145	0.9855	0	0	0	1	0	0	0.004	0.996	0	0	0.0005	0.9995	0	0.0015	0.9985	0	0	0.001	0.999	0	0	0	1	0	0	0	1	0	0	0	1	0	0	0	1	0	0	0.0005	0.9995	0	0	0.0025	0.9975	0	0	0.001	0.999	0	0	0.0085	0.9915	0	0	0	0.0255	0.9745	0	0	0.758	0.242	0	0	0.5405	0.4595	0	0.003	0.8355	0.1615	0	0.0025	0.9975	0	0	0.0045	0.9955	0	0	0	1	0	0	0	1	0	0	0	1	0	0	0.001	0.999	0	0	0.0045	0.9955	0	0	0.0115	0.9885	0	0	0.269	0.731	0
87	2.27113	0.0752243	0.584271	0.694846	0	0	0	1	0	0	0	1	0	0	0	1	0	0	0	0	1	0	0	0.0005	0.9995	0	0	0	1	0	0	0	1	0	0	0	1	0	0	1	0	0	0	1	0	0	0	1	0	0	0	1	0	0	0	1	0	0	0	1	0	0	0	1	0	0	0.0005	0.9995	0	0	0.001	0.999	0	0	0.012	0.988	0	0	0	0.0005	0.9995	0	0	0.0005	0.9995	0	0	0	1	0	0	0.0795	0.9205	0	0	1	0	0	0	1	0	0	0	1	0	0	0	1	0	0	0	1	0	0	0	1	0	0	0.0025	0.9975	0	0	0.012	0.988	0	0	0.272	0.728	0
60	2.96151	0.176305	0.604998	0.673122	0	0	0	1	0	0	0	1	0	0	0	1	0	0	0	0	1	0	0	0	1	0	0	0	1	0	0	0.0005	0.9995	0	0	0.0005	0.9995	0	0	1	0	0	0	1	0	0	0	1	0	0	0	1	0	0	0	1	0	0	0	1	0	0	0	1	0	0	0.0005	0.9995	0	0	0.0005	0.9995	0	0	0.0085	0.9915	0	0	0	0	1	0	0	0.0005	0.9995	0	0	0.0005	0.9995	0	0	0.2495	0.7505	0	0	1	0	0	0	1	0	0	0	1	0	0	0	1	0	0	0	1	0	0	0.0005	0.9995	0	0	0.0015	0.9985	0	0	0.0055	0.9945	0	0	0.2725	0.7275	0
42	2.1254	0.287529	0.591363	0.503603	0	0	0	1	0	0	0	1	0	0	0	1	0	0	0.0015	0.2405	0.758	0	0.0015	0.2415	0.757	0	0.003	0.316	0.681	0	0	0	1	0	0	0.005	0.995	0	0.004	0.996	0	0	0.004	0.996	0	0	0	1	0	0	0	1	0	0	0	1	0	0	0	1	0	0	0	1	0	0	0.0035	0.9965	0	0	0	1	0	0	0.0035	0.9965	0	0	0.003	0.326	0.671	0	0.004	0.4015	0.5945	0	0	0.4935	0.5065	0	0.004	0.672	0.324	0	0.004	0.996	0	0	0.004	0.996	0	0	0	1	0	0	0	1	0	0	0	1	0	0	0.0005	0.9995	0	0	0.0055	0.9945	0	0	0.009	0.991	0	0	0.231	0.769	0
83	4.14819	0.226831	0.607273	0.531875	0	0	0	1	0	0	0	1	0	0	0	1	0	0	0	0.0985	0.9015	0	0	0.095	0.905	0	0	0.018	0.982	0	0	0	1	0	0	0	1	0	0	1	0	0	0	1	0	0	0	1	0	0	0	1	0	0	0	1	0	0	0	1	0	0	0	1	0	0	0	1	0	0	0	1	0	0	0.0045	0.9955	0	0	0	0.1395	0.8605	0	0	0.997	0.003	0	0	0.9835	0.0165	0	0	0.999	0.001	0	0	1	0	0	0.0005	0.9995	0	0	0	1	0	0	0	1	0	0	0	1	0	0	0	1	0	0	0.0005	0.9995	0	0	0.004	0.996	0	0	0.264	0.736	0
88	1.56249	0.160895	0.578104	0.517811	0	0	0	1	0	0	0	1	0	0	0	1	0	0	0	0.014	0.986	0	0	0.0145	0.9855	0	0	0.3295	0.6705	0	0	0.278	0.722	0	0	0	1	0	0	1	0	0	0	1	0	0	0	1	0	0	0	1	0	0	0	1	0	0	0	1	0	0	0	1	0	0	0	1	0	0	0	1	0	0	0.002	0.998	0	0	0	0.0185	0.9815	0	0	0.456	0.544	0	0	0.3075	0.6925	0	0	0.576	0.424	0	0	1	0	0	0	1	0	0	0	1	0	0	0	1	0	0	0	1	0	0	0	1	0	0	0	1	0	0	0.0015	0.9985	0	0	0.245	0.755	0
89	1.50043	0.217545	0.564319	0.659197	0	0	0	1	0	0	0	1	0	0	0	1	0	0	0.031	0.024	0.945	0	0.035	0.0185	0.9465	0	0.046	0.0135	0.9405	0	0.05	0.026	0.924	0	0.0525	0.0245	0.923	0	0.062	0.938	0	0	0.0625	0.9375	0	0	0	1	0	0	0	1	0	0	0	1	0	0	0	1	0	0	0	1	0	0	0.0715	0.9285	0	0	0	1	0	0	0.015	0.985	0	0	0.045	0.0145	0.9405	0	0.059	0.001	0.94	0	0.0585	0.033	0.9085	0	0.059	0.212	0.729	0	0.0625	0.9375	0	0	0.0645	0.9355	0	0	0	1	0	0	0	1	0	0	0	1	0	0	0.001	0.999	0	0	0.068	0.932	0	0	0.0955	0.9045	0	0	0.333	0.667	0
43	2.5402	0.146017	0.595381	0.680768	0	0	0	1	0	0	0	1	0	0	0	1	0	0	0.002	0.009	0.989	0	0.003	0.0085	0.9885	0	0.002	0.027	0.971	0	0	0	1	0	0	0	1	0	0.0005	0.9995	0	0	0.001	0.999	0	0	0	1	0	0	0	1	0	0	0	1	0	0	0	1	0	0	0.0005	0.9995	0	0	0.0005	0.9995	0	0	0.0005	0.9995	0	0	0.007	0.993	0	0	0.005	0.008	0.987	0	0.0055	0.0285	0.966	0	0	0.0965	0.9035	0	0.0055	0.1435	0.851	0	0.002	0.998	0	0	0.0055	0.9945	0	0	0	1	0	0	0	1	0	0	0	1	0	0	0.0005	0.9995	0	0	0.006	0.994	0	0	0.0125	0.9875	0	0	0.2675	0.7325	0
84	2.30824	0.187531	0.602003	0.669814	0	0	0	1	0	0	0	1	0	0	0	1	0	0	0	0.0005	0.9995	0	0	0	1	0	0	0.001	0.999	0	0	0	1	0	0	0	1	0	0	1	0	0	0	1	0	0	0	1	0	0	0	1	0	0	0	1	0	0	0	1	0	0	0	1	0	0	0.0005	0.9995	0	0	0.0005	0.9995	0	0	0.0035	0.9965	0	0	0	0.001	0.999	0	0	0.0035	0.9965	0	0	0	1	0	0	0.2495	0.7505	0	0	1	0	0	0	1	0	0	0	1	0	0	0	1	0	0	0	1	0	0	0	1	0	0	0	1	0	0	0.001	0.999	0	0	0.245	0.755	0
92	1.85355	0.304222	0.603156	0.647316	0	0	0.002	0.998	0	0	0.029	0.971	0	0	0.0015	0.9985	0	0	0	0.008	0.992	0	0	0.0085	0.9915	0	0	0.114	0.886	0	0	0	1	0	0	0	1	0	0.0005	0.9995	0	0	0	1	0	0	0	1	0	0	0	1	0	0	0	1	0	0	0	1	0	0	0.0005	0.9995	0	0	0.003	0.997	0	0	0.037	0.963	0	0	0.091	0.909	0	0	0	0.012	0.988	0	0	0.1645	0.8355	0	0	0	1	0	0	0.328	0.672	0	0.0005	0.9995	0	0	0.002	0.998	0	0	0	1	0	0	0	1	0	0	0	1	0	0	0.0015	0.9985	0	0	0.009	0.991	0	0	0.061	0.939	0	0	0.3685	0.6315	0
90	2.21948	0.243186	0.607985	0.551201	0	0	0.0005	0.9995	0	0	0.001	0.999	0	0	0	1	0	0	0.0005	0.0995	0.9	0	0.001	0.102	0.897	0	0	0.293	0.707	0	0	0	1	0	0	0.0645	0.9355	0	0	1	0	0	0	1	0	0	0	1	0	0	0	1	0	0	0	1	0	0	0	1	0	0	0	1	0	0	0.0085	0.9915	0	0	0.0015	0.9985	0	0	0.062	0.938	0	0	0.0015	0.1315	0.867	0	0.0015	0.397	0.6015	0	0	0.5335	0.4665	0	0.0025	0.707	0.2905	0	0	1	0	0	0.004	0.996	0	0	0	1	0	0	0	1	0	0	0	1	0	0	0	1	0	0	0.008	0.992	0	0	0.0685	0.9315	0	0	0.3455	0.6545	0
44	2.71396	0.283897	0.596498	0.347659	0	0	0	1	0	0	0	1	0	0	0.003	0.997	0	0	0.0075	0.5905	0.402	0	0.0085	0.602	0.3895	0	0.0085	0.78	0.2115	0	0	0.0045	0.9955	0	0	0	1	0	0	1	0	0	0.0005	0.9995	0	0	0.001	0.999	0	0	0.0005	0.9995	0	0	0.0015	0.9985	0	0	0.001	0.999	0	0	0.008	0.992	0	0	0.0205	0.9795	0	0	0.007	0.993	0	0	0.0565	0.9435	0	0	0.0105	0.8015	0.188	0	0.0165	0.9395	0.044	0	0	0.958	0.042	0	0.0175	0.9715	0.011	0	0.0005	0.9995	0	0	0.0205	0.9795	0	0	0.001	0.999	0	0	0.0015	0.9985	0	0	0.0015	0.9985	0	0	0.012	0.988	0	0	0.024	0.976	0	0	0.088	0.912	0	0	0.3515	0.6485	0
94	2.39584	0.151892	0.569093	0.568671	0	0	0	1	0	0	0	1	0	0	0	1	0	0	0	0	1	0	0	0	1	0	0	0	1	0	0	0.0155	0.9845	0	0	0.1535	0.8465	0	0.0005	0.9995	0	0	0	1	0	0	0	1	0	0	0	1	0	0	0	1	0	0	0	1	0	0	0.001	0.999	0	0	0.21	0.79	0	0	0.0005	0.9995	0	0	0.034	0.966	0	0	0	0	1	0	0	0	1	0	0	0.8445	0.1555	0	0	0.874	0.126	0	0.001	0.999	0	0	0.011	0.989	0	0	0	1	0	0	0	1	0	0	0	1	0	0	0.0035	0.9965	0	0	0.0335	0.9665	0	0	0.235	0.765	0	0	0.45	0.55	0
93	1.65302	0.302168	0.556151	0.62733	0	0	0	1	0	0	0.0065	0.9935	0	0	0	1	0	0	0.0225	0.011	0.9665	0	0.0205	0.022	0.9575	0	0.038	0.1715	0.7905	0	0.058	0.0235	0.9185	0	0.038	0.0435	0.9185	0	0.0885	0.9115	0	0	0.0535	0.9465	0	0	0.0015	0.9985	0	0	0.0015	0.9985	0	0	0	1	0	0	0	1	0	0	0.023	0.977	0	0	0.0645	0.9355	0	0	0.008	0.992	0	0	0.029	0.971	0	0	0.023	0.107	0.87	0	0.0565	0.2335	0.71	0	0.078	0.004	0.918	0	0.078	0.362	0.56	0	0.099	0.901	0	0	0.1045	0.8955	0	0	0.0015	0.9985	0	0	0	1	0	0	0.0025	0.9975	0	0	0.0265	0.9735	0	0	0.111	0.889	0	0	0.133	0.867	0	0	0.369	0.631	0
91	2.02353	0.102712	0.627147	0.681263	0	0	0.002	0.998	0	0	0	1	0	0	0	1	0	0	0	0	1	0	0	0	1	0	0	0	1	0	0	0	1	0	0	0	1	0	0	1	0	0	0	1	0	0	0	1	0	0	0	1	0	0	0	1	0	0	0	1	0	0	0	1	0	0	0.001	0.999	0	0	0.002	0.998	0	0	0.1255	0.8745	0	0	0	0	1	0	0	0	1	0	0	0	1	0	0	0.2175	0.7825	0	0	1	0	0	0.0005	0.9995	0	0	0	1	0	0	0	1	0	0	0	1	0	0	0.0005	0.9995	0	0	0.0075	0.9925	0	0	0.121	0.879	0	0	0.432	0.568	0
45	1.66507	0.165428	0.624198	0.638272	0	0	0	1	0	0	0	1	0	0	0.001	0.999	0	0	0	0.056	0.944	0	0	0.0555	0.9445	0	0	0.006	0.994	0	0	0.009	0.991	0	0	0	1	0	0	1	0	0	0	1	0	0	0	1	0	0	0	1	0	0	0	1	0	0	0	1	0	0	0	1	0	0	0	1	0	0	0	1	0	0	0.0025	0.9975	0	0	0	0.0855	0.9145	0	0	0.129	0.871	0	0	0.1865	0.8135	0	0	0.382	0.618	0	0	1	0	0	0	1	0	0	0	1	0	0	0	1	0	0	0	1	0	0	0.0005	0.9995	0	0	0.001	0.999	0	0	0.0015	0.9985	0	0	0.2685	0.7315	0
95	2.29794	0.220644	0.612357	0.61269	0	0	0	1	0	0	0.001	0.999	0	0	0	1	0	0	0	0	1	0	0	0	1	0	0	0.0005	0.9995	0	0	0.0055	0.9945	0	0	0	1	0	0	1	0	0	0	1	0	0	0	1	0	0	0	1	0	0	0	1	0	0	0	1	0	0	0	1	0	0	0.0035	0.9965	0	0	0.001	0.999	0	0	0.01	0.99	0	0	0	0	1	0	0	0.4725	0.5275	0	0	0.1195	0.8805	0	0.0005	0.5795	0.42	0	0	1	0	0	0.0015	0.9985	0	0	0	1	0	0	0	1	0	0	0	1	0	0	0.001	0.999	0	0	0.0025	0.9975	0	0	0.0095	0.9905	0	0	0.273	0.727	0
96	5.546	0.265025	0.606872	0.670818	0	0	0.0005	0.9995	0	0	0	1	0	0	0.011	0.989	0	0	0	0	1	0	0	0	1	0	0	0	1	0	0	0	1	0	0	0	1	0	0.003	0.997	0	0	0.0025	0.9975	0	0	0	1	0	0	0	1	0	0	0	1	0	0	0	1	0	0	0	1	0	0	0.006	0.994	0	0	0.001	0.999	0	0	0.013	0.987	0	0	0	0	1	0	0	0	1	0	0	0	1	0	0	0.35	0.65	0	0.003	0.997	0	0	0.0035	0.9965	0	0	0	1	0	0	0	1	0	0	0	1	0	0	0	1	0	0	0.004	0.996	0	0	0.012	0.988	0	0	0.262	0.738	0
97	1.9223	0.18394	0.585325	0.684888	0	0	0.002	0.998	0	0	0.0005	0.9995	0	0	0.002	0.998	0	0	0	0	1	0	0	0	1	0	0	0	1	0	0	0.0005	0.9995	0	0	0.0005	0.9995	0	0	1	0	0	0	1	0	0	0	1	0	0	0	1	0	0	0	1	0	0	0	1	0	0	0	1	0	0	0.0055	0.9945	0	0	0.0025	0.9975	0	0	0.007	0.993	0	0	0	0	1	0	0	0	1	0	0	0.0015	0.9985	0	0	0.197	0.803	0	0	1	0	0	0	1	0	0	0	1	0	0	0	1	0	0	0	1	0	0	0	1	0	0	0.001	0.999	0	0	0.014	0.986	0	0	0.2625	0.7375	0
46	3.27198	0.389645	0.408486	0.665717	0	0	0.1305	0.8695	0	0	0.1975	0.8025	0	0	0.09	0.91	0	0	0	0	1	0	0	0	1	0	0	0.0025	0.9975	0	0.3175	0.014	0.6685	0	0.2645	0.1355	0.6	0	0.1685	0.8315	0	0	0.2025	0.7975	0	0	0.0575	0.9425	0	0	0.029	0.971	0	0	0.1625	0.8375	0	0	0.1995	0.8005	0	0	0.168	0.832	0	0	0.641	0.359	0	0	0.2375	0.7625	0	0	0.3635	0.6365	0	0	0	0	1	0	0	0.947	0.053	0	0.3295	0.1165	0.554	0	0.361	0.5975	0.0415	0	0.2465	0.7535	0	0	0.5065	0.4935	0	0	0.0755	0.9245	0	0	0.209	0.791	0	0	0.234	0.766	0	0	0.278	0.722	0	0	0.672	0.328	0	0	0.774	0.226	0	0	0.8515	0.1485	0
98	4.44364	0.258378	0.605672	0.568363	0	0	0.0005	0.9995	0	0	0.002	0.998	0	0	0.001	0.999	0	0	0	0	1	0	0	0	1	0	0.002	0.0165	0.9815	0	0	0	1	0	0	0	1	0	0.009	0.991	0	0	0.0045	0.9955	0	0	0	1	0	0	0	1	0	0	0	1	0	0	0	1	0	0	0.003	0.997	0	0	0.004	0.996	0	0	0.0035	0.9965	0	0	0.061	0.939	0	0	0	0.367	0.633	0	0.005	0.899	0.096	0	0	0.982	0.018	0	0.045	0.9485	0.0065	0	0.0105	0.9895	0	0	0.0555	0.9445	0	0	0	1	0	0	0	1	0	0	0	1	0	0	0.0055	0.9945	0	0	0.074	0.926	0	0	0.123	0.877	0	0	0.372	0.628	0
99	1.75305	0.226761	0.602925	0.663159	0	0	0.0005	0.9995	0	0	0	1	0	0	0.013	0.987	0	0	0	0.0215	0.9785	0	0	0.0005	0.9995	0	0	0.017	0.983	0	0	0	1	0	0	0	1	0	0	1	0	0	0	1	0	0	0	1	0	0	0	1	0	0	0	1	0	0	0	1	0	0	0	1	0	0	0	1	0	0	0.0035	0.9965	0	0	0.0155	0.9845	0	0	0	0.0365	0.9635	0	0	0.0735	0.9265	0	0	0	1	0	0	0.2625	0.7375	0	0	1	0	0	0	1	0	0	0	1	0	0	0	1	0	0	0	1	0	0	0	1	0	0	0	1	0	0	0.0045	0.9955	0	0	0.264	0.736	0
47	2.03896	0.24718	0.610847	0.682071	0	0	0.0005	0.9995	0	0	0	1	0	0	0	1	0	0	0	0.0015	0.9985	0	0	0	1	0	0.0005	0.007	0.9925	0	0	0	1	0	0	0.001	0.999	0	0.0005	0.9995	0	0	0.0005	0.9995	0	0	0	1	0	0	0	1	0	0	0.0005	0.9995	0	0	0	1	0	0	0.0005	0.9995	0	0	0.001	0.999	0	0	0.0005	0.9995	0	0	0.017	0.983	0	0	0	0.0055	0.9945	0	0.001	0.012	0.987	0	0	0.014	0.986	0	0.001	0.224	0.775	0	0.0005	0.9995	0	0	0.001	0.999	0	0	0	1	0	0	0.0005	0.9995	0	0	0.0005	0.9995	0	0	0.001	0.999	0	0	0.0045	0.9955	0	0	0.0385	0.9615	0	0	0.276	0.724	0
