No.	ID	loglik_Null_W	loglik_Acc_W	loglik_Full_W	logBF1	logBF2	loglik_Max_M0	loglik_Max_M1	loglik_Max_M2
0	0	-540.32109	-511.53521	-517.40141	28.785884	5.8661959	-527.20936	-503.46641	-503.45031
1	1	-373.63265	-353.43387	-358.71075	20.19878	5.2768771	-359.74545	-348.76314	-348.7589
2	2	-451.32909	-451.70816	-453.03242	-0.37907524	1.3242607	-443.58186	-444.63732	-444.15653
3	3	-334.2744	-326.0959	-330.87028	8.1784984	4.774379	-321.39119	-321.32088	-320.1528
4	4	-393.94957	-376.67768	-382.99312	17.271887	6.3154317	-381.53558	-369.44881	-369.46437
5	5	-415.33516	-403.93742	-409.91666	11.39774	5.9792355	-403.23977	-394.73864	-394.72664
6	6	-383.82937	-363.47977	-369.33346	20.349592	5.8536897	-370.81327	-357.44544	-357.44529
7	7	-550.31726	-521.00024	-525.64624	29.317018	4.6460028	-537.67655	-513.3101	-513.81971
8	8	-530.21889	-501.69617	-507.476	28.522721	5.7798308	-517.53342	-492.15333	-491.15333
9	9	-555.30813	-506.7242	-512.217	48.583927	5.4927968	-542.39505	-503.49811	-503.50144
10	10	-564.71064	-539.2014	-544.80978	25.509235	5.6083819	-552.34923	-532.38647	-532.3734
11	11	-453.78343	-434.33909	-439.17637	19.444342	4.8372847	-438.06712	-423.4065	-422.23044
12	12	-387.88367	-375.08664	-373.72944	12.79703	-1.3572073	-372.63582	-366.1764	-359.35702
13	13	-475.21742	-452.18391	-453.63945	23.03351	1.4555335	-462.41278	-446.72074	-442.16789
14	14	-330.73507	-315.20909	-319.21857	15.525985	4.0094823	-317.73252	-311.41593	-309.51881
15	15	-549.53701	-544.23259	-545.6805	5.3044234	1.4479104	-538.62864	-532.25044	-532.30384
16	16	-294.26171	-287.09012	-291.24634	7.1715882	4.1562238	-283.84331	-280.82041	-280.82716
17	17	-435.61795	-425.78637	-430.66111	9.8315796	4.8747399	-427.68825	-416.91224	-415.91458
18	18	-401.34243	-384.14847	-389.15351	17.193955	5.0050417	-388.93815	-378.32181	-376.89848
19	19	-418.09301	-398.18608	-399.91778	19.906933	1.7317012	-405.63574	-394.41716	-389.14406
20	20	-405.49865	-388.21314	-393.01821	17.285507	4.8050707	-392.24078	-383.90392	-383.86283
21	21	-482.35554	-467.75348	-472.72955	14.602063	4.9760735	-467.3627	-459.19431	-459.16034
22	22	-390.0182	-380.87654	-386.08307	9.1416612	5.2065272	-379.64648	-376.55986	-376.57899
23	23	-511.93272	-487.22142	-488.7604	24.711297	1.5389832	-499.3472	-483.3186	-475.97475
24	24	-428.5015	-403.16671	-408.05085	25.33479	4.884136	-415.40752	-399.22634	-399.23312
25	25	-562.04877	-508.09299	-512.77854	53.955771	4.6855451	-549.55133	-501.42925	-499.46303
26	26	-481.59165	-462.14668	-466.82207	19.444963	4.675386	-469.04986	-457.74899	-457.73924
27	27	-429.19949	-417.8983	-421.48808	11.301197	3.5897814	-416.30106	-413.91001	-410.65277
28	28	-405.99874	-391.44466	-396.91434	14.55408	5.4696776	-392.45018	-387.41094	-387.41268
29	29	-495.48951	-472.23688	-474.97397	23.252623	2.7370834	-482.04268	-465.93405	-460.9992
30	30	-583.53383	-568.93809	-574.16004	14.59574	5.2219496	-569.93715	-560.45181	-559.73984
31	31	-435.46322	-435.53214	-437.68857	-0.068916273	2.1564321	-427.62156	-427.86717	-426.8893
32	32	-474.33824	-449.18106	-452.74931	25.157187	3.5682524	-462.56122	-442.20857	-437.43063
33	33	-517.70869	-497.34278	-503.48171	20.365904	6.1389297	-504.50499	-488.86597	-489.22797
34	34	-431.87318	-417.23507	-419.44861	14.638107	2.2135369	-419.73338	-412.70861	-408.30269
35	35	-450.67442	-422.51087	-427.80393	28.163549	5.2930687	-437.50439	-418.67245	-417.09606
36	36	-439.58331	-405.61857	-411.95902	33.964747	6.3404531	-426.42914	-398.7715	-398.77324
37	37	-402.61572	-389.60398	-391.64448	13.011742	2.0405017	-389.17506	-385.05998	-379.13666
38	38	-506.91383	-491.07125	-493.21474	15.842582	2.1434902	-494.34942	-483.90595	-478.06077
39	39	-478.9544	-465.18106	-467.04893	13.773344	1.8678734	-466.21874	-460.99769	-455.10771
40	40	-507.82735	-492.44309	-489.31531	15.38426	-3.1277767	-495.58954	-487.80952	-475.33878
41	41	-493.167	-485.01038	-483.67286	8.1566175	-1.3375224	-479.98744	-470.86157	-465.51279
42	42	-439.74646	-429.37486	-428.01365	10.371591	-1.3612147	-428.33586	-423.27338	-413.16181
43	43	-387.29914	-368.04351	-373.23332	19.255636	5.1898116	-375.17221	-361.54152	-361.77317
44	44	-426.21834	-414.31084	-418.71232	11.907504	4.4014782	-415.17963	-406.26406	-406.22517
45	45	-332.74767	-321.68609	-326.25563	11.061574	4.569539	-321.87513	-315.10007	-315.09522
46	46	-605.49287	-588.11787	-591.85986	17.375003	3.7419957	-593.67049	-577.29694	-577.24195
47	47	-431.99729	-421.03553	-421.31215	10.961758	0.27662401	-418.56868	-416.71949	-408.64846
48	48	-391.341	-381.9122	-386.81954	9.4287985	4.9073384	-380.34292	-376.20111	-376.23563
49	49	-459.02854	-439.62234	-445.29186	19.406201	5.6695234	-448.57455	-431.44844	-431.46198
50	50	-400.53672	-379.90718	-384.8992	20.629543	4.9920222	-387.26303	-376.21614	-376.21691
51	51	-277.01171	-267.9191	-272.27559	9.0926097	4.3564864	-265.90894	-264.31432	-262.22833
52	52	-482.74857	-449.8503	-455.10766	32.898275	5.2573667	-469.44656	-445.85103	-444.743
53	53	-364.58012	-346.79988	-351.93163	17.780234	5.1317434	-351.23865	-342.61127	-342.62116
54	54	-576.36442	-538.68106	-543.66897	37.683358	4.9879014	-562.29862	-528.57402	-527.94892
55	55	-339.67366	-325.03518	-330.27653	14.638479	5.241353	-327.00664	-321.34192	-321.34259
56	56	-384.33395	-368.55313	-373.90425	15.780823	5.3511283	-371.6048	-361.6533	-360.16314
57	57	-443.98977	-417.86766	-423.85871	26.122108	5.9910543	-430.44733	-411.51984	-411.51881
58	58	-473.22764	-449.77531	-455.55204	23.452327	5.7767323	-460.38046	-444.91023	-444.87743
59	59	-399.50622	-386.56978	-391.97394	12.936445	5.4041654	-386.93775	-379.86169	-379.90577
60	60	-456.93697	-431.41266	-436.85247	25.524311	5.4398165	-443.74235	-427.41146	-427.40713
61	61	-615.31267	-605.69036	-601.45899	9.6223101	-4.2313722	-606.72197	-595.73892	-587.39315
62	62	-404.16499	-390.51323	-395.90961	13.651762	5.3963871	-391.46771	-386.52012	-386.51694
63	63	-262.27474	-253.08917	-258.10699	9.185565	5.0178192	-251.05047	-248.87645	-248.87291
64	64	-506.26029	-498.61584	-502.46273	7.6444531	3.8468886	-498.27295	-491.18428	-490.75052
65	65	-346.9461	-336.20795	-340.08798	10.73815	3.880023	-335.24344	-332.04848	-330.321
66	66	-313.99688	-303.65639	-308.77704	10.340497	5.1206545	-301.77429	-299.59933	-299.59674
67	67	-342.11001	-325.06417	-330.10872	17.045842	5.0445577	-329.92845	-321.28564	-321.29055
68	68	-443.77135	-414.7997	-420.10112	28.971649	5.3014235	-431.01473	-411.23453	-411.23508
69	69	-390.49686	-372.11804	-377.05015	18.378822	4.932109	-378.04528	-365.37372	-363.82954
70	70	-433.79762	-417.57482	-422.56555	16.222799	4.9907329	-421.27314	-411.70475	-410.27238
71	71	-547.26624	-503.96941	-510.37092	43.29683	6.4015096	-534.14934	-494.68729	-494.68358
72	72	-404.53905	-392.31578	-395.09584	12.223271	2.7800626	-390.90523	-383.84293	-381.42195
73	73	-467.78772	-448.69645	-453.65957	19.091269	4.96312	-454.1471	-444.42788	-443.37282
74	74	-415.68034	-399.5533	-403.56021	16.127038	4.0069036	-404.8204	-395.05896	-392.99173
75	75	-555.65651	-525.37199	-531.13763	30.284519	5.7656472	-542.8699	-517.49702	-516.42556
76	76	-416.98081	-398.41329	-403.5911	18.567524	5.1778139	-404.98993	-394.95775	-394.96471
77	77	-339.85026	-328.06589	-332.75844	11.784366	4.6925531	-327.597	-321.93997	-321.92784
78	78	-688.20914	-664.61627	-666.53146	23.592869	1.9151877	-677.09144	-653.40882	-654.46507
79	79	-363.855	-346.16292	-351.30038	17.692083	5.1374606	-351.76642	-339.51876	-337.4787
80	80	-319.76982	-305.12332	-309.16147	14.646497	4.0381509	-306.76959	-300.61265	-300.61386
81	81	-463.6916	-427.40867	-429.96697	36.282937	2.558309	-450.63188	-420.2624	-415.63985
82	82	-487.91233	-467.34113	-473.16117	20.571201	5.8200485	-475.28959	-458.72304	-458.72345
83	83	-456.75826	-423.28985	-430.11684	33.468415	6.8269919	-444.21255	-415.31423	-415.31441
84	84	-433.21164	-413.72404	-419.03363	19.487597	5.3095845	-417.54358	-409.42985	-409.41839
85	85	-514.12052	-510.55261	-509.60682	3.567904	-0.94578928	-502.20779	-500.48535	-498.27903
86	86	-394.96951	-384.9332	-389.3417	10.036303	4.4084935	-382.93654	-380.75305	-378.48001
87	87	-329.34377	-311.21455	-316.7834	18.129218	5.568851	-316.3708	-308.01901	-308.02007
88	88	-319.68111	-313.02024	-316.73916	6.6608756	3.7189174	-312.07037	-306.09889	-306.09686
89	89	-374.22204	-370.78446	-369.95424	3.4375801	-0.83022543	-363.79609	-364.56649	-357.71008
90	90	-432.17571	-420.0792	-423.40183	12.096507	3.3226274	-420.14274	-413.70414	-409.01862
91	91	-337.40144	-324.61722	-329.64655	12.784216	5.0293228	-324.86444	-320.44847	-320.45205
92	92	-431.11099	-421.79221	-425.11049	9.3187795	3.3182801	-419.40391	-415.42624	-412.37466
93	93	-417.40774	-413.13917	-415.45239	4.2685751	2.3132201	-405.76355	-405.15345	-404.74369
94	94	-359.54643	-346.75476	-352.55304	12.791675	5.7982856	-348.01425	-338.77432	-338.78297
95	95	-444.17695	-427.34373	-432.78861	16.83322	5.4448785	-431.58701	-420.7912	-419.90856
96	96	-703.76361	-632.44247	-633.14552	71.321137	0.70304712	-692.25391	-627.78608	-620.71561
97	97	-369.02573	-355.38055	-360.94249	13.645175	5.5619384	-356.81031	-351.14322	-351.17263
98	98	-522.03632	-495.31477	-501.11639	26.721553	5.8016244	-509.11278	-486.1332	-485.3325
99	99	-372.4773	-361.04052	-365.26101	11.436786	4.2204923	-360.96067	-356.1862	-355.16716