No.	n_rate	c_rate	g_rate	l_rate	l2_rate	halLeu_0	halLeu_1	halLeu_2	halLeu_3	nipNip_0	nipNip_1	nipNip_2	nipNip_3	galGal_0	galGal_1	galGal_2	galGal_3	aptHaa_0	aptHaa_1	aptHaa_2	aptHaa_3	aptOwe_0	aptOwe_1	aptOwe_2	aptOwe_3	aptRow_0	aptRow_1	aptRow_2	aptRow_3	casCas_0	casCas_1	casCas_2	casCas_3	droNov_0	droNov_1	droNov_2	droNov_3	rheAme_0	rheAme_1	rheAme_2	rheAme_3	rhePen_0	rhePen_1	rhePen_2	rhePen_3	cryCin_0	cryCin_1	cryCin_2	cryCin_3	tinGut_0	tinGut_1	tinGut_2	tinGut_3	eudEle_0	eudEle_1	eudEle_2	eudEle_3	notPer_0	notPer_1	notPer_2	notPer_3	anoDid_0	anoDid_1	anoDid_2	anoDid_3	strCam_0	strCam_1	strCam_2	strCam_3	taeGut-aptFor_0	taeGut-aptFor_1	taeGut-aptFor_2	taeGut-aptFor_3	taeGut-galGal_0	taeGut-galGal_1	taeGut-galGal_2	taeGut-galGal_3	aptHaa-aptOwe_0	aptHaa-aptOwe_1	aptHaa-aptOwe_2	aptHaa-aptOwe_3	aptHaa-aptRow_0	aptHaa-aptRow_1	aptHaa-aptRow_2	aptHaa-aptRow_3	casCas-droNov_0	casCas-droNov_1	casCas-droNov_2	casCas-droNov_3	aptHaa-casCas_0	aptHaa-casCas_1	aptHaa-casCas_2	aptHaa-casCas_3	rheAme-rhePen_0	rheAme-rhePen_1	rheAme-rhePen_2	rheAme-rhePen_3	aptHaa-rheAme_0	aptHaa-rheAme_1	aptHaa-rheAme_2	aptHaa-rheAme_3	cryCin-tinGut_0	cryCin-tinGut_1	cryCin-tinGut_2	cryCin-tinGut_3	eudEle-notPer_0	eudEle-notPer_1	eudEle-notPer_2	eudEle-notPer_3	cryCin-eudEle_0	cryCin-eudEle_1	cryCin-eudEle_2	cryCin-eudEle_3	cryCin-anoDid_0	cryCin-anoDid_1	cryCin-anoDid_2	cryCin-anoDid_3	aptHaa-cryCin_0	aptHaa-cryCin_1	aptHaa-cryCin_2	aptHaa-cryCin_3	aptHaa-strCam_0	aptHaa-strCam_1	aptHaa-strCam_2	aptHaa-strCam_3	taeGut-aptHaa_0	taeGut-aptHaa_1	taeGut-aptHaa_2	taeGut-aptHaa_3
8	1	0.240529	0.188049	0.486314	0	0	0.378	0.622	0	0	0.3575	0.6425	0	0	0.2345	0.7655	0	0	0.787	0.213	0	0	0.935	0.065	0	0	1	0	0	0	0.993	0.007	0	0	0.9995	0.0005	0	0	0.424	0.576	0	0	0.357	0.643	0	0	0	1	0	0	0	1	0	0	0	1	0	0	0	1	0	0	0.016	0.984	0	0	0.872	0.128	0	0	0.492	0.508	0	0	0.5835	0.4165	0	0	1	0	0	0	1	0	0	0	1	0	0	0	1	0	0	0	0.448	0.552	0	0	1	0	0	0	0	1	0	0	0	1	0	0	0.0005	0.9995	0	0	0.0425	0.9575	0	0	1	0	0	0	1	0	0	0	1	0	0
18	1	0.191574	0.33135	0.509584	0	0	0	1	0	0	0	1	0	0	0.001	0.999	0	0	0.5695	0.4305	0	0	0.565	0.435	0	0	0.5845	0.4155	0	0	0.999	0.001	0	0	1	0	0	0	0.0615	0.9385	0	0	0.052	0.948	0	0	0.0005	0.9995	0	0	0.0005	0.9995	0	0	0	1	0	0	0	1	0	0	0.003	0.997	0	0	0.1025	0.8975	0	0	0.001	0.999	0	0	0.017	0.983	0	0	0.8625	0.1375	0	0	0.996	0.004	0	0	1	0	0	0	1	0	0	0	0.0695	0.9305	0	0	1	0	0	0	0.001	0.999	0	0	0.0005	0.9995	0	0	0.003	0.997	0	0	0.038	0.962	0	0	1	0	0	0	1	0	0	0	1	0	0
14	1	0.119327	0.284736	0.511125	0	0	0.0025	0.9975	0	0	0.003	0.997	0	0	0	1	0	0	0.9335	0.0665	0	0	0.93	0.07	0	0	0.9255	0.0745	0	0	0.933	0.067	0	0	0.4605	0.5395	0	0	0.289	0.711	0	0	0.415	0.585	0	0	0	1	0	0	0	1	0	0	0	1	0	0	0	1	0	0	0.013	0.987	0	0	0.049	0.951	0	0	0.0755	0.9245	0	0	0.087	0.913	0	0	0.9945	0.0055	0	0	1	0	0	0	1	0	0	0	1	0	0	0	0.441	0.559	0	0	1	0	0	0	0	1	0	0	0	1	0	0	0	1	0	0	0.0425	0.9575	0	0	1	0	0	0	1	0	0	0	1	0	0
0	1	0.270501	0.238447	0.516692	0	0	0.003	0.997	0	0	0.0125	0.9875	0	0	0.015	0.985	0	0	0.7235	0.2765	0	0	0.995	0.005	0	0	0.978	0.022	0	0	1	0	0	0	1	0	0	0	0.2985	0.7015	0	0	0.2935	0.7065	0	0	0	1	0	0	0	1	0	0	0.002	0.998	0	0	0.003	0.997	0	0	0.028	0.972	0	0	0.582	0.418	0	0	0.019	0.981	0	0	0.1145	0.8855	0	0	0.997	0.003	0	0	1	0	0	0	1	0	0	0	1	0	0	0	0.394	0.606	0	0	1	0	0	0	0	1	0	0	0.0035	0.9965	0	0	0.0045	0.9955	0	0	0.0935	0.9065	0	0	1	0	0	0	1	0	0	0	1	0	0
9	1	0.108976	0.257807	0.488807	0	0	0	1	0	0	0	1	0	0	0	1	0	0	1	0	0	0	1	0	0	0	0.998	0.002	0	0	1	0	0	0	1	0	0	0	0.008	0.992	0	0	0.01	0.99	0	0	0	1	0	0	0	1	0	0	0	1	0	0	0	1	0	0	0.008	0.992	0	0	0.2765	0.7235	0	0	0.0005	0.9995	0	0	0.0195	0.9805	0	0	1	0	0	0	1	0	0	0	1	0	0	0	1	0	0	0	0.012	0.988	0	0	1	0	0	0	0	1	0	0	0	1	0	0	0.0005	0.9995	0	0	0.029	0.971	0	0	1	0	0	0	1	0	0	0	1	0	0
19	1	0.07402	0.212161	0.515198	0	0	0	1	0	0	0	1	0	0	0	1	0	0	0.9955	0.0045	0	0	0.99	0.01	0	0	1	0	0	0	1	0	0	0	0.999	0.001	0	0	0.9175	0.0825	0	0	0.659	0.341	0	0	0	1	0	0	0	1	0	0	0	1	0	0	0	1	0	0	0.012	0.988	0	0	0.0365	0.9635	0	0	0.0005	0.9995	0	0	0.01	0.99	0	0	1	0	0	0	1	0	0	0	1	0	0	0	1	0	0	0	0.92	0.08	0	0	1	0	0	0	0.0005	0.9995	0	0	0.0005	0.9995	0	0	0.0005	0.9995	0	0	0.2015	0.7985	0	0	1	0	0	0	1	0	0	0	1	0	0
15	1	0.182093	0.11243	0.487514	0	0	0.666	0.334	0	0	0.3685	0.6315	0	0	0.712	0.288	0	0	0.7145	0.2855	0	0	0.8145	0.1855	0	0	0.84	0.16	0	0	0.8115	0.1885	0	0	0.7825	0.2175	0	0	0.786	0.214	0	0	0.7325	0.2675	0	0	0.696	0.304	0	0	0.604	0.396	0	0	0.6515	0.3485	0	0	0.609	0.391	0	0	0.654	0.346	0	0	0.1855	0.8145	0	0	0.707	0.293	0	0	0.783	0.217	0	0	0.844	0.156	0	0	0.8465	0.1535	0	0	0.8275	0.1725	0	0	0.847	0.153	0	0	0.845	0.155	0	0	0.85	0.15	0	0	0.6985	0.3015	0	0	0.673	0.327	0	0	0.7005	0.2995	0	0	0.7125	0.2875	0	0	0.8505	0.1495	0	0	0.8605	0.1395	0	0	0.9105	0.0895	0
1	1	0.110214	0.276308	0.48826	0	0	0	1	0	0	0	1	0	0	0	1	0	0	0.932	0.068	0	0	0.6845	0.3155	0	0	0.9285	0.0715	0	0	0.998	0.002	0	0	1	0	0	0	0.0405	0.9595	0	0	0.0405	0.9595	0	0	0	1	0	0	0	1	0	0	0	1	0	0	0	1	0	0	0.002	0.998	0	0	0.3105	0.6895	0	0	0	1	0	0	0.014	0.986	0	0	0.9545	0.0455	0	0	1	0	0	0	1	0	0	0	1	0	0	0	0.0555	0.9445	0	0	1	0	0	0	0	1	0	0	0.0005	0.9995	0	0	0.0005	0.9995	0	0	0.0265	0.9735	0	0	1	0	0	0	1	0	0	0	1	0	0
10	1	0.344331	0.237565	0.510837	0	0	0.016	0.984	0	0	0.014	0.986	0	0	0.017	0.983	0	0	0.889	0.111	0	0	0.732	0.268	0	0	0.997	0.003	0	0	0.9895	0.0105	0	0	0.8125	0.1875	0	0	0.5565	0.4435	0	0	0.54	0.46	0	0	0.0665	0.9335	0	0	0.07	0.93	0	0	0.0605	0.9395	0	0	0.069	0.931	0	0	0.2165	0.7835	0	0	0.346	0.654	0	0	0.021	0.979	0	0	0.126	0.874	0	0	0.9995	0.0005	0	0	1	0	0	0	1	0	0	0	1	0	0	0	0.782	0.218	0	0	1	0	0	0	0.07	0.93	0	0	0.071	0.929	0	0	0.0755	0.9245	0	0	0.337	0.663	0	0	1	0	0	0	1	0	0	0	1	0	0
20	1	0.15227	0.274656	0.489085	0	0	0	1	0	0	0	1	0	0	0.002	0.998	0	0	0.9265	0.0735	0	0	0.938	0.062	0	0	0.957	0.043	0	0	1	0	0	0	1	0	0	0	0.0095	0.9905	0	0	0.011	0.989	0	0	0	1	0	0	0	1	0	0	0	1	0	0	0	1	0	0	0.002	0.998	0	0	0.0615	0.9385	0	0	0.001	0.999	0	0	0.0415	0.9585	0	0	0.9955	0.0045	0	0	1	0	0	0	1	0	0	0	1	0	0	0	0.0175	0.9825	0	0	1	0	0	0	0	1	0	0	0	1	0	0	0	1	0	0	0.0275	0.9725	0	0	1	0	0	0	1	0	0	0	1	0	0
16	1	0.10833	0.299178	0.519862	0	0	0	1	0	0	0	1	0	0	0	1	0	0	0.48	0.52	0	0	0.4915	0.5085	0	0	0.479	0.521	0	0	0.7505	0.2495	0	0	0.663	0.337	0	0	0.005	0.995	0	0	0.009	0.991	0	0	0	1	0	0	0	1	0	0	0	1	0	0	0	1	0	0	0.0845	0.9155	0	0	0.732	0.268	0	0	0.0005	0.9995	0	0	0.0125	0.9875	0	0	0.688	0.312	0	0	0.713	0.287	0	0	0.7505	0.2495	0	0	0.7505	0.2495	0	0	0.01	0.99	0	0	0.7505	0.2495	0	0	0	1	0	0	0	1	0	0	0	1	0	0	0.22	0.78	0	0	0.751	0.249	0	0	0.7585	0.2415	0	0	0.813	0.187	0
2	1	0.37567	0.591647	0.490418	0	0	0.0005	0.9995	0	0	0	1	0	0	0.003	0.997	0	0	0.0085	0.9915	0	0	0.007	0.993	0	0	0.012	0.988	0	0	0.0135	0.9865	0	0	0.015	0.985	0	0	0.0025	0.9975	0	0	0.002	0.998	0	0	0.003	0.997	0	0	0.0055	0.9945	0	0	0.0065	0.9935	0	0	0.0005	0.9995	0	0	0.0245	0.9755	0	0	0.0395	0.9605	0	0	0.003	0.997	0	0	0.039	0.961	0	0	0.013	0.987	0	0	0.02	0.98	0	0	0.023	0.977	0	0	0.026	0.974	0	0	0.0045	0.9955	0	0	0.0285	0.9715	0	0	0.009	0.991	0	0	0.015	0.985	0	0	0.015	0.985	0	0	0.029	0.971	0	0	0.039	0.961	0	0	0.084	0.916	0	0	0.361	0.639	0
21	1	0.265972	0.257554	0.503322	0	0	0.03	0.97	0	0	0.041	0.959	0	0	0.0065	0.9935	0	0	0.6765	0.3235	0	0	0.909	0.091	0	0	0.8735	0.1265	0	0	0.8965	0.1035	0	0	0.7365	0.2635	0	0	0.5785	0.4215	0	0	0.5735	0.4265	0	0	0.06	0.94	0	0	0.028	0.972	0	0	0.0035	0.9965	0	0	0.008	0.992	0	0	0.1165	0.8835	0	0	0.071	0.929	0	0	0.041	0.959	0	0	0.047	0.953	0	0	0.91	0.09	0	0	0.91	0.09	0	0	0.9025	0.0975	0	0	0.91	0.09	0	0	0.866	0.134	0	0	0.91	0.09	0	0	0.19	0.81	0	0	0.108	0.892	0	0	0.191	0.809	0	0	0.253	0.747	0	0	0.91	0.09	0	0	0.9105	0.0895	0	0	0.9265	0.0735	0
11	1	0.174055	0.266351	0.507418	0	0	0.0005	0.9995	0	0	0.0005	0.9995	0	0	0	1	0	0	0.8175	0.1825	0	0	0.6185	0.3815	0	0	0.976	0.024	0	0	1	0	0	0	1	0	0	0	0.5505	0.4495	0	0	0.564	0.436	0	0	0.0695	0.9305	0	0	0.106	0.894	0	0	0.016	0.984	0	0	0.0075	0.9925	0	0	0.1035	0.8965	0	0	0.6765	0.3235	0	0	0.002	0.998	0	0	0.0145	0.9855	0	0	0.8735	0.1265	0	0	0.9935	0.0065	0	0	1	0	0	0	1	0	0	0	0.8355	0.1645	0	0	1	0	0	0	0.7415	0.2585	0	0	0.119	0.881	0	0	0.742	0.258	0	0	0.8175	0.1825	0	0	1	0	0	0	1	0	0	0	1	0	0
17	1	0.346852	0.533956	0.492503	0	0	0.004	0.996	0	0	0.004	0.996	0	0	0.016	0.984	0	0	0.0955	0.9045	0	0	0.094	0.906	0	0	0.0955	0.9045	0	0	0.0785	0.9215	0	0	0.054	0.946	0	0	0.049	0.951	0	0	0.0465	0.9535	0	0	0.0005	0.9995	0	0	0	1	0	0	0	1	0	0	0.001	0.999	0	0	0.061	0.939	0	0	0.0435	0.9565	0	0	0.0065	0.9935	0	0	0.029	0.971	0	0	0.0965	0.9035	0	0	0.0965	0.9035	0	0	0.08	0.92	0	0	0.0965	0.9035	0	0	0.0565	0.9435	0	0	0.0965	0.9035	0	0	0.001	0.999	0	0	0.001	0.999	0	0	0.0015	0.9985	0	0	0.062	0.938	0	0	0.097	0.903	0	0	0.112	0.888	0	0	0.323	0.677	0
3	1	0.137785	0.335831	0.498327	0	0	0.0005	0.9995	0	0	0	1	0	0	0	1	0	0	0.862	0.138	0	0	0.6005	0.3995	0	0	0.869	0.131	0	0	0.9045	0.0955	0	0	0.396	0.604	0	0	0.014	0.986	0	0	0.0135	0.9865	0	0	0.001	0.999	0	0	0.0165	0.9835	0	0	0.025	0.975	0	0	0.002	0.998	0	0	0.001	0.999	0	0	0.04	0.96	0	0	0.004	0.996	0	0	0.05	0.95	0	0	0.9395	0.0605	0	0	0.945	0.055	0	0	0.926	0.074	0	0	0.945	0.055	0	0	0.02	0.98	0	0	0.945	0.055	0	0	0.0215	0.9785	0	0	0.026	0.974	0	0	0.03	0.97	0	0	0.052	0.948	0	0	0.946	0.054	0	0	0.9485	0.0515	0	0	0.9625	0.0375	0
22	1	0.257055	0.572736	0.492986	0	0	0	1	0	0	0	1	0	0	0	1	0	0	0.015	0.985	0	0	0.014	0.986	0	0	0.023	0.977	0	0	0.023	0.977	0	0	0.0075	0.9925	0	0	0.004	0.996	0	0	0.004	0.996	0	0	0	1	0	0	0	1	0	0	0	1	0	0	0	1	0	0	0	1	0	0	0.0035	0.9965	0	0	0	1	0	0	0.005	0.995	0	0	0.021	0.979	0	0	0.0235	0.9765	0	0	0.0235	0.9765	0	0	0.0235	0.9765	0	0	0.0055	0.9945	0	0	0.0235	0.9765	0	0	0	1	0	0	0	1	0	0	0	1	0	0	0	1	0	0	0.0235	0.9765	0	0	0.0255	0.9745	0	0	0.2645	0.7355	0
12	1	0.138989	0.276848	0.482321	0	0	0	1	0	0	0	1	0	0	0	1	0	0	0.568	0.432	0	0	0.5475	0.4525	0	0	0.7685	0.2315	0	0	0.723	0.277	0	0	0.769	0.231	0	0	0.302	0.698	0	0	0.288	0.712	0	0	0.539	0.461	0	0	0.343	0.657	0	0	0.0115	0.9885	0	0	0.001	0.999	0	0	0.1725	0.8275	0	0	0.246	0.754	0	0	0	1	0	0	0.0095	0.9905	0	0	0.769	0.231	0	0	0.771	0.229	0	0	0.7695	0.2305	0	0	0.7715	0.2285	0	0	0.4205	0.5795	0	0	0.7715	0.2285	0	0	0.5715	0.4285	0	0	0.1615	0.8385	0	0	0.5715	0.4285	0	0	0.58	0.42	0	0	0.7715	0.2285	0	0	0.773	0.227	0	0	0.831	0.169	0
24	1	0.153258	0.288429	0.506395	0	0	0.022	0.978	0	0	0.006	0.994	0	0	0	1	0	0	0.6645	0.3355	0	0	0.985	0.015	0	0	0.9985	0.0015	0	0	0.985	0.015	0	0	0.9995	0.0005	0	0	0.014	0.986	0	0	0.016	0.984	0	0	0.008	0.992	0	0	0.0035	0.9965	0	0	0	1	0	0	0	1	0	0	0.011	0.989	0	0	0.0635	0.9365	0	0	0.072	0.928	0	0	0.0875	0.9125	0	0	1	0	0	0	1	0	0	0	1	0	0	0	1	0	0	0	0.022	0.978	0	0	1	0	0	0	0.0085	0.9915	0	0	0.0025	0.9975	0	0	0.0085	0.9915	0	0	0.045	0.955	0	0	1	0	0	0	1	0	0	0	1	0	0
4	1	0.156953	0.294118	0.49871	0	0	0.149	0.851	0	0	0.012	0.988	0	0	0.6475	0.3525	0	0	0.4855	0.5145	0	0	0.6	0.4	0	0	0.888	0.112	0	0	0.9045	0.0955	0	0	0.9735	0.0265	0	0	0.0345	0.9655	0	0	0.0315	0.9685	0	0	0	1	0	0	0.0005	0.9995	0	0	0	1	0	0	0	1	0	0	0.0225	0.9775	0	0	0.052	0.948	0	0	0.1775	0.8225	0	0	0.6565	0.3435	0	0	0.718	0.282	0	0	0.9745	0.0255	0	0	0.974	0.026	0	0	0.9745	0.0255	0	0	0.0485	0.9515	0	0	0.9745	0.0255	0	0	0.0035	0.9965	0	0	0.0035	0.9965	0	0	0.039	0.961	0	0	0.072	0.928	0	0	0.9745	0.0255	0	0	0.975	0.025	0	0	0.9805	0.0195	0
23	1	0.238507	0.201482	0.510278	0	0	0.0035	0.9965	0	0	0.001	0.999	0	0	0	1	0	0	0.939	0.061	0	0	0.997	0.003	0	0	0.845	0.155	0	0	0.999	0.001	0	0	0.974	0.026	0	0	0.755	0.245	0	0	0.721	0.279	0	0	0.0355	0.9645	0	0	0.041	0.959	0	0	0.0105	0.9895	0	0	0.012	0.988	0	0	0.0435	0.9565	0	0	0.3565	0.6435	0	0	0.004	0.996	0	0	0.0305	0.9695	0	0	0.9995	0.0005	0	0	1	0	0	0	1	0	0	0	1	0	0	0	0.786	0.214	0	0	1	0	0	0	0.041	0.959	0	0	0.0175	0.9825	0	0	0.0425	0.9575	0	0	0.1215	0.8785	0	0	1	0	0	0	1	0	0	0	1	0	0
13	1	0.255557	0.251119	0.476642	0	0	0.0005	0.9995	0	0	0.001	0.999	0	0	0.0005	0.9995	0	0	0.7995	0.2005	0	0	0.9505	0.0495	0	0	1	0	0	0	0.9385	0.0615	0	0	0.9945	0.0055	0	0	0.028	0.972	0	0	0.031	0.969	0	0	0.016	0.984	0	0	0.0395	0.9605	0	0	0.0175	0.9825	0	0	0.032	0.968	0	0	0.021	0.979	0	0	0.576	0.424	0	0	0.0025	0.9975	0	0	0.023	0.977	0	0	0.9725	0.0275	0	0	1	0	0	0	1	0	0	0	1	0	0	0	0.0425	0.9575	0	0	1	0	0	0	0.0395	0.9605	0	0	0.0325	0.9675	0	0	0.0405	0.9595	0	0	0.0795	0.9205	0	0	1	0	0	0	1	0	0	0	1	0	0
25	1	0.106191	0.206618	0.505758	0	0	0	1	0	0	0	1	0	0	0	1	0	0	0.966	0.034	0	0	0.8665	0.1335	0	0	1	0	0	0	1	0	0	0	0.9995	0.0005	0	0	0.8195	0.1805	0	0	0.811	0.189	0	0	0	1	0	0	0	1	0	0	0	1	0	0	0	1	0	0	0.0005	0.9995	0	0	0.0585	0.9415	0	0	0	1	0	0	0.023	0.977	0	0	1	0	0	0	1	0	0	0	1	0	0	0	1	0	0	0	0.8595	0.1405	0	0	1	0	0	0	0	1	0	0	0	1	0	0	0	1	0	0	0.0205	0.9795	0	0	1	0	0	0	1	0	0	0	1	0	0
5	1	0.267543	0.349253	0.501629	0	0	0.006	0.994	0	0	0.0035	0.9965	0	0	0.004	0.996	0	0	0.3875	0.6125	0	0	0.395	0.605	0	0	0.569	0.431	0	0	0.5555	0.4445	0	0	0.545	0.455	0	0	0.1555	0.8445	0	0	0.154	0.846	0	0	0.0135	0.9865	0	0	0.006	0.994	0	0	0	1	0	0	0.001	0.999	0	0	0.0305	0.9695	0	0	0.052	0.948	0	0	0.014	0.986	0	0	0.1095	0.8905	0	0	0.569	0.431	0	0	0.5745	0.4255	0	0	0.57	0.43	0	0	0.5755	0.4245	0	0	0.221	0.779	0	0	0.576	0.424	0	0	0.0195	0.9805	0	0	0.0085	0.9915	0	0	0.02	0.98	0	0	0.114	0.886	0	0	0.5785	0.4215	0	0	0.6015	0.3985	0	0	0.724	0.276	0
26	1	0.23678	0.286469	0.496526	0	0	0.036	0.964	0	0	0.0145	0.9855	0	0	0	1	0	0	0.6895	0.3105	0	0	0.68	0.32	0	0	0.992	0.008	0	0	0.5575	0.4425	0	0	0.993	0.007	0	0	0.2685	0.7315	0	0	0.254	0.746	0	0	0.0005	0.9995	0	0	0.005	0.995	0	0	0.002	0.998	0	0	0.0195	0.9805	0	0	0.472	0.528	0	0	0.255	0.745	0	0	0.042	0.958	0	0	0.1165	0.8835	0	0	1	0	0	0	1	0	0	0	1	0	0	0	1	0	0	0	0.381	0.619	0	0	1	0	0	0	0.0055	0.9945	0	0	0.02	0.98	0	0	0.021	0.979	0	0	0.489	0.511	0	0	1	0	0	0	1	0	0	0	1	0	0
27	1	0.21684	0.243197	0.485017	0	0	0.017	0.983	0	0	0.02	0.98	0	0	0	1	0	0	0.903	0.097	0	0	0.9155	0.0845	0	0	0.893	0.107	0	0	0.992	0.008	0	0	0.5535	0.4465	0	0	0.6065	0.3935	0	0	0.8435	0.1565	0	0	0.0105	0.9895	0	0	0.0105	0.9895	0	0	0.075	0.925	0	0	0.006	0.994	0	0	0.267	0.733	0	0	0.1035	0.8965	0	0	0.0215	0.9785	0	0	0.062	0.938	0	0	0.9845	0.0155	0	0	0.997	0.003	0	0	1	0	0	0	1	0	0	0	0.865	0.135	0	0	1	0	0	0	0.019	0.981	0	0	0.0845	0.9155	0	0	0.089	0.911	0	0	0.3865	0.6135	0	0	1	0	0	0	1	0	0	0	1	0	0
28	1	0.210426	0.33618	0.497374	0	0	0.0025	0.9975	0	0	0.023	0.977	0	0	0	1	0	0	0.5595	0.4405	0	0	0.56	0.44	0	0	0.561	0.439	0	0	0.9255	0.0745	0	0	0.967	0.033	0	0	0.0645	0.9355	0	0	0.0585	0.9415	0	0	0	1	0	0	0.001	0.999	0	0	0.0035	0.9965	0	0	0.008	0.992	0	0	0.097	0.903	0	0	0.181	0.819	0	0	0.0265	0.9735	0	0	0.032	0.968	0	0	0.8505	0.1495	0	0	0.9835	0.0165	0	0	0.9855	0.0145	0	0	0.9855	0.0145	0	0	0.096	0.904	0	0	0.9855	0.0145	0	0	0.003	0.997	0	0	0.024	0.976	0	0	0.029	0.971	0	0	0.485	0.515	0	0	0.9855	0.0145	0	0	0.9855	0.0145	0	0	0.9875	0.0125	0
6	1	0.156439	0.290391	0.504546	0	0	0	1	0	0	0	1	0	0	0.0005	0.9995	0	0	0.929	0.071	0	0	0.6625	0.3375	0	0	0.984	0.016	0	0	1	0	0	0	0.9645	0.0355	0	0	0.0135	0.9865	0	0	0.015	0.985	0	0	0	1	0	0	0	1	0	0	0.0005	0.9995	0	0	0	1	0	0	0.027	0.973	0	0	0.0555	0.9445	0	0	0	1	0	0	0.009	0.991	0	0	0.9965	0.0035	0	0	1	0	0	0	1	0	0	0	1	0	0	0	0.019	0.981	0	0	1	0	0	0	0	1	0	0	0.0005	0.9995	0	0	0.0005	0.9995	0	0	0.0575	0.9425	0	0	1	0	0	0	1	0	0	0	1	0	0
29	1	0.180914	0.207492	0.491658	0	0	0.001	0.999	0	0	0	1	0	0	0.059	0.941	0	0	0.94	0.06	0	0	0.7385	0.2615	0	0	0.999	0.001	0	0	1	0	0	0	1	0	0	0	0.726	0.274	0	0	0.8565	0.1435	0	0	0	1	0	0	0	1	0	0	0	1	0	0	0	1	0	0	0.015	0.985	0	0	0.322	0.678	0	0	0.0025	0.9975	0	0	0.0745	0.9255	0	0	0.9955	0.0045	0	0	1	0	0	0	1	0	0	0	1	0	0	0	0.8695	0.1305	0	0	1	0	0	0	0	1	0	0	0	1	0	0	0	1	0	0	0.2145	0.7855	0	0	1	0	0	0	1	0	0	0	1	0	0
7	1	0.261226	0.224146	0.492191	0	0	0.3685	0.6315	0	0	0.455	0.545	0	0	0.2055	0.7945	0	0	0.939	0.061	0	0	1	0	0	0	0.78	0.22	0	0	0.998	0.002	0	0	1	0	0	0	0.0385	0.9615	0	0	0.0385	0.9615	0	0	0.01	0.99	0	0	0.0045	0.9955	0	0	0.039	0.961	0	0	0.006	0.994	0	0	0.085	0.915	0	0	0.4625	0.5375	0	0	0.4635	0.5365	0	0	0.51	0.49	0	0	1	0	0	0	1	0	0	0	1	0	0	0	1	0	0	0	0.0495	0.9505	0	0	1	0	0	0	0.015	0.985	0	0	0.04	0.96	0	0	0.0415	0.9585	0	0	0.1795	0.8205	0	0	1	0	0	0	1	0	0	0	1	0	0
61	1	0.14333	0.0523861	0.498819	0	0	0.997	0.003	0	0	0.963	0.037	0	0	0.9965	0.0035	0	0	0.998	0.002	0	0	0.986	0.014	0	0	0.9845	0.0155	0	0	1	0	0	0	0.914	0.086	0	0	0.99	0.01	0	0	0.949	0.051	0	0	0.934	0.066	0	0	0.986	0.014	0	0	0.9985	0.0015	0	0	0.996	0.004	0	0	1	0	0	0	0.31	0.69	0	0	0.999	0.001	0	0	0.9995	0.0005	0	0	0.999	0.001	0	0	1	0	0	0	1	0	0	0	1	0	0	0	0.9905	0.0095	0	0	1	0	0	0	0.9895	0.0105	0	0	0.999	0.001	0	0	0.999	0.001	0	0	1	0	0	0	1	0	0	0	1	0	0	0	1	0	0
30	1	0.258631	0.102169	0.507187	0	0	0.645	0.355	0	0	0.6655	0.3345	0	0	0.573	0.427	0	0	0.9935	0.0065	0	0	0.958	0.042	0	0	0.979	0.021	0	0	0.9985	0.0015	0	0	0.9835	0.0165	0	0	0.848	0.152	0	0	0.8945	0.1055	0	0	0.466	0.534	0	0	0.613	0.387	0	0	0.5665	0.4335	0	0	0.432	0.568	0	0	0.5405	0.4595	0	0	0.6855	0.3145	0	0	0.684	0.316	0	0	0.785	0.215	0	0	0.9985	0.0015	0	0	1	0	0	0	1	0	0	0	1	0	0	0	0.9715	0.0285	0	0	1	0	0	0	0.6565	0.3435	0	0	0.5835	0.4165	0	0	0.708	0.292	0	0	0.841	0.159	0	0	1	0	0	0	1	0	0	0	1	0	0
71	1	0.262488	0.206137	0.508055	0	0	0.135	0.865	0	0	0.2235	0.7765	0	0	0.2585	0.7415	0	0	1	0	0	0	1	0	0	0	0.9835	0.0165	0	0	1	0	0	0	1	0	0	0	0.174	0.826	0	0	0.179	0.821	0	0	0.0005	0.9995	0	0	0	1	0	0	0.0005	0.9995	0	0	0	1	0	0	0.085	0.915	0	0	0.6665	0.3335	0	0	0.2275	0.7725	0	0	0.306	0.694	0	0	1	0	0	0	1	0	0	0	1	0	0	0	1	0	0	0	0.2305	0.7695	0	0	1	0	0	0	0.0015	0.9985	0	0	0.002	0.998	0	0	0.0055	0.9945	0	0	0.1215	0.8785	0	0	1	0	0	0	1	0	0	0	1	0	0
48	1	0.304625	0.421127	0.50067	0	0	0.0145	0.9855	0	0	0.039	0.961	0	0	0.0535	0.9465	0	0	0.141	0.859	0	0	0.1485	0.8515	0	0	0.3365	0.6635	0	0	0.3095	0.6905	0	0	0.3915	0.6085	0	0	0.03	0.97	0	0	0.0275	0.9725	0	0	0	1	0	0	0	1	0	0	0	1	0	0	0	1	0	0	0.0025	0.9975	0	0	0.086	0.914	0	0	0.0395	0.9605	0	0	0.076	0.924	0	0	0.215	0.785	0	0	0.3935	0.6065	0	0	0.3935	0.6065	0	0	0.395	0.605	0	0	0.04	0.96	0	0	0.395	0.605	0	0	0	1	0	0	0	1	0	0	0	1	0	0	0.017	0.983	0	0	0.396	0.604	0	0	0.4045	0.5955	0	0	0.5605	0.4395	0
62	1	0.251484	0.309085	0.509467	0	0	0.0005	0.9995	0	0	0.0005	0.9995	0	0	0.007	0.993	0	0	0.5005	0.4995	0	0	0.4855	0.5145	0	0	0.7955	0.2045	0	0	0.8195	0.1805	0	0	0.768	0.232	0	0	0.026	0.974	0	0	0.0275	0.9725	0	0	0.046	0.954	0	0	0.0805	0.9195	0	0	0.0225	0.9775	0	0	0.02	0.98	0	0	0.233	0.767	0	0	0.16	0.84	0	0	0.003	0.997	0	0	0.031	0.969	0	0	0.7205	0.2795	0	0	0.8275	0.1725	0	0	0.8275	0.1725	0	0	0.828	0.172	0	0	0.038	0.962	0	0	0.828	0.172	0	0	0.0985	0.9015	0	0	0.0365	0.9635	0	0	0.115	0.885	0	0	0.352	0.648	0	0	0.828	0.172	0	0	0.829	0.171	0	0	0.867	0.133	0
31	1	0.412611	0.585269	0.489231	0	0	0.063	0.937	0	0	0.039	0.961	0	0	0.02	0.98	0	0	0.012	0.988	0	0	0.0155	0.9845	0	0	0.0115	0.9885	0	0	0.014	0.986	0	0	0.011	0.989	0	0	0.009	0.991	0	0	0.0045	0.9955	0	0	0.0015	0.9985	0	0	0.002	0.998	0	0	0.001	0.999	0	0	0	1	0	0	0.0005	0.9995	0	0	0.0255	0.9745	0	0	0.0695	0.9305	0	0	0.1415	0.8585	0	0	0.0175	0.9825	0	0	0.0225	0.9775	0	0	0.0225	0.9775	0	0	0.0245	0.9755	0	0	0.0095	0.9905	0	0	0.028	0.972	0	0	0.0025	0.9975	0	0	0.0015	0.9985	0	0	0.003	0.997	0	0	0.0195	0.9805	0	0	0.046	0.954	0	0	0.126	0.874	0	0	0.4265	0.5735	0
49	1	0.191997	0.189392	0.504422	0	0	0.0015	0.9985	0	0	0	1	0	0	0	1	0	0	0.934	0.066	0	0	0.9885	0.0115	0	0	0.9205	0.0795	0	0	1	0	0	0	1	0	0	0	0.471	0.529	0	0	0.464	0.536	0	0	0.1975	0.8025	0	0	0.13	0.87	0	0	0.0015	0.9985	0	0	0.0035	0.9965	0	0	0.374	0.626	0	0	0.9005	0.0995	0	0	0.0025	0.9975	0	0	0.0645	0.9355	0	0	0.9975	0.0025	0	0	1	0	0	0	1	0	0	0	1	0	0	0	0.6155	0.3845	0	0	1	0	0	0	0.1975	0.8025	0	0	0.019	0.981	0	0	0.2055	0.7945	0	0	0.471	0.529	0	0	1	0	0	0	1	0	0	0	1	0	0
72	1	0.188656	0.263859	0.500828	0	0	0.004	0.996	0	0	0.001	0.999	0	0	0.0005	0.9995	0	0	0.852	0.148	0	0	0.876	0.124	0	0	0.901	0.099	0	0	0.9875	0.0125	0	0	0.9935	0.0065	0	0	0.1055	0.8945	0	0	0.1035	0.8965	0	0	0.0025	0.9975	0	0	0.001	0.999	0	0	0.004	0.996	0	0	0.064	0.936	0	0	0.1325	0.8675	0	0	0.3075	0.6925	0	0	0.018	0.982	0	0	0.24	0.76	0	0	0.9485	0.0515	0	0	0.988	0.012	0	0	1	0	0	0	1	0	0	0	0.15	0.85	0	0	1	0	0	0	0.009	0.991	0	0	0.0645	0.9355	0	0	0.067	0.933	0	0	0.185	0.815	0	0	1	0	0	0	1	0	0	0	1	0	0
63	1	0.0927856	0.43368	0.498609	0	0	0	1	0	0	0	1	0	0	0	1	0	0	0.22	0.78	0	0	0.2275	0.7725	0	0	0.2275	0.7725	0	0	0.348	0.652	0	0	0.3785	0.6215	0	0	0.0015	0.9985	0	0	0.0015	0.9985	0	0	0	1	0	0	0	1	0	0	0	1	0	0	0	1	0	0	0	1	0	0	0.0055	0.9945	0	0	0	1	0	0	0.01	0.99	0	0	0.3655	0.6345	0	0	0.3855	0.6145	0	0	0.385	0.615	0	0	0.386	0.614	0	0	0.002	0.998	0	0	0.386	0.614	0	0	0	1	0	0	0	1	0	0	0	1	0	0	0.0065	0.9935	0	0	0.3865	0.6135	0	0	0.3915	0.6085	0	0	0.5455	0.4545	0
32	1	0.262525	0.20609	0.49262	0	0	0.0075	0.9925	0	0	0.029	0.971	0	0	0.0005	0.9995	0	0	0.7975	0.2025	0	0	0.754	0.246	0	0	0.894	0.106	0	0	0.9965	0.0035	0	0	0.9995	0.0005	0	0	0.5705	0.4295	0	0	0.6115	0.3885	0	0	0.008	0.992	0	0	0.0075	0.9925	0	0	0.03	0.97	0	0	0.029	0.971	0	0	0.2445	0.7555	0	0	0.64	0.36	0	0	0.0355	0.9645	0	0	0.051	0.949	0	0	0.897	0.103	0	0	0.9935	0.0065	0	0	0.9995	0.0005	0	0	0.9995	0.0005	0	0	0.6255	0.3745	0	0	0.9995	0.0005	0	0	0.027	0.973	0	0	0.034	0.966	0	0	0.0365	0.9635	0	0	0.269	0.731	0	0	0.9995	0.0005	0	0	0.9995	0.0005	0	0	0.9995	0.0005	0
50	1	0.149466	0.320365	0.488418	0	0	0	1	0	0	0	1	0	0	0	1	0	0	0.621	0.379	0	0	0.74	0.26	0	0	0.605	0.395	0	0	0.999	0.001	0	0	0.9685	0.0315	0	0	0.0855	0.9145	0	0	0.08	0.92	0	0	0	1	0	0	0	1	0	0	0	1	0	0	0	1	0	0	0.0675	0.9325	0	0	0.0365	0.9635	0	0	0	1	0	0	0.018	0.982	0	0	0.936	0.064	0	0	1	0	0	0	1	0	0	0	1	0	0	0	0.131	0.869	0	0	1	0	0	0	0	1	0	0	0	1	0	0	0	1	0	0	0.092	0.908	0	0	1	0	0	0	1	0	0	0	1	0	0
73	1	0.239836	0.30281	0.517483	0	0	0.0055	0.9945	0	0	0.018	0.982	0	0	0.0095	0.9905	0	0	0.641	0.359	0	0	0.9345	0.0655	0	0	1	0	0	0	0.991	0.009	0	0	0.478	0.522	0	0	0.1185	0.8815	0	0	0.1475	0.8525	0	0	0	1	0	0	0	1	0	0	0.0005	0.9995	0	0	0.001	0.999	0	0	0.013	0.987	0	0	0.064	0.936	0	0	0.03	0.97	0	0	0.0675	0.9325	0	0	0.963	0.037	0	0	1	0	0	0	1	0	0	0	1	0	0	0	0.1685	0.8315	0	0	1	0	0	0	0	1	0	0	0.002	0.998	0	0	0.0025	0.9975	0	0	0.0475	0.9525	0	0	1	0	0	0	1	0	0	0	1	0	0
64	1	0.487551	0.441761	0.505414	0	0	0.173	0.827	0	0	0.1975	0.8025	0	0	0.1805	0.8195	0	0	0.2315	0.7685	0	0	0.2355	0.7645	0	0	0.2065	0.7935	0	0	0.222	0.778	0	0	0.23	0.77	0	0	0.203	0.797	0	0	0.2085	0.7915	0	0	0.1175	0.8825	0	0	0.1475	0.8525	0	0	0.147	0.853	0	0	0.1305	0.8695	0	0	0.173	0.827	0	0	0.2275	0.7725	0	0	0.205	0.795	0	0	0.215	0.785	0	0	0.236	0.764	0	0	0.236	0.764	0	0	0.2355	0.7645	0	0	0.236	0.764	0	0	0.221	0.779	0	0	0.236	0.764	0	0	0.152	0.848	0	0	0.1615	0.8385	0	0	0.1655	0.8345	0	0	0.179	0.821	0	0	0.238	0.762	0	0	0.257	0.743	0	0	0.453	0.547	0
51	1	0.142287	0.490062	0.484846	0	0	0	1	0	0	0	1	0	0	0.0005	0.9995	0	0	0.1465	0.8535	0	0	0.143	0.857	0	0	0.123	0.877	0	0	0.2215	0.7785	0	0	0.1935	0.8065	0	0	0.0225	0.9775	0	0	0.012	0.988	0	0	0	1	0	0	0	1	0	0	0	1	0	0	0	1	0	0	0	1	0	0	0.0105	0.9895	0	0	0	1	0	0	0.0095	0.9905	0	0	0.2245	0.7755	0	0	0.226	0.774	0	0	0.227	0.773	0	0	0.228	0.772	0	0	0.0225	0.9775	0	0	0.228	0.772	0	0	0	1	0	0	0	1	0	0	0	1	0	0	0.009	0.991	0	0	0.228	0.772	0	0	0.2325	0.7675	0	0	0.443	0.557	0
33	1	0.380959	0.224362	0.494648	0	0	0.369	0.631	0	0	0.3735	0.6265	0	0	0.2635	0.7365	0	0	0.6205	0.3795	0	0	0.6275	0.3725	0	0	0.685	0.315	0	0	0.68	0.32	0	0	0.6145	0.3855	0	0	0.2985	0.7015	0	0	0.294	0.706	0	0	0.1945	0.8055	0	0	0.213	0.787	0	0	0.2115	0.7885	0	0	0.2145	0.7855	0	0	0.0705	0.9295	0	0	0.2055	0.7945	0	0	0.3855	0.6145	0	0	0.42	0.58	0	0	0.6885	0.3115	0	0	0.6905	0.3095	0	0	0.685	0.315	0	0	0.6915	0.3085	0	0	0.3725	0.6275	0	0	0.6915	0.3085	0	0	0.214	0.786	0	0	0.2185	0.7815	0	0	0.219	0.781	0	0	0.251	0.749	0	0	0.6935	0.3065	0	0	0.7025	0.2975	0	0	0.7815	0.2185	0
74	1	0.156827	0.205273	0.493742	0	0	0	1	0	0	0	1	0	0	0	1	0	0	0.904	0.096	0	0	0.7955	0.2045	0	0	0.99	0.01	0	0	0.9965	0.0035	0	0	0.9935	0.0065	0	0	0.377	0.623	0	0	0.3755	0.6245	0	0	0.1845	0.8155	0	0	0.206	0.794	0	0	0.0055	0.9945	0	0	0.0045	0.9955	0	0	0.1015	0.8985	0	0	0.9225	0.0775	0	0	0	1	0	0	0.005	0.995	0	0	0.982	0.018	0	0	1	0	0	0	1	0	0	0	1	0	0	0	0.5	0.5	0	0	1	0	0	0	0.2065	0.7935	0	0	0.023	0.977	0	0	0.208	0.792	0	0	0.2425	0.7575	0	0	1	0	0	0	1	0	0	0	1	0	0
65	1	0.138267	0.364125	0.497276	0	0	0	1	0	0	0	1	0	0	0	1	0	0	0.321	0.679	0	0	0.317	0.683	0	0	0.863	0.137	0	0	0.388	0.612	0	0	0.846	0.154	0	0	0.1285	0.8715	0	0	0.0945	0.9055	0	0	0	1	0	0	0	1	0	0	0	1	0	0	0	1	0	0	0.0005	0.9995	0	0	0.156	0.844	0	0	0	1	0	0	0.0125	0.9875	0	0	0.4995	0.5005	0	0	0.8765	0.1235	0	0	0.877	0.123	0	0	0.877	0.123	0	0	0.1585	0.8415	0	0	0.877	0.123	0	0	0	1	0	0	0.0005	0.9995	0	0	0.0005	0.9995	0	0	0.025	0.975	0	0	0.877	0.123	0	0	0.8785	0.1215	0	0	0.9105	0.0895	0
52	1	0.203209	0.255284	0.487126	0	0	0	1	0	0	0	1	0	0	0.0005	0.9995	0	0	0.944	0.056	0	0	0.924	0.076	0	0	0.9085	0.0915	0	0	1	0	0	0	0.9995	0.0005	0	0	0.098	0.902	0	0	0.1135	0.8865	0	0	0.0065	0.9935	0	0	0.001	0.999	0	0	0.0005	0.9995	0	0	0.0025	0.9975	0	0	0.274	0.726	0	0	0.144	0.856	0	0	0.0005	0.9995	0	0	0.01	0.99	0	0	0.9935	0.0065	0	0	1	0	0	0	1	0	0	0	1	0	0	0	0.125	0.875	0	0	1	0	0	0	0.007	0.993	0	0	0.007	0.993	0	0	0.0235	0.9765	0	0	0.2945	0.7055	0	0	1	0	0	0	1	0	0	0	1	0	0
34	1	0.229556	0.307445	0.475542	0	0	0	1	0	0	0.001	0.999	0	0	0	1	0	0	0.57	0.43	0	0	0.576	0.424	0	0	0.6125	0.3875	0	0	0.9985	0.0015	0	0	0.898	0.102	0	0	0.0795	0.9205	0	0	0.074	0.926	0	0	0.0525	0.9475	0	0	0.042	0.958	0	0	0	1	0	0	0.002	0.998	0	0	0.0775	0.9225	0	0	0.4985	0.5015	0	0	0.0015	0.9985	0	0	0.0235	0.9765	0	0	0.8595	0.1405	0	0	0.993	0.007	0	0	0.999	0.001	0	0	0.999	0.001	0	0	0.112	0.888	0	0	0.999	0.001	0	0	0.0525	0.9475	0	0	0.0075	0.9925	0	0	0.0525	0.9475	0	0	0.1255	0.8745	0	0	0.999	0.001	0	0	0.999	0.001	0	0	0.999	0.001	0
75	1	0.268087	0.211339	0.500465	0	0	0.298	0.702	0	0	0.2945	0.7055	0	0	0.0605	0.9395	0	0	1	0	0	0	0.9325	0.0675	0	0	0.916	0.084	0	0	0.9995	0.0005	0	0	0.998	0.002	0	0	0.6055	0.3945	0	0	0.488	0.512	0	0	0.034	0.966	0	0	0.0255	0.9745	0	0	0.0015	0.9985	0	0	0	1	0	0	0.2735	0.7265	0	0	0.2045	0.7955	0	0	0.3175	0.6825	0	0	0.3625	0.6375	0	0	1	0	0	0	1	0	0	0	1	0	0	0	1	0	0	0	0.66	0.34	0	0	1	0	0	0	0.04	0.96	0	0	0.011	0.989	0	0	0.1025	0.8975	0	0	0.524	0.476	0	0	1	0	0	0	1	0	0	0	1	0	0
66	1	0.0744036	0.305301	0.488966	0	0	0	1	0	0	0	1	0	0	0	1	0	0	0.6505	0.3495	0	0	0.977	0.023	0	0	0.9285	0.0715	0	0	0.9825	0.0175	0	0	0.791	0.209	0	0	0.006	0.994	0	0	0.006	0.994	0	0	0	1	0	0	0	1	0	0	0	1	0	0	0	1	0	0	0	1	0	0	0.0345	0.9655	0	0	0.0005	0.9995	0	0	0.0115	0.9885	0	0	0.98	0.02	0	0	0.988	0.012	0	0	0.988	0.012	0	0	0.988	0.012	0	0	0.008	0.992	0	0	0.988	0.012	0	0	0	1	0	0	0	1	0	0	0	1	0	0	0.019	0.981	0	0	0.988	0.012	0	0	0.988	0.012	0	0	0.9915	0.0085	0
53	1	0.132175	0.290956	0.485289	0	0	0	1	0	0	0	1	0	0	0.0005	0.9995	0	0	0.9995	0.0005	0	0	0.6775	0.3225	0	0	0.9875	0.0125	0	0	0.997	0.003	0	0	0.834	0.166	0	0	0.0115	0.9885	0	0	0.0135	0.9865	0	0	0	1	0	0	0	1	0	0	0	1	0	0	0	1	0	0	0.0175	0.9825	0	0	0.0475	0.9525	0	0	0	1	0	0	0.0065	0.9935	0	0	1	0	0	0	1	0	0	0	1	0	0	0	1	0	0	0	0.0195	0.9805	0	0	1	0	0	0	0.0005	0.9995	0	0	0	1	0	0	0.0005	0.9995	0	0	0.0435	0.9565	0	0	1	0	0	0	1	0	0	0	1	0	0
35	1	0.150249	0.280735	0.488152	0	0	0.0005	0.9995	0	0	0	1	0	0	0	1	0	0	0.9135	0.0865	0	0	0.9215	0.0785	0	0	0.6455	0.3545	0	0	1	0	0	0	1	0	0	0	0.194	0.806	0	0	0.15	0.85	0	0	0.0025	0.9975	0	0	0.0065	0.9935	0	0	0	1	0	0	0	1	0	0	0.029	0.971	0	0	0.0505	0.9495	0	0	0.0025	0.9975	0	0	0.0165	0.9835	0	0	0.99	0.01	0	0	1	0	0	0	1	0	0	0	1	0	0	0	0.2095	0.7905	0	0	1	0	0	0	0.0065	0.9935	0	0	0.0005	0.9995	0	0	0.007	0.993	0	0	0.0585	0.9415	0	0	1	0	0	0	1	0	0	0	1	0	0
76	1	0.14039	0.303422	0.504525	0	0	0	1	0	0	0	1	0	0	0	1	0	0	0.5025	0.4975	0	0	0.489	0.511	0	0	1	0	0	0	0.981	0.019	0	0	0.997	0.003	0	0	0.2495	0.7505	0	0	0.247	0.753	0	0	0	1	0	0	0	1	0	0	0	1	0	0	0	1	0	0	0.008	0.992	0	0	0.0405	0.9595	0	0	0.0005	0.9995	0	0	0.0255	0.9745	0	0	0.752	0.248	0	0	1	0	0	0	1	0	0	0	1	0	0	0	0.3955	0.6045	0	0	1	0	0	0	0	1	0	0	0	1	0	0	0	1	0	0	0.029	0.971	0	0	1	0	0	0	1	0	0	0	1	0	0
67	1	0.0954352	0.359468	0.504036	0	0	0	1	0	0	0	1	0	0	0	1	0	0	0.3445	0.6555	0	0	0.333	0.667	0	0	0.552	0.448	0	0	1	0	0	0	0.9995	0.0005	0	0	0.0095	0.9905	0	0	0.011	0.989	0	0	0	1	0	0	0	1	0	0	0	1	0	0	0	1	0	0	0.108	0.892	0	0	0.0285	0.9715	0	0	0.0005	0.9995	0	0	0.017	0.983	0	0	0.5265	0.4735	0	0	0.998	0.002	0	0	1	0	0	0	1	0	0	0	0.016	0.984	0	0	1	0	0	0	0	1	0	0	0.0005	0.9995	0	0	0.0005	0.9995	0	0	0.175	0.825	0	0	1	0	0	0	1	0	0	0	1	0	0
54	1	0.186171	0.15402	0.493751	0	0	0.0025	0.9975	0	0	0.003	0.997	0	0	0.002	0.998	0	0	0.8135	0.1865	0	0	0.8145	0.1855	0	0	1	0	0	0	1	0	0	0	1	0	0	0	0.3425	0.6575	0	0	0.34	0.66	0	0	0.9085	0.0915	0	0	0.916	0.084	0	0	0.581	0.419	0	0	0.978	0.022	0	0	0.499	0.501	0	0	0.765	0.235	0	0	0.003	0.997	0	0	0.021	0.979	0	0	1	0	0	0	1	0	0	0	1	0	0	0	1	0	0	0	0.4245	0.5755	0	0	1	0	0	0	0.9455	0.0545	0	0	0.9785	0.0215	0	0	0.982	0.018	0	0	0.985	0.015	0	0	1	0	0	0	1	0	0	0	1	0	0
36	1	0.109349	0.256291	0.497688	0	0	0	1	0	0	0	1	0	0	0	1	0	0	0.9995	0.0005	0	0	1	0	0	0	0.9955	0.0045	0	0	1	0	0	0	1	0	0	0	0.1135	0.8865	0	0	0.115	0.885	0	0	0	1	0	0	0	1	0	0	0	1	0	0	0	1	0	0	0.0145	0.9855	0	0	0.0575	0.9425	0	0	0.0005	0.9995	0	0	0.0195	0.9805	0	0	1	0	0	0	1	0	0	0	1	0	0	0	1	0	0	0	0.1555	0.8445	0	0	1	0	0	0	0	1	0	0	0	1	0	0	0	1	0	0	0.0355	0.9645	0	0	1	0	0	0	1	0	0	0	1	0	0
77	1	0.138904	0.3836	0.49753	0	0	0	1	0	0	0	1	0	0	0	1	0	0	0.3185	0.6815	0	0	0.2465	0.7535	0	0	0.299	0.701	0	0	0.851	0.149	0	0	0.851	0.149	0	0	0.0405	0.9595	0	0	0.042	0.958	0	0	0	1	0	0	0	1	0	0	0	1	0	0	0	1	0	0	0.005	0.995	0	0	0.02	0.98	0	0	0	1	0	0	0.018	0.982	0	0	0.3735	0.6265	0	0	0.503	0.497	0	0	0.8515	0.1485	0	0	0.8515	0.1485	0	0	0.0725	0.9275	0	0	0.8515	0.1485	0	0	0	1	0	0	0.0005	0.9995	0	0	0.0035	0.9965	0	0	0.03	0.97	0	0	0.8515	0.1485	0	0	0.852	0.148	0	0	0.8905	0.1095	0
68	1	0.134177	0.272362	0.502225	0	0	0.006	0.994	0	0	0.004	0.996	0	0	0	1	0	0	0.9845	0.0155	0	0	0.6965	0.3035	0	0	0.9965	0.0035	0	0	1	0	0	0	1	0	0	0	0.0135	0.9865	0	0	0.013	0.987	0	0	0	1	0	0	0	1	0	0	0	1	0	0	0	1	0	0	0.0055	0.9945	0	0	0.257	0.743	0	0	0.006	0.994	0	0	0.0185	0.9815	0	0	0.9885	0.0115	0	0	1	0	0	0	1	0	0	0	1	0	0	0	0.019	0.981	0	0	1	0	0	0	0.0005	0.9995	0	0	0	1	0	0	0.002	0.998	0	0	0.088	0.912	0	0	1	0	0	0	1	0	0	0	1	0	0
55	1	0.107683	0.27728	0.504953	0	0	0	1	0	0	0	1	0	0	0	1	0	0	0.9935	0.0065	0	0	0.9525	0.0475	0	0	0.9305	0.0695	0	0	0.894	0.106	0	0	0.999	0.001	0	0	0.0105	0.9895	0	0	0.0125	0.9875	0	0	0.0005	0.9995	0	0	0.0005	0.9995	0	0	0	1	0	0	0	1	0	0	0.0025	0.9975	0	0	0.05	0.95	0	0	0	1	0	0	0.0205	0.9795	0	0	0.9985	0.0015	0	0	1	0	0	0	1	0	0	0	1	0	0	0	0.0155	0.9845	0	0	1	0	0	0	0.0105	0.9895	0	0	0.005	0.995	0	0	0.0105	0.9895	0	0	0.0355	0.9645	0	0	1	0	0	0	1	0	0	0	1	0	0
37	1	0.270298	0.383506	0.472547	0	0	0	1	0	0	0	1	0	0	0.0005	0.9995	0	0	0.391	0.609	0	0	0.334	0.666	0	0	0.3525	0.6475	0	0	0.387	0.613	0	0	0.3975	0.6025	0	0	0.0735	0.9265	0	0	0.1095	0.8905	0	0	0.006	0.994	0	0	0.027	0.973	0	0	0.0005	0.9995	0	0	0.001	0.999	0	0	0.0075	0.9925	0	0	0.02	0.98	0	0	0	1	0	0	0.014	0.986	0	0	0.402	0.598	0	0	0.404	0.596	0	0	0.406	0.594	0	0	0.4065	0.5935	0	0	0.111	0.889	0	0	0.407	0.593	0	0	0.0275	0.9725	0	0	0.003	0.997	0	0	0.038	0.962	0	0	0.0855	0.9145	0	0	0.4075	0.5925	0	0	0.41	0.59	0	0	0.566	0.434	0
78	1	0.178598	0.0648363	0.505841	0	0	0.619	0.381	0	0	0.681	0.319	0	0	0.689	0.311	0	0	0.945	0.055	0	0	1	0	0	0	0.922	0.078	0	0	0.992	0.008	0	0	0.999	0.001	0	0	0.806	0.194	0	0	0.796	0.204	0	0	0.8965	0.1035	0	0	0.862	0.138	0	0	0.9925	0.0075	0	0	0.8245	0.1755	0	0	0.9845	0.0155	0	0	0.7465	0.2535	0	0	0.7135	0.2865	0	0	0.7745	0.2255	0	0	1	0	0	0	1	0	0	0	1	0	0	0	1	0	0	0	0.8955	0.1045	0	0	1	0	0	0	0.9235	0.0765	0	0	0.9925	0.0075	0	0	0.9925	0.0075	0	0	0.9955	0.0045	0	0	1	0	0	0	1	0	0	0	1	0	0
69	1	0.140764	0.248058	0.499176	0	0	0.003	0.997	0	0	0.001	0.999	0	0	0	1	0	0	0.9355	0.0645	0	0	0.937	0.063	0	0	0.9875	0.0125	0	0	1	0	0	0	0.9785	0.0215	0	0	0.3305	0.6695	0	0	0.4145	0.5855	0	0	0	1	0	0	0	1	0	0	0	1	0	0	0	1	0	0	0.007	0.993	0	0	0.0585	0.9415	0	0	0.004	0.996	0	0	0.0175	0.9825	0	0	0.9945	0.0055	0	0	0.9985	0.0015	0	0	1	0	0	0	1	0	0	0	0.4465	0.5535	0	0	1	0	0	0	0	1	0	0	0	1	0	0	0	1	0	0	0.1495	0.8505	0	0	1	0	0	0	1	0	0	0	1	0	0
56	1	0.189478	0.290279	0.499881	0	0	0.002	0.998	0	0	0.003	0.997	0	0	0.0005	0.9995	0	0	0.639	0.361	0	0	0.6165	0.3835	0	0	0.8725	0.1275	0	0	0.928	0.072	0	0	0.924	0.076	0	0	0.2875	0.7125	0	0	0.2355	0.7645	0	0	0	1	0	0	0	1	0	0	0	1	0	0	0	1	0	0	0.0115	0.9885	0	0	0.1305	0.8695	0	0	0.004	0.996	0	0	0.0225	0.9775	0	0	0.903	0.097	0	0	0.929	0.071	0	0	0.9285	0.0715	0	0	0.929	0.071	0	0	0.322	0.678	0	0	0.929	0.071	0	0	0	1	0	0	0	1	0	0	0	1	0	0	0.0345	0.9655	0	0	0.929	0.071	0	0	0.93	0.07	0	0	0.953	0.047	0
38	1	0.247665	0.210114	0.513357	0	0	0.598	0.402	0	0	0.2995	0.7005	0	0	0.874	0.126	0	0	0.806	0.194	0	0	0.7415	0.2585	0	0	0.906	0.094	0	0	0.9945	0.0055	0	0	0.994	0.006	0	0	0.515	0.485	0	0	0.4	0.6	0	0	0.0005	0.9995	0	0	0.0025	0.9975	0	0	0.0605	0.9395	0	0	0.022	0.978	0	0	0.079	0.921	0	0	0.1105	0.8895	0	0	0.745	0.255	0	0	0.888	0.112	0	0	0.9675	0.0325	0	0	0.9945	0.0055	0	0	0.996	0.004	0	0	0.996	0.004	0	0	0.5215	0.4785	0	0	0.996	0.004	0	0	0.007	0.993	0	0	0.0615	0.9385	0	0	0.064	0.936	0	0	0.209	0.791	0	0	0.996	0.004	0	0	0.996	0.004	0	0	0.997	0.003	0
79	1	0.0980853	0.291191	0.491146	0	0	0	1	0	0	0	1	0	0	0	1	0	0	0.674	0.326	0	0	0.805	0.195	0	0	0.6355	0.3645	0	0	1	0	0	0	1	0	0	0	0.4145	0.5855	0	0	0.291	0.709	0	0	0	1	0	0	0	1	0	0	0	1	0	0	0	1	0	0	0.0005	0.9995	0	0	0.0335	0.9665	0	0	0.0015	0.9985	0	0	0.0155	0.9845	0	0	0.9935	0.0065	0	0	0.9995	0.0005	0	0	1	0	0	0	1	0	0	0	0.439	0.561	0	0	1	0	0	0	0	1	0	0	0	1	0	0	0	1	0	0	0.0215	0.9785	0	0	1	0	0	0	1	0	0	0	1	0	0
70	1	0.175711	0.260422	0.492222	0	0	0.003	0.997	0	0	0.0015	0.9985	0	0	0	1	0	0	0.8465	0.1535	0	0	0.759	0.241	0	0	0.982	0.018	0	0	1	0	0	0	0.9955	0.0045	0	0	0.2635	0.7365	0	0	0.36	0.64	0	0	0	1	0	0	0	1	0	0	0	1	0	0	0	1	0	0	0.0715	0.9285	0	0	0.069	0.931	0	0	0.0045	0.9955	0	0	0.079	0.921	0	0	0.917	0.083	0	0	1	0	0	0	1	0	0	0	1	0	0	0	0.3825	0.6175	0	0	1	0	0	0	0	1	0	0	0	1	0	0	0	1	0	0	0.096	0.904	0	0	1	0	0	0	1	0	0	0	1	0	0
57	1	0.161709	0.27218	0.497604	0	0	0	1	0	0	0.0005	0.9995	0	0	0	1	0	0	1	0	0	0	0.997	0.003	0	0	0.9915	0.0085	0	0	0.985	0.015	0	0	0.944	0.056	0	0	0.04	0.96	0	0	0.0395	0.9605	0	0	0	1	0	0	0	1	0	0	0.0005	0.9995	0	0	0	1	0	0	0.0165	0.9835	0	0	0.062	0.938	0	0	0.001	0.999	0	0	0.0105	0.9895	0	0	1	0	0	0	1	0	0	0	0.997	0.003	0	0	1	0	0	0	0.0595	0.9405	0	0	1	0	0	0	0	1	0	0	0.0005	0.9995	0	0	0.0005	0.9995	0	0	0.0465	0.9535	0	0	1	0	0	0	1	0	0	0	1	0	0
39	1	0.208473	0.169136	0.502356	0	0	0.001	0.999	0	0	0.0025	0.9975	0	0	0	1	0	0	0.992	0.008	0	0	0.9805	0.0195	0	0	0.989	0.011	0	0	0.9935	0.0065	0	0	0.9975	0.0025	0	0	0.5935	0.4065	0	0	0.6555	0.3445	0	0	0.281	0.719	0	0	0.6045	0.3955	0	0	0.1175	0.8825	0	0	0.005	0.995	0	0	0.726	0.274	0	0	0.7155	0.2845	0	0	0.003	0.997	0	0	0.0235	0.9765	0	0	0.998	0.002	0	0	1	0	0	0	1	0	0	0	1	0	0	0	0.7485	0.2515	0	0	1	0	0	0	0.6045	0.3955	0	0	0.16	0.84	0	0	0.6105	0.3895	0	0	0.7855	0.2145	0	0	1	0	0	0	1	0	0	0	1	0	0
80	1	0.113978	0.30637	0.517111	0	0	0	1	0	0	0	1	0	0	0	1	0	0	0.9905	0.0095	0	0	0.9935	0.0065	0	0	0.9515	0.0485	0	0	0.835	0.165	0	0	0.4395	0.5605	0	0	0.095	0.905	0	0	0.0865	0.9135	0	0	0	1	0	0	0	1	0	0	0	1	0	0	0	1	0	0	0.0995	0.9005	0	0	0.044	0.956	0	0	0	1	0	0	0.0075	0.9925	0	0	0.996	0.004	0	0	0.996	0.004	0	0	0.9495	0.0505	0	0	0.996	0.004	0	0	0.136	0.864	0	0	0.996	0.004	0	0	0	1	0	0	0	1	0	0	0	1	0	0	0.1305	0.8695	0	0	0.996	0.004	0	0	0.996	0.004	0	0	0.9975	0.0025	0
85	1	0.236537	0.148571	0.50429	0	0	0.5255	0.4745	0	0	0.5185	0.4815	0	0	0.008	0.992	0	0	0.621	0.379	0	0	0.5995	0.4005	0	0	0.908	0.092	0	0	0.825	0.175	0	0	0.903	0.097	0	0	0.513	0.487	0	0	0.5085	0.4915	0	0	0.5235	0.4765	0	0	0.432	0.568	0	0	0.877	0.123	0	0	0.906	0.094	0	0	0.696	0.304	0	0	0.668	0.332	0	0	0.531	0.469	0	0	0.5385	0.4615	0	0	0.7175	0.2825	0	0	0.9105	0.0895	0	0	0.9075	0.0925	0	0	0.911	0.089	0	0	0.625	0.375	0	0	0.911	0.089	0	0	0.6325	0.3675	0	0	0.9065	0.0935	0	0	0.9065	0.0935	0	0	0.9075	0.0925	0	0	0.9115	0.0885	0	0	0.9135	0.0865	0	0	0.9355	0.0645	0
58	1	0.197985	0.28136	0.500388	0	0	0.05	0.95	0	0	0.16	0.84	0	0	0.004	0.996	0	0	1	0	0	0	0.937	0.063	0	0	0.918	0.082	0	0	0.9765	0.0235	0	0	0.8825	0.1175	0	0	0.022	0.978	0	0	0.0205	0.9795	0	0	0	1	0	0	0	1	0	0	0	1	0	0	0	1	0	0	0.011	0.989	0	0	0.06	0.94	0	0	0.237	0.763	0	0	0.246	0.754	0	0	1	0	0	0	1	0	0	0	1	0	0	0	1	0	0	0	0.0295	0.9705	0	0	1	0	0	0	0	1	0	0	0.0005	0.9995	0	0	0.0025	0.9975	0	0	0.039	0.961	0	0	1	0	0	0	1	0	0	0	1	0	0
40	1	0.34316	0.226229	0.507453	0	0	0.0195	0.9805	0	0	0.007	0.993	0	0	0.009	0.991	0	0	0.7035	0.2965	0	0	0.709	0.291	0	0	0.858	0.142	0	0	0.7935	0.2065	0	0	0.9175	0.0825	0	0	0.6005	0.3995	0	0	0.656	0.344	0	0	0.1275	0.8725	0	0	0.155	0.845	0	0	0.0835	0.9165	0	0	0.124	0.876	0	0	0.2265	0.7735	0	0	0.3265	0.6735	0	0	0.025	0.975	0	0	0.0455	0.9545	0	0	0.9335	0.0665	0	0	0.937	0.063	0	0	0.936	0.064	0	0	0.937	0.063	0	0	0.6745	0.3255	0	0	0.937	0.063	0	0	0.1585	0.8415	0	0	0.1355	0.8645	0	0	0.1665	0.8335	0	0	0.336	0.664	0	0	0.937	0.063	0	0	0.938	0.062	0	0	0.9545	0.0455	0
81	1	0.163734	0.246507	0.516395	0	0	0.004	0.996	0	0	0.0035	0.9965	0	0	0.0045	0.9955	0	0	0.8685	0.1315	0	0	0.935	0.065	0	0	0.967	0.033	0	0	1	0	0	0	1	0	0	0	0.437	0.563	0	0	0.3315	0.6685	0	0	0	1	0	0	0	1	0	0	0	1	0	0	0	1	0	0	0.004	0.996	0	0	0.0875	0.9125	0	0	0.0055	0.9945	0	0	0.0285	0.9715	0	0	0.9855	0.0145	0	0	1	0	0	0	1	0	0	0	1	0	0	0	0.441	0.559	0	0	1	0	0	0	0	1	0	0	0	1	0	0	0.001	0.999	0	0	0.032	0.968	0	0	1	0	0	0	1	0	0	0	1	0	0
86	1	0.166965	0.32524	0.511705	0	0	0.0005	0.9995	0	0	0.001	0.999	0	0	0	1	0	0	0.6235	0.3765	0	0	0.618	0.382	0	0	0.9555	0.0445	0	0	0.7835	0.2165	0	0	0.772	0.228	0	0	0.0575	0.9425	0	0	0.056	0.944	0	0	0	1	0	0	0	1	0	0	0	1	0	0	0	1	0	0	0.006	0.994	0	0	0.179	0.821	0	0	0.003	0.997	0	0	0.0325	0.9675	0	0	0.9725	0.0275	0	0	0.9785	0.0215	0	0	0.9745	0.0255	0	0	0.9785	0.0215	0	0	0.0895	0.9105	0	0	0.9785	0.0215	0	0	0	1	0	0	0	1	0	0	0	1	0	0	0.0295	0.9705	0	0	0.9785	0.0215	0	0	0.979	0.021	0	0	0.9855	0.0145	0
59	1	0.302715	0.410946	0.495995	0	0	0.003	0.997	0	0	0.0095	0.9905	0	0	0.0105	0.9895	0	0	0.2545	0.7455	0	0	0.3325	0.6675	0	0	0.338	0.662	0	0	0.3795	0.6205	0	0	0.3815	0.6185	0	0	0.026	0.974	0	0	0.0305	0.9695	0	0	0	1	0	0	0	1	0	0	0	1	0	0	0	1	0	0	0.0105	0.9895	0	0	0.0675	0.9325	0	0	0.017	0.983	0	0	0.048	0.952	0	0	0.3535	0.6465	0	0	0.3795	0.6205	0	0	0.3845	0.6155	0	0	0.385	0.615	0	0	0.0415	0.9585	0	0	0.386	0.614	0	0	0	1	0	0	0	1	0	0	0	1	0	0	0.062	0.938	0	0	0.387	0.613	0	0	0.401	0.599	0	0	0.57	0.43	0
41	1	0.108563	0.128524	0.469512	0	0	0.979	0.021	0	0	0.4805	0.5195	0	0	0	1	0	0	0.996	0.004	0	0	0.977	0.023	0	0	0.999	0.001	0	0	0.9995	0.0005	0	0	0.9985	0.0015	0	0	0.0355	0.9645	0	0	0.0355	0.9645	0	0	0.95	0.05	0	0	0.9965	0.0035	0	0	0.9775	0.0225	0	0	0.9965	0.0035	0	0	0.9355	0.0645	0	0	0.4865	0.5135	0	0	0.979	0.021	0	0	0.98	0.02	0	0	0.999	0.001	0	0	1	0	0	0	1	0	0	0	1	0	0	0	0.0445	0.9555	0	0	1	0	0	0	0.9975	0.0025	0	0	0.9975	0.0025	0	0	0.998	0.002	0	0	0.9985	0.0015	0	0	1	0	0	0	1	0	0	0	1	0	0
82	1	0.282322	0.222677	0.493943	0	0	0.0045	0.9955	0	0	0.007	0.993	0	0	0.0615	0.9385	0	0	0.7285	0.2715	0	0	0.7315	0.2685	0	0	1	0	0	0	0.9925	0.0075	0	0	0.997	0.003	0	0	0.5175	0.4825	0	0	0.518	0.482	0	0	0	1	0	0	0.0005	0.9995	0	0	0.001	0.999	0	0	0.0025	0.9975	0	0	0.0335	0.9665	0	0	0.6385	0.3615	0	0	0.011	0.989	0	0	0.087	0.913	0	0	0.963	0.037	0	0	1	0	0	0	1	0	0	0	1	0	0	0	0.725	0.275	0	0	1	0	0	0	0.0015	0.9985	0	0	0.0025	0.9975	0	0	0.005	0.995	0	0	0.0695	0.9305	0	0	1	0	0	0	1	0	0	0	1	0	0
87	1	0.0672037	0.285497	0.478499	0	0	0	1	0	0	0	1	0	0	0	1	0	0	0.9865	0.0135	0	0	0.677	0.323	0	0	0.9555	0.0445	0	0	1	0	0	0	0.9995	0.0005	0	0	0.011	0.989	0	0	0.0105	0.9895	0	0	0	1	0	0	0	1	0	0	0	1	0	0	0	1	0	0	0.006	0.994	0	0	0.041	0.959	0	0	0	1	0	0	0.01	0.99	0	0	0.9935	0.0065	0	0	1	0	0	0	1	0	0	0	1	0	0	0	0.0155	0.9845	0	0	1	0	0	0	0	1	0	0	0	1	0	0	0	1	0	0	0.0245	0.9755	0	0	1	0	0	0	1	0	0	0	1	0	0
60	1	0.176486	0.283979	0.480893	0	0	0	1	0	0	0	1	0	0	0.002	0.998	0	0	1	0	0	0	0.997	0.003	0	0	0.999	0.001	0	0	0.969	0.031	0	0	0.483	0.517	0	0	0.2545	0.7455	0	0	0.2385	0.7615	0	0	0	1	0	0	0	1	0	0	0	1	0	0	0	1	0	0	0.0345	0.9655	0	0	0.0925	0.9075	0	0	0.0015	0.9985	0	0	0.0195	0.9805	0	0	1	0	0	0	1	0	0	0	1	0	0	0	1	0	0	0	0.3745	0.6255	0	0	1	0	0	0	0	1	0	0	0	1	0	0	0.001	0.999	0	0	0.1515	0.8485	0	0	1	0	0	0	1	0	0	0	1	0	0
42	1	0.281462	0.261322	0.511037	0	0	0.001	0.999	0	0	0.001	0.999	0	0	0	1	0	0	0.371	0.629	0	0	0.363	0.637	0	0	0.4845	0.5155	0	0	0.7615	0.2385	0	0	0.7575	0.2425	0	0	0.62	0.38	0	0	0.59	0.41	0	0	0.0015	0.9985	0	0	0.0015	0.9985	0	0	0	1	0	0	0	1	0	0	0.0105	0.9895	0	0	0.4215	0.5785	0	0	0.001	0.999	0	0	0.0145	0.9855	0	0	0.485	0.515	0	0	0.698	0.302	0	0	0.762	0.238	0	0	0.762	0.238	0	0	0.6625	0.3375	0	0	0.762	0.238	0	0	0.0015	0.9985	0	0	0	1	0	0	0.0015	0.9985	0	0	0.0345	0.9655	0	0	0.7625	0.2375	0	0	0.763	0.237	0	0	0.8205	0.1795	0
83	1	0.235446	0.295209	0.489163	0	0	0.005	0.995	0	0	0.004	0.996	0	0	0	1	0	0	0.561	0.439	0	0	0.577	0.423	0	0	0.8845	0.1155	0	0	1	0	0	0	1	0	0	0	0.092	0.908	0	0	0.092	0.908	0	0	0.0045	0.9955	0	0	0.003	0.997	0	0	0.1685	0.8315	0	0	0.1295	0.8705	0	0	0.2865	0.7135	0	0	0.085	0.915	0	0	0.005	0.995	0	0	0.0235	0.9765	0	0	0.841	0.159	0	0	0.9115	0.0885	0	0	1	0	0	0	1	0	0	0	0.131	0.869	0	0	1	0	0	0	0.017	0.983	0	0	0.1745	0.8255	0	0	0.1885	0.8115	0	0	0.432	0.568	0	0	1	0	0	0	1	0	0	0	1	0	0
88	1	0.227204	0.589432	0.492855	0	0	0	1	0	0	0	1	0	0	0	1	0	0	0.0065	0.9935	0	0	0.007	0.993	0	0	0.0075	0.9925	0	0	0.006	0.994	0	0	0.0125	0.9875	0	0	0.0015	0.9985	0	0	0.001	0.999	0	0	0	1	0	0	0	1	0	0	0	1	0	0	0	1	0	0	0	1	0	0	0.001	0.999	0	0	0	1	0	0	0.002	0.998	0	0	0.011	0.989	0	0	0.011	0.989	0	0	0.0125	0.9875	0	0	0.0125	0.9875	0	0	0.0025	0.9975	0	0	0.0125	0.9875	0	0	0	1	0	0	0	1	0	0	0	1	0	0	0.0005	0.9995	0	0	0.0125	0.9875	0	0	0.0155	0.9845	0	0	0.279	0.721	0
89	1	0.17019	0.22324	0.503312	0	0	0	1	0	0	0.0005	0.9995	0	0	0	1	0	0	0.484	0.516	0	0	0.4795	0.5205	0	0	0.655	0.345	0	0	0.8115	0.1885	0	0	0.797	0.203	0	0	0.8965	0.1035	0	0	0.908	0.092	0	0	0	1	0	0	0	1	0	0	0	1	0	0	0	1	0	0	0.002	0.998	0	0	0.778	0.222	0	0	0.0005	0.9995	0	0	0.0185	0.9815	0	0	0.6385	0.3615	0	0	0.9305	0.0695	0	0	0.92	0.08	0	0	0.931	0.069	0	0	0.9125	0.0875	0	0	0.9315	0.0685	0	0	0	1	0	0	0	1	0	0	0	1	0	0	0.024	0.976	0	0	0.932	0.068	0	0	0.934	0.066	0	0	0.954	0.046	0
43	1	0.13159	0.304741	0.51355	0	0	0.0005	0.9995	0	0	0.0025	0.9975	0	0	0	1	0	0	0.6025	0.3975	0	0	0.5975	0.4025	0	0	0.6035	0.3965	0	0	1	0	0	0	0.9995	0.0005	0	0	0.335	0.665	0	0	0.335	0.665	0	0	0	1	0	0	0	1	0	0	0	1	0	0	0	1	0	0	0.042	0.958	0	0	0.0495	0.9505	0	0	0.0055	0.9945	0	0	0.0195	0.9805	0	0	0.8965	0.1035	0	0	0.993	0.007	0	0	1	0	0	0	1	0	0	0	0.5225	0.4775	0	0	1	0	0	0	0	1	0	0	0	1	0	0	0.0005	0.9995	0	0	0.0645	0.9355	0	0	1	0	0	0	1	0	0	0	1	0	0
84	1	0.187176	0.282539	0.491607	0	0	0.0025	0.9975	0	0	0.0005	0.9995	0	0	0.0015	0.9985	0	0	0.6885	0.3115	0	0	0.985	0.015	0	0	0.897	0.103	0	0	0.9825	0.0175	0	0	1	0	0	0	0.0205	0.9795	0	0	0.0225	0.9775	0	0	0.0775	0.9225	0	0	0.0115	0.9885	0	0	0.0015	0.9985	0	0	0.001	0.999	0	0	0.0285	0.9715	0	0	0.264	0.736	0	0	0.0055	0.9945	0	0	0.0175	0.9825	0	0	0.99	0.01	0	0	1	0	0	0	1	0	0	0	1	0	0	0	0.0305	0.9695	0	0	1	0	0	0	0.137	0.863	0	0	0.1265	0.8735	0	0	0.139	0.861	0	0	0.19	0.81	0	0	1	0	0	0	1	0	0	0	1	0	0
92	1	0.323088	0.357852	0.49322	0	0	0.006	0.994	0	0	0.063	0.937	0	0	0.01	0.99	0	0	0.408	0.592	0	0	0.4065	0.5935	0	0	0.4275	0.5725	0	0	0.6565	0.3435	0	0	0.5355	0.4645	0	0	0.149	0.851	0	0	0.154	0.846	0	0	0.0025	0.9975	0	0	0.0015	0.9985	0	0	0.01	0.99	0	0	0.0005	0.9995	0	0	0.0425	0.9575	0	0	0.1765	0.8235	0	0	0.0775	0.9225	0	0	0.1335	0.8665	0	0	0.619	0.381	0	0	0.6655	0.3345	0	0	0.7245	0.2755	0	0	0.7245	0.2755	0	0	0.228	0.772	0	0	0.7245	0.2755	0	0	0.004	0.996	0	0	0.0105	0.9895	0	0	0.012	0.988	0	0	0.0785	0.9215	0	0	0.7255	0.2745	0	0	0.7335	0.2665	0	0	0.807	0.193	0
90	1	0.227802	0.316521	0.505769	0	0	0	1	0	0	0.0015	0.9985	0	0	0	1	0	0	0.5015	0.4985	0	0	0.484	0.516	0	0	0.516	0.484	0	0	0.979	0.021	0	0	0.9505	0.0495	0	0	0.1995	0.8005	0	0	0.2565	0.7435	0	0	0.008	0.992	0	0	0.0135	0.9865	0	0	0.0035	0.9965	0	0	0.0005	0.9995	0	0	0.049	0.951	0	0	0.201	0.799	0	0	0.002	0.998	0	0	0.0625	0.9375	0	0	0.7445	0.2555	0	0	0.851	0.149	0	0	0.979	0.021	0	0	0.979	0.021	0	0	0.292	0.708	0	0	0.979	0.021	0	0	0.0135	0.9865	0	0	0.0045	0.9955	0	0	0.0135	0.9865	0	0	0.0825	0.9175	0	0	0.979	0.021	0	0	0.9795	0.0205	0	0	0.9865	0.0135	0
44	1	0.269127	0.335499	0.475204	0	0	0.0005	0.9995	0	0	0.002	0.998	0	0	0.017	0.983	0	0	0.224	0.776	0	0	0.224	0.776	0	0	0.3135	0.6865	0	0	0.816	0.184	0	0	0.8245	0.1755	0	0	0.0185	0.9815	0	0	0.0185	0.9815	0	0	0.079	0.921	0	0	0.017	0.983	0	0	0.114	0.886	0	0	0.0725	0.9275	0	0	0.359	0.641	0	0	0.429	0.571	0	0	0.016	0.984	0	0	0.084	0.916	0	0	0.321	0.679	0	0	0.5035	0.4965	0	0	0.8245	0.1755	0	0	0.8245	0.1755	0	0	0.0275	0.9725	0	0	0.825	0.175	0	0	0.0805	0.9195	0	0	0.115	0.885	0	0	0.1185	0.8815	0	0	0.425	0.575	0	0	0.8265	0.1735	0	0	0.832	0.168	0	0	0.874	0.126	0
94	1	0.129932	0.245215	0.514929	0	0	0	1	0	0	0	1	0	0	0	1	0	0	0.727	0.273	0	0	0.7315	0.2685	0	0	0.8075	0.1925	0	0	0.9625	0.0375	0	0	0.9195	0.0805	0	0	0.162	0.838	0	0	0.154	0.846	0	0	0.0005	0.9995	0	0	0	1	0	0	0.009	0.991	0	0	0	1	0	0	0.053	0.947	0	0	0.947	0.053	0	0	0	1	0	0	0.033	0.967	0	0	1	0	0	0	1	0	0	0	0.971	0.029	0	0	1	0	0	0	0.2175	0.7825	0	0	1	0	0	0	0.001	0.999	0	0	0.009	0.991	0	0	0.011	0.989	0	0	0.0795	0.9205	0	0	1	0	0	0	1	0	0	0	1	0	0
93	1	0.278532	0.243241	0.4988	0	0	0.0025	0.9975	0	0	0.022	0.978	0	0	0.0005	0.9995	0	0	0.7655	0.2345	0	0	0.739	0.261	0	0	0.588	0.412	0	0	0.7135	0.2865	0	0	0.49	0.51	0	0	0.781	0.219	0	0	0.597	0.403	0	0	0.0105	0.9895	0	0	0.0115	0.9885	0	0	0.0035	0.9965	0	0	0	1	0	0	0.213	0.787	0	0	0.531	0.469	0	0	0.025	0.975	0	0	0.055	0.945	0	0	0.803	0.197	0	0	0.8305	0.1695	0	0	0.8585	0.1415	0	0	0.8615	0.1385	0	0	0.8375	0.1625	0	0	0.8625	0.1375	0	0	0.0115	0.9885	0	0	0.0055	0.9945	0	0	0.0155	0.9845	0	0	0.235	0.765	0	0	0.8645	0.1355	0	0	0.8695	0.1305	0	0	0.8975	0.1025	0
91	1	0.0917321	0.295489	0.498963	0	0	0.001	0.999	0	0	0	1	0	0	0	1	0	0	0.8075	0.1925	0	0	0.9435	0.0565	0	0	0.9325	0.0675	0	0	0.9915	0.0085	0	0	0.7965	0.2035	0	0	0.0095	0.9905	0	0	0.012	0.988	0	0	0	1	0	0	0	1	0	0	0	1	0	0	0	1	0	0	0.0005	0.9995	0	0	0.0395	0.9605	0	0	0.001	0.999	0	0	0.045	0.955	0	0	0.9865	0.0135	0	0	1	0	0	0	1	0	0	0	1	0	0	0	0.015	0.985	0	0	1	0	0	0	0	1	0	0	0	1	0	0	0	1	0	0	0.0235	0.9765	0	0	1	0	0	0	1	0	0	0	1	0	0
45	1	0.235879	0.464943	0.48904	0	0	0	1	0	0	0	1	0	0	0.001	0.999	0	0	0.096	0.904	0	0	0.0935	0.9065	0	0	0.2495	0.7505	0	0	0.253	0.747	0	0	0.2585	0.7415	0	0	0.002	0.998	0	0	0.001	0.999	0	0	0	1	0	0	0	1	0	0	0	1	0	0	0	1	0	0	0.002	0.998	0	0	0.017	0.983	0	0	0.0005	0.9995	0	0	0.0075	0.9925	0	0	0.1445	0.8555	0	0	0.255	0.745	0	0	0.2585	0.7415	0	0	0.2585	0.7415	0	0	0.0025	0.9975	0	0	0.2585	0.7415	0	0	0	1	0	0	0	1	0	0	0	1	0	0	0.043	0.957	0	0	0.2585	0.7415	0	0	0.2625	0.7375	0	0	0.446	0.554	0
95	1	0.203239	0.255663	0.488063	0	0	0.0145	0.9855	0	0	0.0315	0.9685	0	0	0	1	0	0	0.8035	0.1965	0	0	0.7055	0.2945	0	0	0.988	0.012	0	0	0.981	0.019	0	0	0.9995	0.0005	0	0	0.2215	0.7785	0	0	0.2175	0.7825	0	0	0	1	0	0	0.0005	0.9995	0	0	0.005	0.995	0	0	0	1	0	0	0.0255	0.9745	0	0	0.5875	0.4125	0	0	0.033	0.967	0	0	0.051	0.949	0	0	0.9955	0.0045	0	0	0.9995	0.0005	0	0	1	0	0	0	1	0	0	0	0.3135	0.6865	0	0	1	0	0	0	0.0005	0.9995	0	0	0.0055	0.9945	0	0	0.006	0.994	0	0	0.3615	0.6385	0	0	1	0	0	0	1	0	0	0	1	0	0
96	1	0.212945	0.151408	0.479036	0	0	0.0015	0.9985	0	0	0.0025	0.9975	0	0	0.2515	0.7485	0	0	0.981	0.019	0	0	1	0	0	0	0.9745	0.0255	0	0	1	0	0	0	1	0	0	0	0.9655	0.0345	0	0	0.91	0.09	0	0	0.0005	0.9995	0	0	0	1	0	0	0	1	0	0	0	1	0	0	0.0135	0.9865	0	0	0.947	0.053	0	0	0.0075	0.9925	0	0	0.2575	0.7425	0	0	1	0	0	0	1	0	0	0	1	0	0	0	1	0	0	0	0.971	0.029	0	0	1	0	0	0	0.0005	0.9995	0	0	0	1	0	0	0.001	0.999	0	0	0.118	0.882	0	0	1	0	0	0	1	0	0	0	1	0	0
97	1	0.174944	0.262338	0.492879	0	0	0.0465	0.9535	0	0	0.0255	0.9745	0	0	0.0455	0.9545	0	0	0.846	0.154	0	0	0.8955	0.1045	0	0	0.713	0.287	0	0	0.8545	0.1455	0	0	0.9815	0.0185	0	0	0.112	0.888	0	0	0.1105	0.8895	0	0	0	1	0	0	0	1	0	0	0	1	0	0	0	1	0	0	0.005	0.995	0	0	0.658	0.342	0	0	0.048	0.952	0	0	0.076	0.924	0	0	0.957	0.043	0	0	1	0	0	0	1	0	0	0	1	0	0	0	0.1495	0.8505	0	0	1	0	0	0	0	1	0	0	0	1	0	0	0	1	0	0	0.0335	0.9665	0	0	1	0	0	0	1	0	0	0	1	0	0
46	1	0.288327	0.131022	0.505026	0	0	0.4915	0.5085	0	0	0.5645	0.4355	0	0	0.387	0.613	0	0	0.9245	0.0755	0	0	0.8255	0.1745	0	0	0.9875	0.0125	0	0	0.975	0.025	0	0	0.898	0.102	0	0	0.61	0.39	0	0	0.691	0.309	0	0	0.2585	0.7415	0	0	0.186	0.814	0	0	0.537	0.463	0	0	0.594	0.406	0	0	0.535	0.465	0	0	0.9215	0.0785	0	0	0.5975	0.4025	0	0	0.671	0.329	0	0	0.9905	0.0095	0	0	0.9915	0.0085	0	0	0.988	0.012	0	0	0.9915	0.0085	0	0	0.733	0.267	0	0	0.992	0.008	0	0	0.2905	0.7095	0	0	0.604	0.396	0	0	0.624	0.376	0	0	0.6545	0.3455	0	0	0.992	0.008	0	0	0.993	0.007	0	0	0.996	0.004	0
98	1	0.237405	0.244952	0.4822	0	0	0.0055	0.9945	0	0	0.008	0.992	0	0	0.008	0.992	0	0	1	0	0	0	0.979	0.021	0	0	0.9105	0.0895	0	0	1	0	0	0	1	0	0	0	0.4225	0.5775	0	0	0.3375	0.6625	0	0	0	1	0	0	0	1	0	0	0	1	0	0	0.001	0.999	0	0	0.087	0.913	0	0	0.0865	0.9135	0	0	0.0135	0.9865	0	0	0.068	0.932	0	0	1	0	0	0	1	0	0	0	1	0	0	0	1	0	0	0	0.4765	0.5235	0	0	1	0	0	0	0	1	0	0	0.0025	0.9975	0	0	0.003	0.997	0	0	0.119	0.881	0	0	1	0	0	0	1	0	0	0	1	0	0
99	1	0.265504	0.402492	0.521365	0	0	0.003	0.997	0	0	0.006	0.994	0	0	0.054	0.946	0	0	0.262	0.738	0	0	0.4045	0.5955	0	0	0.378	0.622	0	0	0.227	0.773	0	0	0.3485	0.6515	0	0	0.0125	0.9875	0	0	0.0145	0.9855	0	0	0	1	0	0	0	1	0	0	0	1	0	0	0	1	0	0	0.002	0.998	0	0	0.098	0.902	0	0	0.0175	0.9825	0	0	0.065	0.935	0	0	0.422	0.578	0	0	0.4435	0.5565	0	0	0.455	0.545	0	0	0.455	0.545	0	0	0.0185	0.9815	0	0	0.4555	0.5445	0	0	0	1	0	0	0	1	0	0	0	1	0	0	0.019	0.981	0	0	0.4555	0.5445	0	0	0.457	0.543	0	0	0.595	0.405	0
47	1	0.18074	0.218729	0.505842	0	0	0.0015	0.9985	0	0	0.0015	0.9985	0	0	0	1	0	0	0.9035	0.0965	0	0	0.989	0.011	0	0	0.7585	0.2415	0	0	0.997	0.003	0	0	0.994	0.006	0	0	0.9245	0.0755	0	0	0.68	0.32	0	0	0.0105	0.9895	0	0	0.0595	0.9405	0	0	0.296	0.704	0	0	0.2355	0.7645	0	0	0.133	0.867	0	0	0.084	0.916	0	0	0.002	0.998	0	0	0.029	0.971	0	0	0.9935	0.0065	0	0	0.999	0.001	0	0	0.9995	0.0005	0	0	0.9995	0.0005	0	0	0.942	0.058	0	0	0.9995	0.0005	0	0	0.1045	0.8955	0	0	0.296	0.704	0	0	0.297	0.703	0	0	0.346	0.654	0	0	0.9995	0.0005	0	0	0.9995	0.0005	0	0	0.9995	0.0005	0
