No.	n_rate	c_rate	g_rate	l_rate	l2_rate	halLeu_0	halLeu_1	halLeu_2	halLeu_3	nipNip_0	nipNip_1	nipNip_2	nipNip_3	galGal_0	galGal_1	galGal_2	galGal_3	aptHaa_0	aptHaa_1	aptHaa_2	aptHaa_3	aptOwe_0	aptOwe_1	aptOwe_2	aptOwe_3	aptRow_0	aptRow_1	aptRow_2	aptRow_3	casCas_0	casCas_1	casCas_2	casCas_3	droNov_0	droNov_1	droNov_2	droNov_3	rheAme_0	rheAme_1	rheAme_2	rheAme_3	rhePen_0	rhePen_1	rhePen_2	rhePen_3	cryCin_0	cryCin_1	cryCin_2	cryCin_3	tinGut_0	tinGut_1	tinGut_2	tinGut_3	eudEle_0	eudEle_1	eudEle_2	eudEle_3	notPer_0	notPer_1	notPer_2	notPer_3	anoDid_0	anoDid_1	anoDid_2	anoDid_3	strCam_0	strCam_1	strCam_2	strCam_3	taeGut-aptFor_0	taeGut-aptFor_1	taeGut-aptFor_2	taeGut-aptFor_3	taeGut-galGal_0	taeGut-galGal_1	taeGut-galGal_2	taeGut-galGal_3	aptHaa-aptOwe_0	aptHaa-aptOwe_1	aptHaa-aptOwe_2	aptHaa-aptOwe_3	aptHaa-aptRow_0	aptHaa-aptRow_1	aptHaa-aptRow_2	aptHaa-aptRow_3	casCas-droNov_0	casCas-droNov_1	casCas-droNov_2	casCas-droNov_3	aptHaa-casCas_0	aptHaa-casCas_1	aptHaa-casCas_2	aptHaa-casCas_3	rheAme-rhePen_0	rheAme-rhePen_1	rheAme-rhePen_2	rheAme-rhePen_3	aptHaa-rheAme_0	aptHaa-rheAme_1	aptHaa-rheAme_2	aptHaa-rheAme_3	cryCin-tinGut_0	cryCin-tinGut_1	cryCin-tinGut_2	cryCin-tinGut_3	eudEle-notPer_0	eudEle-notPer_1	eudEle-notPer_2	eudEle-notPer_3	cryCin-eudEle_0	cryCin-eudEle_1	cryCin-eudEle_2	cryCin-eudEle_3	cryCin-anoDid_0	cryCin-anoDid_1	cryCin-anoDid_2	cryCin-anoDid_3	aptHaa-cryCin_0	aptHaa-cryCin_1	aptHaa-cryCin_2	aptHaa-cryCin_3	aptHaa-strCam_0	aptHaa-strCam_1	aptHaa-strCam_2	aptHaa-strCam_3	taeGut-aptHaa_0	taeGut-aptHaa_1	taeGut-aptHaa_2	taeGut-aptHaa_3
8	3.57417	0.259969	0.552299	0.207953	0	0	0.118	0.882	0	0	0.115	0.885	0	0	0.0595	0.9405	0	0	0	0	1	0	0	0	1	0	0	0	1	0	0	0	1	0	0	0	1	0	0.0045	0.5455	0.45	0	0.002	0.9325	0.0655	0	0	1	0	0	0	1	0	0	0	1	0	0	0	1	0	0	0.003	0.997	0	0	0.3475	0.6525	0	0	0.2565	0.7435	0	0	0.394	0.606	0	0	0	0	1	0	0	0.953	0.047	0	0	0.002	0.998	0	0.0005	0.963	0.0365	0	0.0045	0.9955	0	0	0.0305	0.9695	0	0	0	1	0	0	0	1	0	0	0.001	0.999	0	0	0.009	0.991	0	0	0.109	0.891	0	0	0.563	0.437	0	0	0.799	0.201	0
18	2.28092	0.17579	0.609102	0.126073	0	0	0	1	0	0	0	1	0	0	0	1	0	0	0	0.0175	0.9825	0	0	0.0175	0.9825	0	0	0.0235	0.9765	0	0	0	1	0	0	0	1	0	0	0.606	0.394	0	0	0.9545	0.0455	0	0	1	0	0	0	0.9765	0.0235	0	0	1	0	0	0	1	0	0	0	1	0	0	0	1	0	0	0	1	0	0	0.0035	0.9965	0	0	0	0.019	0.981	0	0	0.0265	0.9735	0	0	0.1195	0.8805	0	0	0.269	0.731	0	0	1	0	0	0	1	0	0	0	1	0	0	0	1	0	0	0	1	0	0	0	1	0	0	0	1	0	0	0.002	0.998	0	0	0.2785	0.7215	0
14	1.87198	0.108934	0.599097	0.129631	0	0	0	1	0	0	0	1	0	0	0	1	0	0	0	0	1	0	0	0.0005	0.9995	0	0	0.0015	0.9985	0	0	0	1	0	0	0	1	0	0	0.909	0.091	0	0	0.4745	0.5255	0	0	0.9935	0.0065	0	0	0.998	0.002	0	0	0.9995	0.0005	0	0	1	0	0	0	0.9965	0.0035	0	0	0.999	0.001	0	0.0205	0.9795	0	0	0.0205	0.9795	0	0	0	0.0005	0.9995	0	0	0.006	0.994	0	0	0	1	0	0	0.149	0.851	0	0	0.979	0.021	0	0	0.9825	0.0175	0	0	1	0	0	0	1	0	0	0	1	0	0	0	1	0	0	0	1	0	0	0.003	0.997	0	0	0.3075	0.6925	0
0	3.64695	0.289635	0.631191	0.153084	0	0	0.001	0.999	0	0	0.0015	0.9985	0	0	0.004	0.996	0	0	0	0	1	0	0	0	1	0	0	0	1	0	0	0	1	0	0	0	1	0	0.002	0.9535	0.0445	0	0.0015	0.9635	0.035	0	0	1	0	0	0	0.9995	0.0005	0	0.0005	0.9995	0	0	0	1	0	0	0.002	0.998	0	0	0.0575	0.9425	0	0	0.006	0.994	0	0	0.1175	0.8825	0	0	0	0	1	0	0	0	1	0	0	0.5895	0.4105	0	0	0.667	0.333	0	0.0045	0.9955	0	0	0.0135	0.9865	0	0	0	1	0	0	0.001	0.999	0	0	0.001	0.999	0	0	0.0085	0.9915	0	0	0.044	0.956	0	0	0.2275	0.7725	0	0	0.5215	0.4785	0
9	4.06233	0.12055	0.611436	0.100677	0	0	0	1	0	0	0.0005	0.9995	0	0	0	1	0	0	0	0	1	0	0	0	1	0	0	0	1	0	0	0	1	0	0	0	1	0	0	0.972	0.028	0	0	0.986	0.014	0	0	1	0	0	0	1	0	0	0	1	0	0	0	1	0	0	0	1	0	0	0.005	0.995	0	0	0.0005	0.9995	0	0	0.0345	0.9655	0	0	0	0	1	0	0	0.0005	0.9995	0	0	0.006	0.994	0	0	0.1045	0.8955	0	0	1	0	0	0	1	0	0	0	1	0	0	0	1	0	0	0	1	0	0	0	1	0	0	0.0015	0.9985	0	0	0.0515	0.9485	0	0	0.317	0.683	0
19	2.45543	0.081678	0.590937	0.154552	0	0	0	1	0	0	0	1	0	0	0	1	0	0	0	0	1	0	0	0	1	0	0	0	1	0	0	0	1	0	0	0	1	0	0	0.0265	0.9735	0	0	0.9295	0.0705	0	0	1	0	0	0	1	0	0	0	1	0	0	0	1	0	0	0	1	0	0	0	1	0	0	0	1	0	0	0.01	0.99	0	0	0	0	1	0	0	0.001	0.999	0	0	0.0055	0.9945	0	0	0.1785	0.8215	0	0	0.9975	0.0025	0	0	0.9985	0.0015	0	0	1	0	0	0	1	0	0	0	1	0	0	0.0005	0.9995	0	0	0.002	0.998	0	0	0.0105	0.9895	0	0	0.288	0.712	0
15	1.84396	0.24647	0.31123	0.522504	0	0	0.4905	0.5095	0	0	0.1755	0.8245	0	0	0.5835	0.4165	0	0	0.023	0.006	0.971	0	0.0265	0.002	0.9715	0	0.027	0.006	0.967	0	0.277	0.041	0.682	0	0.261	0.1225	0.6165	0	0.4335	0.0815	0.485	0	0.378	0.1375	0.4845	0	0.458	0.09	0.452	0	0.3275	0.4145	0.258	0	0.401	0.398	0.201	0	0.3785	0.4605	0.161	0	0.403	0.4765	0.1205	0	0.0625	0.9345	0.003	0	0.5805	0.4195	0	0	0.7355	0.2645	0	0	0.0275	0.002	0.9705	0	0.0275	0.5085	0.464	0	0.279	0.2945	0.4265	0	0.3965	0.2335	0.37	0	0.486	0.0385	0.4755	0	0.4875	0.225	0.2875	0	0.4635	0.3305	0.206	0	0.4645	0.4245	0.111	0	0.479	0.439	0.082	0	0.49	0.4745	0.0355	0	0.5385	0.455	0.0065	0	0.753	0.246	0.001	0	0.9145	0.0855	0
1	2.35713	0.113547	0.624409	0.102802	0	0	0	1	0	0	0	1	0	0	0	1	0	0	0	0	1	0	0	0	1	0	0	0	1	0	0	0	1	0	0	0	1	0	0	0.957	0.043	0	0	0.9555	0.0445	0	0	1	0	0	0	1	0	0	0	1	0	0	0	1	0	0	0	1	0	0	0.0015	0.9975	0.001	0	0	1	0	0	0.007	0.993	0	0	0	0	1	0	0	0	1	0	0	0.0365	0.9635	0	0	0.1655	0.8345	0	0.0005	0.9995	0	0	0.0005	0.9995	0	0	0	1	0	0	0	1	0	0	0	1	0	0	0	1	0	0	0.0005	0.9995	0	0	0.0115	0.9885	0	0	0.302	0.698	0
20	2.30189	0.164424	0.615751	0.107004	0	0	0	1	0	0	0	1	0	0	0.002	0.998	0	0	0	0	1	0	0	0	1	0	0	0	1	0	0	0	1	0	0	0	1	0	0	0.931	0.069	0	0	0.948	0.052	0	0	1	0	0	0	0.9935	0.0065	0	0	0.9965	0.0035	0	0	1	0	0	0	1	0	0	0.002	0.998	0	0	0.001	0.999	0	0	0.095	0.905	0	0	0	0	1	0	0	0	1	0	0	0.007	0.993	0	0	0.1595	0.8405	0	0	1	0	0	0.001	0.999	0	0	0	1	0	0	0	1	0	0	0	1	0	0	0	1	0	0	0.012	0.988	0	0	0.1185	0.8815	0	0	0.403	0.597	0
10	3.26772	0.368857	0.612522	0.131436	0	0	0.003	0.997	0	0	0.0005	0.9995	0	0	0.003	0.997	0	0	0	0	1	0	0	0	1	0	0	0	1	0	0	0	1	0	0	0	1	0	0.006	0.9435	0.0505	0	0.0065	0.944	0.0495	0	0.003	0.9915	0.0055	0	0.003	0.9805	0.0165	0	0.002	0.998	0	0	0.002	0.996	0.002	0	0.007	0.993	0	0	0.018	0.982	0	0	0.0065	0.9935	0	0	0.075	0.925	0	0	0	0	1	0	0	0.354	0.646	0	0	0	1	0	0	0.46	0.54	0	0.0115	0.9865	0.002	0	0.016	0.982	0.002	0	0.004	0.9955	0.0005	0	0.0035	0.9965	0	0	0.004	0.996	0	0	0.019	0.981	0	0	0.041	0.959	0	0	0.148	0.852	0	0	0.4315	0.5685	0
16	1.65613	0.12696	0.582924	0.120462	0	0	0	1	0	0	0	1	0	0	0	1	0	0	0.002	0.209	0.789	0	0.002	0.2115	0.7865	0	0.002	0.6075	0.3905	0	0.004	0.001	0.995	0	0.004	0.4315	0.5645	0	0	0.93	0.07	0	0	0.925	0.075	0	0	0.9995	0.0005	0	0	0.997	0.003	0	0	0.999	0.001	0	0	0.9985	0.0015	0	0.001	0.991	0.008	0	0.061	0.6855	0.2535	0	0.0005	0.9995	0	0	0.007	0.993	0	0	0.003	0.226	0.771	0	0.0035	0.655	0.3415	0	0.004	0.521	0.475	0	0.0045	0.7215	0.274	0	0	0.999	0.001	0	0.0055	0.994	0.0005	0	0	1	0	0	0	1	0	0	0	1	0	0	0.007	0.993	0	0	0.016	0.984	0	0	0.0675	0.9325	0	0	0.333	0.667	0
2	1.4927	0.335166	0.550636	0.0818962	0	0	0.005	0.995	0	0	0	1	0	0	0.022	0.978	0	0	0.043	0.568	0.389	0	0.041	0.571	0.388	0	0.0565	0.5805	0.363	0	0.044	0.603	0.353	0	0.053	0.591	0.356	0	0.0175	0.694	0.2885	0	0.0215	0.7005	0.278	0	0.0345	0.686	0.2795	0	0.045	0.6575	0.2975	0	0.0375	0.6905	0.272	0	0.0065	0.728	0.2655	0	0.089	0.605	0.306	0	0.1145	0.6555	0.23	0	0.008	0.992	0	0	0.061	0.939	0	0	0.0555	0.5845	0.36	0	0.0825	0.5745	0.343	0	0.09	0.564	0.346	0	0.0965	0.587	0.3165	0	0.0275	0.7345	0.238	0	0.101	0.6745	0.2245	0	0.0565	0.673	0.2705	0	0.068	0.6675	0.2645	0	0.068	0.7065	0.2255	0	0.1005	0.6875	0.212	0	0.117	0.709	0.174	0	0.166	0.704	0.13	0	0.406	0.594	0
21	2.45261	0.300714	0.601776	0.147048	0	0	0.005	0.995	0	0	0.008	0.992	0	0	0	1	0	0	0	0.2475	0.7525	0	0	0	1	0	0.0025	0.067	0.9305	0	0.03	0.0115	0.9585	0	0.0225	0.498	0.4795	0	0.0275	0.687	0.2855	0	0.031	0.6875	0.2815	0	0.014	0.9155	0.0705	0	0.006	0.924	0.07	0	0	0.9995	0.0005	0	0.0025	0.997	0.0005	0	0.016	0.978	0.006	0	0.0035	0.996	0.0005	0	0.008	0.992	0	0	0.01	0.99	0	0	0	0.3285	0.6715	0	0.0025	0.573	0.4245	0	0.03	0.525	0.445	0	0.045	0.5675	0.3875	0	0.054	0.695	0.251	0	0.0565	0.7385	0.205	0	0.0535	0.877	0.0695	0	0.047	0.953	0	0	0.0535	0.9465	0	0	0.054	0.946	0	0	0.057	0.943	0	0	0.0625	0.9375	0	0	0.347	0.653	0
11	3.38675	0.181325	0.454318	0.567539	0	0	0	1	0	0	0	1	0	0	0	1	0	0	0.102	0.0945	0.8035	0	0.0705	0.3325	0.597	0	0.273	0.033	0.694	0	0	0	1	0	0	0	1	0	0.3245	0.6395	0.036	0	0.322	0.642	0.036	0	0.032	0.963	0.005	0	0.0605	0.9345	0.005	0	0.033	0.967	0	0	0.0205	0.9795	0	0	0.0555	0.9445	0	0	0.3885	0.6115	0	0	0	1	0	0	0.0135	0.9865	0	0	0.113	0.5075	0.3795	0	0.28	0.5715	0.1485	0	0	0.98	0.02	0	0.5485	0.436	0.0155	0	0.6875	0.3055	0.007	0	0.745	0.249	0.006	0	0.751	0.244	0.005	0	0.5015	0.4985	0	0	0.751	0.249	0	0	0.755	0.245	0	0	0.755	0.245	0	0	0.755	0.245	0	0	0.825	0.175	0
17	2.52597	0.272508	0.598142	0.165006	0	0	0.0005	0.9995	0	0	0	1	0	0	0.008	0.992	0	0	0	0.0015	0.9985	0	0	0.014	0.986	0	0	0.1265	0.8735	0	0	0.093	0.907	0	0	0.967	0.033	0	0.002	0.77	0.228	0	0.001	0.925	0.074	0	0	1	0	0	0.0005	0.999	0.0005	0	0	1	0	0	0	0.934	0.066	0	0.007	0.845	0.148	0	0.0065	0.991	0.0025	0	0.0005	0.9995	0	0	0.023	0.977	0	0	0	0.1885	0.8115	0	0	0.782	0.218	0	0	0.989	0.011	0	0.0015	0.991	0.0075	0	0.0025	0.996	0.0015	0	0.0055	0.9945	0	0	0.001	0.999	0	0	0	1	0	0	0.001	0.999	0	0	0.0075	0.9925	0	0	0.0105	0.9895	0	0	0.046	0.954	0	0	0.3265	0.6735	0
3	1.58962	0.136271	0.665022	0.130752	0	0	0	1	0	0	0.0005	0.9995	0	0	0	1	0	0	0	0	1	0	0	0	1	0	0	0.002	0.998	0	0	0.0695	0.9305	0	0	0.3635	0.6365	0	0	0.9155	0.0845	0	0	0.914	0.086	0	0	0.992	0.008	0	0.001	0.9705	0.0285	0	0.0005	0.7655	0.234	0	0	0.995	0.005	0	0.001	0.999	0	0	0.002	0.9965	0.0015	0	0.0125	0.9875	0	0	0.1415	0.8585	0	0	0	0	1	0	0	0.0035	0.9965	0	0	0.37	0.63	0	0	0.449	0.551	0	0	0.9995	0.0005	0	0.002	0.9975	0.0005	0	0.002	0.9925	0.0055	0	0.0005	0.9965	0.003	0	0.0025	0.9975	0	0	0.0035	0.9965	0	0	0.026	0.974	0	0	0.2175	0.7825	0	0	0.549	0.451	0
22	1.51068	0.196904	0.609301	0.10464	0	0	0	1	0	0	0	1	0	0	0	1	0	0	0	0.128	0.872	0	0	0.127	0.873	0	0	0.12	0.88	0	0	0.17	0.83	0	0	0.379	0.621	0	0	0.8925	0.1075	0	0	0.897	0.103	0	0	0.9965	0.0035	0	0	0.933	0.067	0	0	0.984	0.016	0	0	0.9955	0.0045	0	0	0.9855	0.0145	0	0.0005	0.996	0.0035	0	0	1	0	0	0.0035	0.9965	0	0	0	0.1345	0.8655	0	0	0.182	0.818	0	0	0.3835	0.6165	0	0	0.463	0.537	0	0	0.956	0.044	0	0	0.964	0.036	0	0	0.9985	0.0015	0	0	0.9985	0.0015	0	0	1	0	0	0	1	0	0	0.001	0.999	0	0	0.0035	0.9965	0	0	0.2765	0.7235	0
12	1.53521	0.108874	0.62871	0.238713	0	0	0	1	0	0	0	1	0	0	0	1	0	0	0	0.001	0.999	0	0	0.001	0.999	0	0	0.0005	0.9995	0	0	0.1795	0.8205	0	0	0	1	0	0	0.7695	0.2305	0	0	0.7665	0.2335	0	0	0.0005	0.9995	0	0	0.0005	0.9995	0	0	0.997	0.003	0	0	0.9995	0.0005	0	0	0.983	0.017	0	0.003	0.9835	0.0135	0	0	1	0	0	0.0055	0.9945	0	0	0	0.001	0.999	0	0	0.262	0.738	0	0	0.63	0.37	0	0	0.705	0.295	0	0.0005	0.8965	0.103	0	0.0005	0.93	0.0695	0	0	0.001	0.999	0	0	1	0	0	0	1	0	0	0	1	0	0	0.003	0.997	0	0	0.014	0.986	0	0	0.3285	0.6715	0
24	2.78917	0.162525	0.590228	0.103793	0	0	0.0025	0.9975	0	0	0.0025	0.9975	0	0	0.0005	0.9995	0	0	0	0	1	0	0	0	1	0	0	0	1	0	0	0.0015	0.9985	0	0	0	1	0	0	0.9535	0.0465	0	0	0.964	0.036	0	0	0.995	0.005	0	0	0.9985	0.0015	0	0	1	0	0	0	1	0	0	0	1	0	0	0.0005	0.9995	0	0	0.033	0.967	0	0	0.039	0.961	0	0	0	0	1	0	0	0	1	0	0	0.021	0.979	0	0	0.1545	0.8455	0	0	1	0	0	0	1	0	0	0	0.9985	0.0015	0	0	1	0	0	0	1	0	0	0	1	0	0	0.003	0.997	0	0	0.0165	0.9835	0	0	0.2965	0.7035	0
4	2.27854	0.166931	0.541568	0.148662	0	0	0.046	0.954	0	0	0.003	0.997	0	0	0.3865	0.6135	0	0	0	0	1	0	0	0	1	0	0	0	1	0	0	0.341	0.659	0	0	0.0005	0.9995	0	0	0.938	0.062	0	0	0.934	0.066	0	0	1	0	0	0	0.9995	0.0005	0	0	1	0	0	0	1	0	0	0	0.9985	0.0015	0	0	1	0	0	0.067	0.933	0	0	0.393	0.607	0	0	0	0	1	0	0	0	1	0	0	0.8315	0.1685	0	0	0.8505	0.1495	0	0	1	0	0	0	1	0	0	0	1	0	0	0	1	0	0	0	1	0	0	0	1	0	0	0.002	0.998	0	0	0.0185	0.9815	0	0	0.583	0.417	0
23	2.69233	0.226677	0.618823	0.192413	0	0	0.0005	0.9995	0	0	0	1	0	0	0	1	0	0	0	0	1	0	0	0	1	0	0	0	1	0	0	0	1	0	0	0	1	0	0	0.2975	0.7025	0	0	0.57	0.43	0	0	0.9945	0.0055	0	0	0.355	0.645	0	0	1	0	0	0	0.9995	0.0005	0	0	0.9995	0.0005	0	0.004	0.996	0	0	0.0005	0.9995	0	0	0.018	0.982	0	0	0	0	1	0	0	0	1	0	0	0	1	0	0	0.0495	0.9505	0	0	0.997	0.003	0	0	0.997	0.003	0	0	0.998	0.002	0	0	1	0	0	0	1	0	0	0.0005	0.9995	0	0	0.0075	0.9925	0	0	0.0375	0.9625	0	0	0.3355	0.6645	0
13	2.34643	0.214643	0.584888	0.162143	0	0	0	1	0	0	0	1	0	0	0	1	0	0	0	0.0235	0.9765	0	0	0.001	0.999	0	0	0	1	0	0	0.0005	0.9995	0	0.0005	0	0.9995	0	0	0.9295	0.0705	0	0	0.929	0.071	0	0	1	0	0	0	0.2055	0.7945	0	0	0.9985	0.0015	0	0	0.9795	0.0205	0	0	0.9995	0.0005	0	0.006	0.986	0.008	0	0.0005	0.9995	0	0	0.0125	0.9875	0	0	0	0.031	0.969	0	0	0.049	0.951	0	0.0005	0	0.9995	0	0.0005	0.2225	0.777	0	0	1	0	0	0.0005	0.9995	0	0	0	1	0	0	0	0.9995	0.0005	0	0	1	0	0	0	1	0	0	0.003	0.997	0	0	0.0235	0.9765	0	0	0.31	0.69	0
25	4.51612	0.135028	0.622858	0.18803	0	0	0	1	0	0	0	1	0	0	0	1	0	0	0	0	1	0	0	0	1	0	0	0	1	0	0	0	1	0	0	0	1	0	0	0.465	0.535	0	0	0.5425	0.4575	0	0	0.9995	0.0005	0	0	1	0	0	0	1	0	0	0	1	0	0	0	1	0	0	0.001	0.999	0	0	0	1	0	0	0.034	0.966	0	0	0	0	1	0	0	0.5095	0.4905	0	0	0.0005	0.9995	0	0	0.6205	0.3795	0	0	0.9995	0.0005	0	0.0025	0.997	0.0005	0	0	1	0	0	0	1	0	0	0	1	0	0	0.001	0.999	0	0	0.0065	0.9935	0	0	0.0635	0.9365	0	0	0.3655	0.6345	0
5	2.09707	0.245176	0.601064	0.190703	0	0	0.0025	0.9975	0	0	0.0015	0.9985	0	0	0.0015	0.9985	0	0	0.0005	0.015	0.9845	0	0.001	0.016	0.983	0	0.001	0.018	0.981	0	0.016	0.102	0.882	0	0.017	0.1305	0.8525	0	0.02	0.8525	0.1275	0	0.023	0.8635	0.1135	0	0.046	0.799	0.155	0	0.0085	0.859	0.1325	0	0.0005	0.9995	0	0	0.004	0.996	0	0	0.0165	0.978	0.0055	0	0.006	0.994	0	0	0.0115	0.9885	0	0	0.1205	0.8795	0	0	0.001	0.017	0.982	0	0.001	0.7165	0.2825	0	0.017	0.5935	0.3895	0	0.0565	0.735	0.2085	0	0.047	0.9355	0.0175	0	0.0885	0.8995	0.012	0	0.0805	0.7905	0.129	0	0.0705	0.9295	0	0	0.081	0.919	0	0	0.096	0.904	0	0	0.1295	0.8705	0	0	0.28	0.72	0	0	0.5475	0.4525	0
26	2.70847	0.271394	0.619301	0.10468	0	0	0.01	0.99	0	0	0.0035	0.9965	0	0	0	1	0	0	0	0	1	0	0	0	1	0	0	0	1	0	0	0	1	0	0	0	1	0	0.0005	0.9595	0.04	0	0	0.956	0.044	0	0	1	0	0	0	0.994	0.006	0	0.0005	0.9995	0	0	0.001	0.9945	0.0045	0	0.007	0.94	0.053	0	0.009	0.9905	0.0005	0	0.0145	0.9855	0	0	0.1145	0.8855	0	0	0	0	1	0	0	0	1	0	0	0	1	0	0	0.068	0.932	0	0.0005	0.9995	0	0	0.0015	0.9985	0	0	0	1	0	0	0.001	0.999	0	0	0.001	0.999	0	0	0.0085	0.9915	0	0	0.019	0.981	0	0	0.134	0.866	0	0	0.4425	0.5575	0
27	2.18932	0.247138	0.584478	0.150816	0	0	0.0015	0.9985	0	0	0.002	0.998	0	0	0	1	0	0	0.0005	0.0005	0.999	0	0.0005	0	0.9995	0	0.0005	0.0085	0.991	0	0.0005	0	0.9995	0	0.0005	0	0.9995	0	0	0.882	0.118	0	0.001	0.1815	0.8175	0	0.0005	0.997	0.0025	0	0.0015	0.993	0.0055	0	0.012	0.972	0.016	0	0.0015	0.9975	0.001	0	0.015	0.977	0.008	0	0.002	0.998	0	0	0.0025	0.9975	0	0	0.034	0.966	0	0	0.0005	0.0005	0.999	0	0.0005	0.0175	0.982	0	0.0005	0	0.9995	0	0.0005	0.126	0.8735	0	0.001	0.972	0.027	0	0.0075	0.971	0.0215	0	0.0095	0.9905	0	0	0.022	0.9775	0.0005	0	0.022	0.978	0	0	0.0345	0.9655	0	0	0.0505	0.9495	0	0	0.093	0.907	0	0	0.368	0.632	0
28	1.90679	0.202847	0.611022	0.10659	0	0	0	1	0	0	0.0005	0.9995	0	0	0	1	0	0	0	0	1	0	0	0	1	0	0	0	1	0	0	0	1	0	0	0	1	0	0	0.9315	0.0685	0	0	0.945	0.055	0	0	0.9995	0.0005	0	0	0.999	0.001	0	0	0.997	0.003	0	0	0.9975	0.0025	0	0	0.996	0.004	0	0.0005	0.999	0.0005	0	0.0005	0.9995	0	0	0.0025	0.9975	0	0	0	0	1	0	0	0	1	0	0	0	1	0	0	0.1305	0.8695	0	0	0.999	0.001	0	0	0.999	0.001	0	0	1	0	0	0	0.9985	0.0015	0	0	1	0	0	0.001	0.999	0	0	0.001	0.999	0	0	0.0045	0.9955	0	0	0.2815	0.7185	0
6	2.30352	0.149538	0.610239	0.12864	0	0	0	1	0	0	0	1	0	0	0	1	0	0	0	0	1	0	0	0	1	0	0	0	1	0	0	0	1	0	0	0.102	0.898	0	0	0.938	0.062	0	0	0.944	0.056	0	0	1	0	0	0	0.995	0.005	0	0	1	0	0	0	0.8405	0.1595	0	0	0.9945	0.0055	0	0	0.9995	0.0005	0	0	1	0	0	0.002	0.998	0	0	0	0	1	0	0	0	1	0	0	0.281	0.719	0	0	0.387	0.613	0	0	1	0	0	0	1	0	0	0	1	0	0	0	1	0	0	0	1	0	0	0	1	0	0	0.0005	0.9995	0	0	0.0035	0.9965	0	0	0.301	0.699	0
29	3.00982	0.199125	0.620282	0.172594	0	0	0.0005	0.9995	0	0	0	1	0	0	0.0095	0.9905	0	0	0	0	1	0	0	0	1	0	0	0	1	0	0	0	1	0	0	0	1	0	0.0005	0.729	0.2705	0	0	0.1115	0.8885	0	0	1	0	0	0	0.9995	0.0005	0	0	1	0	0	0	1	0	0	0	1	0	0	0.009	0.991	0	0	0.0015	0.9985	0	0	0.025	0.975	0	0	0	0	1	0	0	0.0015	0.9985	0	0	0.165	0.835	0	0	0.331	0.669	0	0.0005	0.9975	0.002	0	0.0035	0.9945	0.002	0	0	1	0	0	0	1	0	0	0	1	0	0	0.011	0.989	0	0	0.039	0.961	0	0	0.0805	0.9195	0	0	0.3585	0.6415	0
7	3.34575	0.296258	0.567461	0.11293	0	0	0.055	0.945	0	0	0.0945	0.9055	0	0	0.0265	0.9735	0	0	0	0.001	0.999	0	0	0	1	0	0.0005	0.009	0.9905	0	0	0	1	0	0	0	1	0	0	0.9635	0.0365	0	0	0.9695	0.0305	0	0	1	0	0	0	1	0	0	0.001	0.989	0.01	0	0	1	0	0	0.0005	0.999	0.0005	0	0.0145	0.9855	0	0	0.1015	0.8985	0	0	0.153	0.847	0	0	0	0.0105	0.9895	0	0.0005	0.022	0.9775	0	0	0.1405	0.8595	0	0.0005	0.2155	0.784	0	0	1	0	0	0.0025	0.9975	0	0	0	1	0	0	0.001	0.999	0	0	0.001	0.999	0	0	0.003	0.997	0	0	0.012	0.988	0	0	0.087	0.913	0	0	0.422	0.578	0
61	2.65214	0.143326	0.18473	0.652415	0	0	0.9055	0.0945	0	0	0.81	0.19	0	0	0.9105	0.0895	0	0	0	0.0005	0.9995	0	0	0.002	0.998	0	0	0.0055	0.9945	0	0	0	1	0	0	0	1	0	0.0085	0.0085	0.983	0	0.008	0.2675	0.7245	0	0.647	0.311	0.042	0	0.7485	0.076	0.1755	0	0.7675	0.04	0.1925	0	0.763	0.0885	0.1485	0	0.7985	0.035	0.1665	0	0.0825	0.9175	0	0	0.9135	0.0865	0	0	0.9225	0.0775	0	0	0	0.0045	0.9955	0	0	0.0075	0.9925	0	0	0	1	0	0	0.4955	0.5045	0	0.0085	0.988	0.0035	0	0.298	0.6985	0.0035	0	0.7525	0.2365	0.011	0	0.7675	0.1495	0.083	0	0.7745	0.225	0.0005	0	0.7985	0.201	0.0005	0	0.812	0.188	0	0	0.8365	0.1635	0	0	0.957	0.043	0
30	2.70459	0.333647	0.355644	0.505772	0	0	0.3285	0.6715	0	0	0.347	0.653	0	0	0.276	0.724	0	0	0	0	1	0	0	0.0005	0.9995	0	0.0025	0	0.9975	0	0.001	0	0.999	0	0.001	0.008	0.991	0	0.3885	0.477	0.1345	0	0.4515	0.3575	0.191	0	0.2395	0.7595	0.001	0	0.465	0.5285	0.0065	0	0.4765	0.5185	0.005	0	0.1915	0.8085	0	0	0.2595	0.7395	0.001	0	0.3305	0.669	0.0005	0	0.376	0.624	0	0	0.606	0.394	0	0	0	0.0035	0.9965	0	0.0025	0.0085	0.989	0	0.001	0.065	0.934	0	0.005	0.6625	0.3325	0	0.541	0.411	0.048	0	0.579	0.401	0.02	0	0.6395	0.36	0.0005	0	0.578	0.422	0	0	0.6805	0.3195	0	0	0.7075	0.2925	0	0	0.734	0.266	0	0	0.8205	0.1795	0	0	0.907	0.093	0
48	1.70794	0.256656	0.607703	0.121805	0	0	0.0015	0.9985	0	0	0.0095	0.9905	0	0	0.023	0.977	0	0	0.0005	0.007	0.9925	0	0.0005	0.0085	0.991	0	0.0005	0.0075	0.992	0	0.0005	0.307	0.6925	0	0.0005	0.0135	0.986	0	0.0005	0.9205	0.079	0	0.001	0.9145	0.0845	0	0	0.9645	0.0355	0	0	0.9475	0.0525	0	0	0.9945	0.0055	0	0	0.999	0.001	0	0	0.9965	0.0035	0	0.0025	0.995	0.0025	0	0.0095	0.9905	0	0	0.045	0.955	0	0	0.0005	0.0085	0.991	0	0.0005	0.009	0.9905	0	0.0005	0.3615	0.638	0	0.0005	0.4335	0.566	0	0.001	0.9955	0.0035	0	0.0015	0.9955	0.003	0	0	0.988	0.012	0	0	1	0	0	0	1	0	0	0.0005	0.9995	0	0	0.005	0.995	0	0	0.028	0.972	0	0	0.312	0.688	0
71	5.38104	0.281726	0.633789	0.198655	0	0	0.0045	0.9955	0	0	0.0165	0.9835	0	0	0.0185	0.9815	0	0	0	0	1	0	0	0	1	0	0	0.0005	0.9995	0	0	0	1	0	0	0	1	0	0	0.975	0.025	0	0	0.974	0.026	0	0	1	0	0	0	1	0	0	0	1	0	0	0	1	0	0	0	1	0	0	0.0105	0.9895	0	0	0.0175	0.9825	0	0	0.0315	0.9685	0	0	0	0.3005	0.6995	0	0	0.829	0.171	0	0	0.996	0.004	0	0.0005	0.9955	0.004	0	0	1	0	0	0.0045	0.9955	0	0	0.001	0.999	0	0	0.0005	0.9995	0	0	0.001	0.999	0	0	0.001	0.999	0	0	0.0105	0.9895	0	0	0.033	0.967	0	0	0.356	0.644	0
62	1.95806	0.241087	0.609942	0.105159	0	0	0	1	0	0	0	1	0	0	0.0015	0.9985	0	0	0	0.0005	0.9995	0	0	0.0005	0.9995	0	0	0	1	0	0	0	1	0	0	0.0015	0.9985	0	0	0.933	0.067	0	0	0.934	0.066	0	0	0.989	0.011	0	0.0005	0.942	0.0575	0	0	0.997	0.003	0	0	0.997	0.003	0	0.0005	0.983	0.0165	0	0	1	0	0	0.001	0.999	0	0	0.0085	0.9915	0	0	0	0.0005	0.9995	0	0	0.0005	0.9995	0	0	0.004	0.996	0	0	0.065	0.935	0	0	0.9995	0.0005	0	0	1	0	0	0.0005	0.9925	0.007	0	0	0.9995	0.0005	0	0.0005	0.9995	0	0	0.0015	0.9985	0	0	0.003	0.997	0	0	0.011	0.989	0	0	0.293	0.707	0
31	1.60216	0.386472	0.550818	0.0821537	0	0	0.113	0.887	0	0	0.081	0.919	0	0	0.0265	0.9735	0	0	0.0195	0.584	0.3965	0	0.024	0.496	0.48	0	0.0255	0.6625	0.312	0	0.037	0.636	0.327	0	0.027	0.6865	0.2865	0	0.011	0.7375	0.2515	0	0.01	0.875	0.115	0	0.0195	0.8375	0.143	0	0.0185	0.8305	0.151	0	0.0115	0.9205	0.068	0	0.007	0.934	0.059	0	0.0075	0.968	0.0245	0	0.055	0.9205	0.0245	0	0.1235	0.8765	0	0	0.21	0.79	0	0	0.029	0.614	0.357	0	0.044	0.681	0.275	0	0.046	0.687	0.267	0	0.0535	0.762	0.1845	0	0.0135	0.9385	0.048	0	0.062	0.901	0.037	0	0.023	0.911	0.066	0	0.018	0.9385	0.0435	0	0.03	0.944	0.026	0	0.0625	0.9195	0.018	0	0.104	0.884	0.012	0	0.2095	0.7815	0.009	0	0.507	0.493	0
49	3.14261	0.217448	0.543801	0.200843	0	0	0.001	0.999	0	0	0	1	0	0	0	1	0	0	0	0	1	0	0	0	1	0	0.001	0.0005	0.9985	0	0	0	1	0	0	0	1	0	0.033	0.9075	0.0595	0	0.044	0.91	0.046	0	0.091	0.8315	0.0775	0	0.044	0.9545	0.0015	0	0	1	0	0	0.002	0.998	0	0	0.0985	0.9015	0	0	0.329	0.67	0.001	0	0.005	0.995	0	0	0.117	0.883	0	0	0	0.001	0.999	0	0.001	0.001	0.998	0	0	0.928	0.072	0	0.001	0.943	0.056	0	0.0745	0.9255	0	0	0.1265	0.8735	0	0	0.0915	0.9085	0	0	0.042	0.958	0	0	0.0985	0.9015	0	0	0.1545	0.8455	0	0	0.2205	0.7795	0	0	0.471	0.529	0	0	0.6665	0.3335	0
72	1.86115	0.160779	0.666504	0.168239	0	0	0.0025	0.9975	0	0	0.0015	0.9985	0	0	0	1	0	0	0	0.0335	0.9665	0	0	0.0075	0.9925	0	0	0.022	0.978	0	0	0	1	0	0	0	1	0	0	0.889	0.111	0	0	0.9005	0.0995	0	0	0.9975	0.0025	0	0.0005	0.9975	0.002	0	0.001	0.9985	0.0005	0	0.0035	0.428	0.5685	0	0.0095	0.9395	0.051	0	0.06	0.939	0.001	0	0.0245	0.9755	0	0	0.38	0.62	0	0	0	0.047	0.953	0	0	0.0945	0.9055	0	0	0	1	0	0	0.2585	0.7415	0	0	0.9925	0.0075	0	0.0075	0.9885	0.004	0	0.001	0.9985	0.0005	0	0.0035	0.996	0.0005	0	0.004	0.996	0	0	0.014	0.986	0	0	0.0915	0.9085	0	0	0.6695	0.3305	0	0	0.9235	0.0765	0
63	1.30699	0.0759267	0.641863	0.118579	0	0	0	1	0	0	0	1	0	0	0	1	0	0	0.001	0.043	0.956	0	0.001	0.042	0.957	0	0	0.0675	0.9325	0	0.001	0.1725	0.8265	0	0.001	0.052	0.947	0	0	0.913	0.087	0	0	0.9225	0.0775	0	0	0.999	0.001	0	0	0.9965	0.0035	0	0	0.93	0.07	0	0	1	0	0	0	0.997	0.003	0	0.0005	0.998	0.0015	0	0	1	0	0	0.01	0.99	0	0	0.001	0.045	0.954	0	0.001	0.071	0.928	0	0.001	0.294	0.705	0	0.001	0.383	0.616	0	0	0.9995	0.0005	0	0.001	0.9985	0.0005	0	0	1	0	0	0	1	0	0	0	1	0	0	0	1	0	0	0.003	0.997	0	0	0.0225	0.9775	0	0	0.3045	0.6955	0
50	2.49573	0.153329	0.596503	0.09724	0	0	0	1	0	0	0	1	0	0	0	1	0	0	0	0	1	0	0	0	1	0	0	0	1	0	0	0	1	0	0	0	1	0	0	0.955	0.045	0	0	0.96	0.04	0	0	1	0	0	0	0.9995	0.0005	0	0	0.9995	0.0005	0	0	1	0	0	0	0.9935	0.0065	0	0	1	0	0	0	1	0	0	0.011	0.989	0	0	0	0	1	0	0	0	1	0	0	0	1	0	0	0.025	0.975	0	0	1	0	0	0	1	0	0	0	1	0	0	0	1	0	0	0	1	0	0	0	1	0	0	0.0025	0.9975	0	0	0.0085	0.9915	0	0	0.286	0.714	0
32	3.22794	0.241681	0.599829	0.229483	0	0	0	1	0	0	0.0015	0.9985	0	0	0	1	0	0	0	0.111	0.889	0	0	0.097	0.903	0	0	0.061	0.939	0	0	0.002	0.998	0	0	0	1	0	0	0.53	0.47	0	0	0.089	0.911	0	0	1	0	0	0	1	0	0	0.001	0.995	0.004	0	0.0015	0.995	0.0035	0	0.002	0.9855	0.0125	0	0.004	0.9945	0.0015	0	0.0015	0.9985	0	0	0.003	0.997	0	0	0	0.1805	0.8195	0	0	0.2385	0.7615	0	0	0.916	0.084	0	0	0.9335	0.0665	0	0	0.9995	0.0005	0	0.002	0.9975	0.0005	0	0.0015	0.9985	0	0	0.0015	0.998	0.0005	0	0.0015	0.9985	0	0	0.0025	0.9975	0	0	0.0065	0.9935	0	0	0.0135	0.9865	0	0	0.292	0.708	0
73	2.43142	0.243008	0.60959	0.123772	0	0	0.0005	0.9995	0	0	0.0015	0.9985	0	0	0.0015	0.9985	0	0	0	0	1	0	0	0	1	0	0	0	1	0	0	0	1	0	0	0.002	0.998	0	0	0.935	0.065	0	0	0.676	0.324	0	0	0.9985	0.0015	0	0	1	0	0	0	1	0	0	0	0.9985	0.0015	0	0	1	0	0	0.0015	0.9985	0	0	0.006	0.994	0	0	0.021	0.979	0	0	0	0	1	0	0	0	1	0	0	0.002	0.998	0	0	0.1465	0.8535	0	0	1	0	0	0	1	0	0	0	1	0	0	0	1	0	0	0	1	0	0	0	1	0	0	0.0035	0.9965	0	0	0.027	0.973	0	0	0.321	0.679	0
64	2.41914	0.431292	0.575655	0.12763	0	0	0.052	0.948	0	0	0.0765	0.9235	0	0	0.055	0.945	0	0	0.005	0.042	0.953	0	0.005	0.0035	0.9915	0	0.019	0.771	0.21	0	0.06	0.5905	0.3495	0	0.064	0.402	0.534	0	0.057	0.8075	0.1355	0	0.06	0.7385	0.2015	0	0.038	0.953	0.009	0	0.0605	0.9135	0.026	0	0.052	0.937	0.011	0	0.0415	0.952	0.0065	0	0.0705	0.9095	0.02	0	0.0865	0.9015	0.012	0	0.0825	0.9175	0	0	0.0975	0.9025	0	0	0.005	0.2055	0.7895	0	0.023	0.8545	0.1225	0	0.066	0.633	0.301	0	0.0705	0.834	0.0955	0	0.07	0.897	0.033	0	0.082	0.8975	0.0205	0	0.071	0.924	0.005	0	0.077	0.917	0.006	0	0.078	0.9185	0.0035	0	0.0795	0.9195	0.001	0	0.093	0.907	0	0	0.119	0.881	0	0	0.4015	0.5985	0
51	1.43665	0.0955611	0.629784	0.139011	0	0	0	1	0	0	0	1	0	0	0.0005	0.9995	0	0	0	0.0115	0.9885	0	0.0005	0.0105	0.989	0	0.0005	0.1555	0.844	0	0.0005	0.0125	0.987	0	0	0.0195	0.9805	0	0	0.4315	0.5685	0	0	0.8985	0.1015	0	0	0.9975	0.0025	0	0	0.995	0.005	0	0	1	0	0	0	1	0	0	0	0.998	0.002	0	0.001	0.998	0.001	0	0	1	0	0	0.01	0.99	0	0	0.0005	0.013	0.9865	0	0.0005	0.1755	0.824	0	0.0005	0.0655	0.934	0	0.0005	0.2955	0.704	0	0	0.986	0.014	0	0.001	0.987	0.012	0	0	1	0	0	0	1	0	0	0	1	0	0	0.0005	0.9995	0	0	0.0025	0.9975	0	0	0.0145	0.9855	0	0	0.3055	0.6945	0
33	3.26624	0.366901	0.599162	0.171581	0	0	0.0705	0.9295	0	0	0.073	0.927	0	0	0.0315	0.9685	0	0	0	0.007	0.993	0	0	0.0055	0.9945	0	0	0.005	0.995	0	0.0005	0.0045	0.995	0	0.0005	0.797	0.2025	0	0.0035	0.9375	0.059	0	0.0035	0.927	0.0695	0	0.004	0.9875	0.0085	0	0.0055	0.8065	0.188	0	0.0055	0.9855	0.009	0	0.003	0.984	0.013	0	0.0005	0.9995	0	0	0.008	0.9915	0.0005	0	0.0815	0.9185	0	0	0.118	0.882	0	0	0	0.0105	0.9895	0	0	0.9415	0.0585	0	0.0005	0.9365	0.063	0	0.0035	0.9695	0.027	0	0.006	0.99	0.004	0	0.017	0.9805	0.0025	0	0.006	0.9895	0.0045	0	0.0055	0.989	0.0055	0	0.0065	0.9935	0	0	0.009	0.991	0	0	0.0315	0.9685	0	0	0.088	0.912	0	0	0.431	0.569	0
74	2.07719	0.167907	0.60025	0.144713	0	0	0	1	0	0	0	1	0	0	0	1	0	0	0	0	1	0	0	0	1	0	0	0	1	0	0	0.0005	0.9995	0	0	0	1	0	0.0015	0.9095	0.089	0	0.0005	0.9155	0.084	0	0.0015	0.939	0.0595	0	0.0015	0.53	0.4685	0	0	0.999	0.001	0	0	1	0	0	0	0.9975	0.0025	0	0.0135	0.8755	0.111	0	0	1	0	0	0.0005	0.9995	0	0	0	0	1	0	0	0	1	0	0	0.002	0.998	0	0	0.168	0.832	0	0.0015	0.9835	0.015	0	0.0025	0.986	0.0115	0	0.0015	0.986	0.0125	0	0.002	0.998	0	0	0.0025	0.9975	0	0	0.0025	0.9975	0	0	0.004	0.996	0	0	0.0165	0.9835	0	0	0.304	0.696	0
65	1.66397	0.13075	0.597288	0.116084	0	0	0	1	0	0	0	1	0	0	0	1	0	0	0	0.0315	0.9685	0	0	0.028	0.972	0	0.0005	0.003	0.9965	0	0.0005	0	0.9995	0	0.0005	0	0.9995	0	0	0.7355	0.2645	0	0	0.9265	0.0735	0	0	0.9955	0.0045	0	0	0.9985	0.0015	0	0	1	0	0	0	1	0	0	0	0.9985	0.0015	0	0	0.9985	0.0015	0	0	1	0	0	0.004	0.996	0	0	0	0.0345	0.9655	0	0.0005	0.0365	0.963	0	0.0005	0	0.9995	0	0.0005	0.158	0.8415	0	0	0.9895	0.0105	0	0.0005	0.9895	0.01	0	0	1	0	0	0	1	0	0	0	1	0	0	0	1	0	0	0.0015	0.9985	0	0	0.0045	0.9955	0	0	0.2825	0.7175	0
52	3.17806	0.186918	0.587781	0.1208	0	0	0	1	0	0	0	1	0	0	0	1	0	0	0	0	1	0	0	0	1	0	0	0	1	0	0	0	1	0	0	0	1	0	0	0.9485	0.0515	0	0	0.6465	0.3535	0	0	0.9965	0.0035	0	0	1	0	0	0	1	0	0	0	1	0	0	0	0.991	0.009	0	0.0005	0.9995	0	0	0	1	0	0	0.0025	0.9975	0	0	0	0	1	0	0	0	1	0	0	0	1	0	0	0.164	0.836	0	0	1	0	0	0	1	0	0	0	1	0	0	0	1	0	0	0	1	0	0	0	1	0	0	0	1	0	0	0.0045	0.9955	0	0	0.2595	0.7405	0
34	1.94711	0.19983	0.631777	0.171807	0	0	0	1	0	0	0	1	0	0	0	1	0	0	0	0.0015	0.9985	0	0	0.0015	0.9985	0	0	0.003	0.997	0	0	0	1	0	0	0	1	0	0	0.896	0.104	0	0	0.9095	0.0905	0	0	0.0825	0.9175	0	0	0.89	0.11	0	0	1	0	0	0	0.9975	0.0025	0	0	0.977	0.023	0	0.0205	0.9565	0.023	0	0	1	0	0	0.0215	0.9785	0	0	0	0.002	0.998	0	0	0.003	0.997	0	0	0	1	0	0	0.1745	0.8255	0	0	0.998	0.002	0	0.001	0.998	0.001	0	0	0.9465	0.0535	0	0	1	0	0	0	1	0	0	0.0015	0.9985	0	0	0.0085	0.9915	0	0	0.0585	0.9415	0	0	0.3485	0.6515	0
75	3.68429	0.290071	0.611894	0.182871	0	0	0.033	0.967	0	0	0.0345	0.9655	0	0	0.006	0.994	0	0	0	0	1	0	0	0	1	0	0	0	1	0	0	0	1	0	0	0.003	0.997	0	0.0085	0.5985	0.393	0	0.0055	0.9575	0.037	0	0.004	0.996	0	0	0.002	0.998	0	0	0.001	0.999	0	0	0	1	0	0	0.011	0.989	0	0	0.006	0.994	0	0	0.0405	0.9595	0	0	0.081	0.919	0	0	0	0	1	0	0	0	1	0	0	0.919	0.081	0	0	0.928	0.072	0	0.009	0.991	0	0	0.027	0.973	0	0	0.0075	0.9925	0	0	0.011	0.989	0	0	0.0235	0.9765	0	0	0.0455	0.9545	0	0	0.0585	0.9415	0	0	0.1205	0.8795	0	0	0.4305	0.5695	0
66	1.59844	0.0843773	0.591469	0.10801	0	0	0	1	0	0	0	1	0	0	0	1	0	0	0	0	1	0	0	0	1	0	0	0	1	0	0	0.001	0.999	0	0	0.0175	0.9825	0	0	0.937	0.063	0	0	0.9385	0.0615	0	0	1	0	0	0	0.9965	0.0035	0	0	0.9995	0.0005	0	0	1	0	0	0	0.9995	0.0005	0	0	1	0	0	0	1	0	0	0.018	0.982	0	0	0	0	1	0	0	0.0015	0.9985	0	0	0.0215	0.9785	0	0	0.153	0.847	0	0	0.9995	0.0005	0	0.0005	0.999	0.0005	0	0	1	0	0	0	1	0	0	0	1	0	0	0	1	0	0	0.0025	0.9975	0	0	0.0325	0.9675	0	0	0.296	0.704	0
53	2.10071	0.125269	0.61197	0.10216	0	0	0	1	0	0	0	1	0	0	0	1	0	0	0	0	1	0	0	0.0015	0.9985	0	0	0	1	0	0	0	1	0	0	0	1	0	0	0.944	0.056	0	0	0.9565	0.0435	0	0	0.9995	0.0005	0	0	0.994	0.006	0	0	1	0	0	0	1	0	0	0	0.999	0.001	0	0.0005	0.9995	0	0	0	1	0	0	0.001	0.999	0	0	0	0.0025	0.9975	0	0	0.003	0.997	0	0	0	1	0	0	0.1335	0.8665	0	0	1	0	0	0	1	0	0	0	1	0	0	0	1	0	0	0	1	0	0	0	1	0	0	0.0005	0.9995	0	0	0.003	0.997	0	0	0.2805	0.7195	0
35	2.8511	0.139064	0.615134	0.139686	0	0	0	1	0	0	0	1	0	0	0	1	0	0	0	0	1	0	0	0	1	0	0	0	1	0	0	0	1	0	0	0	1	0	0	0.499	0.501	0	0	0.962	0.038	0	0	0.9995	0.0005	0	0	0.813	0.187	0	0	1	0	0	0	1	0	0	0	1	0	0	0	1	0	0	0.0005	0.9995	0	0	0.01	0.99	0	0	0	0	1	0	0	0	1	0	0	0.0005	0.9995	0	0	0.178	0.822	0	0	1	0	0	0.0005	0.9995	0	0	0	1	0	0	0	1	0	0	0	1	0	0	0	1	0	0	0.002	0.998	0	0	0.0155	0.9845	0	0	0.2945	0.7055	0
76	2.28069	0.151692	0.623653	0.106678	0	0	0	1	0	0	0	1	0	0	0	1	0	0	0	0	1	0	0	0	1	0	0	0	1	0	0	0.0005	0.9995	0	0	0	1	0	0	0.9425	0.0575	0	0	0.9465	0.0535	0	0	0.9995	0.0005	0	0	0.9995	0.0005	0	0	0.9995	0.0005	0	0	0.9995	0.0005	0	0	0.9995	0.0005	0	0	1	0	0	0	1	0	0	0.02	0.98	0	0	0	0	1	0	0	0	1	0	0	0.001	0.999	0	0	0.117	0.883	0	0	0.9955	0.0045	0	0.0005	0.9955	0.004	0	0	1	0	0	0	1	0	0	0	1	0	0	0.0005	0.9995	0	0	0.004	0.996	0	0	0.0395	0.9605	0	0	0.3135	0.6865	0
67	2.22114	0.104441	0.585543	0.101734	0	0	0	1	0	0	0	1	0	0	0	1	0	0	0	0.0255	0.9745	0	0	0.027	0.973	0	0	0.0285	0.9715	0	0	0	1	0	0	0	1	0	0	0.948	0.052	0	0	0.946	0.054	0	0	1	0	0	0	1	0	0	0	1	0	0	0	1	0	0	0	0.9905	0.0095	0	0	1	0	0	0.0005	0.9995	0	0	0.0075	0.9925	0	0	0	0.028	0.972	0	0	0.0285	0.9715	0	0	0	1	0	0	0.1585	0.8415	0	0	1	0	0	0	1	0	0	0	1	0	0	0	1	0	0	0	1	0	0	0	1	0	0	0.002	0.998	0	0	0.0115	0.9885	0	0	0.273	0.727	0
54	5.395	0.258181	0.363284	0.399027	0	0	0	1	0	0	0	1	0	0	0	1	0	0	0	0	1	0	0	0	1	0	0	0	1	0	0	0	1	0	0	0	1	0	0.215	0.739	0.046	0	0.209	0.7485	0.0425	0	0.4895	0.5105	0	0	0.515	0.484	0.001	0	0.2125	0.7875	0	0	0.568	0.418	0.014	0	0.172	0.828	0	0	0.321	0.679	0	0	0	1	0	0	0.017	0.983	0	0	0	0	1	0	0	0.9765	0.0235	0	0	0.8545	0.1455	0	0.3145	0.671	0.0145	0	0.335	0.665	0	0	0.4785	0.5215	0	0	0.556	0.444	0	0	0.568	0.432	0	0	0.5685	0.4315	0	0	0.5695	0.4305	0	0	0.572	0.428	0	0	0.5765	0.4235	0	0	0.71	0.29	0
36	3.97084	0.112874	0.628245	0.163822	0	0	0	1	0	0	0	1	0	0	0	1	0	0	0	0	1	0	0	0	1	0	0	0	1	0	0	0	1	0	0	0	1	0	0	0.961	0.039	0	0	0.9625	0.0375	0	0	1	0	0	0	1	0	0	0	1	0	0	0	1	0	0	0	1	0	0	0	1	0	0	0	1	0	0	0.022	0.978	0	0	0	0	1	0	0	0	1	0	0	0.974	0.026	0	0	0.978	0.022	0	0	1	0	0	0.001	0.999	0	0	0	1	0	0	0	1	0	0	0	1	0	0	0.0005	0.9995	0	0	0.0035	0.9965	0	0	0.032	0.968	0	0	0.334	0.666	0
77	1.9573	0.139097	0.602901	0.0937194	0	0	0	1	0	0	0	1	0	0	0	1	0	0	0	0.5935	0.4065	0	0	0.761	0.239	0	0	0.861	0.139	0	0	0	1	0	0	0	1	0	0	0.9505	0.0495	0	0	0.956	0.044	0	0	0.9995	0.0005	0	0	1	0	0	0	0.9995	0.0005	0	0	1	0	0	0	0.9985	0.0015	0	0	0.9995	0.0005	0	0	1	0	0	0.016	0.984	0	0	0	0.8205	0.1795	0	0	0.915	0.085	0	0	0.052	0.948	0	0	0.93	0.07	0	0	0.999	0.001	0	0	0.9995	0.0005	0	0	1	0	0	0	1	0	0	0	1	0	0	0	1	0	0	0.002	0.998	0	0	0.023	0.977	0	0	0.303	0.697	0
68	3.00329	0.133709	0.616884	0.103453	0	0	0.001	0.999	0	0	0	1	0	0	0	1	0	0	0	0	1	0	0	0	1	0	0	0	1	0	0	0	1	0	0	0	1	0	0	0.968	0.032	0	0	0.9615	0.0385	0	0	0.999	0.001	0	0	0.9995	0.0005	0	0	1	0	0	0	1	0	0	0	1	0	0	0.0015	0.9985	0	0	0.001	0.999	0	0	0.0085	0.9915	0	0	0	0	1	0	0	0	1	0	0	0.008	0.992	0	0	0.134	0.866	0	0	1	0	0	0	1	0	0	0	1	0	0	0	1	0	0	0	1	0	0	0	1	0	0	0.0015	0.9985	0	0	0.0125	0.9875	0	0	0.3015	0.6985	0
55	2.0959	0.105628	0.615393	0.10899	0	0	0	1	0	0	0	1	0	0	0	1	0	0	0	0	1	0	0	0	1	0	0	0	1	0	0	0	1	0	0	0	1	0	0	0.9505	0.0495	0	0	0.959	0.041	0	0	0.9995	0.0005	0	0	0.9995	0.0005	0	0	1	0	0	0	1	0	0	0	1	0	0	0.001	0.9985	0.0005	0	0	1	0	0	0.022	0.978	0	0	0	0	1	0	0	0	1	0	0	0	1	0	0	0.1425	0.8575	0	0	1	0	0	0.0005	0.9995	0	0	0	0.9995	0.0005	0	0	1	0	0	0	1	0	0	0	1	0	0	0.002	0.998	0	0	0.037	0.963	0	0	0.297	0.703	0
37	1.72156	0.182137	0.612827	0.181591	0	0	0	1	0	0	0	1	0	0	0	1	0	0	0	0.0005	0.9995	0	0	0.003	0.997	0	0	0.019	0.981	0	0	0.0065	0.9935	0	0	0.003	0.997	0	0	0.8745	0.1255	0	0	0.126	0.874	0	0	0.993	0.007	0	0	0.549	0.451	0	0	0.999	0.001	0	0.0005	0.997	0.0025	0	0	0.998	0.002	0	0	0.9995	0.0005	0	0	1	0	0	0.007	0.993	0	0	0	0.0055	0.9945	0	0	0.045	0.955	0	0	0.0185	0.9815	0	0	0.237	0.763	0	0	0.996	0.004	0	0.0005	0.996	0.0035	0	0	0.998	0.002	0	0.0005	0.9995	0	0	0.001	0.999	0	0	0.0025	0.9975	0	0	0.004	0.996	0	0	0.0155	0.9845	0	0	0.305	0.695	0
78	2.84401	0.406698	0.530098	0.187684	0	0	0.041	0.959	0	0	0.046	0.954	0	0	0.049	0.951	0	0	0	0.018	0.982	0	0	0	1	0	0.0135	0.0425	0.944	0	0.0035	0.0045	0.992	0	0.0035	0	0.9965	0	0.0615	0.8485	0.09	0	0.0645	0.87	0.0655	0	0.114	0.875	0.011	0	0.101	0.894	0.005	0	0.1335	0.0795	0.787	0	0.072	0.927	0.001	0	0.1585	0.796	0.0455	0	0.0865	0.913	0.0005	0	0.0705	0.9295	0	0	0.139	0.861	0	0	0	0.0435	0.9565	0	0.016	0.0585	0.9255	0	0.0035	0.039	0.9575	0	0.0175	0.3065	0.676	0	0.096	0.9025	0.0015	0	0.1125	0.887	0.0005	0	0.141	0.859	0	0	0.1335	0.866	0.0005	0	0.1635	0.8365	0	0	0.1765	0.8235	0	0	0.2025	0.7975	0	0	0.2705	0.7295	0	0	0.5345	0.4655	0
69	2.51511	0.144092	0.617084	0.18605	0	0	0.001	0.999	0	0	0	1	0	0	0	1	0	0	0	0.0035	0.9965	0	0	0.0035	0.9965	0	0	0.0375	0.9625	0	0	0	1	0	0	0.0145	0.9855	0	0.0005	0.8995	0.1	0	0.0005	0.4495	0.55	0	0	0.999	0.001	0	0	0.997	0.003	0	0	1	0	0	0	1	0	0	0	1	0	0	0	1	0	0	0.001	0.999	0	0	0.0195	0.9805	0	0	0	0.0125	0.9875	0	0	0.8365	0.1635	0	0	0.0455	0.9545	0	0	0.863	0.137	0	0.0005	0.997	0.0025	0	0.0025	0.996	0.0015	0	0	1	0	0	0	1	0	0	0	1	0	0	0.0055	0.9945	0	0	0.0085	0.9915	0	0	0.0445	0.9555	0	0	0.35	0.65	0
56	2.14044	0.177111	0.624076	0.176668	0	0	0	1	0	0	0	1	0	0	0	1	0	0	0	0.0005	0.9995	0	0	0.0005	0.9995	0	0	0.0005	0.9995	0	0	0.0015	0.9985	0	0	0.0125	0.9875	0	0	0.5005	0.4995	0	0	0.912	0.088	0	0	0.9465	0.0535	0	0	0.995	0.005	0	0	0.999	0.001	0	0	1	0	0	0	0.9985	0.0015	0	0	0.9995	0.0005	0	0	1	0	0	0.0105	0.9895	0	0	0	0.0005	0.9995	0	0	0.0035	0.9965	0	0	0.68	0.32	0	0	0.7315	0.2685	0	0	0.996	0.004	0	0	0.997	0.003	0	0	0.999	0.001	0	0	1	0	0	0	1	0	0	0	1	0	0	0.002	0.998	0	0	0.013	0.987	0	0	0.3155	0.6845	0
38	2.31652	0.232611	0.435755	0.176278	0	0	0.4075	0.5925	0	0	0.1585	0.8415	0	0	0.652	0.348	0	0	0	0	1	0	0	0	1	0	0	0.0045	0.9955	0	0	0	1	0	0	0.0005	0.9995	0	0	0.0825	0.9175	0	0	0.9245	0.0755	0	0	1	0	0	0.0015	0.995	0.0035	0	0.006	0.878	0.116	0	0.003	0.995	0.002	0	0.0015	0.998	0.0005	0	0.003	0.997	0	0	0.5535	0.4465	0	0	0.6635	0.3365	0	0	0	0	1	0	0	0.007	0.993	0	0	0.0865	0.9135	0	0	0.253	0.747	0	0	1	0	0	0.0035	0.9965	0	0	0.0015	0.9985	0	0	0.006	0.9925	0.0015	0	0.0065	0.9935	0	0	0.009	0.991	0	0	0.016	0.984	0	0	0.055	0.945	0	0	0.771	0.229	0
79	2.2677	0.0990448	0.627199	0.186146	0	0	0	1	0	0	0	1	0	0	0	1	0	0	0	0.001	0.999	0	0	0.001	0.999	0	0	0.0815	0.9185	0	0	0	1	0	0	0.0005	0.9995	0	0.0005	0.35	0.6495	0	0.0005	0.9215	0.078	0	0	0.994	0.006	0	0	0.9925	0.0075	0	0	1	0	0	0	1	0	0	0	1	0	0	0.0005	0.9995	0	0	0	1	0	0	0.008	0.992	0	0	0.0005	0.0005	0.999	0	0.0005	0.088	0.9115	0	0	0.771	0.229	0	0.001	0.8115	0.1875	0	0.0005	0.994	0.0055	0	0.001	0.996	0.003	0	0	0.9975	0.0025	0	0	1	0	0	0	1	0	0	0	1	0	0	0.0025	0.9975	0	0	0.016	0.984	0	0	0.3295	0.6705	0
70	2.31273	0.184994	0.657083	0.13581	0	0	0.001	0.999	0	0	0	1	0	0	0	1	0	0	0	0	1	0	0	0	1	0	0	0	1	0	0	0	1	0	0	0	1	0	0	0.9275	0.0725	0	0	0.586	0.414	0	0	0.9985	0.0015	0	0	0.988	0.012	0	0	0.9825	0.0175	0	0	1	0	0	0.0045	0.9825	0.013	0	0.006	0.994	0	0	0.0025	0.9975	0	0	0.218	0.782	0	0	0	0	1	0	0	0	1	0	0	0.0045	0.9955	0	0	0.1745	0.8255	0	0	0.9955	0.0045	0	0.004	0.9925	0.0035	0	0	1	0	0	0	1	0	0	0	1	0	0	0.0075	0.9925	0	0	0.0465	0.9535	0	0	0.379	0.621	0	0	0.6765	0.3235	0
57	3.27202	0.171898	0.603882	0.123816	0	0	0	1	0	0	0	1	0	0	0	1	0	0	0	0	1	0	0	0	1	0	0	0	1	0	0	0.1445	0.8555	0	0	0.412	0.588	0	0	0.965	0.035	0	0	0.9675	0.0325	0	0	0.9995	0.0005	0	0	0.999	0.001	0	0	0.9975	0.0025	0	0	1	0	0	0	0.9995	0.0005	0	0	1	0	0	0	1	0	0	0.0035	0.9965	0	0	0	0	1	0	0	0	1	0	0	0.747	0.253	0	0	0.7835	0.2165	0	0	1	0	0	0	1	0	0	0	1	0	0	0	1	0	0	0	1	0	0	0	1	0	0	0.0005	0.9995	0	0	0.0025	0.9975	0	0	0.285	0.715	0
39	2.01451	0.24234	0.61829	0.182356	0	0	0	1	0	0	0	1	0	0	0	1	0	0	0	0	1	0	0	0	1	0	0	0	1	0	0	0.0015	0.9985	0	0	0.0005	0.9995	0	0.001	0.8525	0.1465	0	0.0025	0.71	0.2875	0	0.0005	0.995	0.0045	0	0.0005	0.047	0.9525	0	0.0025	0.994	0.0035	0	0	1	0	0	0.011	0.9005	0.0885	0	0.0315	0.9645	0.004	0	0.0015	0.9985	0	0	0.034	0.966	0	0	0	0	1	0	0	0.002	0.998	0	0	0.027	0.973	0	0	0.2045	0.7955	0	0.0035	0.9485	0.048	0	0.009	0.956	0.035	0	0.0005	0.9965	0.003	0	0.004	0.996	0	0	0.006	0.994	0	0	0.015	0.985	0	0	0.026	0.974	0	0	0.0885	0.9115	0	0	0.383	0.617	0
80	2.15282	0.118965	0.628595	0.096262	0	0	0	1	0	0	0	1	0	0	0	1	0	0	0	0	1	0	0	0	1	0	0	0	1	0	0	0.5625	0.4375	0	0	0.6635	0.3365	0	0	0.9485	0.0515	0	0	0.947	0.053	0	0	0.998	0.002	0	0	0.9995	0.0005	0	0	1	0	0	0	0.998	0.002	0	0	0.9815	0.0185	0	0	1	0	0	0	1	0	0	0.0015	0.9985	0	0	0	0	1	0	0	0.0015	0.9985	0	0	0.6685	0.3315	0	0	0.7175	0.2825	0	0	0.998	0.002	0	0	0.998	0.002	0	0	1	0	0	0	1	0	0	0	1	0	0	0	1	0	0	0	1	0	0	0.0015	0.9985	0	0	0.279	0.721	0
85	1.43106	0.338151	0.599228	0.215948	0	0	0.0385	0.9615	0	0	0.035	0.965	0	0	0	1	0	0	0.0115	0.0775	0.911	0	0.0105	0.079	0.9105	0	0.0135	0.002	0.9845	0	0.0135	0.113	0.8735	0	0.014	0.0105	0.9755	0	0.0115	0.689	0.2995	0	0.012	0.717	0.271	0	0.019	0.787	0.194	0	0.0155	0.8045	0.18	0	0.0265	0.3095	0.664	0	0.0285	0.013	0.9585	0	0.0285	0.8215	0.15	0	0.033	0.882	0.085	0	0.0385	0.9615	0	0	0.05	0.95	0	0	0.0135	0.092	0.8945	0	0.0135	0.102	0.8845	0	0.014	0.1505	0.8355	0	0.015	0.313	0.672	0	0.015	0.8155	0.1695	0	0.024	0.8355	0.1405	0	0.027	0.816	0.157	0	0.0285	0.3955	0.576	0	0.0335	0.8445	0.122	0	0.0425	0.8535	0.104	0	0.0515	0.888	0.0605	0	0.082	0.9	0.018	0	0.394	0.606	0
58	2.45636	0.197394	0.597798	0.109696	0	0	0.003	0.997	0	0	0.0115	0.9885	0	0	0.001	0.999	0	0	0	0	1	0	0	0.0005	0.9995	0	0	0.004	0.996	0	0	0	1	0	0	0	1	0	0	0.955	0.045	0	0	0.9605	0.0395	0	0	0.9995	0.0005	0	0.0005	0.946	0.0535	0	0	1	0	0	0	1	0	0	0	0.9995	0.0005	0	0	1	0	0	0.0265	0.9735	0	0	0.0285	0.9715	0	0	0	0.0065	0.9935	0	0	0.0315	0.9685	0	0	0	1	0	0	0.178	0.822	0	0	1	0	0	0	1	0	0	0.0005	0.9995	0	0	0	1	0	0	0.0005	0.9995	0	0	0.0005	0.9995	0	0	0.0005	0.9995	0	0	0.0045	0.9955	0	0	0.312	0.688	0
40	2.25109	0.289222	0.607871	0.220894	0	0	0.002	0.998	0	0	0	1	0	0	0	1	0	0	0	0	1	0	0	0	1	0	0	0.005	0.995	0	0	0	1	0	0	0	1	0	0	0.538	0.462	0	0	0.1025	0.8975	0	0.0035	0.9775	0.019	0	0.005	0.273	0.722	0	0.0035	0.993	0.0035	0	0.005	0.967	0.028	0	0.005	0.985	0.01	0	0.0045	0.9925	0.003	0	0.002	0.998	0	0	0.005	0.995	0	0	0	0	1	0	0	0.0175	0.9825	0	0	0	1	0	0	0.2395	0.7605	0	0	0.9955	0.0045	0	0.003	0.9925	0.0045	0	0.005	0.9905	0.0045	0	0.0055	0.992	0.0025	0	0.006	0.994	0	0	0.008	0.992	0	0	0.0095	0.9905	0	0	0.0175	0.9825	0	0	0.322	0.678	0
81	3.94531	0.143693	0.612135	0.210557	0	0	0	1	0	0	0.001	0.999	0	0	0.0005	0.9995	0	0	0	0	1	0	0	0	1	0	0	0	1	0	0	0	1	0	0	0	1	0	0	0.034	0.966	0	0	0.954	0.046	0	0	1	0	0	0	1	0	0	0	1	0	0	0	1	0	0	0	1	0	0	0.0005	0.9995	0	0	0.002	0.998	0	0	0.0105	0.9895	0	0	0	0	1	0	0	0	1	0	0	0.97	0.03	0	0	0.974	0.026	0	0	1	0	0	0.001	0.999	0	0	0	1	0	0	0	1	0	0	0	1	0	0	0.0005	0.9995	0	0	0.003	0.997	0	0	0.022	0.978	0	0	0.3145	0.6855	0
86	1.65124	0.170544	0.61541	0.125608	0	0	0	1	0	0	0	1	0	0	0	1	0	0	0	0	1	0	0	0	1	0	0	0.0005	0.9995	0	0	0.018	0.982	0	0	0.017	0.983	0	0	0.927	0.073	0	0	0.917	0.083	0	0	0.694	0.306	0	0	0.982	0.018	0	0	0.9745	0.0255	0	0	0.9995	0.0005	0	0	0.9965	0.0035	0	0.0035	0.995	0.0015	0	0	1	0	0	0.0375	0.9625	0	0	0	0	1	0	0	0.0025	0.9975	0	0	0.0195	0.9805	0	0	0.165	0.835	0	0.0005	0.994	0.0055	0	0.001	0.994	0.005	0	0	0.996	0.004	0	0	1	0	0	0	1	0	0	0	1	0	0	0.007	0.993	0	0	0.069	0.931	0	0	0.369	0.631	0
59	1.80012	0.258028	0.623046	0.127434	0	0	0.0005	0.9995	0	0	0.0035	0.9965	0	0	0.0045	0.9955	0	0	0	0.125	0.875	0	0	0.1245	0.8755	0	0	0.0945	0.9055	0	0	0.029	0.971	0	0	0.0295	0.9705	0	0	0.9195	0.0805	0	0	0.929	0.071	0	0	0.9985	0.0015	0	0	0.987	0.013	0	0	0.9645	0.0355	0	0	0.991	0.009	0	0	0.993	0.007	0	0.0035	0.9935	0.003	0	0.007	0.993	0	0	0.0375	0.9625	0	0	0	0.1945	0.8055	0	0	0.265	0.735	0	0	0.333	0.667	0	0.0005	0.4585	0.541	0	0	0.996	0.004	0	0.002	0.995	0.003	0	0	0.9995	0.0005	0	0	0.996	0.004	0	0	0.9995	0.0005	0	0.0025	0.997	0.0005	0	0.011	0.989	0	0	0.042	0.958	0	0	0.3495	0.6505	0
41	1.56545	0.1385	0.47243	0.335814	0	0	0.7835	0.2165	0	0	0.1905	0.8095	0	0	0	1	0	0	0	0.0075	0.9925	0	0	0.045	0.955	0	0.0005	0.002	0.9975	0	0.0035	0	0.9965	0	0.0035	0.0005	0.996	0	0.001	0.7585	0.2405	0	0.001	0.7585	0.2405	0	0.028	0.3975	0.5745	0	0.029	0.0045	0.9665	0	0.03	0.479	0.491	0	0.0315	0.0165	0.952	0	0.041	0.624	0.335	0	0.0395	0.9455	0.015	0	0.7835	0.2165	0	0	0.789	0.211	0	0	0	0.2085	0.7915	0	0.0005	0.693	0.3065	0	0.0035	0.0105	0.986	0	0.004	0.7575	0.2385	0	0.001	0.997	0.002	0	0.0405	0.9585	0.001	0	0.0295	0.516	0.4545	0	0.0315	0.6525	0.316	0	0.0315	0.9655	0.003	0	0.05	0.9495	0.0005	0	0.0965	0.903	0.0005	0	0.171	0.829	0	0	0.8605	0.1395	0
82	2.84049	0.300663	0.602939	0.151122	0	0	0.0005	0.9995	0	0	0	1	0	0	0.0005	0.9995	0	0	0	0.101	0.899	0	0	0.1045	0.8955	0	0	0	1	0	0.001	0.009	0.99	0	0.001	0.0025	0.9965	0	0.0035	0.8825	0.114	0	0.0045	0.8995	0.096	0	0	0.9995	0.0005	0	0	0.997	0.003	0	0	1	0	0	0	0.9925	0.0075	0	0.001	0.999	0	0	0.006	0.9925	0.0015	0	0.002	0.998	0	0	0.009	0.991	0	0	0	0.113	0.887	0	0	0.555	0.445	0	0.001	0.3445	0.6545	0	0.0025	0.624	0.3735	0	0.006	0.9415	0.0525	0	0.0085	0.941	0.0505	0	0	1	0	0	0	1	0	0	0.0005	0.9995	0	0	0.002	0.998	0	0	0.0095	0.9905	0	0	0.0225	0.9775	0	0	0.311	0.689	0
87	2.25177	0.0765628	0.619684	0.0981175	0	0	0	1	0	0	0	1	0	0	0	1	0	0	0	0	1	0	0	0	1	0	0	0	1	0	0	0	1	0	0	0	1	0	0	0.948	0.052	0	0	0.9585	0.0415	0	0	1	0	0	0	1	0	0	0	0.999	0.001	0	0	1	0	0	0	1	0	0	0.0005	0.9995	0	0	0.0005	0.9995	0	0	0.015	0.985	0	0	0	0	1	0	0	0	1	0	0	0	1	0	0	0.04	0.96	0	0	1	0	0	0	1	0	0	0	1	0	0	0	1	0	0	0	1	0	0	0	1	0	0	0	1	0	0	0.0145	0.9855	0	0	0.285	0.715	0
60	2.91864	0.178836	0.600919	0.101846	0	0	0	1	0	0	0	1	0	0	0.0005	0.9995	0	0	0	0	1	0	0	0	1	0	0	0	1	0	0	0.001	0.999	0	0	0.0015	0.9985	0	0	0.9645	0.0355	0	0	0.9665	0.0335	0	0	0.9995	0.0005	0	0	1	0	0	0	1	0	0	0	1	0	0	0	1	0	0	0	1	0	0	0.0005	0.9995	0	0	0.006	0.994	0	0	0	0	1	0	0	0	1	0	0	0.0015	0.9985	0	0	0.1625	0.8375	0	0	1	0	0	0	1	0	0	0	1	0	0	0	1	0	0	0	1	0	0	0	1	0	0	0.0005	0.9995	0	0	0.0075	0.9925	0	0	0.2665	0.7335	0
42	1.83747	0.228311	0.632546	0.211378	0	0	0.001	0.999	0	0	0.0005	0.9995	0	0	0	1	0	0	0	0.3065	0.6935	0	0	0.3165	0.6835	0	0.0005	0.368	0.6315	0	0	0	1	0	0	0.003	0.997	0	0	0.266	0.734	0	0	0.413	0.587	0	0	0.9885	0.0115	0	0	0.044	0.956	0	0	0.996	0.004	0	0	0.9975	0.0025	0	0	0.998	0.002	0	0.0025	0.974	0.0235	0	0.0015	0.9985	0	0	0.005	0.995	0	0	0.0005	0.37	0.6295	0	0.0005	0.4125	0.587	0	0	0.3405	0.6595	0	0.001	0.5845	0.4145	0	0	0.8205	0.1795	0	0.0015	0.8705	0.128	0	0	0.995	0.005	0	0	0.9985	0.0015	0	0	0.9995	0.0005	0	0	0.9995	0.0005	0	0.003	0.997	0	0	0.0105	0.9895	0	0	0.32	0.68	0
83	4.09407	0.231837	0.606456	0.179333	0	0	0.0005	0.9995	0	0	0	1	0	0	0	1	0	0	0	0.33	0.67	0	0	0.3375	0.6625	0	0	0.067	0.933	0	0	0	1	0	0	0	1	0	0	0.962	0.038	0	0	0.97	0.03	0	0	1	0	0	0	1	0	0	0.0005	0.997	0.0025	0	0.0005	0.9995	0	0	0.0015	0.9975	0.001	0	0	1	0	0	0.001	0.999	0	0	0.007	0.993	0	0	0	0.369	0.631	0	0	0.9975	0.0025	0	0	0.9815	0.0185	0	0	0.998	0.002	0	0	1	0	0	0.0015	0.9985	0	0	0	1	0	0	0.0005	0.9995	0	0	0.001	0.999	0	0	0.002	0.998	0	0	0.003	0.997	0	0	0.01	0.99	0	0	0.298	0.702	0
88	1.02525	0.116492	0.612328	0.201433	0	0	0	1	0	0	0	1	0	0	0	1	0	0	0	0.038	0.962	0	0	0.0395	0.9605	0	0	0.289	0.711	0	0	0.2125	0.7875	0	0	0.003	0.997	0	0	0.7745	0.2255	0	0	0.764	0.236	0	0	0.6295	0.3705	0	0	0.8015	0.1985	0	0	0.437	0.563	0	0	0.3365	0.6635	0	0	0.918	0.082	0	0	0.995	0.005	0	0	1	0	0	0.0005	0.9995	0	0	0	0.0425	0.9575	0	0	0.3195	0.6805	0	0	0.2195	0.7805	0	0	0.443	0.557	0	0	0.896	0.104	0	0	0.9225	0.0775	0	0	0.9015	0.0985	0	0	0.5925	0.4075	0	0	0.9925	0.0075	0	0	0.9975	0.0025	0	0.0015	0.9975	0.001	0	0.0035	0.9965	0	0	0.3025	0.6975	0
89	1.59936	0.181624	0.590372	0.224039	0	0	0	1	0	0	0	1	0	0	0	1	0	0	0.01	0.0135	0.9765	0	0.0075	0.017	0.9755	0	0.016	0.013	0.971	0	0.0225	0.0425	0.935	0	0.021	0.0515	0.9275	0	0.003	0.0975	0.8995	0	0.003	0.0175	0.9795	0	0	0.9895	0.0105	0	0	0.788	0.212	0	0	0.963	0.037	0	0	0.9545	0.0455	0	0	0.9975	0.0025	0	0.086	0.788	0.126	0	0.0005	0.9995	0	0	0.031	0.969	0	0	0.013	0.016	0.971	0	0.027	0.002	0.971	0	0.0265	0.0625	0.911	0	0.027	0.227	0.746	0	0.003	0.9085	0.0885	0	0.0285	0.896	0.0755	0	0	0.996	0.004	0	0	0.989	0.011	0	0	1	0	0	0.0025	0.9975	0	0	0.047	0.953	0	0	0.141	0.859	0	0	0.4085	0.5915	0
43	2.5063	0.140342	0.612349	0.097842	0	0	0.0005	0.9995	0	0	0	1	0	0	0	1	0	0	0.0015	0.0335	0.965	0	0	0.0315	0.9685	0	0.001	0.049	0.95	0	0	0	1	0	0	0	1	0	0.0005	0.953	0.0465	0	0	0.9525	0.0475	0	0	0.992	0.008	0	0	1	0	0	0	1	0	0	0	1	0	0	0	1	0	0	0	1	0	0	0.0005	0.9995	0	0	0.008	0.992	0	0	0.002	0.034	0.964	0	0.0025	0.049	0.9485	0	0	0.0605	0.9395	0	0.0025	0.087	0.9105	0	0.0005	0.994	0.0055	0	0.0025	0.9925	0.005	0	0	1	0	0	0	1	0	0	0	1	0	0	0	1	0	0	0.004	0.996	0	0	0.015	0.985	0	0	0.2925	0.7075	0
84	2.28166	0.185763	0.618598	0.104178	0	0	0	1	0	0	0	1	0	0	0	1	0	0	0	0.0015	0.9985	0	0	0	1	0	0	0.001	0.999	0	0	0	1	0	0	0	1	0	0	0.949	0.051	0	0	0.9555	0.0445	0	0	0.9625	0.0375	0	0	0.9655	0.0345	0	0	1	0	0	0	1	0	0	0	0.9995	0.0005	0	0.002	0.998	0	0	0.0005	0.9995	0	0	0.0015	0.9985	0	0	0	0.0015	0.9985	0	0	0.0025	0.9975	0	0	0	1	0	0	0.146	0.854	0	0	1	0	0	0.001	0.999	0	0	0.0015	0.9645	0.034	0	0.0015	0.9985	0	0	0.0015	0.9985	0	0	0.0015	0.9985	0	0	0.0025	0.9975	0	0	0.008	0.992	0	0	0.284	0.716	0
92	1.70915	0.282829	0.601089	0.142994	0	0	0.001	0.999	0	0	0.043	0.957	0	0	0.0025	0.9975	0	0	0.0005	0.0755	0.924	0	0.0005	0.076	0.9235	0	0	0.223	0.777	0	0.001	0.0005	0.9985	0	0.0005	0.001	0.9985	0	0	0.8845	0.1155	0	0	0.894	0.106	0	0	0.977	0.023	0	0	0.9795	0.0205	0	0.0005	0.471	0.5285	0	0	0.9985	0.0015	0	0.0015	0.9745	0.024	0	0.0115	0.9845	0.004	0	0.057	0.943	0	0	0.111	0.889	0	0	0.0005	0.085	0.9145	0	0.0005	0.24	0.7595	0	0.001	0.0005	0.9985	0	0.001	0.351	0.648	0	0.0005	0.9765	0.023	0	0.004	0.9775	0.0185	0	0.0005	0.9935	0.006	0	0.0005	0.9985	0.001	0	0.0005	0.9995	0	0	0.005	0.995	0	0	0.019	0.981	0	0	0.123	0.877	0	0	0.426	0.574	0
90	1.95779	0.206316	0.628028	0.196033	0	0	0	1	0	0	0.002	0.998	0	0	0	1	0	0	0.001	0.198	0.801	0	0.001	0.204	0.795	0	0.0015	0.397	0.6015	0	0	0	1	0	0	0.0755	0.9245	0	0	0.867	0.133	0	0.0005	0.514	0.4855	0	0	0.984	0.016	0	0	0.0695	0.9305	0	0	0.992	0.008	0	0	0.999	0.001	0	0.001	0.986	0.013	0	0.0145	0.9845	0.001	0	0.003	0.997	0	0	0.096	0.904	0	0	0.0025	0.23	0.7675	0	0.003	0.453	0.544	0	0	0.3955	0.6045	0	0.005	0.6555	0.3395	0	0.0005	0.9845	0.015	0	0.0125	0.9755	0.012	0	0	0.9915	0.0085	0	0	0.9995	0.0005	0	0	1	0	0	0.003	0.997	0	0	0.037	0.963	0	0	0.1755	0.8245	0	0	0.476	0.524	0
44	2.68928	0.270021	0.602478	0.12766	0	0	0.0005	0.9995	0	0	0	1	0	0	0.002	0.998	0	0	0.0035	0.8395	0.157	0	0.0035	0.8315	0.165	0	0.003	0.918	0.079	0	0	0.0205	0.9795	0	0	0	1	0	0.002	0.9315	0.0665	0	0.0015	0.936	0.0625	0	0.01	0.932	0.058	0	0.003	0.994	0.003	0	0.012	0.874	0.114	0	0.006	0.9895	0.0045	0	0.0205	0.93	0.0495	0	0.04	0.954	0.006	0	0.0095	0.9905	0	0	0.061	0.939	0	0	0.0045	0.928	0.0675	0	0.006	0.9765	0.0175	0	0	0.911	0.089	0	0.0105	0.9775	0.012	0	0.003	0.997	0	0	0.0185	0.9815	0	0	0.011	0.988	0.001	0	0.0125	0.9845	0.003	0	0.014	0.9855	0.0005	0	0.023	0.9765	0.0005	0	0.039	0.961	0	0	0.1235	0.8765	0	0	0.412	0.588	0
94	2.28688	0.15451	0.57859	0.156295	0	0	0	1	0	0	0	1	0	0	0	1	0	0	0	0	1	0	0	0	1	0	0	0	1	0	0	0.073	0.927	0	0	0.3335	0.6665	0	0.0005	0.9265	0.073	0	0.001	0.925	0.074	0	0	0.9955	0.0045	0	0	0.998	0.002	0	0.001	0.938	0.061	0	0	1	0	0	0.003	0.992	0.005	0	0.216	0.682	0.102	0	0	1	0	0	0.045	0.955	0	0	0	0	1	0	0	0.0005	0.9995	0	0	0.759	0.241	0	0	0.7925	0.2075	0	0.002	0.996	0.002	0	0.0125	0.9865	0.001	0	0	1	0	0	0.001	0.999	0	0	0.001	0.999	0	0	0.0085	0.9915	0	0	0.0505	0.9495	0	0	0.254	0.746	0	0	0.5	0.5	0
93	1.2732	0.250129	0.599108	0.21883	0	0	0.001	0.999	0	0	0.032	0.968	0	0	0.001	0.999	0	0	0.022	0.0165	0.9615	0	0.0195	0.0195	0.961	0	0.0185	0.0775	0.904	0	0.0335	0.012	0.9545	0	0.0155	0.0315	0.953	0	0.041	0.0655	0.8935	0	0.0275	0.1385	0.834	0	0.009	0.709	0.282	0	0.01	0.687	0.303	0	0.0085	0.817	0.1745	0	0	0.977	0.023	0	0.0185	0.548	0.4335	0	0.052	0.8275	0.1205	0	0.0365	0.9635	0	0	0.06	0.94	0	0	0.0225	0.0425	0.935	0	0.032	0.0735	0.8945	0	0.04	0.007	0.953	0	0.04	0.104	0.856	0	0.044	0.133	0.823	0	0.047	0.261	0.692	0	0.0115	0.8805	0.108	0	0.011	0.968	0.021	0	0.0155	0.966	0.0185	0	0.0255	0.958	0.0165	0	0.0665	0.918	0.0155	0	0.113	0.8815	0.0055	0	0.4165	0.5835	0
91	2.00018	0.0993541	0.635323	0.110989	0	0	0	1	0	0	0	1	0	0	0	1	0	0	0	0	1	0	0	0	1	0	0	0	1	0	0	0	1	0	0	0	1	0	0	0.9455	0.0545	0	0	0.944	0.056	0	0	1	0	0	0	1	0	0	0	1	0	0	0	1	0	0	0	1	0	0	0.0015	0.9985	0	0	0.0005	0.9995	0	0	0.104	0.896	0	0	0	0	1	0	0	0	1	0	0	0	1	0	0	0.1275	0.8725	0	0	0.9995	0.0005	0	0.0015	0.9985	0	0	0	1	0	0	0	1	0	0	0	1	0	0	0.0005	0.9995	0	0	0.0195	0.9805	0	0	0.1755	0.8245	0	0	0.4685	0.5315	0
45	1.68109	0.168833	0.605422	0.121666	0	0	0	1	0	0	0	1	0	0	0.0005	0.9995	0	0	0.0005	0.162	0.8375	0	0	0.1605	0.8395	0	0.0005	0.024	0.9755	0	0.0005	0.018	0.9815	0	0.0005	0.001	0.9985	0	0	0.9155	0.0845	0	0	0.9235	0.0765	0	0	0.992	0.008	0	0	0.887	0.113	0	0	0.9995	0.0005	0	0	0.999	0.001	0	0	0.999	0.001	0	0.0005	0.9985	0.001	0	0	1	0	0	0.004	0.996	0	0	0.0005	0.1785	0.821	0	0.0005	0.19	0.8095	0	0.0005	0.148	0.8515	0	0.0005	0.3425	0.657	0	0	0.999	0.001	0	0.0015	0.9975	0.001	0	0	0.998	0.002	0	0	1	0	0	0	1	0	0	0	1	0	0	0.002	0.998	0	0	0.005	0.995	0	0	0.2875	0.7125	0
95	1.9803	0.199374	0.622158	0.137724	0	0	0.0025	0.9975	0	0	0.0055	0.9945	0	0	0	1	0	0	0	0.0035	0.9965	0	0	0.0025	0.9975	0	0	0.0085	0.9915	0	0	0.006	0.994	0	0	0	1	0	0	0.9065	0.0935	0	0	0.923	0.077	0	0	0.997	0.003	0	0	1	0	0	0	0.6745	0.3255	0	0	0.999	0.001	0	0.0005	0.9995	0	0	0.0085	0.979	0.0125	0	0.0055	0.9945	0	0	0.0145	0.9855	0	0	0	0.004	0.996	0	0	0.1985	0.8015	0	0	0.0315	0.9685	0	0	0.296	0.704	0	0.0005	0.984	0.0155	0	0.002	0.9855	0.0125	0	0	1	0	0	0	0.9995	0.0005	0	0	1	0	0	0.006	0.994	0	0	0.011	0.989	0	0	0.024	0.976	0	0	0.315	0.685	0
96	5.56614	0.23716	0.594563	0.173001	0	0	0	1	0	0	0	1	0	0	0.0135	0.9865	0	0	0	0	1	0	0	0	1	0	0	0	1	0	0	0	1	0	0	0	1	0	0	0.0055	0.9945	0	0	0.7575	0.2425	0	0	1	0	0	0	1	0	0	0	1	0	0	0	1	0	0	0	1	0	0	0.019	0.981	0	0	0.0005	0.9995	0	0	0.0225	0.9775	0	0	0	0	1	0	0	0	1	0	0	0	1	0	0	0.305	0.695	0	0	1	0	0	0.0005	0.9995	0	0	0	1	0	0	0	1	0	0	0	1	0	0	0.002	0.998	0	0	0.006	0.994	0	0	0.026	0.974	0	0	0.305	0.695	0
97	1.92651	0.181144	0.616463	0.106033	0	0	0.0005	0.9995	0	0	0	1	0	0	0.001	0.999	0	0	0	0	1	0	0	0	1	0	0	0	1	0	0	0.001	0.999	0	0	0	1	0	0	0.932	0.068	0	0	0.9305	0.0695	0	0	0.9995	0.0005	0	0	0.9995	0.0005	0	0	1	0	0	0	0.998	0.002	0	0	1	0	0	0.008	0.9785	0.0135	0	0.0005	0.9995	0	0	0.008	0.992	0	0	0	0	1	0	0	0	1	0	0	0.001	0.999	0	0	0.1205	0.8795	0	0	0.9965	0.0035	0	0.0005	0.997	0.0025	0	0	1	0	0	0	1	0	0	0	1	0	0	0	1	0	0	0.002	0.998	0	0	0.0175	0.9825	0	0	0.3	0.7	0
46	3.33558	0.255065	0.213352	0.629583	0	0	0.4455	0.5545	0	0	0.525	0.475	0	0	0.34	0.66	0	0	0	0	1	0	0	0	1	0	0	0.002	0.998	0	0.588	0.0135	0.3985	0	0.526	0.111	0.363	0	0.4555	0.443	0.1015	0	0.546	0.2045	0.2495	0	0.4925	0.506	0.0015	0	0.3095	0.6895	0.001	0	0.654	0.346	0	0	0.8265	0.171	0.0025	0	0.6035	0.396	0.0005	0	0.8815	0.117	0.0015	0	0.566	0.434	0	0	0.648	0.352	0	0	0	0	1	0	0	0.971	0.029	0	0.599	0.046	0.355	0	0.6085	0.37	0.0215	0	0.593	0.407	0	0	0.8185	0.1815	0	0	0.6845	0.3155	0	0	0.855	0.145	0	0	0.8685	0.1315	0	0	0.88	0.12	0	0	0.9515	0.0485	0	0	0.973	0.027	0	0	0.986	0.014	0
98	4.18326	0.252704	0.62593	0.213987	0	0	0.003	0.997	0	0	0.0055	0.9945	0	0	0.0025	0.9975	0	0	0	0	1	0	0	0	1	0	0.004	0.044	0.952	0	0	0	1	0	0	0	1	0	0.0075	0.576	0.4165	0	0.005	0.949	0.046	0	0	1	0	0	0	1	0	0	0	1	0	0	0	1	0	0	0.0075	0.9925	0	0	0.004	0.996	0	0	0.0075	0.9925	0	0	0.0585	0.9415	0	0	0	0.257	0.743	0	0.004	0.7495	0.2465	0	0	0.9085	0.0915	0	0.0125	0.925	0.0625	0	0.0075	0.9925	0	0	0.0425	0.9575	0	0	0.0005	0.9995	0	0	0.0005	0.9995	0	0	0.0005	0.9995	0	0	0.0135	0.9865	0	0	0.106	0.894	0	0	0.2065	0.7935	0	0	0.476	0.524	0
99	1.68733	0.215141	0.596989	0.12434	0	0	0.001	0.999	0	0	0.0005	0.9995	0	0	0.015	0.985	0	0	0	0.0435	0.9565	0	0	0.006	0.994	0	0	0.0445	0.9555	0	0	0	1	0	0	0	1	0	0	0.9105	0.0895	0	0	0.9075	0.0925	0	0	0.9985	0.0015	0	0	0.997	0.003	0	0	0.706	0.294	0	0	0.9555	0.0445	0	0	0.9995	0.0005	0	0.002	0.995	0.003	0	0.0035	0.9965	0	0	0.02	0.98	0	0	0	0.0515	0.9485	0	0	0.0795	0.9205	0	0	0	1	0	0	0.2065	0.7935	0	0	0.999	0.001	0	0	0.9995	0.0005	0	0	0.9995	0.0005	0	0	0.9685	0.0315	0	0	1	0	0	0	1	0	0	0.0005	0.9995	0	0	0.0095	0.9905	0	0	0.2915	0.7085	0
47	1.71124	0.186904	0.62277	0.207538	0	0	0.0005	0.9995	0	0	0.0005	0.9995	0	0	0	1	0	0	0.001	0.001	0.998	0	0.001	0	0.999	0	0.001	0.002	0.997	0	0.001	0	0.999	0	0.001	0	0.999	0	0.0015	0.0825	0.916	0	0.001	0.712	0.287	0	0	0.996	0.004	0	0.0005	0.9765	0.023	0	0.0045	0.1735	0.822	0	0.004	0.882	0.114	0	0	0.9925	0.0075	0	0.0015	0.998	0.0005	0	0.001	0.999	0	0	0.0485	0.9515	0	0	0.001	0.0015	0.9975	0	0.001	0.003	0.996	0	0.001	0.0025	0.9965	0	0.001	0.173	0.826	0	0.0015	0.803	0.1955	0	0.004	0.8325	0.1635	0	0.0045	0.994	0.0015	0	0.0045	0.9195	0.076	0	0.0045	0.995	0.0005	0	0.0075	0.9925	0	0	0.02	0.98	0	0	0.1005	0.8995	0	0	0.389	0.611	0
