No.	ID	loglik_Null_W	loglik_Acc_W	loglik_Full_W	logBF1	logBF2	optM
6	0	-985.55402	-861.85527	-863.07741	123.69875	1.2221429	1
6	1	-507.60906	-483.17768	-487.9536	24.431378	4.77592	1
6	2	-721.30642	-691.58403	-691.65846	29.722385	0.074426142	1
6	3	-710.68777	-681.83674	-682.35893	28.851025	0.5221931	1
6	4	-903.32762	-841.82413	-841.50559	61.503492	-0.31854268	2
6	5	-1057.0873	-928.27874	-930.00805	128.80851	1.7293069	1
6	6	-737.19932	-678.9073	-685.51357	58.292023	6.6062782	1
6	7	-1164.1013	-1034.187	-1032.5069	129.91425	-1.6801142	2
6	8	-852.73142	-744.05872	-733.989	108.6727	-10.069718	2
6	9	-707.26052	-657.12116	-657.4227	50.139362	0.30154236	1
6	10	-717.89667	-646.45094	-652.81726	71.445737	6.3663208	1
6	11	-727.86041	-686.14908	-687.45404	41.71133	1.3049598	1
6	12	-772.08579	-731.56617	-736.85829	40.519616	5.2921128	1
6	13	-1382.7783	-1193.6875	-1134.6542	189.09072	-59.033331	2
6	14	-939.36082	-828.15156	-826.48527	111.20926	-1.6662899	2
6	15	-1117.1988	-1029.7906	-1028.8448	87.408113	-0.94585471	2
6	16	-1102.9232	-1003.8384	-1003.635	99.084814	-0.20342167	2
6	17	-1132.9026	-1048.28	-979.43305	84.62261	-68.846979	2
6	18	-750.87482	-689.99506	-697.1248	60.87976	7.129744	1
6	19	-835.24024	-776.51406	-776.47803	58.726179	-0.036027073	2
6	20	-768.6536	-720.26747	-719.40201	48.386126	-0.86546048	2
6	21	-691.76528	-648.96606	-655.95791	42.799222	6.99185	1
6	22	-908.43869	-824.25447	-821.59624	84.184217	-2.6582308	2
6	23	-720.28233	-660.05148	-661.46077	60.230848	1.4092876	1
6	24	-987.55599	-945.62263	-945.07793	41.933364	-0.54469765	2
6	25	-640.29249	-597.73106	-604.1463	42.561427	6.4152396	1
6	26	-748.5735	-686.01982	-687.29491	62.55368	1.2750852	1
6	27	-800.88982	-738.62451	-740.25917	62.265304	1.6346573	1
6	28	-879.44162	-793.44512	-793.54427	85.996498	0.099146617	1
6	29	-637.65154	-579.25931	-585.74598	58.392225	6.4866715	1
6	30	-816.03924	-770.80427	-753.57755	45.234972	-17.226713	2
6	31	-885.93985	-803.87912	-786.94591	82.060731	-16.933214	2
6	32	-808.95931	-734.16466	-741.11208	74.794649	6.9474237	1
6	33	-667.3536	-594.64058	-601.77046	72.713019	7.1298796	1
6	34	-612.46937	-556.62798	-563.40436	55.841386	6.7763783	1
6	35	-723.53352	-663.88942	-670.73988	59.644105	6.8504624	1
6	36	-697.83723	-654.60982	-656.34519	43.227409	1.7353723	1
6	37	-757.76402	-711.94104	-717.26569	45.822982	5.3246469	1
6	38	-714.35312	-675.21388	-676.00232	39.139238	0.78843421	1
6	39	-905.44229	-797.71075	-801.25292	107.73153	3.542163	1
6	40	-650.0762	-606.55257	-608.01707	43.523631	1.4645041	1
6	41	-936.73077	-801.38377	-806.13827	135.347	4.7544943	1
6	42	-687.68459	-651.11414	-651.37657	36.570444	0.26242106	1
6	43	-617.3683	-574.91704	-578.94912	42.451263	4.032084	1
6	44	-790.61369	-732.98897	-733.58214	57.624723	0.59316558	1
6	45	-1272.7825	-1128.4291	-1101.9913	144.35339	-26.43781	2
6	46	-682.3578	-636.26268	-635.04737	46.09512	-1.2153073	2
6	47	-739.19008	-711.51355	-715.44415	27.676526	3.9306033	1
6	48	-1007.1119	-888.92512	-893.63494	118.18674	4.7098228	1
6	49	-1011.6574	-905.03347	-878.98584	106.62397	-26.047629	2
6	50	-864.77963	-809.90764	-791.04841	54.871989	-18.859227	2
6	51	-612.0562	-561.67887	-566.51694	50.377327	4.8380702	1
6	52	-710.54886	-655.20423	-658.7738	55.344625	3.5695673	1
6	53	-984.8101	-890.41963	-882.0976	94.390472	-8.3220272	2
6	54	-946.81686	-826.29899	-828.76137	120.51786	2.4623727	1
6	55	-982.09462	-861.21378	-862.85655	120.88084	1.6427699	1
6	56	-905.74035	-800.17053	-806.61101	105.56981	6.4404762	1
6	57	-714.63275	-666.76507	-670.91853	47.867682	4.153463	1
6	58	-883.99629	-825.23302	-825.82108	58.763273	0.58806229	1
6	59	-1105.7583	-1022.7275	-992.7103	83.030755	-30.017225	2
6	60	-1003.4012	-897.82205	-902.09552	105.57917	4.2734771	1
6	61	-883.62931	-806.64796	-807.84756	76.981348	1.1996035	1
6	62	-1094.6976	-978.85304	-980.76302	115.84456	1.9099796	1
6	63	-931.85097	-855.39327	-845.58014	76.457702	-9.8131275	2
6	64	-1187.6472	-1057.9254	-1062.5461	129.72173	4.6206572	1
6	65	-713.99493	-656.91263	-658.58223	57.082304	1.6695977	1
6	66	-873.85905	-787.21518	-789.74467	86.643867	2.529493	1
6	67	-666.40284	-649.61835	-653.51166	16.784483	3.8933076	1
6	68	-1085.8985	-994.85256	-983.48673	91.045917	-11.365829	2
6	69	-727.01263	-643.09781	-649.125	83.914825	6.0271915	1
6	70	-596.71001	-565.12899	-571.95654	31.581026	6.8275554	1
6	71	-717.67137	-655.66511	-660.11536	62.006259	4.4502541	1
6	72	-948.98655	-857.40639	-858.49072	91.580162	1.0843306	1
6	73	-785.00342	-714.41478	-715.89476	70.588639	1.4799882	1
6	74	-598.98627	-560.94757	-565.98357	38.038703	5.0359998	1
6	75	-1136.7865	-1057.6731	-1014.4051	79.113376	-43.267996	2
6	76	-1069.0903	-958.59278	-956.63059	110.49753	-1.9621909	2
6	77	-804.54211	-735.21438	-741.50533	69.327729	6.2909406	1
6	78	-851.63092	-807.7683	-810.16562	43.862613	2.3973183	1
6	79	-625.07504	-579.18402	-579.37262	45.89102	0.18860238	1
6	80	-478.24677	-458.09784	-464.65707	20.148925	6.5592314	1
6	81	-741.72058	-676.86826	-682.39606	64.852322	5.5278071	1
6	82	-781.3615	-720.63992	-725.49791	60.721589	4.8579992	1
6	83	-577.58379	-543.42938	-550.28145	34.154412	6.8520732	1
6	84	-652.88721	-616.31355	-620.97214	36.573661	4.6585919	1
6	85	-838.90996	-736.32672	-743.48339	102.58324	7.1566662	1
6	86	-831.60537	-759.36664	-749.82804	72.238726	-9.5386	2
6	87	-735.07212	-698.51782	-698.5309	36.554294	0.013074767	1
6	88	-794.41532	-735.8733	-740.17138	58.542014	4.2980771	1
6	89	-936.15442	-816.96521	-822.38825	119.18921	5.4230424	1
6	90	-1110.2798	-1039.0671	-1016.4005	71.212719	-22.666632	2
6	91	-872.33287	-816.63023	-817.53493	55.702636	0.90469735	1
6	92	-925.3801	-883.54646	-884.0578	41.833641	0.51133505	1
6	93	-790.50599	-731.11792	-731.79597	59.38807	0.67805428	1
6	94	-864.66943	-798.40959	-802.46141	66.259841	4.0518216	1
6	95	-1272.5649	-1145.592	-1136.9034	126.97285	-8.6886028	2
6	96	-625.51965	-589.44635	-596.3266	36.073299	6.8802469	1
6	97	-1112.2398	-969.94697	-973.1402	142.29285	3.1932377	1
6	98	-859.07638	-803.46328	-808.26957	55.6131	4.80629	1
6	99	-1024.3041	-948.37107	-946.5402	75.933039	-1.8308689	2
