No.	ID	loglik_Null_W	loglik_Acc_W	loglik_Full_W	logBF1	logBF2
5	0	-600.40135	-592.63862	-592.67338	7.762727	0.034757243
5	1	-387.95897	-392.59486	-393.42479	-4.6358896	0.829931
5	2	-623.49476	-624.08338	-621.22357	-0.58861351	-2.859805
5	3	-362.78995	-363.47765	-364.11813	-0.6877062	0.64047328
5	4	-562.01437	-563.05758	-565.6045	-1.0432053	2.5469265
5	5	-545.33546	-540.94679	-543.77723	4.3886667	2.8304372
5	6	-453.22306	-447.53252	-453.74667	5.6905338	6.2141454
5	7	-335.59345	-335.61152	-338.54509	-0.018067896	2.9335661
5	8	-478.76425	-476.98536	-477.35264	1.7788956	0.3672814
5	9	-489.87179	-478.3657	-475.3475	11.506089	-3.0182045
5	10	-581.03544	-566.2383	-554.67577	14.797146	-11.562526
5	11	-447.6475	-444.38546	-444.1252	3.2620389	-0.26025491
5	12	-379.53834	-380.16676	-378.29862	-0.6284205	-1.8681462
5	13	-374.59567	-372.16569	-370.69092	2.4299832	-1.4747673
5	14	-378.84558	-378.08909	-373.28864	0.75649204	-4.8004507
5	15	-646.68463	-649.72752	-646.41184	-3.0428937	-3.3156812
5	16	-581.52613	-582.23136	-573.94895	-0.70522945	-8.2824072
5	17	-508.85155	-507.52223	-507.09105	1.3293171	-0.43118355
5	18	-626.83397	-621.08368	-620.77374	5.7502815	-0.30994829
5	19	-558.90731	-562.27612	-554.89031	-3.3688059	-7.3858094
5	20	-413.29278	-415.78152	-418.44634	-2.4887431	2.6648162
5	21	-279.04943	-280.40321	-282.26354	-1.3537747	1.8603289
5	22	-569.20601	-558.66984	-560.41101	10.536163	1.7411629
5	23	-354.94435	-355.34489	-356.26887	-0.40053873	0.92397573
5	24	-360.55428	-362.91165	-365.28115	-2.3573751	2.3694985
5	25	-326.72503	-319.51195	-322.8523	7.2130841	3.3403536
5	26	-581.16737	-581.28843	-574.95594	-0.12105552	-6.3324887
5	27	-384.92079	-384.21405	-389.21512	0.70673737	5.0010674
5	28	-596.51581	-598.52732	-594.81266	-2.011508	-3.7146599
5	29	-393.37428	-391.02001	-396.22882	2.3542747	5.208813
5	30	-463.76453	-458.40297	-455.60118	5.3615681	-2.8017905
5	31	-510.17967	-509.21759	-511.0127	0.96208679	1.7951183
5	32	-654.83783	-655.78069	-653.5677	-0.94286605	-2.2129887
5	33	-750.20564	-747.38655	-749.34556	2.8190937	1.9590074
5	34	-457.07231	-458.60758	-455.36976	-1.5352751	-3.2378161
5	35	-808.26163	-805.81013	-799.78708	2.4514933	-6.023051
5	36	-225.37221	-225.31912	-228.19238	0.053090743	2.8732537
5	37	-424.15972	-421.34216	-422.15107	2.8175684	0.80891268
5	38	-343.93935	-341.3814	-348.9198	2.5579456	7.5383994
5	39	-416.33621	-415.7301	-417.98755	0.60611585	2.2574555
5	40	-474.68394	-471.87971	-469.08601	2.8042259	-2.7937009
5	41	-596.92162	-597.71729	-572.71129	-0.79567894	-25.006005
5	42	-211.88753	-213.04811	-215.49679	-1.1605841	2.4486751
5	43	-325.72926	-326.04309	-333.3119	-0.31383339	7.2688103
5	44	-726.40038	-730.39023	-722.5053	-3.9898442	-7.8849244
5	45	-451.35644	-448.42936	-450.83646	2.9270844	2.4070964
5	46	-514.01595	-515.98704	-520.53677	-1.9710959	4.5497293
5	47	-436.65149	-434.45283	-436.3583	2.1986644	1.9054714
5	48	-607.38796	-609.63456	-611.1705	-2.2466032	1.5359361
5	49	-492.57682	-488.10253	-488.13615	4.4742868	0.033615107
5	50	-369.38603	-369.76802	-372.97138	-0.38198772	3.2033646
5	51	-412.6641	-411.90359	-415.92445	0.76051181	4.0208589
5	52	-296.97556	-290.05244	-293.74389	6.9231196	3.6914517
5	53	-631.49276	-625.29351	-624.03789	6.1992468	-1.2556183
5	54	-351.16168	-347.98529	-348.51709	3.1763852	0.53179355
5	55	-257.57299	-259.39859	-261.29968	-1.8256007	1.9010836
5	56	-518.15533	-519.36116	-517.94229	-1.2058329	-1.4188716
5	57	-402.86795	-398.60482	-402.37608	4.263131	3.7712654
5	58	-523.45515	-523.80118	-524.0261	-0.3460303	0.2249246
5	59	-302.39132	-302.46065	-304.70637	-0.06932847	2.2457158
5	60	-373.96638	-376.96794	-377.47256	-3.0015667	0.50461465
5	61	-373.53034	-373.82696	-377.21102	-0.2966174	3.3840597
5	62	-256.0171	-255.52623	-259.25571	0.49086517	3.7294768
5	63	-398.85716	-397.70464	-393.37153	1.1525171	-4.3331144
5	64	-326.77115	-328.51869	-329.18606	-1.7475384	0.66737147
5	65	-550.13717	-547.3101	-545.11322	2.827069	-2.1968797
5	66	-345.9657	-347.20584	-349.28944	-1.2401363	2.0835997
5	67	-387.38797	-383.81622	-384.36833	3.5717492	0.55210707
5	68	-304.37869	-305.45147	-308.84423	-1.0727784	3.3927596
5	69	-468.6316	-467.73861	-471.39292	0.89299238	3.6543149
5	70	-350.46882	-352.19378	-354.07303	-1.7249587	1.8792494
5	71	-546.82624	-545.45734	-547.44881	1.3689091	1.9914755
5	72	-399.73851	-403.20833	-403.22862	-3.4698178	0.020291148
5	73	-555.43232	-552.96397	-553.56049	2.4683594	0.59652775
5	74	-605.26075	-602.93344	-603.55308	2.3273074	0.61963792
5	75	-598.48024	-598.69303	-590.69732	-0.21279305	-7.9957103
5	76	-566.06577	-567.13718	-562.81629	-1.0714114	-4.3208952
5	77	-560.90825	-563.3789	-564.39418	-2.4706542	1.015275
5	78	-447.45931	-446.28442	-446.68944	1.1748899	0.40502139
5	79	-526.33275	-524.48991	-522.30774	1.8428381	-2.1821729
5	80	-318.19225	-317.8109	-320.47916	0.3813499	2.6682562
5	81	-417.20129	-414.07001	-416.6389	3.1312815	2.5688921
5	82	-669.3387	-667.01198	-645.89943	2.326726	-21.112544
5	83	-591.14383	-591.80803	-583.04141	-0.66419562	-8.766615
5	84	-677.82225	-670.65446	-670.80148	7.1677855	0.14701926
5	85	-364.27327	-367.28264	-365.18204	-3.0093728	-2.100602
5	86	-545.61983	-543.2722	-537.29414	2.3476295	-5.9780605
5	87	-354.09508	-349.83032	-353.6207	4.264764	3.7903834
5	88	-459.96436	-462.47012	-462.82827	-2.5057598	0.35814932
5	89	-464.16684	-464.44715	-466.81486	-0.28030446	2.3677079
5	90	-481.65812	-482.94703	-481.59022	-1.2889097	-1.3568079
5	91	-504.76983	-506.66864	-502.23954	-1.8988037	-4.4290941
5	92	-569.81002	-566.11907	-570.79617	3.6909521	4.6771006
5	93	-633.18821	-633.44873	-632.00648	-0.26052418	-1.4422527
5	94	-480.48396	-477.35788	-477.33518	3.1260732	-0.022701175
5	95	-635.92889	-630.32805	-627.35313	5.6008383	-2.974918
5	96	-644.66187	-643.04744	-638.38752	1.6144326	-4.6599134
5	97	-457.68297	-460.03649	-460.79157	-2.3535216	0.75508371
5	98	-734.18944	-726.64483	-720.38566	7.5446111	-6.2591714
5	99	-576.75734	-575.25379	-567.86712	1.5035531	-7.3866652
5	100	-534.70466	-535.01527	-529.1524	-0.31060922	-5.8628754
5	101	-502.10219	-501.9761	-502.83065	0.12609476	0.85455291
5	102	-436.56193	-437.8313	-439.80461	-1.269362	1.9733157
5	103	-675.43111	-671.22342	-667.08472	4.2076904	-4.1386995
5	104	-706.43404	-709.52187	-689.20749	-3.0878285	-20.314372
5	105	-268.17308	-270.36043	-274.70504	-2.1873465	4.3446073
5	106	-417.9214	-418.59971	-418.15214	-0.67830815	-0.44757404
5	107	-301.91262	-302.14457	-301.57425	-0.2319547	-0.57032424
5	108	-449.9477	-453.44115	-446.75062	-3.493444	-6.6905316
5	109	-595.89724	-583.26981	-578.21107	12.627433	-5.0587387
5	110	-422.29886	-419.26017	-416.14051	3.0386931	-3.1196658
5	111	-440.54155	-441.25812	-436.59433	-0.7165719	-4.663792
5	112	-263.07227	-262.79098	-263.59752	0.28129075	0.80654023
5	113	-259.24967	-259.53992	-265.59758	-0.29025213	6.0576615
5	114	-338.95043	-339.4436	-342.08752	-0.49317568	2.6439199
5	115	-641.6867	-640.65288	-637.61688	1.0338233	-3.0359937
5	116	-530.66079	-529.5971	-529.50447	1.0636908	-0.092622159
5	117	-508.10845	-504.59126	-501.65546	3.5171833	-2.9358033
5	118	-490.15481	-489.53165	-488.53003	0.62316549	-1.0016174
5	119	-838.03428	-832.03718	-815.3496	5.9971021	-16.687577
5	120	-503.79435	-502.02357	-502.63942	1.7707806	0.61585359
5	121	-403.35701	-400.74732	-402.51209	2.6096915	1.7647699
5	122	-485.97367	-485.94842	-488.17962	0.025257993	2.2312044
5	123	-326.45477	-325.62103	-329.65466	0.83373839	4.0336312
5	124	-444.94842	-448.19368	-444.56959	-3.2452597	-3.6240877
5	125	-557.64131	-564.44318	-564.92772	-6.8018693	0.48454343
5	126	-420.13359	-418.5901	-417.8987	1.5434855	-0.69140446
5	127	-471.29765	-466.05183	-469.81354	5.2458128	3.7617105
5	128	-503.25451	-502.78697	-502.19888	0.46754129	-0.58809674
5	129	-406.16729	-406.68285	-405.85489	-0.51556429	-0.82796047
5	130	-527.51548	-530.50183	-525.85486	-2.9863588	-4.6469766
5	131	-337.51213	-338.6512	-338.1833	-1.1390745	-0.46789817
5	132	-399.68641	-399.85948	-402.5955	-0.17306913	2.7360202
5	133	-499.22267	-495.8898	-489.92772	3.3328675	-5.9620851
5	134	-619.32926	-611.78199	-615.93596	7.5472728	4.1539672
5	135	-575.27882	-575.73516	-575.90887	-0.45633453	0.17370988
5	136	-331.20298	-331.91768	-333.62084	-0.7147042	1.7031625
5	137	-349.04016	-347.98033	-352.69269	1.0598342	4.7123643
5	138	-530.5525	-528.32014	-528.45768	2.2323623	0.13754267
5	139	-450.41313	-450.42333	-452.45357	-0.010195531	2.0302373
5	140	-489.62761	-484.1821	-490.34182	5.4455109	6.1597184
5	141	-687.84715	-689.67541	-685.64166	-1.8282665	-4.0337522
5	142	-417.75302	-420.81702	-420.80504	-3.0640031	-0.011983716
5	143	-529.15439	-531.07771	-530.1097	-1.9233209	-0.96801399
5	144	-647.38253	-648.21551	-643.53073	-0.83297853	-4.6847776
5	145	-614.65435	-610.84622	-611.14014	3.8081306	0.29392462
5	146	-462.29794	-459.79317	-459.11364	2.5047707	-0.67952849
5	147	-730.98951	-722.32266	-719.32158	8.6668438	-3.0010802
5	148	-602.82032	-604.69832	-598.92335	-1.878002	-5.7749756
5	149	-647.02972	-655.63181	-662.949	-8.6020935	7.3171859
5	150	-481.43416	-482.9279	-484.77003	-1.493743	1.8421259
5	151	-461.32008	-457.17444	-461.3714	4.1456388	4.1969583
5	152	-476.30744	-473.8147	-474.63252	2.4927353	0.81782029
5	153	-547.65779	-550.27198	-550.93477	-2.6141856	0.66279649
5	154	-371.94125	-372.16696	-374.92876	-0.22570732	2.761796
5	155	-518.74004	-509.18349	-513.27675	9.556548	4.0932611
5	156	-403.97423	-401.23846	-399.39501	2.7357748	-1.843451
5	157	-606.17174	-609.44008	-604.93787	-3.2683402	-4.5022087
5	158	-459.20803	-460.43309	-461.17252	-1.2250605	0.73942551
5	159	-503.02151	-506.57732	-502.27997	-3.5558094	-4.2973435
5	160	-256.90748	-258.52029	-261.33374	-1.6128082	2.8134498
5	161	-441.40387	-445.2185	-444.4464	-3.8146232	-0.77209061
5	162	-563.09278	-565.95017	-566.96131	-2.8573946	1.0111358
5	163	-681.52876	-684.25207	-674.83272	-2.7233123	-9.4193532
5	164	-289.58992	-291.39447	-291.38012	-1.8045546	-0.014356154
5	165	-507.60544	-504.35759	-504.68838	3.2478442	0.33078491
5	166	-466.75624	-463.14492	-463.5813	3.6113194	0.43638261
5	167	-714.67536	-710.55765	-704.50964	4.1177107	-6.0480098
5	168	-345.47038	-344.79342	-348.52678	0.67696521	3.7333659
5	169	-479.73581	-479.08536	-476.99264	0.65045533	-2.0927183
5	170	-572.18382	-578.71781	-573.66157	-6.5339867	-5.056236
5	171	-407.13965	-407.30627	-406.01762	-0.16662177	-1.2886538
5	172	-775.35009	-776.25634	-770.62149	-0.90624352	-5.6348494
5	173	-424.26597	-422.16266	-423.95991	2.1033086	1.7972498
5	174	-629.83755	-630.32696	-629.1303	-0.48940409	-1.1966567
5	175	-687.57525	-688.2276	-680.81153	-0.65235066	-7.4160717
5	176	-390.21604	-393.22847	-395.89471	-3.0124215	2.666241
5	177	-479.646	-479.84601	-480.92268	-0.20000815	1.0766731
5	178	-377.95078	-377.5017	-377.38279	0.44908058	-0.11890631
5	179	-529.5712	-528.27915	-523.76641	1.2920501	-4.5127427
5	180	-548.24634	-543.6651	-539.08257	4.5812447	-4.5825279
5	181	-478.44041	-489.16081	-480.96476	-10.720402	-8.1960501
5	182	-352.77834	-354.28722	-356.34852	-1.5088741	2.0613027
5	183	-572.13861	-570.82642	-569.98147	1.3121829	-0.84495693
5	184	-419.237	-418.05115	-419.84342	1.1858425	1.7922692
5	185	-410.25057	-407.6327	-408.74025	2.6178666	1.1075488
5	186	-422.36346	-425.37838	-421.55629	-3.0149207	-3.8220913
5	187	-525.52168	-520.22494	-527.82769	5.2967335	7.602741
5	188	-263.25198	-265.28924	-269.57472	-2.0372569	4.2854784
5	189	-589.02674	-591.32288	-583.76403	-2.2961447	-7.5588559
5	190	-333.16057	-333.82468	-341.20101	-0.66410895	7.3763337
5	191	-619.27484	-620.00883	-621.88244	-0.73398495	1.8736108
5	192	-416.63219	-414.3697	-414.77246	2.2624846	0.40276056
5	193	-424.16482	-434.61498	-433.829	-10.450166	-0.78598673
5	194	-569.25943	-573.25179	-568.07781	-3.9923604	-5.1739817
5	195	-399.57509	-393.87674	-394.32076	5.6983467	0.44402026
5	196	-744.34535	-741.83005	-738.49385	2.5152993	-3.3361986
5	197	-470.08976	-468.65939	-466.00521	1.4303655	-2.6541843
5	198	-632.07901	-631.81048	-626.03858	0.26853269	-5.7718974
5	199	-354.54645	-344.5328	-350.08935	10.013649	5.5565527
5	200	-419.45143	-419.2242	-420.44177	0.22723245	1.2175741
5	201	-680.29682	-687.56757	-684.4548	-7.270749	-3.1127684
5	202	-344.91835	-345.96723	-347.03481	-1.048879	1.0675754
5	203	-428.1689	-429.88961	-432.32842	-1.7207087	2.4388097
5	204	-426.98904	-427.05563	-424.88918	-0.066597036	-2.1664535
5	205	-390.65014	-388.66611	-386.96015	1.9840287	-1.7059567
5	206	-608.32004	-608.87146	-599.8265	-0.55141782	-9.0449541
5	207	-526.33914	-528.33752	-525.67466	-1.9983831	-2.6628661
5	208	-487.7769	-487.18071	-482.89399	0.59618362	-4.2867266
5	209	-618.5562	-616.61452	-616.49122	1.9416787	-0.12329521
5	210	-506.98107	-505.89112	-505.0781	1.0899527	-0.81301953
5	211	-355.13642	-356.5563	-358.03428	-1.4198788	1.4779787
5	212	-422.18916	-423.8973	-425.11101	-1.7081441	1.2137089
5	213	-409.73857	-407.31199	-406.83538	2.4265725	-0.47661459
5	214	-610.67835	-607.88362	-603.58821	2.7947219	-4.2954116
5	215	-491.75792	-496.21194	-499.59113	-4.4540213	3.3791915
5	216	-531.98389	-530.39553	-529.50145	1.5883555	-0.89408292
5	217	-310.76334	-305.62644	-309.42005	5.1369047	3.793611
5	218	-703.71453	-708.73668	-703.54582	-5.0221497	-5.1908551
5	219	-466.65903	-472.21905	-459.93395	-5.5600189	-12.285101
5	220	-353.42382	-356.22815	-357.50874	-2.8043264	1.2805967
5	221	-490.58798	-490.40624	-489.37526	0.18173841	-1.0309861
5	222	-412.14724	-412.99149	-407.605	-0.84425404	-5.3864892
5	223	-493.43524	-492.27123	-489.61363	1.1640108	-2.6576036
5	224	-464.08257	-462.98625	-462.81465	1.0963227	-0.17159879
5	225	-560.11365	-556.8845	-558.29625	3.2291451	1.4117476
5	226	-325.65956	-325.41968	-330.48434	0.23987927	5.0646549
5	227	-251.29854	-253.28902	-257.54025	-1.9904793	4.2512349
5	228	-477.03723	-482.17523	-479.94157	-5.1379949	-2.2336579
5	229	-698.22126	-704.50974	-697.19762	-6.288484	-7.3121243
5	230	-719.11168	-720.04289	-714.73125	-0.93121041	-5.3116488
5	231	-580.71157	-581.13852	-579.21452	-0.42695412	-1.9240004
5	232	-506.04521	-504.57257	-509.53592	1.4726379	4.963355
5	233	-514.68233	-511.11386	-506.46453	3.5684673	-4.649334
5	234	-421.31799	-421.82552	-425.11912	-0.50753015	3.2935966
5	235	-415.84418	-417.35703	-415.84424	-1.5128445	-1.5127918
5	236	-580.14775	-583.25044	-581.04556	-3.1026938	-2.2048799
5	237	-259.46207	-261.81682	-264.64906	-2.3547549	2.8322339
5	238	-334.98397	-334.59842	-336.65741	0.38555461	2.0589924
5	239	-494.49726	-491.91985	-488.8772	2.5774087	-3.0426426
5	240	-460.55939	-460.59786	-457.36723	-0.038470013	-3.2306328
5	241	-581.6394	-582.17703	-582.67933	-0.53763192	0.50230531
5	242	-388.83422	-390.05944	-391.0616	-1.2252106	1.0021614
5	243	-742.87912	-725.58805	-716.85232	17.291064	-8.7357322
5	244	-664.1448	-661.80816	-658.03902	2.3366389	-3.7691347
5	245	-395.01562	-391.37796	-393.61864	3.6376582	2.2406766
5	246	-389.58755	-391.07475	-392.05477	-1.4871924	0.98002129
5	247	-283.66453	-283.42751	-287.04652	0.23702434	3.619016
5	248	-416.83793	-418.26788	-418.71116	-1.4299591	0.44327155
5	249	-497.7987	-500.24153	-498.78478	-2.4428339	-1.4567497
5	250	-459.85478	-456.13157	-456.95224	3.7232155	0.82067088
5	251	-383.97473	-382.36204	-378.96645	1.6126914	-3.3955929
5	252	-519.13178	-515.01196	-517.51352	4.1198184	2.5015659
5	253	-508.24246	-510.75169	-510.13094	-2.5092305	-0.62074753
5	254	-777.60491	-771.7767	-762.31171	5.8282074	-9.464986
5	255	-650.34052	-651.51569	-649.74247	-1.1751786	-1.7732264
5	256	-489.63459	-475.69714	-485.10408	13.937447	9.4069383
5	257	-522.19405	-520.64073	-519.78054	1.5533147	-0.86019067
5	258	-495.3952	-493.46072	-491.00789	1.9344891	-2.4528205
5	259	-642.22144	-653.86288	-641.76871	-11.641436	-12.094163
5	260	-438.86604	-437.41133	-441.06638	1.4547039	3.6550493
5	261	-228.18284	-230.57165	-232.78506	-2.3888098	2.2134102
5	262	-634.16435	-632.66294	-632.02301	1.5014108	-0.63992543
5	263	-526.17175	-525.26835	-518.31723	0.90339709	-6.951123
5	264	-382.75082	-381.16408	-383.31055	1.5867373	2.1464683
5	265	-565.42308	-566.43611	-564.16957	-1.0130356	-2.26654
5	266	-371.3899	-373.39551	-374.77466	-2.0056084	1.3791463
5	267	-467.60634	-467.89699	-475.00577	-0.29065202	7.1087722
5	268	-406.91401	-405.99683	-410.63789	0.91717482	4.6410581
5	269	-431.32147	-429.20872	-418.79869	2.1127518	-10.41003
5	270	-530.31711	-528.44357	-527.35884	1.8735347	-1.0847366
5	271	-331.47145	-332.08451	-333.47333	-0.61306802	1.3888151
5	272	-784.67336	-791.3025	-770.12361	-6.6291425	-21.178897
5	273	-438.63478	-441.75529	-442.01136	-3.1205046	0.25607564
5	274	-363.98513	-364.40496	-363.88796	-0.41982694	-0.51699777
5	275	-478.2262	-468.90141	-477.46889	9.324795	8.5674847
5	276	-495.84898	-491.13737	-493.61445	4.7116113	2.4770794
5	277	-289.27965	-287.88797	-289.64027	1.3916798	1.7522965
5	278	-673.13146	-662.95957	-655.02699	10.171888	-7.9325842
5	279	-399.20206	-400.92545	-400.78998	-1.723393	-0.135471
5	280	-326.19661	-325.17731	-327.36163	1.0193076	2.1843211
5	281	-718.06165	-709.36805	-704.69945	8.6936011	-4.6685988
5	282	-400.96082	-401.33516	-404.71424	-0.37434688	3.3790807
5	283	-475.35116	-475.45872	-474.50396	-0.10755785	-0.95475505
5	284	-545.57572	-540.71946	-540.08621	4.8562561	-0.63324523
5	285	-640.23896	-643.01817	-644.99602	-2.7792132	1.9778529
5	286	-420.33565	-424.16797	-420.93136	-3.8323145	-3.2366089
5	287	-531.71677	-526.9254	-530.91537	4.791376	3.9899719
5	288	-377.14248	-377.62945	-379.03446	-0.48697152	1.4050107
5	289	-403.32435	-402.19044	-402.23575	1.1339118	0.045315943
5	290	-682.50676	-682.6433	-682.93874	-0.13654824	0.29543266
5	291	-482.33961	-480.72054	-468.52848	1.619065	-12.192058
5	292	-512.47145	-512.54657	-513.02189	-0.07511415	0.47532896
5	293	-514.76982	-513.45672	-515.52308	1.3131059	2.0663651
5	294	-433.40063	-434.86472	-436.65639	-1.4640826	1.7916763
5	295	-351.86385	-351.8405	-351.3342	0.023349873	-0.50629966
5	296	-559.08017	-560.52026	-557.21529	-1.4400943	-3.3049688
5	297	-325.94704	-326.73382	-327.79672	-0.78678009	1.0628944
5	298	-427.32616	-424.11869	-429.65402	3.2074664	5.5353273
5	299	-313.2859	-313.11277	-310.30491	0.17313971	-2.8078549
5	300	-404.98058	-399.48851	-403.31198	5.4920662	3.8234643
5	301	-446.20607	-444.75408	-443.63026	1.4519947	-1.1238201
5	302	-433.20843	-430.84434	-432.87695	2.364096	2.0326176
5	303	-655.42695	-664.02084	-652.81975	-8.5938908	-11.201093
5	304	-414.88579	-421.08677	-423.52803	-6.2009726	2.441259
5	305	-403.4626	-404.58315	-406.69685	-1.1205447	2.1137026
5	306	-477.47593	-475.50118	-478.02049	1.9747436	2.5193104
5	307	-559.72704	-557.31757	-555.78602	2.4094655	-1.5315462
5	308	-520.92871	-518.5868	-517.54551	2.3419143	-1.0412847
5	309	-477.03344	-475.6308	-474.0024	1.4026389	-1.6283946
5	310	-393.05999	-386.37191	-385.40661	6.6880765	-0.96530358
5	311	-298.09278	-299.71181	-300.09787	-1.6190258	0.38606085
5	312	-473.45662	-470.41902	-471.97617	3.0376008	1.5571564
5	313	-349.4487	-350.44049	-351.99475	-0.99178638	1.5542682
5	314	-290.76506	-292.23335	-291.71626	-1.4682987	-0.51709799
5	315	-606.20923	-605.35625	-81.262577	0.85297638	-524.09367
5	316	-399.15633	-397.63076	-394.20688	1.5255696	-3.4238813
5	317	-607.26836	-602.39896	-597.96777	4.8694002	-4.4311901
5	318	-407.9889	-410.62022	-407.93768	-2.6313246	-2.6825412
5	319	-445.48476	-445.99351	-440.05127	-0.5087479	-5.9422366
5	320	-416.04372	-419.20104	-418.04088	-3.1573259	-1.1601613
5	321	-483.75842	-483.94802	-486.23905	-0.18959233	2.2910386
5	322	-415.66437	-411.87001	-413.6209	3.7943586	1.7508941
5	323	-607.37945	-604.35813	-604.21423	3.0213242	-0.14389606
5	324	-358.11264	-356.60213	-362.87557	1.5105106	6.2734388
5	325	-459.64547	-462.46484	-462.36758	-2.8193684	-0.097257483
5	326	-402.57068	-398.17099	-396.6119	4.3996889	-1.5590859
5	327	-375.56446	-378.13905	-377.34433	-2.5745843	-0.79471815
5	328	-391.77902	-394.88274	-396.05608	-3.1037204	1.1733463
5	329	-372.15867	-376.09652	-372.864	-3.937848	-3.23252
5	330	-380.16908	-381.31131	-383.01911	-1.142224	1.7078046
5	331	-337.6981	-340.28122	-342.36532	-2.5831201	2.084102
5	332	-297.85284	-299.04596	-299.25607	-1.1931207	0.21010768
5	333	-501.5853	-500.79754	-501.96958	0.78776414	1.1720451
5	334	-419.28293	-418.62249	-422.72976	0.66044169	4.1072712
5	335	-336.80312	-341.35762	-339.67888	-4.5545047	-1.6787404
5	336	-465.25306	-461.79207	-459.61565	3.4609888	-2.1764289
5	337	-265.94752	-266.45073	-270.16431	-0.5032025	3.7135823
5	338	-250.4888	-252.73295	-256.70023	-2.24415	3.9672784
5	339	-582.50202	-575.24907	-574.74511	7.2529505	-0.50395983
5	340	-644.94944	-643.93683	-643.63147	1.0126096	-0.30535545
5	341	-659.58819	-657.92239	-649.71307	1.6658066	-8.2093195
5	342	-416.88688	-417.22366	-416.73871	-0.33677686	-0.48494208
5	343	-347.04776	-350.11862	-353.17854	-3.0708619	3.0599148
5	344	-441.38923	-440.27441	-441.76861	1.114821	1.494198
5	345	-397.71506	-398.42918	-397.9602	-0.71411981	-0.46898362
5	346	-572.83391	-571.18393	-565.98237	1.6499829	-5.2015566
5	347	-346.81773	-348.71243	-350.49706	-1.894699	1.7846338
5	348	-647.56057	-645.24579	-646.88257	2.3147804	1.6367762
5	349	-591.27451	-578.84459	-565.88718	12.429922	-12.957408
5	350	-366.62591	-366.93057	-367.41748	-0.30466126	0.4869078
5	351	-430.93902	-429.18153	-427.14429	1.7574901	-2.0372393
5	352	-264.99762	-265.27668	-269.69478	-0.27906154	4.4181012
5	353	-255.98972	-256.55551	-258.77825	-0.56579056	2.2227411
5	354	-554.07294	-569.53755	-563.64677	-15.464611	-5.8907762
5	355	-427.61283	-428.25784	-430.26916	-0.64500557	2.0113267
5	356	-341.22138	-342.0073	-338.43334	-0.78592037	-3.5739649
5	357	-575.86241	-580.86598	-559.11195	-5.0035767	-21.754035
5	358	-322.37397	-321.77626	-325.60408	0.59770899	3.827828
5	359	-458.2035	-464.9578	-454.64516	-6.754296	-10.312639
5	360	-552.92126	-548.81492	-543.87961	4.1063372	-4.935312
5	361	-467.52815	-472.33538	-471.76756	-4.807229	-0.5678148
5	362	-316.75795	-315.32296	-320.48818	1.4349935	5.1652244
5	363	-470.54068	-468.40894	-461.31288	2.1317371	-7.0960687
5	364	-581.87063	-576.12223	-569.00512	5.7483976	-7.1171072
5	365	-548.91437	-544.62175	-547.18211	4.2926242	2.5603643
5	366	-348.20982	-349.68855	-351.87787	-1.4787296	2.1893229
5	367	-497.55243	-495.25258	-493.79952	2.2998555	-1.4530632
5	368	-320.52859	-320.73265	-323.59089	-0.20406204	2.8582395
5	369	-345.71926	-346.15425	-348.92724	-0.43499786	2.7729873
5	370	-455.41459	-451.08299	-455.36215	4.3315989	4.2791606
5	371	-522.54909	-522.76932	-524.56452	-0.22023357	1.7951961
5	372	-414.90447	-414.35828	-412.77934	0.54619484	-1.578942
5	373	-311.57756	-313.49735	-312.72461	-1.9197873	-0.77274231
5	374	-588.19097	-587.04797	-592.65577	1.1429988	5.6078065
5	375	-344.7139	-344.78137	-346.50985	-0.067468186	1.7284868
5	376	-417.41566	-417.46609	-417.27526	-0.050439692	-0.1908389
5	377	-434.99308	-431.23816	-432.7221	3.7549126	1.4839361
5	378	-401.17618	-402.74271	-404.08315	-1.5665321	1.3404327
5	379	-522.78539	-524.17858	-523.4367	-1.3931864	-0.74187866
5	380	-427.57046	-425.35335	-427.68908	2.2171071	2.3357306
5	381	-422.46786	-425.34643	-426.84018	-2.878567	1.493749
5	382	-467.98305	-468.86438	-470.90312	-0.88132712	2.0387449
5	383	-330.45964	-327.53497	-330.11528	2.9246632	2.5803074
5	384	-406.38856	-403.89733	-406.83519	2.4912254	2.9378529
5	385	-449.90893	-450.4277	-447.82706	-0.51876586	-2.6006429
5	386	-394.39101	-394.11797	-395.06261	0.2730464	0.94464693
5	387	-447.90718	-442.30874	-441.56521	5.5984345	-0.74353237
5	388	-365.16513	-362.32662	-365.55692	2.8385087	3.2303035
5	389	-289.06039	-290.80381	-293.98943	-1.7434198	3.1856277
5	390	-289.53783	-287.95176	-292.31084	1.5860697	4.3590773
5	391	-447.91983	-450.12706	-449.99366	-2.2072335	-0.13340141
5	392	-456.62954	-459.67928	-451.78183	-3.0497427	-7.8974563
5	393	-715.29572	-716.30831	-710.8995	-1.0125894	-5.4088141
5	394	-416.10596	-417.28489	-416.57605	-1.1789227	-0.7088329
5	395	-512.13798	-513.2401	-512.16452	-1.1021166	-1.075571
5	396	-523.70008	-519.77474	-515.12078	3.9253359	-4.6539614
5	397	-439.39936	-435.32402	-423.88658	4.0753466	-11.43744
5	398	-452.33498	-452.98799	-448.64667	-0.65300646	-4.3413178
5	399	-313.52108	-300.40088	-302.0046	13.120194	1.603722
5	400	-520.98364	-524.77484	-523.28309	-3.791202	-1.4917524
5	401	-632.7898	-632.95477	-629.0956	-0.16497199	-3.859174
5	402	-436.32469	-435.55563	-434.46141	0.76906521	-1.0942213
5	403	-463.30899	-463.88329	-464.42191	-0.574298	0.53862343
5	404	-356.78262	-356.97486	-357.26431	-0.19223869	0.28944789
5	405	-598.19642	-595.37549	-587.41703	2.8209319	-7.9584576
5	406	-607.98183	-614.10871	-608.50746	-6.126871	-5.6012448
5	407	-383.25958	-381.95445	-382.8357	1.3051369	0.88125298
5	408	-521.13569	-519.44207	-515.43346	1.6936209	-4.0086136
5	409	-624.40295	-622.80252	-618.52284	1.6004247	-4.2796813
5	410	-422.18447	-413.54141	-413.9575	8.6430635	0.41609222
5	411	-586.84382	-580.08316	-579.63074	6.7606633	-0.45242136
5	412	-515.03569	-515.31674	-512.60327	-0.28104559	-2.7134662
5	413	-490.53346	-488.15693	-490.73523	2.3765298	2.5783
5	414	-608.53398	-604.84758	-604.87642	3.6863944	0.028838892
5	415	-540.35409	-542.4133	-537.58429	-2.0592025	-4.8290095
5	416	-385.21254	-388.01141	-387.98696	-2.7988702	-0.024441765
5	417	-401.11303	-402.53981	-400.52791	-1.4267732	-2.0118977
5	418	-357.98667	-359.66752	-362.19449	-1.6808523	2.5269761
5	419	-431.12845	-431.6419	-429.69459	-0.51344882	-1.9473037
5	420	-498.70396	-500.71536	-501.32337	-2.0113937	0.60801776
5	421	-317.9038	-317.85169	-321.87397	0.052115248	4.0222878
5	422	-390.37013	-391.66326	-394.30898	-1.2931289	2.6457294
5	423	-552.97651	-554.01328	-553.63306	-1.0367763	-0.3802268
5	424	-376.24933	-372.78534	-379.08511	3.4639849	6.2997696
5	425	-683.46436	-675.60416	-675.67374	7.8601951	0.069577253
5	426	-536.42002	-537.79056	-540.20059	-1.3705479	2.4100316
5	427	-658.90456	-656.36457	-655.44757	2.5399884	-0.91700198
5	428	-535.86103	-536.19413	-534.36107	-0.33309831	-1.8330544
5	429	-349.33246	-350.23528	-351.56313	-0.9028284	1.3278455
5	430	-571.09186	-562.27544	-565.22177	8.8164223	2.9463335
5	431	-490.54892	-493.30807	-487.15643	-2.7591483	-6.1516422
5	432	-367.72884	-369.64846	-369.60983	-1.9196259	-0.038628957
5	433	-344.9829	-346.60703	-346.42389	-1.6241377	-0.18314401
5	434	-486.78052	-484.7712	-486.4997	2.0093138	1.728498
5	435	-555.55136	-557.74991	-558.57874	-2.198547	0.82882751
5	436	-570.53356	-562.96361	-565.1921	7.5699521	2.2284895
5	437	-812.83286	-797.05607	-801.12573	15.776793	4.0696655
5	438	-271.58093	-272.26999	-277.21986	-0.68906206	4.949875
5	439	-727.19545	-730.38939	-721.73948	-3.1939409	-8.6499124
5	440	-729.76152	-726.07031	-723.56208	3.6912112	-2.5082235
5	441	-460.8339	-454.37095	-452.90226	6.4629511	-1.4686923
5	442	-269.49683	-268.72324	-272.79229	0.77358211	4.0690488
5	443	-383.60171	-382.80364	-382.89297	0.79806929	0.089325537
5	444	-448.49594	-449.36813	-450.52003	-0.87218709	1.151901
5	445	-552.60857	-552.13166	-551.44764	0.47690428	-0.68402065
5	446	-392.63481	-392.81636	-393.21457	-0.18155885	0.39820199
5	447	-416.42241	-418.99178	-414.55696	-2.5693741	-4.4348241
5	448	-489.11113	-484.87593	-487.1738	4.2352043	2.2978724
5	449	-405.39643	-403.46235	-406.27565	1.9340742	2.8132972
5	450	-458.77391	-459.41122	-459.68666	-0.63731377	0.27543868
5	451	-354.48164	-351.96297	-356.71877	2.518674	4.7557991
5	452	-397.50403	-396.09282	-395.4892	1.4112159	-0.60361476
5	453	-683.50247	-681.39245	-679.84797	2.1100165	-1.5444863
5	454	-642.66446	-644.39736	-644.89385	-1.7328936	0.49649039
5	455	-442.94008	-441.63549	-435.44859	1.3045963	-6.186892
5	456	-571.57444	-570.51928	-572.17407	1.0551677	1.6547915
5	457	-374.09493	-370.91934	-377.55016	3.1755818	6.6308201
5	458	-390.98037	-390.8763	-392.59153	0.10407463	1.7152313
5	459	-392.17694	-393.26042	-395.7463	-1.0834816	2.485877
5	460	-420.40889	-413.83143	-417.53669	6.5774628	3.7052578
5	461	-492.40844	-492.69633	-493.17116	-0.28788377	0.47482878
5	462	-355.42105	-353.47676	-352.86789	1.9442867	-0.60887032
5	463	-424.91983	-425.26146	-427.42493	-0.34163195	2.1634699
5	464	-388.57712	-387.44648	-388.89218	1.1306385	1.4456984
5	465	-431.04044	-428.14276	-431.49012	2.8976782	3.3473588
5	466	-453.82707	-454.46797	-453.61506	-0.64090085	-0.85291298
5	467	-464.03291	-463.89189	-461.58049	0.14101269	-2.3113991
5	468	-402.97382	-403.39329	-406.45436	-0.41946909	3.0610676
5	469	-355.05862	-352.24947	-354.53782	2.8091539	2.2883482
5	470	-450.34702	-443.61289	-447.93988	6.7341317	4.326992
5	471	-339.98326	-338.73813	-341.46873	1.2451317	2.7305977
5	472	-333.64357	-330.93211	-335.77203	2.7114573	4.8399168
5	473	-658.87117	-663.10571	-672.29475	-4.2345357	9.1890387
5	474	-390.85274	-391.65498	-392.60087	-0.80223593	0.9458907
5	475	-792.66168	-775.47474	-772.57564	17.186942	-2.8990977
5	476	-405.35159	-406.71733	-409.91341	-1.3657331	3.1960815
5	477	-423.27212	-409.4176	-415.15032	13.854522	5.7327255
5	478	-288.94918	-291.78299	-297.85946	-2.8338084	6.0764739
5	479	-297.85354	-299.1111	-300.23238	-1.2575576	1.1212846
5	480	-345.72446	-344.19678	-348.837	1.5276803	4.6402213
5	481	-546.89919	-544.43098	-546.62016	2.4682089	2.1891796
5	482	-657.01489	-657.12403	-658.47684	-0.10914235	1.352806
5	483	-546.81991	-547.76387	-545.03459	-0.94395997	-2.7292763
5	484	-599.92532	-598.15808	-597.21586	1.7672404	-0.94222057
5	485	-637.83166	-641.56064	-633.63313	-3.7289763	-7.9275087
5	486	-474.88599	-473.56578	-475.52805	1.3202148	1.9622669
5	487	-638.30601	-639.5663	-635.5164	-1.2602856	-4.0498933
5	488	-452.71615	-448.77842	-453.4346	3.9377294	4.6561805
5	489	-453.77798	-456.44473	-452.46598	-2.6667429	-3.9787452
5	490	-294.03635	-294.82535	-296.66922	-0.78900042	1.8438681
5	491	-390.33394	-388.4515	-381.38984	1.882444	-7.0616631
5	492	-607.61953	-602.75524	-596.90093	4.864293	-5.8543024
5	493	-424.63269	-425.51502	-427.49758	-0.88232948	1.9825561
5	494	-536.54109	-525.04841	-528.2823	11.492678	3.2338828
5	495	-332.3425	-331.39575	-327.45139	0.9467503	-3.9443617
5	496	-548.79627	-549.50367	-546.33766	-0.70739552	-3.1660059
5	497	-383.98735	-377.36172	-375.45873	6.6256329	-1.9029898
5	498	-429.32144	-427.76752	-418.6574	1.5539275	-9.1101205
5	499	-509.05684	-509.11231	-506.68722	-0.055475921	-2.4250917
5	500	-448.50599	-448.34009	-442.24011	0.16590404	-6.0999715
5	501	-620.21649	-607.85823	-606.54067	12.358259	-1.3175617
5	502	-370.92631	-374.70489	-375.4476	-3.7785727	0.74271633
5	503	-677.748	-663.25872	-656.0476	14.489285	-7.2111129
5	504	-357.02257	-358.16831	-358.94298	-1.1457411	0.7746725
5	505	-538.53268	-540.39499	-543.66657	-1.8623042	3.2715826
5	506	-498.92465	-494.76595	-492.44928	4.1587024	-2.3166681
5	507	-435.54688	-434.67385	-436.45507	0.87303408	1.7812239
5	508	-383.19274	-383.33312	-378.99508	-0.14038465	-4.3380459
5	509	-816.76277	-821.93036	-808.76185	-5.1675914	-13.168515
5	510	-419.76163	-423.06584	-421.93242	-3.3042057	-1.133425
5	511	-677.86862	-673.73476	-670.89257	4.1338647	-2.8421846
5	512	-436.47635	-437.44212	-435.68725	-0.96577605	-1.7548678
5	513	-360.23652	-352.9527	-349.3063	7.2838118	-3.646405
5	514	-368.02339	-366.83803	-371.91868	1.185359	5.0806504
5	515	-411.99953	-401.80201	-406.4317	10.197519	4.6296969
5	516	-407.69167	-404.48017	-409.71763	3.2115031	5.2374618
5	517	-289.22055	-290.86487	-287.20459	-1.6443198	-3.6602759
5	518	-438.98421	-436.7738	-434.83918	2.2104158	-1.9346213
5	519	-417.94956	-415.99955	-414.15635	1.9500117	-1.8431994
5	520	-310.05176	-311.11282	-313.47102	-1.0610602	2.3581983
5	521	-453.91175	-453.65821	-454.24779	0.25354634	0.58958279
5	522	-372.18904	-368.50595	-368.70039	3.6830908	0.19443156
5	523	-431.94048	-433.19986	-433.51557	-1.2593735	0.31571698
5	524	-371.47722	-370.42651	-372.02903	1.0507079	1.6025155
5	525	-536.10003	-538.122	-537.89823	-2.0219638	-0.22376889
5	526	-353.29596	-355.20544	-355.09813	-1.9094819	-0.10731259
5	527	-612.74695	-599.31406	-588.54292	13.432892	-10.771143
5	528	-323.6461	-322.52997	-326.09509	1.1161276	3.5651195
5	529	-442.68098	-443.41779	-443.69206	-0.73681135	0.2742731
5	530	-406.02134	-405.59001	-404.11234	0.43133063	-1.4776664
5	531	-390.28428	-386.70706	-387.56644	3.5772145	0.859382
5	532	-429.21605	-432.63217	-433.57065	-3.4161203	0.93847638
5	533	-446.73268	-443.55299	-444.36464	3.1796883	0.81164939
5	534	-467.18476	-466.3125	-465.44781	0.87226282	-0.86468918
5	535	-330.4817	-329.81566	-330.37286	0.66603746	0.55719552
5	536	-352.07936	-355.1326	-354.95411	-3.0532441	-0.17849825
5	537	-364.00975	-366.14723	-364.98495	-2.1374811	-1.1622787
5	538	-490.6066	-501.53397	-491.43144	-10.927369	-10.102524
5	539	-538.64905	-534.54496	-535.14979	4.1040899	0.60483248
5	540	-519.00498	-516.04482	-520.04906	2.9601658	4.004236
5	541	-415.43307	-414.2695	-416.15459	1.1635758	1.8850942
5	542	-262.97032	-264.43101	-267.018	-1.460692	2.5869954
5	543	-665.31488	-666.90717	-663.06372	-1.5922927	-3.8434493
5	544	-502.8938	-488.9546	-498.44239	13.939207	9.4877963
5	545	-774.83572	-770.09961	-765.95564	4.7361082	-4.1439677
5	546	-487.86141	-484.09386	-486.81171	3.7675519	2.7178476
5	547	-435.9961	-437.59424	-439.89087	-1.5981371	2.2966236
5	548	-454.42814	-450.23973	-447.91451	4.1884117	-2.3252183
5	549	-500.09279	-497.32543	-480.84673	2.7673624	-16.478696
5	550	-298.73559	-298.84193	-299.81442	-0.10634256	0.97248153
5	551	-449.05884	-454.49488	-451.17199	-5.4360381	-3.3228865
5	552	-445.73198	-447.40049	-447.9969	-1.6685135	0.59641216
5	553	-509.97792	-511.38579	-510.64437	-1.4078667	-0.74142246
5	554	-362.06893	-362.54845	-364.27351	-0.47951747	1.7250564
5	555	-401.10523	-400.27769	-402.48308	0.82754618	2.205391
5	556	-475.79964	-478.77801	-474.82693	-2.9783757	-3.9510837
5	557	-485.97847	-484.21202	-486.64774	1.7664527	2.4357227
5	558	-517.45869	-513.10073	-515.52583	4.357964	2.4250995
5	559	-610.61209	-596.33056	-574.31405	14.281532	-22.01651
5	560	-324.64838	-323.48188	-328.84341	1.1665047	5.361535
5	561	-558.0888	-548.27709	-545.77547	9.8117073	-2.501615
5	562	-466.84179	-466.85948	-464.84772	-0.01768884	-2.0117587
5	563	-738.41501	-742.91272	-740.85079	-4.4977152	-2.0619343
5	564	-397.61799	-400.69849	-399.92383	-3.0805052	-0.77466097
5	565	-338.2746	-342.84121	-343.27553	-4.5666175	0.43431545
5	566	-677.00982	-683.05537	-696.04347	-6.0455458	12.988099
5	567	-498.51673	-498.30717	-500.22039	0.20955769	1.913219
5	568	-549.70545	-543.07299	-526.21501	6.6324595	-16.857976
5	569	-566.7295	-564.15124	-561.14991	2.5782677	-3.0013241
5	570	-487.73187	-491.53581	-488.59173	-3.803943	-2.9440776
5	571	-579.48572	-579.89323	-572.14218	-0.40751298	-7.7510485
5	572	-341.25323	-341.46574	-344.67941	-0.21251008	3.2136649
5	573	-576.61651	-568.78331	-564.16577	7.8331998	-4.6175337
5	574	-423.23068	-420.17119	-428.68221	3.0594862	8.5110154
5	575	-585.1168	-577.92295	-567.88376	7.1938445	-10.039196
5	576	-279.37086	-280.93619	-284.21454	-1.5653277	3.2783438
5	577	-634.57182	-635.41685	-633.59957	-0.84503281	-1.817279
5	578	-336.89717	-333.54507	-332.3564	3.3521017	-1.1886668
5	579	-352.61206	-353.70078	-353.97462	-1.0887178	0.27384189
5	580	-418.02016	-417.4084	-416.48857	0.61175734	-0.91982533
5	581	-316.45988	-317.60819	-318.84248	-1.1483044	1.2342932
5	582	-506.13567	-506.80832	-510.63285	-0.67264121	3.8245391
5	583	-506.49345	-501.99866	-497.10095	4.4947938	-4.8977074
5	584	-391.75989	-390.08521	-394.37068	1.6746762	4.2854679
5	585	-447.71966	-449.72007	-448.44307	-2.0004098	-1.2770046
5	586	-528.22718	-528.38545	-527.91615	-0.15827343	-0.4693063
5	587	-475.19176	-477.54674	-477.15238	-2.3549845	-0.39435831
5	588	-376.37706	-372.00108	-374.92782	4.3759797	2.9267422
5	589	-520.97578	-521.4172	-520.67004	-0.44142368	-0.74716225
5	590	-358.54528	-356.80858	-358.47204	1.7366928	1.663456
5	591	-407.30626	-403.7414	-403.67976	3.5648562	-0.061639818
5	592	-434.66733	-435.83578	-436.9871	-1.1684456	1.1513238
5	593	-420.37929	-417.58527	-412.46015	2.7940179	-5.1251155
5	594	-566.6932	-558.94184	-556.68975	7.7513547	-2.2520911
5	595	-404.43251	-405.49569	-403.79962	-1.0631823	-1.6960725
5	596	-544.02603	-544.34645	-542.41226	-0.32041273	-1.93419
5	597	-334.2554	-331.92984	-333.852	2.3255574	1.9221614
5	598	-501.05827	-500.97962	-502.38532	0.078650444	1.4056975
5	599	-402.78802	-402.85985	-402.36158	-0.071835411	-0.49826948
5	600	-788.28551	-782.43376	-784.14887	5.8517468	1.7151093
5	601	-342.22606	-342.40079	-345.89557	-0.17473321	3.4947798
5	602	-905.668	-914.01255	-908.52725	-8.3445451	-5.4852931
5	603	-437.36463	-435.77799	-438.87872	1.5866387	3.1007281
5	604	-371.64037	-373.84851	-375.21166	-2.2081385	1.3631506
5	605	-598.13316	-602.67794	-593.63385	-4.544772	-9.0440828
5	606	-622.53955	-618.86036	-620.42351	3.6791877	1.5631541
5	607	-601.76339	-596.71411	-591.8374	5.0492834	-4.8767121
5	608	-444.62966	-443.8695	-446.23512	0.76016084	2.3656259
5	609	-556.32986	-556.48395	-551.10344	-0.15409157	-5.3805146
5	610	-354.19446	-357.63618	-356.05873	-3.4417205	-1.5774494
5	611	-355.11063	-353.74897	-351.40467	1.3616684	-2.344295
5	612	-382.69899	-383.68162	-385.04686	-0.98263594	1.3652344
5	613	-498.81643	-494.58856	-497.24609	4.2278706	2.6575333
5	614	-505.70085	-507.29799	-506.89803	-1.5971363	-0.39995694
5	615	-762.25403	-765.92843	-762.50647	-3.6743997	-3.4219599
5	616	-293.93122	-294.11938	-297.30632	-0.18816249	3.1869415
5	617	-409.00609	-407.09405	-408.31941	1.912045	1.2253615
5	618	-500.23176	-497.64783	-501.17705	2.5839297	3.5292251
5	619	-579.12936	-575.77577	-571.07024	3.3535896	-4.7055314
5	620	-377.73689	-377.81119	-378.16328	-0.074296414	0.35208842
5	621	-374.4724	-368.55901	-372.45748	5.9133895	3.8984675
5	622	-375.65847	-376.45711	-379.06453	-0.79864414	2.6074128
5	623	-747.83806	-737.1063	-721.12699	10.731758	-15.979304
5	624	-402.78644	-403.68949	-406.80652	-0.90304703	3.1170389
5	625	-346.49855	-342.41991	-344.17842	4.0786382	1.7585032
5	626	-471.97817	-470.23375	-473.08367	1.7444258	2.8499263
5	627	-410.17753	-409.68016	-412.31259	0.49737211	2.6324313
5	628	-596.53667	-601.58517	-594.14449	-5.0484969	-7.4406828
5	629	-467.29584	-465.47213	-469.56442	1.8237051	4.0922884
5	630	-329.71833	-328.86107	-329.53034	0.85725704	0.66926986
5	631	-405.92264	-405.59014	-406.11845	0.33250805	0.52831231
5	632	-311.08553	-315.92849	-313.46057	-4.8429583	-2.4679232
5	633	-423.86664	-426.60369	-424.22058	-2.7370451	-2.3831113
5	634	-372.96136	-369.31347	-373.18507	3.6478933	3.871594
5	635	-452.46336	-460.59069	-447.53053	-8.1273345	-13.060164
5	636	-402.89948	-402.18103	-403.20157	0.71845669	1.0205435
5	637	-542.59394	-535.99159	-536.15809	6.6023498	0.16649529
5	638	-371.23619	-375.032	-368.58667	-3.7958114	-6.4453303
5	639	-404.2837	-405.85681	-407.54474	-1.5731144	1.68793
5	640	-527.00999	-529.69581	-526.32871	-2.6858267	-3.3671088
5	641	-396.34586	-397.11792	-399.12945	-0.77205956	2.0115342
5	642	-446.35016	-444.03313	-440.91971	2.3170331	-3.1134211
5	643	-738.88703	-719.31879	-720.7331	19.56824	1.4143182
5	644	-425.22909	-425.74842	-423.49824	-0.51933316	-2.2501881
5	645	-303.82026	-304.7115	-307.06763	-0.89123545	2.3561271
5	646	-392.93148	-394.05081	-396.88413	-1.1193337	2.8333153
5	647	-370.12856	-371.44271	-372.86253	-1.314151	1.4198241
5	648	-469.12184	-469.45567	-468.37806	-0.33382588	-1.0776125
5	649	-460.56064	-460.04513	-458.4222	0.51551271	-1.6229262
5	650	-331.71235	-332.09113	-334.88909	-0.37878183	2.7979639
5	651	-395.84721	-395.83937	-393.50421	0.0078411595	-2.3351548
5	652	-434.80651	-435.18408	-437.9964	-0.37756772	2.8123224
5	653	-507.82323	-504.30994	-506.97345	3.5132818	2.663505
5	654	-360.76573	-360.69729	-361.78052	0.068439406	1.0832357
5	655	-438.15071	-438.86388	-436.89224	-0.71316216	-1.9716412
5	656	-359.30335	-359.79121	-360.25909	-0.4878543	0.46788544
5	657	-486.6566	-486.76796	-483.68015	-0.11135481	-3.0878132
5	658	-271.01352	-271.34073	-275.40264	-0.32721206	4.0619091
5	659	-621.65933	-614.60157	-617.83836	7.0577587	3.2367878
5	660	-391.6679	-397.15527	-394.86416	-5.4873688	-2.2911072
5	661	-641.59132	-631.53057	-634.26192	10.060744	2.731345
5	662	-431.88042	-432.69851	-436.33092	-0.81809114	3.6324091
5	663	-440.51793	-434.33525	-438.15875	6.1826837	3.8235032
5	664	-410.62148	-411.63015	-414.32747	-1.0086663	2.697328
5	665	-445.48567	-447.21659	-447.71281	-1.7309261	0.49621489
5	666	-582.64987	-580.36858	-584.94802	2.281281	4.5794326
5	667	-357.02604	-356.64046	-357.64175	0.38558124	1.0012876
5	668	-305.9372	-305.71585	-308.46308	0.22134708	2.747224
5	669	-482.87339	-483.05663	-480.03225	-0.18323932	-3.0243747
5	670	-428.51021	-432.711	-437.27772	-4.2007933	4.5667175
5	671	-359.73884	-354.51343	-358.22843	5.2254197	3.7150099
5	672	-462.16951	-453.8439	-457.6547	8.3256101	3.8107993
5	673	-543.05207	-540.53213	-540.96964	2.5199442	0.43751606
5	674	-388.81048	-387.86491	-382.6868	0.94557363	-5.1781142
5	675	-614.81482	-616.81871	-618.41999	-2.0038891	1.6012863
5	676	-366.92354	-363.86779	-365.43225	3.055748	1.5644523
5	677	-550.45819	-546.15245	-529.11085	4.3057471	-17.041592
5	678	-573.36137	-571.12213	-575.57446	2.2392376	4.4523277
5	679	-430.20726	-428.88537	-430.7412	1.3218883	1.8558285
5	680	-415.54455	-419.98102	-417.1516	-4.4364688	-2.8294149
5	681	-393.90788	-395.10826	-395.21089	-1.2003722	0.10263219
5	682	-334.29681	-335.18647	-337.11189	-0.88966459	1.9254119
5	683	-420.69533	-422.40871	-422.96299	-1.7133719	0.5542861
5	684	-791.5999	-793.74027	-792.47107	-2.1403625	-1.2691966
5	685	-383.23405	-382.42228	-386.77752	0.81176648	4.3552409
5	686	-473.45326	-474.53978	-474.64647	-1.0865154	0.10669523
5	687	-383.44267	-388.40709	-383.81114	-4.964425	-4.5959533
5	688	-312.48725	-312.36843	-314.54583	0.11882267	2.1773986
5	689	-467.17929	-467.48074	-468.2706	-0.30145221	0.78985682
5	690	-596.40469	-594.69681	-595.30918	1.7078881	0.61237605
5	691	-535.69351	-534.05704	-527.24518	1.6364724	-6.8118566
5	692	-729.77255	-726.79786	-723.69294	2.9746877	-3.1049236
5	693	-333.01492	-335.95679	-336.07538	-2.9418657	0.11859249
5	694	-391.43251	-391.2813	-390.0272	0.15121225	-1.2541029
5	695	-474.86263	-474.38104	-471.53338	0.48159268	-2.8476539
5	696	-498.74737	-496.64857	-499.33395	2.0987964	2.6853797
5	697	-369.20966	-372.77828	-371.31381	-3.5686242	-1.4644697
5	698	-414.93567	-418.80054	-417.37718	-3.8648627	-1.4233603
5	699	-365.96825	-367.26141	-367.44603	-1.2931556	0.18462116
5	700	-470.29961	-470.33089	-471.13238	-0.031283494	0.80148732
5	701	-445.10717	-440.76986	-437.44682	4.3373061	-3.3230472
5	702	-373.62854	-374.56199	-373.63741	-0.93344753	-0.92457432
5	703	-404.75007	-402.5461	-407.28882	2.2039757	4.74272
5	704	-287.84542	-289.17296	-291.47796	-1.3275357	2.3050045
5	705	-544.58952	-544.03942	-543.95588	0.55010752	-0.083538279
5	706	-566.73893	-568.18204	-568.30843	-1.4431172	0.12638752
5	707	-617.02316	-604.32172	-603.31103	12.701438	-1.0106859
5	708	-593.32249	-591.96376	-568.00247	1.3587387	-23.961283
5	709	-278.11309	-276.49902	-278.88696	1.6140676	2.3879455
5	710	-526.44816	-526.02835	-525.08351	0.41980819	-0.9448409
5	711	-454.94546	-456.38778	-457.51384	-1.4423176	1.1260603
5	712	-466.71348	-466.5862	-464.35788	0.1272786	-2.2283193
5	713	-325.44106	-328.03274	-331.24654	-2.5916727	3.2137994
5	714	-524.95983	-526.99823	-526.49957	-2.0383952	-0.49865848
5	715	-392.73099	-391.61637	-394.12464	1.114615	2.5082692
5	716	-267.67732	-267.94698	-270.73107	-0.26966158	2.7840859
5	717	-381.72232	-384.17202	-381.76218	-2.4496915	-2.4098332
5	718	-458.13214	-452.82772	-456.37123	5.3044266	3.5435103
5	719	-497.84843	-496.62251	-500.19565	1.2259171	3.5731369
5	720	-369.26675	-369.49071	-369.85154	-0.22395881	0.36083261
5	721	-326.39969	-327.39245	-329.70815	-0.99276453	2.3156984
5	722	-347.89256	-347.82614	-348.71637	0.066415247	0.89022357
5	723	-516.65559	-519.98595	-515.21997	-3.3303652	-4.7659832
5	724	-517.24	-519.49865	-515.99486	-2.2586563	-3.5037899
5	725	-517.42368	-515.63485	-516.18632	1.788825	0.55147138
5	726	-520.6839	-516.59147	-503.70752	4.0924266	-12.883958
5	727	-413.40196	-412.02843	-413.57929	1.3735232	1.5508606
5	728	-381.17779	-381.65796	-381.53699	-0.48017418	-0.12097403
5	729	-644.36515	-641.41409	-638.05222	2.9510653	-3.3618645
5	730	-503.9739	-498.39903	-495.91338	5.5748752	-2.4856471
5	731	-469.81997	-467.07692	-470.60241	2.7430587	3.5254913
5	732	-398.2168	-402.13381	-400.27005	-3.9170108	-1.8637626
5	733	-407.413	-409.87407	-408.40733	-2.4610669	-1.4667304
5	734	-327.3868	-315.72336	-318.99906	11.663443	3.2757032
5	735	-617.54401	-619.66549	-629.45097	-2.1214858	9.7854759
5	736	-572.6294	-574.23853	-559.65898	-1.6091299	-14.579555
5	737	-420.52077	-413.53523	-417.26321	6.9855402	3.7279793
5	738	-410.31094	-414.12581	-406.91989	-3.8148783	-7.2059229
5	739	-347.2448	-347.03017	-347.34725	0.21462747	0.31708086
5	740	-349.1551	-350.45172	-351.3403	-1.2966121	0.88858309
5	741	-542.92712	-540.18713	-540.8922	2.739989	0.70506662
5	742	-379.18142	-368.03392	-368.11441	11.147502	0.080494559
5	743	-499.2452	-497.33716	-496.24523	1.9080375	-1.0919245
5	744	-384.75414	-382.20767	-385.42441	2.5464721	3.2167364
5	745	-458.55464	-455.06122	-456.52072	3.4934227	1.4595022
5	746	-412.38606	-414.34541	-414.74333	-1.9593444	0.3979198
5	747	-727.30706	-726.79289	-722.20238	0.51417091	-4.5905149
5	748	-423.50257	-424.84733	-425.25186	-1.3447629	0.40453183
5	749	-435.88642	-435.43159	-436.29109	0.45482729	0.85950693
5	750	-417.6468	-415.88564	-415.47284	1.7611572	-0.41280039
5	751	-522.03727	-521.64776	-522.91671	0.38950293	1.2689494
5	752	-483.45767	-483.97696	-484.86233	-0.51929599	0.88536937
5	753	-412.51239	-410.81374	-413.7396	1.6986508	2.9258559
5	754	-376.34884	-376.98573	-377.43346	-0.63688726	0.44773764
5	755	-432.38583	-428.51312	-428.51207	3.8727109	-0.0010500875
5	756	-647.46048	-647.95366	-637.33054	-0.49318415	-10.623121
5	757	-377.81579	-381.25817	-378.77099	-3.4423886	-2.4871831
5	758	-412.20836	-407.32337	-411.12661	4.8849863	3.8032396
5	759	-487.59295	-489.24534	-491.51408	-1.6523874	2.2687426
5	760	-384.11711	-382.70659	-386.73412	1.4105128	4.0275291
5	761	-532.34684	-529.47719	-523.0251	2.8696503	-6.4520898
5	762	-438.45864	-437.59992	-438.09914	0.85872052	0.4992186
5	763	-704.79248	-702.94748	-697.60634	1.8450079	-5.3411367
5	764	-511.60209	-504.02005	-509.49947	7.5820404	5.4794154
5	765	-197.35931	-199.99373	-203.85108	-2.6344172	3.8573507
5	766	-422.97643	-421.72191	-420.59663	1.2545279	-1.1252811
5	767	-532.46253	-531.2973	-526.45009	1.1652287	-4.8472113
5	768	-381.76532	-377.87184	-381.27088	3.8934784	3.3990377
5	769	-712.76522	-713.22389	-702.66355	-0.45867294	-10.560342
5	770	-379.11422	-375.00276	-375.81864	4.1114663	0.81588101
5	771	-422.91188	-420.4202	-418.22245	2.4916779	-2.1977537
5	772	-386.99414	-386.28018	-386.08182	0.71395977	-0.19836228
5	773	-586.92625	-579.4715	-576.73036	7.4547535	-2.741139
5	774	-322.43987	-325.92737	-324.52761	-3.4875036	-1.3997646
5	775	-269.99538	-269.87692	-272.27679	0.11845717	2.3998625
5	776	-623.631	-624.29028	-622.72065	-0.65927543	-1.5696243
5	777	-575.25433	-556.88563	-547.73431	18.368698	-9.1513207
5	778	-330.95221	-330.80744	-332.83587	0.14476931	2.028428
5	779	-462.2089	-472.99104	-467.99202	-10.782141	-4.9990236
5	780	-508.07541	-501.9853	-503.16976	6.0901113	1.1844645
5	781	-407.61579	-408.81226	-411.79529	-1.1964664	2.983031
5	782	-400.11722	-400.33129	-401.71894	-0.21406973	1.3876504
5	783	-298.37405	-298.42869	-300.32896	-0.054633987	1.9002754
5	784	-340.6436	-340.5245	-343.76	0.11910231	3.235499
5	785	-597.67462	-603.634	-597.83026	-5.9593862	-5.8037408
5	786	-505.41735	-502.7424	-500.4844	2.674958	-2.2579975
5	787	-392.08082	-386.23332	-384.1689	5.8475086	-2.0644207
5	788	-329.72245	-329.76629	-331.06589	-0.043835406	1.2996077
5	789	-321.63419	-322.56054	-319.23035	-0.9263537	-3.3301879
5	790	-436.64455	-434.31485	-434.47967	2.3296969	0.16482068
5	791	-478.23065	-475.66146	-472.72991	2.5691974	-2.9315436
5	792	-600.6197	-599.35061	-603.57436	1.2690881	4.2237456
5	793	-507.90405	-503.99972	-503.13277	3.9043272	-0.86694997
5	794	-504.77501	-500.72851	-504.57581	4.0464937	3.8473003
5	795	-252.47064	-253.75197	-256.56503	-1.2813249	2.8130631
5	796	-462.49504	-463.32068	-461.0782	-0.82563704	-2.2424834
5	797	-536.9471	-535.72105	-535.11962	1.2260527	-0.60143477
5	798	-579.71656	-581.75708	-579.16718	-2.0405209	-2.5899035
5	799	-599.77331	-587.53226	-583.74055	12.241043	-3.7917162
5	800	-320.12593	-321.18281	-321.95297	-1.0568857	0.7701602
5	801	-500.86887	-505.66202	-498.3068	-4.7931542	-7.3552184
5	802	-451.73636	-454.46471	-452.06075	-2.7283499	-2.4039553
5	803	-563.41295	-560.85902	-563.16864	2.5539231	2.3096217
5	804	-261.04226	-262.3892	-265.45545	-1.3469432	3.0662518
5	805	-351.71632	-348.06943	-350.20819	3.6468867	2.1387588
5	806	-281.42479	-280.15794	-285.9994	1.2668498	5.8414643
5	807	-581.67357	-577.11643	-578.59741	4.5571395	1.4809791
5	808	-424.18613	-422.88815	-426.0189	1.2979781	3.1307514
5	809	-562.44786	-550.4453	-548.61339	12.002568	-1.83191
5	810	-507.24819	-506.74722	-503.7093	0.50097527	-3.0379176
5	811	-453.3885	-441.36208	-433.7095	12.026415	-7.6525775
5	812	-528.53081	-529.43317	-524.5862	-0.9023557	-4.8469677
5	813	-544.11916	-540.58133	-541.42508	3.5378326	0.84374765
5	814	-471.87797	-472.60311	-471.938	-0.72514366	-0.66510656
5	815	-528.53878	-529.03672	-523.3434	-0.49793919	-5.6933183
5	816	-488.40557	-486.00874	-489.98203	2.3968307	3.9732871
5	817	-621.32941	-619.74437	-624.99673	1.5850328	5.2523576
5	818	-536.02347	-532.94295	-536.39476	3.0805109	3.4518046
5	819	-624.37124	-625.62771	-620.1866	-1.256474	-5.4411103
5	820	-478.21796	-478.51647	-479.96578	-0.29851174	1.4493123
5	821	-485.31596	-486.1624	-487.90773	-0.84643812	1.7453353
5	822	-588.23968	-593.18678	-592.04618	-4.9470978	-1.1406022
5	823	-412.69239	-412.53897	-415.63013	0.15341921	3.0911567
5	824	-384.44951	-379.89953	-381.19109	4.549985	1.2915556
5	825	-493.9278	-488.61323	-494.71025	5.3145752	6.0970211
5	826	-773.14361	-768.90868	-759.7003	4.2349323	-9.208382
5	827	-415.27093	-417.03351	-419.08156	-1.7625873	2.0480422
5	828	-391.97464	-385.81908	-384.9939	6.1555623	-0.82518135
5	829	-478.51029	-478.73558	-478.24909	-0.22528264	-0.48648962
5	830	-491.5956	-493.91083	-499.00804	-2.3152308	5.0972164
5	831	-279.21459	-279.65932	-281.50365	-0.44473934	1.8443254
5	832	-513.83944	-517.84622	-514.98697	-4.0067812	-2.8592465
5	833	-665.77396	-666.26881	-660.50086	-0.49485081	-5.7679425
5	834	-520.75829	-521.54969	-522.51082	-0.79140583	0.96113136
5	835	-331.21981	-331.72801	-336.60605	-0.50820407	4.8780426
5	836	-517.07249	-524.81622	-512.68078	-7.743726	-12.135438
5	837	-422.8847	-423.79851	-426.93701	-0.91381076	3.138501
5	838	-451.85082	-439.90519	-443.40203	11.945639	3.4968429
5	839	-535.15742	-539.51034	-536.0855	-4.3529129	-3.4248326
5	840	-699.48062	-693.27308	-685.54334	6.2075467	-7.7297367
5	841	-620.03653	-616.56288	-611.68665	3.4736543	-4.8762266
5	842	-604.4376	-602.19552	-598.21252	2.2420853	-3.9829942
5	843	-443.80647	-440.21918	-443.70716	3.5872867	3.4879818
5	844	-632.72288	-634.03044	-636.17558	-1.3075613	2.1451337
5	845	-375.95684	-376.22234	-378.03844	-0.26550625	1.8161003
5	846	-522.76047	-521.92036	-520.8092	0.84011333	-1.1111607
5	847	-351.50958	-351.34318	-352.07637	0.16640651	0.7331892
5	848	-419.1952	-419.14718	-416.31656	0.048019132	-2.8306176
5	849	-474.96425	-473.8689	-473.61024	1.0953557	-0.25866089
5	850	-287.8299	-289.33467	-291.39983	-1.5047641	2.0651641
5	851	-340.662	-342.15629	-347.57239	-1.4942952	5.4160972
5	852	-525.72313	-525.14753	-516.42346	0.57560637	-8.7240665
5	853	-362.70985	-361.29322	-363.84756	1.4166311	2.5543418
5	854	-361.26995	-360.3499	-362.20639	0.920041	1.856482
5	855	-468.97507	-468.96835	-470.30714	0.0067195755	1.338787
5	856	-530.45404	-528.83087	-530.40206	1.6231729	1.5711906
5	857	-663.03881	-662.33893	-655.12613	0.69988484	-7.2127993
5	858	-488.83511	-488.252	-487.59596	0.58310862	-0.65604078
5	859	-607.5995	-608.38969	-606.53335	-0.79018997	-1.8563383
5	860	-412.40153	-411.55971	-410.80911	0.84182359	-0.75060122
5	861	-446.22676	-446.42728	-445.16378	-0.20051884	-1.2634933
5	862	-430.91605	-431.45237	-433.75295	-0.53631524	2.300581
5	863	-406.02937	-407.11909	-405.3886	-1.0897191	-1.7304869
5	864	-363.89215	-362.94396	-367.64255	0.94819208	4.6985972
5	865	-587.263	-582.2882	-589.1361	4.9748015	6.8478995
5	866	-588.34665	-582.00773	-582.20012	6.3389171	0.19238781
5	867	-406.30381	-403.50892	-405.17515	2.7948906	1.6662252
5	868	-522.46653	-524.79369	-523.52796	-2.3271544	-1.2657272
5	869	-495.84415	-490.61892	-487.77873	5.2252394	-2.8401867
5	870	-477.12286	-478.16733	-479.16996	-1.0444711	1.002625
5	871	-436.55119	-429.05291	-424.62596	7.4982866	-4.4269483
5	872	-367.65147	-369.90826	-371.19896	-2.2567915	1.290698
5	873	-312.20758	-314.50781	-315.75655	-2.300225	1.2487397
5	874	-436.16212	-438.73933	-440.22432	-2.5772053	1.4849926
5	875	-441.28613	-442.38952	-443.65464	-1.1033849	1.2651248
5	876	-581.96061	-581.27063	-582.55069	0.6899801	1.2800642
5	877	-505.27457	-505.61456	-505.05383	-0.33998061	-0.56072563
5	878	-550.25507	-546.67631	-534.71569	3.5787553	-11.960621
5	879	-379.52855	-378.98058	-381.41676	0.54797425	2.4361801
5	880	-446.6622	-444.09035	-450.74384	2.5718537	6.653499
5	881	-368.43023	-368.93515	-363.75463	-0.50491999	-5.1805189
5	882	-522.94071	-513.50383	-507.32712	9.4368855	-6.1767079
5	883	-342.66772	-341.44183	-344.20712	1.225883	2.7652848
5	884	-454.8299	-452.79009	-447.83957	2.0398108	-4.9505179
5	885	-523.85201	-521.40273	-521.19145	2.4492825	-0.21128336
5	886	-324.49056	-324.78672	-327.14471	-0.29615551	2.3579944
5	887	-434.09693	-429.13433	-431.15312	4.9626023	2.0187878
5	888	-645.19451	-639.03085	-648.74641	6.1636585	9.7155577
5	889	-411.43203	-414.22583	-414.86649	-2.7937992	0.64066368
5	890	-404.99609	-400.70657	-403.13242	4.2895195	2.4258511
5	891	-288.77312	-288.89275	-293.57593	-0.1196282	4.6831799
5	892	-403.25944	-402.83192	-403.46438	0.42752654	0.63246238
5	893	-581.75606	-582.11056	-581.21036	-0.35450156	-0.90019598
5	894	-515.90556	-513.06672	-517.2707	2.838832	4.2039745
5	895	-340.29291	-338.64829	-338.88725	1.6446211	0.23896308
5	896	-443.59154	-436.18495	-441.16438	7.4065897	4.9794321
5	897	-433.71312	-434.81699	-437.53575	-1.103874	2.7187517
5	898	-490.97815	-487.407	-483.39162	3.5711508	-4.0153745
5	899	-512.37645	-504.05625	-501.83678	8.3201954	-2.2194671
5	900	-513.23404	-513.61535	-512.75082	-0.38131408	-0.86453134
5	901	-597.94595	-599.623	-600.17148	-1.6770577	0.54847851
5	902	-479.72548	-481.36141	-478.12533	-1.6359345	-3.2360841
5	903	-382.00458	-382.79822	-383.7524	-0.79364404	0.95417537
5	904	-670.18389	-668.46031	-645.62556	1.7235822	-22.834745
5	905	-258.6192	-260.08216	-263.04599	-1.4629559	2.9638303
5	906	-396.24222	-397.99631	-401.15109	-1.754089	3.1547832
5	907	-484.17629	-484.71664	-484.11634	-0.54035105	-0.60030218
5	908	-337.39641	-336.04821	-337.23	1.3481994	1.1817949
5	909	-877.21019	-862.46494	-877.64254	14.745248	15.177602
5	910	-528.07233	-524.6653	-525.63855	3.4070362	0.97325403
5	911	-385.09139	-386.44427	-381.53086	-1.3528856	-4.9134133
5	912	-484.82161	-483.78956	-485.05468	1.0320574	1.2651251
5	913	-680.63123	-673.85661	-675.92104	6.7746134	2.0644261
5	914	-419.99688	-419.48919	-421.00794	0.50768615	1.5187424
5	915	-369.03028	-370.2796	-372.32132	-1.2493177	2.0417154
5	916	-455.54332	-452.45128	-455.84404	3.0920329	3.3927543
5	917	-372.58471	-375.15126	-376.91924	-2.5665452	1.7679861
5	918	-537.09943	-527.29453	-551.03536	9.804908	23.740835
5	919	-391.24174	-397.70759	-394.63044	-6.4658515	-3.077146
5	920	-411.5042	-409.51393	-409.83712	1.9902718	0.323191
5	921	-364.01633	-363.24607	-366.7317	0.77026564	3.4856288
5	922	-521.58105	-524.59171	-524.44666	-3.010657	-0.14505023
5	923	-484.66407	-484.52186	-484.36365	0.14220024	-0.15821876
5	924	-399.82243	-399.99634	-398.52351	-0.17391628	-1.4728353
5	925	-422.30818	-423.72145	-422.00551	-1.4132712	-1.7159408
5	926	-505.81745	-507.79772	-502.84659	-1.9802713	-4.9511364
5	927	-497.11093	-500.54088	-500.30884	-3.4299523	-0.23203743
5	928	-360.09971	-361.76142	-362.96059	-1.6617098	1.1991737
5	929	-345.77927	-344.11253	-348.60405	1.6667327	4.4915191
5	930	-317.3051	-318.0192	-317.73919	-0.71409653	-0.28001122
5	931	-395.04227	-395.56	-398.14503	-0.51773149	2.5850315
5	932	-513.49174	-513.63946	-513.57916	-0.14771766	-0.060294878
5	933	-423.09444	-422.78957	-426.32562	0.30486496	3.5360442
5	934	-366.91517	-369.77938	-370.03956	-2.8642009	0.26018281
5	935	-447.14383	-447.56478	-447.49678	-0.4209499	-0.068002039
5	936	-490.69752	-486.10546	-481.39405	4.5920552	-4.7114179
5	937	-318.51143	-319.33524	-323.13535	-0.82380284	3.8001102
5	938	-474.44501	-469.43738	-467.74841	5.0076267	-1.6889699
5	939	-415.77929	-414.86445	-413.92797	0.91483506	-0.93648344
5	940	-565.77438	-555.5263	-549.72153	10.248085	-5.8047699
5	941	-466.86601	-472.29458	-476.03548	-5.4285762	3.7408988
5	942	-373.82028	-374.89155	-375.85503	-1.0712677	0.963485
5	943	-337.8077	-339.06217	-341.03307	-1.2544699	1.9709023
5	944	-472.28336	-466.71165	-464.03117	5.5717034	-2.6804846
5	945	-376.86078	-376.59234	-377.75572	0.26843723	1.1633841
5	946	-339.42406	-338.80417	-343.32535	0.61989016	4.5211723
5	947	-363.79071	-366.16237	-366.51125	-2.3716651	0.34887593
5	948	-329.8902	-331.9043	-333.15961	-2.0141001	1.2553062
5	949	-361.67323	-365.87258	-363.04105	-4.199355	-2.8315297
5	950	-558.70578	-558.5932	-558.14439	0.1125805	-0.44881079
5	951	-310.08413	-306.77735	-310.97236	3.306782	4.1950079
5	952	-275.48559	-277.19663	-281.60654	-1.7110358	4.4099145
5	953	-222.93907	-224.57061	-227.11274	-1.6315438	2.5421212
5	954	-663.18	-659.91347	-664.2385	3.2665339	4.3250298
5	955	-648.53517	-643.57832	-651.71474	4.9568425	8.1364181
5	956	-498.61471	-494.71015	-494.27714	3.9045587	-0.43301015
5	957	-446.95473	-443.46521	-443.48952	3.4895185	0.024306683
5	958	-500.61226	-495.62523	-497.3603	4.9870273	1.735073
5	959	-217.72157	-220.44708	-222.53245	-2.7255062	2.0853725
5	960	-445.577	-445.33826	-445.17335	0.23874489	-0.16491229
5	961	-430.32986	-428.68292	-431.96148	1.6469354	3.2785538
5	962	-476.9607	-474.39225	-476.30955	2.5684459	1.917293
5	963	-353.87907	-358.06457	-356.95988	-4.1855014	-1.1046926
5	964	-572.4137	-560.26456	-565.15026	12.149137	4.8856945
5	965	-300.4912	-299.62541	-301.52828	0.86578611	1.9028658
5	966	-533.3759	-532.84127	-538.65911	0.53463714	5.8178393
5	967	-389.66301	-403.77076	-396.38498	-14.107748	-7.3857793
5	968	-570.11162	-571.85869	-572.17983	-1.747068	0.32114893
5	969	-455.44347	-455.89433	-454.64206	-0.45086044	-1.2522644
5	970	-662.95562	-661.13514	-660.21533	1.8204803	-0.91980545
5	971	-506.16714	-505.48814	-502.23869	0.67900271	-3.2494523
5	972	-392.07635	-388.67743	-391.22409	3.3989204	2.5466661
5	973	-415.55115	-413.97466	-416.5504	1.576488	2.5757463
5	974	-452.81323	-449.81388	-447.66545	2.9993483	-2.1484334
5	975	-320.35726	-321.52699	-324.22881	-1.1697305	2.7018227
5	976	-401.85871	-401.49886	-404.53058	0.35985236	3.0317241
5	977	-575.89126	-573.35953	-572.67982	2.5317354	-0.67970545
5	978	-547.22533	-547.46352	-543.29577	-0.23819346	-4.1677538
5	979	-524.07173	-515.82551	-512.02202	8.246219	-3.8034905
5	980	-274.93158	-276.66609	-276.45477	-1.7345064	-0.21131425
5	981	-456.43147	-448.22942	-445.71782	8.2020481	-2.5116028
5	982	-797.77943	-792.79068	-796.42099	4.9887449	3.6303075
5	983	-304.44362	-304.93556	-308.06499	-0.49194143	3.1294372
5	984	-577.43827	-570.85683	-569.61329	6.5814478	-1.243532
5	985	-305.38594	-302.86022	-306.49181	2.5257226	3.6315929
5	986	-527.39491	-525.50768	-518.68891	1.887239	-6.8187691
5	987	-467.77903	-469.58006	-472.71112	-1.8010353	3.1310561
5	988	-512.61523	-520.72339	-503.89158	-8.1081603	-16.83181
5	989	-352.20642	-349.25813	-349.87639	2.9482884	0.61825836
5	990	-306.25217	-307.62874	-309.48384	-1.3765735	1.855101
5	991	-272.14513	-274.1152	-275.68188	-1.9700685	1.5666775
5	992	-421.16121	-420.5564	-423.1952	0.60480234	2.6387921
5	993	-604.08037	-598.24813	-604.44537	5.8322398	6.1972385
5	994	-433.7062	-429.8614	-433.19291	3.8447997	3.331509
5	995	-730.15189	-718.29846	-707.48218	11.853433	-10.816282
5	996	-514.30826	-518.16099	-509.08866	-3.8527272	-9.0723229
5	997	-580.8528	-581.35148	-580.41073	-0.49868823	-0.94075061
5	998	-535.28361	-534.80525	-525.24454	0.47835867	-9.5607119
5	999	-483.92967	-491.51391	-484.3354	-7.584241	-7.1785063
