No.	ID	loglik_Null_W	loglik_Acc_W	loglik_Full_W	logBF1	logBF2
6	0	-582.52884	-571.21175	-579.34428	11.317085	8.1325268
6	1	-390.71867	-393.7997	-392.95283	-3.0810276	-0.84686896
6	2	-627.0329	-626.98728	-627.32316	0.045620335	0.33587138
6	3	-363.19214	-364.35104	-364.09027	-1.1588975	-0.26077242
6	4	-560.98583	-563.93597	-564.41492	-2.9501383	0.47895258
6	5	-553.98974	-553.37802	-552.1407	0.61172073	-1.2373183
6	6	-459.02082	-449.95943	-458.99531	9.0613881	9.035871
6	7	-335.29076	-336.75225	-339.85281	-1.4614939	3.1005626
6	8	-491.64161	-486.45733	-484.24611	5.1842815	-2.2112179
6	9	-460.064	-453.29118	-452.80878	6.7728218	-0.48239823
6	10	-545.13531	-543.74659	-532.10252	1.3887193	-11.644066
6	11	-452.98278	-446.20609	-446.25227	6.7766806	0.046180437
6	12	-380.20189	-381.10866	-378.39388	-0.90677165	-2.7147844
6	13	-370.40432	-368.78505	-367.77574	1.6192644	-1.0093147
6	14	-370.90167	-369.44924	-371.45573	1.4524349	2.0064931
6	15	-644.48431	-644.21376	-642.49256	0.27054376	-1.7212015
6	16	-568.43835	-572.81122	-567.78873	-4.3728614	-5.02249
6	17	-507.51561	-506.53425	-505.39365	0.98136067	-1.1406032
6	18	-623.2376	-620.68229	-618.14302	2.5553104	-2.5392689
6	19	-560.19759	-561.98413	-560.0786	-1.7865374	-1.9055313
6	20	-413.12277	-415.65927	-417.85515	-2.5364956	2.1958877
6	21	-281.51068	-284.17196	-287.29708	-2.6612849	3.1251136
6	22	-573.08699	-565.40196	-566.28781	7.6850279	0.88584847
6	23	-360.44088	-360.06854	-361.01155	0.37233923	0.94300395
6	24	-364.49765	-364.70971	-366.31684	-0.21206318	1.6071256
6	25	-314.19146	-311.91807	-313.7887	2.2733951	1.8706334
6	26	-582.97407	-576.36085	-574.17025	6.6132211	-2.1905975
6	27	-386.82868	-391.91947	-392.83289	-5.0907832	0.91342468
6	28	-630.96551	-631.85113	-635.78501	-0.88562266	3.9338799
6	29	-392.01095	-392.91387	-395.82641	-0.90291656	2.9125411
6	30	-467.92386	-462.00569	-462.98174	5.9181716	0.9760538
6	31	-508.70081	-507.34893	-510.28425	1.3518822	2.9353188
6	32	-663.58938	-665.85989	-661.5508	-2.2705055	-4.3090857
6	33	-756.24959	-754.82589	-757.40366	1.4237001	2.5777704
6	34	-453.78635	-456.0568	-456.53323	-2.2704463	0.47642979
6	35	-810.84929	-806.0521	-815.33477	4.7971861	9.2826658
6	36	-225.05626	-226.23995	-227.35614	-1.1836935	1.1161896
6	37	-418.45032	-417.10211	-418.58528	1.3482113	1.4831716
6	38	-347.08057	-345.98456	-350.04321	1.0960172	4.0586476
6	39	-413.59399	-414.55523	-415.913	-0.96123863	1.3577729
6	40	-473.30625	-474.08035	-473.93323	-0.77410375	-0.14712489
6	41	-538.61027	-537.20018	-540.3889	1.4100819	3.1887115
6	42	-211.39222	-214.98548	-215.97405	-3.593262	0.98857342
6	43	-342.57523	-339.49663	-341.59482	3.0786005	2.0981939
6	44	-733.04276	-720.75041	-720.43178	12.292347	-0.31863329
6	45	-455.75133	-454.06707	-452.16536	1.6842617	-1.9017054
6	46	-523.22087	-526.32351	-524.31618	-3.1026369	-2.0073351
6	47	-433.92161	-436.39305	-433.99946	-2.4714352	-2.3935887
6	48	-604.1611	-605.04089	-607.24995	-0.87978969	2.2090606
6	49	-554.49018	-549.05868	-540.03063	5.4315	-9.0280525
6	50	-366.92212	-370.73384	-372.55217	-3.8117199	1.8183304
6	51	-410.78904	-409.2581	-409.72866	1.530941	0.4705536
6	52	-286.78831	-286.71321	-288.58166	0.075101966	1.8684497
6	53	-628.94399	-627.18266	-625.40052	1.7613355	-1.7821405
6	54	-347.91311	-349.0144	-352.0875	-1.101283	3.073099
6	55	-260.46448	-263.15632	-263.97907	-2.6918462	0.82274851
6	56	-561.38579	-560.26971	-547.82469	1.1160891	-12.445012
6	57	-400.91729	-401.43423	-403.22655	-0.51693619	1.7923235
6	58	-520.35612	-524.32229	-524.43681	-3.9661692	0.1145187
6	59	-304.81447	-303.2727	-305.5405	1.5417698	2.2677985
6	60	-375.43958	-377.09367	-377.75375	-1.6540842	0.66008648
6	61	-375.22484	-373.64063	-376.41246	1.5842052	2.7718283
6	62	-253.80628	-256.53945	-260.18501	-2.7331644	3.6455616
6	63	-397.74522	-398.50092	-395.91873	-0.75570233	-2.5821924
6	64	-326.4838	-328.3983	-330.6082	-1.9145044	2.2098995
6	65	-546.67106	-539.33182	-537.60802	7.3392406	-1.7237979
6	66	-345.84841	-349.84911	-351.07976	-4.000695	1.2306543
6	67	-410.80496	-409.13527	-404.99122	1.669689	-4.1440468
6	68	-316.66955	-314.84331	-316.53566	1.8262488	1.6923551
6	69	-470.21351	-470.93053	-472.30518	-0.71701809	1.3746483
6	70	-351.78968	-352.85735	-352.54895	-1.0676653	-0.30839979
6	71	-543.76318	-548.59432	-546.39396	-4.831144	-2.2003632
6	72	-424.64236	-417.04605	-418.53484	7.5963088	1.4887887
6	73	-551.61633	-549.69937	-551.61772	1.9169551	1.9183483
6	74	-608.4452	-611.45243	-607.98961	-3.0072305	-3.4628268
6	75	-588.54635	-595.47106	-586.84921	-6.9247189	-8.6218579
6	76	-557.11703	-557.07692	-556.90797	0.04010703	-0.16894677
6	77	-572.17556	-570.7401	-569.455	1.4354598	-1.2850967
6	78	-442.38337	-441.25861	-446.81988	1.1247578	5.5612683
6	79	-502.15893	-500.00818	-501.82318	2.1507476	1.8150001
6	80	-319.52779	-320.95662	-320.38178	-1.4288272	-0.57483423
6	81	-405.63909	-406.77032	-408.25265	-1.1312292	1.4823255
6	82	-654.84872	-641.53933	-639.82097	13.309393	-1.718355
6	83	-591.41019	-588.62802	-585.15785	2.7821649	-3.4701771
6	84	-669.3014	-671.23359	-669.96811	-1.9321922	-1.265481
6	85	-366.88698	-366.27398	-369.07939	0.61300481	2.8054127
6	86	-536.70805	-532.01009	-539.69577	4.6979639	7.6856808
6	87	-368.99574	-361.03704	-363.31555	7.9586982	2.2785075
6	88	-470.31086	-473.00914	-469.64192	-2.6982876	-3.3672203
6	89	-464.67308	-462.85412	-464.73907	1.8189581	1.8849429
6	90	-481.9854	-483.41621	-485.18173	-1.4308117	1.7655172
6	91	-501.47953	-501.76354	-502.977	-0.28400552	1.2134624
6	92	-572.13418	-564.51877	-562.69574	7.6154116	-1.8230333
6	93	-625.90881	-625.64534	-623.08052	0.26346677	-2.5648205
6	94	-496.14639	-491.175	-489.71216	4.9713947	-1.4628441
6	95	-645.88041	-629.31903	-633.71781	16.561379	4.3987777
6	96	-636.73033	-638.28815	-632.48636	-1.5578274	-5.8017931
6	97	-460.72529	-459.92196	-463.32666	0.80333483	3.4047066
6	98	-717.60765	-714.48563	-712.17053	3.1220141	-2.3151046
6	99	-575.737	-572.44575	-577.21623	3.291248	4.7704799
6	100	-590.87576	-589.27131	-578.1222	1.6044499	-11.149116
6	101	-502.15184	-501.75988	-504.23413	0.3919678	2.4742528
6	102	-435.31975	-436.51736	-438.45765	-1.1976126	1.9402909
6	103	-659.98777	-656.82736	-655.62221	3.1604061	-1.2051535
6	104	-670.95622	-670.75223	-668.56285	0.2039886	-2.1893819
6	105	-267.24578	-270.56019	-272.56636	-3.3144116	2.0061631
6	106	-417.16605	-417.12805	-418.66475	0.037999605	1.5366987
6	107	-302.20489	-302.97135	-303.35629	-0.76646149	0.38493428
6	108	-443.45183	-443.83133	-441.89634	-0.37949849	-1.9349826
6	109	-545.9274	-534.12594	-533.19442	11.801459	-0.93152087
6	110	-416.3901	-413.6226	-412.69212	2.767502	-0.9304777
6	111	-430.61168	-428.99004	-436.38604	1.6216392	7.3959996
6	112	-263.68744	-260.82071	-264.41384	2.8667295	3.5931278
6	113	-259.61324	-261.20144	-264.827	-1.5882	3.6255622
6	114	-347.2528	-347.82826	-351.51846	-0.5754621	3.6901977
6	115	-712.43295	-699.46468	-690.71781	12.968272	-8.746871
6	116	-531.65085	-533.89541	-537.95814	-2.2445591	4.0627295
6	117	-482.97593	-481.78643	-483.50068	1.189499	1.7142481
6	118	-490.73471	-490.434	-489.18776	0.30071858	-1.2462332
6	119	-835.04607	-826.80824	-814.4659	8.2378315	-12.342336
6	120	-490.07353	-492.07525	-493.55319	-2.001715	1.4779435
6	121	-396.0149	-391.13652	-398.11723	4.878384	6.9807145
6	122	-497.05916	-490.19542	-489.05881	6.8637314	-1.1366134
6	123	-326.00569	-327.12473	-328.89998	-1.1190434	1.7752473
6	124	-445.96823	-444.05067	-447.7307	1.917559	3.6800288
6	125	-548.13359	-551.55719	-559.35345	-3.4235922	7.7962629
6	126	-413.65241	-415.53404	-416.32333	-1.8816324	0.78928981
6	127	-459.37205	-462.88579	-461.30746	-3.5137321	-1.5783253
6	128	-502.31277	-501.9093	-504.1085	0.40346667	2.1992023
6	129	-411.48548	-409.01957	-412.22806	2.4659101	3.2084907
6	130	-532.91505	-534.42665	-532.26148	-1.5115956	-2.165171
6	131	-345.77731	-344.3335	-345.0397	1.4438103	0.70620356
6	132	-399.63934	-400.71491	-403.07181	-1.0755697	2.3568968
6	133	-490.82903	-486.98376	-487.25703	3.8452607	0.27326603
6	134	-601.07887	-597.53487	-605.34827	3.544006	7.8134057
6	135	-574.04377	-570.46756	-566.57792	3.5762129	-3.8896411
6	136	-328.28336	-328.55447	-332.84431	-0.27110376	4.28984
6	137	-349.43731	-351.31922	-350.66939	-1.8819163	-0.6498385
6	138	-538.78246	-539.51884	-538.09472	-0.73638204	-1.4241231
6	139	-444.88334	-449.82913	-450.04575	-4.9457892	0.21662152
6	140	-497.77	-498.12652	-497.37867	-0.35652024	-0.74784953
6	141	-680.3452	-678.29861	-685.09302	2.0465857	6.7944063
6	142	-414.98053	-412.72214	-410.8357	2.2583927	-1.8864455
6	143	-541.16484	-536.29037	-538.83943	4.8744682	2.5490652
6	144	-649.82291	-652.407	-647.74599	-2.5840847	-4.6610047
6	145	-612.82243	-606.12085	-602.03444	6.7015817	-4.0864061
6	146	-448.09501	-444.45991	-446.14482	3.6350972	1.6849085
6	147	-732.48821	-722.83515	-719.48147	9.653057	-3.3536749
6	148	-586.29768	-596.83695	-598.4072	-10.539268	1.5702541
6	149	-656.72799	-654.23974	-659.67531	2.4882458	5.4355738
6	150	-479.4227	-480.1719	-478.90426	-0.74919905	-1.2676329
6	151	-458.5264	-456.73165	-456.17646	1.7947452	-0.55519592
6	152	-475.12257	-476.25713	-473.33149	-1.134554	-2.9256347
6	153	-550.53356	-555.61856	-553.88827	-5.0850018	-1.7302897
6	154	-371.92619	-372.06607	-375.36847	-0.13987417	3.3024003
6	155	-506.46119	-493.47051	-493.11813	12.990678	-0.35237887
6	156	-404.1979	-402.75228	-400.7634	1.4456202	-1.9888773
6	157	-606.32134	-607.39811	-602.71847	-1.0767671	-4.6796403
6	158	-465.9362	-465.34333	-463.72924	0.59286928	-1.6140941
6	159	-496.64794	-494.07598	-492.58129	2.571962	-1.4946905
6	160	-259.10435	-259.21283	-261.28095	-0.10847315	2.0681261
6	161	-443.50693	-444.61105	-446.50417	-1.1041144	1.8931225
6	162	-561.07023	-563.10547	-565.45049	-2.0352319	2.3450222
6	163	-664.54428	-665.40756	-666.1303	-0.86328043	0.72273407
6	164	-290.24778	-291.74123	-290.74516	-1.4934468	-0.99607486
6	165	-506.42325	-506.8805	-506.40588	-0.45725607	-0.47462716
6	166	-466.38869	-463.11264	-467.06809	3.2760508	3.9554487
6	167	-722.46112	-718.64269	-711.90143	3.8184263	-6.7412625
6	168	-347.21534	-347.66969	-349.22977	-0.45435086	1.5600829
6	169	-489.15938	-480.05316	-481.07049	9.1062205	1.017333
6	170	-573.88657	-569.82757	-567.82003	4.0589939	-2.0075389
6	171	-405.81284	-403.85702	-409.14371	1.9558261	5.2866954
6	172	-777.21616	-773.33386	-780.00938	3.8823062	6.6755227
6	173	-416.42871	-424.11849	-418.62212	-7.6897865	-5.4963741
6	174	-629.89538	-631.78368	-632.20122	-1.8882902	0.4175456
6	175	-682.87176	-681.87266	-684.88808	0.99910293	3.0154214
6	176	-398.21992	-396.03095	-398.27639	2.1889783	2.2454476
6	177	-485.20102	-485.67166	-484.45865	-0.47063761	-1.2130132
6	178	-389.6479	-390.71086	-389.33204	-1.0629572	-1.3788221
6	179	-526.58491	-526.85344	-522.62544	-0.26853092	-4.2280066
6	180	-608.7825	-590.17889	-586.96835	18.603612	-3.2105345
6	181	-492.50087	-480.61363	-481.92782	11.887235	1.3141933
6	182	-353.66552	-355.55214	-357.6416	-1.8866182	2.0894613
6	183	-594.50299	-587.42216	-581.53074	7.0808259	-5.8914243
6	184	-426.97454	-426.22064	-425.67871	0.75390069	-0.54192298
6	185	-420.86088	-420.69182	-415.12973	0.16905362	-5.5620977
6	186	-395.70575	-391.34293	-394.83308	4.3628207	3.4901521
6	187	-529.14001	-524.25963	-527.19559	4.880379	2.9359591
6	188	-267.30874	-266.37993	-270.85077	0.92881623	4.470839
6	189	-621.63491	-618.80508	-598.81275	2.8298366	-19.992333
6	190	-334.85371	-335.45532	-336.4561	-0.60161172	1.0007807
6	191	-615.55394	-622.20069	-615.73674	-6.6467518	-6.4639519
6	192	-424.70669	-423.54715	-420.14294	1.159538	-3.4042147
6	193	-423.47637	-427.71202	-427.19922	-4.2356484	-0.51279889
6	194	-568.14416	-576.70539	-566.85428	-8.5612325	-9.8511106
6	195	-422.77258	-420.14694	-419.48824	2.6256452	-0.65869592
6	196	-745.03643	-742.28186	-736.84869	2.7545754	-5.4331691
6	197	-463.91995	-459.69485	-464.33282	4.225102	4.6379694
6	198	-620.3947	-620.71729	-619.74822	-0.32258652	-0.96907402
6	199	-354.33139	-347.35534	-351.23608	6.9760533	3.8807397
6	200	-421.24304	-419.96404	-423.54443	1.2790009	3.5803838
6	201	-685.88597	-692.06154	-692.38784	-6.175572	0.32630081
6	202	-344.68458	-345.09236	-348.27793	-0.40777808	3.1855704
6	203	-430.68477	-430.30756	-431.88782	0.37721738	1.5802618
6	204	-420.06107	-423.02934	-416.69471	-2.9682723	-6.3346283
6	205	-386.41946	-385.82986	-383.33571	0.58959591	-2.4941544
6	206	-597.43561	-596.87051	-597.43327	0.56509891	0.56275971
6	207	-529.4015	-526.32683	-528.74504	3.0746706	2.4182111
6	208	-491.42304	-486.82915	-485.51957	4.5938916	-1.3095785
6	209	-605.07404	-601.96722	-601.39242	3.1068228	-0.57480175
6	210	-506.6833	-506.66602	-505.99043	0.017278362	-0.67558513
6	211	-356.52899	-358.36115	-358.41031	-1.832162	0.049157916
6	212	-420.77582	-422.22482	-426.64341	-1.4489978	4.4185953
6	213	-397.04052	-397.81247	-399.29207	-0.77195653	1.4795986
6	214	-608.11182	-606.61067	-608.66421	1.5011582	2.0535461
6	215	-517.65869	-520.10848	-505.7303	-2.4497912	-14.378181
6	216	-562.26445	-561.36368	-555.79178	0.90077219	-5.5718934
6	217	-306.87625	-304.13729	-308.61313	2.7389618	4.4758393
6	218	-703.444	-714.07578	-699.49377	-10.631783	-14.582013
6	219	-461.65466	-462.52938	-461.28143	-0.87472231	-1.2479494
6	220	-352.45626	-355.48828	-356.18669	-3.0320195	0.69840976
6	221	-491.45369	-491.75094	-491.04789	-0.29724409	-0.7030469
6	222	-428.61368	-422.59526	-424.44201	6.0184191	1.8467425
6	223	-493.59282	-494.02771	-490.94728	-0.43488801	-3.0804278
6	224	-463.20914	-463.74061	-463.84	-0.53147276	0.099383525
6	225	-550.78054	-554.77325	-550.91689	-3.9927041	-3.8563517
6	226	-326.75741	-327.76119	-331.37256	-1.0037859	3.6113698
6	227	-258.12588	-258.47532	-260.02637	-0.34943668	1.5510536
6	228	-480.36334	-480.9884	-476.85601	-0.62506628	-4.1323988
6	229	-711.93499	-706.82406	-703.28943	5.1109298	-3.5346304
6	230	-710.06998	-712.43084	-709.09228	-2.3608631	-3.3385665
6	231	-622.31212	-614.63072	-606.72416	7.6814079	-7.9065598
6	232	-501.5597	-502.73018	-501.45614	-1.1704795	-1.27404
6	233	-507.11065	-508.96658	-503.81437	-1.855925	-5.1522057
6	234	-422.81354	-423.43405	-421.82326	-0.62050596	-1.6107899
6	235	-412.20596	-412.78969	-415.80746	-0.58373124	3.0177695
6	236	-582.41216	-582.68266	-580.8615	-0.27050091	-1.8211617
6	237	-260.48048	-262.94503	-264.65544	-2.4645497	1.7104091
6	238	-354.38205	-353.14209	-350.44998	1.2399565	-2.6921086
6	239	-484.7471	-479.92646	-479.23517	4.8206416	-0.69129085
6	240	-455.89845	-454.25196	-455.45791	1.6464862	1.2059513
6	241	-582.15141	-583.03732	-581.99282	-0.88590809	-1.0445009
6	242	-394.0348	-387.40841	-390.8168	6.6263969	3.4083892
6	243	-735.64946	-719.00538	-719.86098	16.64408	0.85559641
6	244	-670.5384	-664.51956	-658.89576	6.0188411	-5.623804
6	245	-394.65622	-392.50651	-393.5822	2.1497046	1.0756909
6	246	-389.77029	-391.64505	-391.4672	-1.8747618	-0.17785091
6	247	-280.58912	-281.92142	-285.33805	-1.3322951	3.4166351
6	248	-413.08629	-414.88738	-414.85828	-1.8010935	-0.029102805
6	249	-498.24325	-499.63663	-499.5705	-1.3933827	-0.066135094
6	250	-450.41388	-451.54244	-449.43255	-1.128554	-2.109884
6	251	-384.46631	-382.03507	-382.93097	2.431237	0.89589735
6	252	-517.15917	-515.67963	-515.04814	1.4795411	-0.63148647
6	253	-498.15381	-496.66696	-495.54907	1.4868512	-1.1178942
6	254	-745.48163	-741.13545	-734.51531	4.3461843	-6.6201391
6	255	-651.68707	-654.56771	-646.45633	-2.8806352	-8.1113725
6	256	-491.45116	-487.82144	-484.13682	3.6297185	-3.6846207
6	257	-523.79973	-522.943	-520.53549	0.85672766	-2.4075107
6	258	-548.93086	-536.28383	-533.34907	12.647038	-2.9347541
6	259	-664.66103	-653.63608	-646.64053	11.024949	-6.9955463
6	260	-439.65088	-440.09076	-435.41667	-0.43988397	-4.6740866
6	261	-228.07621	-231.4944	-232.69344	-3.4181821	1.1990478
6	262	-635.09846	-629.19977	-626.97472	5.8986815	-2.2250499
6	263	-557.21361	-550.33738	-541.55422	6.8762334	-8.7831567
6	264	-378.25068	-371.2532	-374.50583	6.997484	3.2526302
6	265	-548.05418	-549.6018	-549.77929	-1.5476153	0.17749192
6	266	-368.79772	-372.58748	-372.46327	-3.7897621	-0.12421497
6	267	-469.47558	-473.02612	-477.26275	-3.5505422	4.2366267
6	268	-395.05594	-395.98622	-397.83384	-0.93028425	1.8476191
6	269	-425.98254	-416.50979	-417.58409	9.4727471	1.0742973
6	270	-527.62484	-529.66973	-529.51924	-2.0448945	-0.15049756
6	271	-329.27253	-331.8601	-334.43587	-2.5875691	2.575767
6	272	-789.13959	-779.30008	-777.08217	9.8395067	-2.2179096
6	273	-442.23066	-438.81922	-443.08497	3.4114398	4.2657469
6	274	-368.87868	-367.57687	-365.0134	1.3018061	-2.5634691
6	275	-478.22828	-476.14076	-470.00164	2.0875181	-6.1391128
6	276	-491.61589	-494.73284	-492.05257	-3.1169455	-2.6802729
6	277	-283.38052	-286.18369	-288.63867	-2.8031685	2.4549791
6	278	-670.3694	-667.64723	-653.49134	2.7221713	-14.155895
6	279	-399.49207	-400.37043	-400.11027	-0.87836662	-0.26016602
6	280	-322.06768	-328.4463	-325.42885	-6.3786249	-3.0174502
6	281	-706.1994	-700.78103	-697.74755	5.4183706	-3.0334829
6	282	-400.25012	-402.84961	-403.0192	-2.5994931	0.16958508
6	283	-474.37081	-474.20611	-475.29797	0.16469953	1.0918562
6	284	-624.07239	-604.54113	-586.46369	19.531261	-18.07744
6	285	-640.53641	-642.63115	-643.46713	-2.094738	0.83597902
6	286	-420.48328	-421.29723	-422.58517	-0.81395183	1.2879392
6	287	-526.15654	-530.48376	-534.49112	-4.3272191	4.0073605
6	288	-377.73264	-377.24557	-381.68251	0.48707415	4.4369429
6	289	-404.83537	-399.57258	-405.63399	5.2627806	6.0614096
6	290	-683.12528	-684.4371	-683.57496	-1.311821	-0.8621365
6	291	-483.69773	-476.99785	-469.02055	6.6998783	-7.9772955
6	292	-506.85476	-506.10421	-505.33339	0.75054447	-0.77082256
6	293	-513.73292	-514.8362	-515.87709	-1.1032806	1.0408954
6	294	-434.61523	-435.88929	-435.07399	-1.2740544	-0.81529581
6	295	-368.17761	-366.57141	-361.90551	1.6062051	-4.6658948
6	296	-560.88818	-559.47857	-559.47853	1.409612	-4.3898942e-05
6	297	-328.51635	-329.89242	-327.7662	-1.376068	-2.1262172
6	298	-420.00373	-425.75605	-418.55358	-5.7523211	-7.20247
6	299	-308.09579	-309.52747	-311.38991	-1.4316738	1.8624461
6	300	-399.72681	-400.8067	-403.12821	-1.0798871	2.3215139
6	301	-467.70254	-464.85351	-461.7778	2.8490245	-3.0757093
6	302	-432.88008	-430.77104	-433.76984	2.1090346	2.9987957
6	303	-666.64632	-650.32794	-646.23616	16.318379	-4.0917796
6	304	-420.22841	-417.38764	-418.04963	2.8407619	0.6619833
6	305	-403.01077	-402.27222	-406.33172	0.73854882	4.0594965
6	306	-477.67549	-480.82046	-481.11467	-3.1449723	0.29420709
6	307	-559.22217	-554.34877	-556.32821	4.8734028	1.9794397
6	308	-548.52711	-544.29386	-544.11823	4.2332531	-0.17562987
6	309	-503.79754	-506.8989	-497.96663	-3.1013623	-8.9322743
6	310	-365.08444	-366.90427	-371.91873	-1.8198299	5.0144617
6	311	-299.76578	-297.14496	-301.54468	2.6208142	4.399716
6	312	-473.97753	-468.46714	-471.25541	5.5103831	2.7882616
6	313	-349.67617	-351.82981	-351.22061	-2.1536396	-0.60920431
6	314	-290.22016	-290.80413	-291.71968	-0.58397511	0.91554461
6	315	-608.00104	-607.04956	-608.8208	0.95147709	1.7712398
6	316	-389.4653	-390.1039	-393.52053	-0.63859519	3.416632
6	317	-559.1573	-562.47459	-562.21499	-3.3172892	-0.25959706
6	318	-408.62908	-409.53876	-407.49698	-0.90968687	-2.0417846
6	319	-431.67576	-433.28885	-432.67171	-1.6130938	-0.61714313
6	320	-420.24323	-418.62492	-418.1266	1.6183102	-0.49832274
6	321	-486.06208	-483.69953	-486.16184	2.3625454	2.4623028
6	322	-399.70643	-398.52785	-399.26898	1.17858	0.74112874
6	323	-604.09788	-600.57763	-604.78863	3.520243	4.2109996
6	324	-365.54016	-365.33363	-366.50269	0.20652672	1.1690542
6	325	-464.70137	-465.37353	-465.52192	-0.67215404	0.1483949
6	326	-403.47146	-394.39681	-396.8076	9.0746492	2.4107882
6	327	-375.6704	-376.71067	-377.94976	-1.0402649	1.2390886
6	328	-392.67243	-394.99789	-396.52023	-2.3254605	1.5223429
6	329	-375.8355	-377.20851	-373.6258	-1.3730102	-3.5827101
6	330	-381.65039	-381.64018	-380.54355	0.010208738	-1.0966282
6	331	-338.83903	-342.9587	-343.27745	-4.1196703	0.3187477
6	332	-298.91115	-300.06896	-298.94859	-1.1578177	-1.1203695
6	333	-487.98299	-488.00832	-490.68542	-0.025335017	2.6770969
6	334	-415.85631	-419.22949	-421.17019	-3.3731809	1.9407024
6	335	-337.64283	-337.03169	-342.33004	0.61114739	5.2983562
6	336	-447.28211	-440.81144	-449.72134	6.4706712	8.9099037
6	337	-266.23698	-267.24217	-269.69064	-1.0051963	2.4484654
6	338	-250.98705	-253.82696	-256.75485	-2.8399068	2.9278982
6	339	-599.30371	-560.58747	-570.841	38.716238	10.253531
6	340	-660.57833	-660.84347	-655.20332	-0.26513499	-5.640145
6	341	-636.65268	-642.93789	-643.79896	-6.2852181	0.86106223
6	342	-416.82553	-410.6273	-412.96596	6.198236	2.3386597
6	343	-368.51152	-365.08976	-364.37536	3.421764	-0.71439966
6	344	-448.94089	-446.64546	-448.31672	2.2954326	1.6712629
6	345	-392.9688	-391.97537	-393.69392	0.99343369	1.7185562
6	346	-566.70354	-566.11688	-561.55776	0.58665572	-4.5591257
6	347	-351.65658	-351.46379	-353.10139	0.19278744	1.6376049
6	348	-641.40334	-643.61898	-645.38272	-2.2156392	1.7637418
6	349	-553.18813	-550.41711	-540.72732	2.7710242	-9.6897927
6	350	-386.97692	-383.38598	-385.89618	3.5909392	2.5101956
6	351	-413.56372	-412.68392	-410.24749	0.87980176	-2.4364318
6	352	-270.67272	-271.56056	-272.92182	-0.88784005	1.3612588
6	353	-257.60449	-258.83405	-259.80788	-1.229558	0.97382664
6	354	-550.10027	-552.22505	-547.96106	-2.1247794	-4.2639893
6	355	-425.82487	-427.90774	-427.31212	-2.0828685	-0.59561827
6	356	-334.45943	-332.35471	-336.07982	2.1047159	3.7251032
6	357	-579.33204	-574.66632	-570.87372	4.6657162	-3.7926023
6	358	-320.8969	-323.05645	-326.99963	-2.1595433	3.9431808
6	359	-461.46336	-460.85278	-462.0795	0.61057629	1.2267148
6	360	-556.60287	-561.09136	-553.18145	-4.4884893	-7.9099054
6	361	-471.97937	-470.79845	-474.16746	1.1809224	3.369013
6	362	-318.21167	-318.66197	-319.83419	-0.45029956	1.1722185
6	363	-466.01338	-461.14754	-456.18507	4.8658465	-4.962469
6	364	-569.18563	-564.7394	-558.90599	4.4462267	-5.8334172
6	365	-544.11001	-538.21151	-541.08265	5.8985026	2.8711442
6	366	-349.09098	-349.05377	-352.01942	0.037210501	2.9656497
6	367	-486.02451	-485.20562	-485.92449	0.81889178	0.71887597
6	368	-319.67115	-323.63338	-324.16929	-3.9622342	0.53590777
6	369	-343.43274	-345.23711	-344.13945	-1.8043743	-1.0976664
6	370	-452.05556	-448.75811	-455.16045	3.2974526	6.4023367
6	371	-527.26168	-526.7707	-525.81131	0.49097397	-0.95938932
6	372	-411.34143	-411.99602	-413.27854	-0.65458852	1.282518
6	373	-322.59345	-325.02214	-325.73412	-2.4286951	0.71197493
6	374	-587.6544	-592.26596	-589.56152	-4.6115584	-2.7044435
6	375	-342.83429	-345.16751	-346.16065	-2.3332195	0.99314093
6	376	-417.89397	-417.49645	-420.04579	0.39751682	2.5493447
6	377	-465.38113	-459.23958	-458.69722	6.1415497	-0.54235627
6	378	-403.28979	-403.92864	-405.86148	-0.6388437	1.932842
6	379	-567.53284	-563.14246	-557.3056	4.3903737	-5.8368607
6	380	-401.22621	-406.91967	-401.70735	-5.6934567	-5.2123239
6	381	-422.81059	-425.9774	-427.46322	-3.1668065	1.4858154
6	382	-472.25901	-470.39683	-471.73738	1.862176	1.3405485
6	383	-334.77809	-330.03368	-333.54664	4.7444105	3.5129629
6	384	-404.10943	-406.22197	-407.44779	-2.1125436	1.2258149
6	385	-460.83187	-455.29567	-453.91917	5.5361997	-1.3764978
6	386	-401.91517	-401.33981	-400.10366	0.57536029	-1.2361547
6	387	-445.26151	-438.85386	-436.5363	6.407646	-2.3175642
6	388	-348.81836	-351.70739	-353.04249	-2.8890295	1.3350981
6	389	-290.15236	-290.71526	-292.58194	-0.56289706	1.8666764
6	390	-290.90577	-288.52837	-292.61734	2.3774018	4.0889696
6	391	-452.95632	-449.64078	-452.30027	3.3155318	2.6594897
6	392	-451.1664	-454.63515	-456.50767	-3.4687428	1.8725212
6	393	-716.63309	-713.64184	-714.98339	2.9912545	1.3415542
6	394	-418.27318	-418.58741	-418.75661	-0.31423104	0.16920166
6	395	-512.31172	-514.71754	-514.27962	-2.4058216	-0.43792214
6	396	-524.24609	-512.74411	-516.32422	11.501985	3.5801116
6	397	-436.38228	-432.41807	-422.09299	3.9642102	-10.325085
6	398	-462.68224	-447.81123	-453.74893	14.871008	5.9376971
6	399	-305.07229	-300.87207	-308.08996	4.2002209	7.2178898
6	400	-522.26139	-525.0778	-525.51354	-2.8164154	0.43574015
6	401	-636.79553	-642.37701	-631.75454	-5.5814795	-10.622469
6	402	-435.1259	-433.13254	-433.87442	1.9933579	0.74187688
6	403	-464.7394	-463.41362	-464.33822	1.3257883	0.92460326
6	404	-353.46838	-361.28272	-358.7963	-7.8143338	-2.4864119
6	405	-624.82889	-614.1646	-607.71902	10.664295	-6.4455759
6	406	-608.56077	-603.20623	-613.50547	5.3545368	10.29924
6	407	-372.0563	-374.02182	-374.81563	-1.9655168	0.7938172
6	408	-521.37491	-519.29649	-515.06092	2.078414	-4.2355771
6	409	-620.83561	-616.58719	-619.7423	4.2484135	3.1551007
6	410	-420.39444	-415.18383	-412.84945	5.2106046	-2.3343819
6	411	-582.86052	-581.07105	-578.42658	1.7894682	-2.6444775
6	412	-515.98828	-513.11177	-516.40948	2.8765076	3.2977053
6	413	-492.86654	-484.70157	-487.67985	8.164972	2.9782796
6	414	-607.67206	-604.70806	-607.03613	2.9639986	2.3280743
6	415	-542.14105	-540.92669	-538.66329	1.2143622	-2.2633971
6	416	-383.88334	-388.60118	-386.30793	-4.7178413	-2.2932543
6	417	-409.91709	-405.13849	-407.53702	4.7786	2.3985241
6	418	-355.07385	-354.84871	-356.46585	0.22514255	1.6171439
6	419	-429.13005	-426.96765	-426.55695	2.1623949	-0.4107036
6	420	-499.49128	-501.45689	-499.98623	-1.9656104	-1.4706528
6	421	-316.89086	-319.06652	-320.45304	-2.1756625	1.3865234
6	422	-394.92242	-395.52002	-396.26642	-0.59759434	0.74640559
6	423	-553.55355	-551.5052	-555.40516	2.0483584	3.8999683
6	424	-374.32858	-371.95925	-371.10105	2.3693313	-0.85819701
6	425	-672.1449	-674.79652	-670.5877	-2.6516271	-4.2088216
6	426	-538.07026	-537.57144	-538.25042	0.49881962	0.67897974
6	427	-660.54802	-662.57049	-659.27498	-2.0224668	-3.2955091
6	428	-533.21362	-536.64977	-535.25098	-3.4361444	-1.3987867
6	429	-350.24414	-349.98737	-351.03772	0.25676803	1.0503434
6	430	-534.89363	-537.52323	-534.20743	-2.6295998	-3.315798
6	431	-491.04616	-492.4589	-488.11849	-1.4127378	-4.3404141
6	432	-369.33961	-367.83828	-370.20066	1.5013277	2.362384
6	433	-341.1173	-340.86691	-345.12149	0.25039759	4.254585
6	434	-508.8052	-505.61101	-505.49165	3.1941817	-0.11936035
6	435	-562.36146	-559.61722	-560.22521	2.7442422	0.60798918
6	436	-569.97252	-566.94143	-564.40223	3.0310918	-2.5391996
6	437	-799.06506	-793.6743	-807.89525	5.3907632	14.220947
6	438	-271.20729	-274.1263	-277.27135	-2.9190109	3.1450498
6	439	-728.63786	-727.67241	-723.57837	0.96545707	-4.0940345
6	440	-718.93506	-712.57758	-714.8091	6.3574828	2.2315175
6	441	-444.84167	-443.16612	-449.26791	1.6755489	6.1017899
6	442	-262.99635	-266.1115	-270.48134	-3.1151545	4.3698377
6	443	-387.41402	-381.57719	-384.31175	5.8368279	2.7345587
6	444	-447.58167	-449.37734	-452.81442	-1.7956697	3.4370783
6	445	-584.61391	-578.11267	-573.56712	6.5012415	-4.5455512
6	446	-389.61711	-392.93071	-394.6884	-3.3136006	1.7576963
6	447	-420.53694	-419.48293	-414.97912	1.0540138	-4.5038044
6	448	-490.56528	-495.05582	-488.39901	-4.49054	-6.6568072
6	449	-404.0246	-405.86966	-407.6831	-1.8450622	1.8134334
6	450	-458.95031	-457.66147	-458.39189	1.2888378	0.7304244
6	451	-354.06228	-354.6915	-356.8657	-0.6292166	2.1742081
6	452	-397.13901	-397.20479	-399.2621	-0.065775396	2.0573099
6	453	-682.85506	-679.97754	-681.73778	2.8775181	1.760235
6	454	-642.5388	-644.27389	-645.39176	-1.7350934	1.1178687
6	455	-440.1707	-441.50088	-438.40884	-1.3301865	-3.0920397
6	456	-573.34562	-572.29111	-572.94927	1.0545184	0.65816544
6	457	-375.89121	-376.07892	-377.53089	-0.18770158	1.4519717
6	458	-392.12239	-390.99036	-391.36071	1.1320326	0.37034814
6	459	-392.88674	-394.36045	-396.49346	-1.473708	2.1330061
6	460	-420.97171	-422.06596	-417.00416	-1.0942433	-5.0617958
6	461	-493.25058	-493.19078	-493.4204	0.05979777	0.22962108
6	462	-355.75101	-353.62779	-353.77375	2.1232219	0.14596714
6	463	-425.44098	-422.50771	-426.12947	2.9332703	3.6217654
6	464	-385.04949	-387.24828	-388.84053	-2.1987926	1.5922436
6	465	-429.3666	-434.04245	-426.74022	-4.6758512	-7.3022276
6	466	-456.61835	-454.96688	-453.8459	1.6514629	-1.1209869
6	467	-464.92001	-462.37031	-461.38967	2.5497066	-0.98063302
6	468	-402.20701	-403.4341	-405.77875	-1.2270903	2.344653
6	469	-353.76369	-353.14982	-351.86611	0.61386412	-1.2837081
6	470	-443.49382	-447.14994	-448.56983	-3.6561232	1.4198827
6	471	-341.20377	-340.88871	-340.87043	0.31505963	-0.018277484
6	472	-332.58991	-332.05032	-334.2557	0.5395851	2.2053755
6	473	-688.12063	-672.53546	-674.7372	15.585175	2.2017393
6	474	-393.0573	-391.94662	-394.39197	1.1106801	2.4453499
6	475	-780.98821	-771.53147	-767.01443	9.4567323	-4.5170462
6	476	-404.36916	-408.41602	-410.89376	-4.0468614	2.4777462
6	477	-425.18916	-416.15303	-421.66724	9.0361372	5.5142117
6	478	-290.8162	-293.29361	-293.89709	-2.4774087	0.60347756
6	479	-297.73098	-300.3483	-302.7087	-2.6173149	2.3604067
6	480	-343.87587	-346.54876	-348.22935	-2.6728838	1.6805875
6	481	-547.34182	-543.24403	-548.61934	4.0977867	5.3753074
6	482	-653.99401	-656.9328	-658.44637	-2.9387963	1.5135664
6	483	-545.60375	-547.51258	-547.0336	-1.9088354	-0.47898768
6	484	-605.88398	-599.67538	-598.44947	6.208602	-1.2259055
6	485	-642.6182	-642.93235	-636.38396	-0.31414383	-6.548385
6	486	-474.02199	-475.90613	-474.84127	-1.8841358	-1.0648596
6	487	-634.89669	-637.42281	-641.12476	-2.5261248	3.7019438
6	488	-453.72721	-451.37133	-452.66036	2.3558877	1.2890328
6	489	-454.52022	-456.02066	-453.74257	-1.5004397	-2.2780919
6	490	-295.13868	-297.08783	-297.9047	-1.9491518	0.81686791
6	491	-373.7337	-375.04643	-373.70603	-1.3127354	-1.3404025
6	492	-598.8131	-598.71161	-595.555	0.10149243	-3.1566129
6	493	-423.98852	-424.99111	-426.55201	-1.0025854	1.5609006
6	494	-528.85581	-527.24417	-533.07875	1.6116406	5.8345839
6	495	-325.65619	-324.76554	-325.0238	0.89065023	0.25826237
6	496	-548.91745	-547.0058	-545.40622	1.9116458	-1.599582
6	497	-386.43953	-375.25046	-377.97872	11.189068	2.7282633
6	498	-431.34161	-427.93807	-420.75403	3.4035447	-7.1840373
6	499	-513.72894	-509.82642	-511.24369	3.9025192	1.4172647
6	500	-423.46595	-422.3363	-423.90511	1.1296424	1.568802
6	501	-607.77385	-605.01259	-597.88657	2.7612544	-7.1260218
6	502	-367.07568	-372.28084	-371.38808	-5.2051662	-0.8927626
6	503	-679.35777	-661.67758	-651.09262	17.680182	-10.584968
6	504	-357.63834	-358.10608	-359.15914	-0.46774254	1.0530628
6	505	-531.93133	-531.25129	-529.18332	0.68003587	-2.0679708
6	506	-501.33844	-493.32461	-491.59973	8.0138229	-1.7248871
6	507	-433.23731	-434.42034	-436.47955	-1.1830262	2.0592081
6	508	-382.922	-378.09773	-379.59873	4.8242724	1.5010047
6	509	-804.40589	-806.53581	-806.52877	-2.1299172	-0.0070312726
6	510	-423.35109	-423.38088	-423.15908	-0.029790822	-0.22179726
6	511	-674.3814	-674.9296	-673.47393	-0.54820448	-1.4556712
6	512	-438.91906	-439.22394	-439.82992	-0.30487536	0.60598636
6	513	-296.38533	-299.77339	-298.83026	-3.3880611	-0.94312913
6	514	-367.83412	-370.14081	-369.4238	-2.3066932	-0.71700823
6	515	-403.92225	-397.14294	-402.55592	6.7793087	5.4129756
6	516	-406.85277	-405.03914	-402.86779	1.8136261	-2.1713492
6	517	-289.1263	-291.50429	-286.86692	-2.3779945	-4.6373714
6	518	-436.9279	-436.55415	-436.1212	0.37375401	-0.43294903
6	519	-416.22101	-418.26041	-414.08946	-2.0394016	-4.1709521
6	520	-308.27574	-312.23642	-315.13506	-3.960678	2.8986481
6	521	-452.49659	-453.09781	-451.06492	-0.60121453	-2.0328834
6	522	-354.97463	-351.49628	-354.8667	3.4783529	3.3704214
6	523	-430.73596	-432.08182	-429.68738	-1.3458619	-2.3944371
6	524	-362.85681	-363.79988	-365.28053	-0.94307273	1.4806532
6	525	-535.58539	-537.5982	-537.18037	-2.0128136	-0.41783039
6	526	-348.58273	-349.58905	-351.13838	-1.0063265	1.5493262
6	527	-609.71729	-596.98601	-592.01642	12.731276	-4.9695987
6	528	-321.74991	-325.37955	-323.7898	-3.6296333	-1.5897478
6	529	-441.52375	-442.85024	-445.9033	-1.3264904	3.0530655
6	530	-399.37429	-400.71864	-399.82764	-1.3443473	-0.8910024
6	531	-392.43196	-389.99123	-389.06417	2.4407263	-0.92706308
6	532	-428.03223	-431.70277	-434.01481	-3.6705412	2.3120375
6	533	-448.20903	-444.6945	-445.04148	3.5145278	0.34697951
6	534	-465.6888	-464.51902	-465.75351	1.1697816	1.2344842
6	535	-330.51835	-329.45901	-332.21609	1.0593363	2.7570714
6	536	-354.99329	-354.96051	-357.14941	0.032775383	2.1888979
6	537	-365.18055	-359.32219	-363.10866	5.8583625	3.7864719
6	538	-567.57667	-560.20639	-545.92691	7.3702734	-14.27948
6	539	-540.31578	-536.02138	-534.57529	4.2943953	-1.4460995
6	540	-515.01095	-515.90359	-516.41508	-0.89264394	0.51148581
6	541	-410.10115	-410.58911	-411.72755	-0.48796189	1.1384417
6	542	-263.98973	-265.22147	-266.88662	-1.2317369	1.6651547
6	543	-666.58201	-667.0899	-662.0978	-0.50788719	-4.9921016
6	544	-489.80306	-494.22898	-500.89911	-4.4259166	6.670135
6	545	-774.68307	-769.34273	-763.09352	5.3403336	-6.2492086
6	546	-464.03624	-462.96453	-465.08572	1.0717134	2.121189
6	547	-436.03876	-439.07321	-440.01818	-3.0344453	0.94497592
6	548	-455.68257	-451.16397	-448.47636	4.5186024	-2.6876099
6	549	-496.83486	-487.26786	-476.7738	9.5669964	-10.494065
6	550	-299.64165	-296.3565	-301.09876	3.2851484	4.7422629
6	551	-451.13464	-451.0198	-453.08709	0.11484655	2.0672884
6	552	-451.16704	-452.72265	-451.74847	-1.5556042	-0.97417845
6	553	-510.60649	-510.82784	-510.20811	-0.22135039	-0.61972456
6	554	-361.79099	-363.53014	-365.19812	-1.7391511	1.6679758
6	555	-410.25173	-409.26207	-411.9344	0.98965803	2.6723328
6	556	-476.00248	-476.55286	-477.03657	-0.55037769	0.48370521
6	557	-484.89702	-485.37627	-487.2235	-0.47924191	1.8472385
6	558	-513.51862	-514.76151	-518.40607	-1.2428902	3.6445547
6	559	-609.04573	-583.37057	-571.78869	25.675163	-11.581881
6	560	-324.72804	-323.64483	-327.61404	1.0832149	3.9692087
6	561	-556.7097	-556.90599	-552.09483	-0.19629071	-4.8111555
6	562	-471.35144	-472.15666	-471.48337	-0.80521809	-0.67328958
6	563	-733.10916	-736.22414	-734.23914	-3.1149833	-1.9850031
6	564	-398.43487	-396.85772	-401.18702	1.57715	4.3293034
6	565	-339.39022	-341.80718	-343.8344	-2.4169608	2.0272246
6	566	-710.63299	-683.24501	-679.18091	27.387975	-4.0641079
6	567	-498.94825	-498.97941	-500.16972	-0.03115685	1.1903043
6	568	-548.83472	-543.25491	-527.39433	5.5798045	-15.860578
6	569	-566.45593	-565.2853	-571.46947	1.1706296	6.184166
6	570	-496.85421	-491.78084	-491.73331	5.0733678	-0.047526484
6	571	-579.8622	-574.88201	-575.41011	4.9801949	0.52810123
6	572	-343.25264	-342.53091	-342.74359	0.72173796	0.21268666
6	573	-571.49444	-572.78914	-564.58615	-1.2946989	-8.2029897
6	574	-415.09764	-412.67353	-415.17764	2.4241171	2.5041093
6	575	-515.38713	-520.18647	-517.07365	-4.799342	-3.1128215
6	576	-279.59575	-282.8476	-284.45569	-3.2518427	1.6080973
6	577	-637.97347	-638.89674	-640.73705	-0.92326497	1.8403099
6	578	-337.72399	-336.06658	-332.77671	1.6574156	-3.289867
6	579	-351.17142	-353.33607	-355.7084	-2.1646483	2.3723299
6	580	-422.23351	-419.58363	-421.04943	2.6498838	1.4657981
6	581	-316.81191	-318.81768	-318.11693	-2.0057685	-0.7007521
6	582	-502.62153	-498.49818	-502.47966	4.1233534	3.9814877
6	583	-474.33584	-486.48374	-480.88117	-12.147905	-5.602572
6	584	-394.34358	-396.2386	-397.06638	-1.8950123	0.82778543
6	585	-450.54662	-449.741	-449.89479	0.8056215	0.15378864
6	586	-529.23854	-530.28688	-528.79609	-1.0483402	-1.4907921
6	587	-473.0571	-478.77037	-477.1613	-5.7132741	-1.6090774
6	588	-375.03715	-373.74295	-376.14664	1.2941996	2.4036823
6	589	-509.30535	-511.88121	-508.82022	-2.5758599	-3.0609891
6	590	-348.86856	-349.4969	-349.6382	-0.62834903	0.14130051
6	591	-406.29188	-402.63143	-405.08308	3.6604516	2.4516505
6	592	-434.77466	-435.74517	-436.78002	-0.97050345	1.0348504
6	593	-417.39249	-425.19467	-420.00169	-7.8021718	-5.1929761
6	594	-561.08217	-561.14465	-558.56883	-0.062482669	-2.5758215
6	595	-406.94509	-408.55596	-408.47022	-1.6108661	-0.085738663
6	596	-543.03443	-543.76555	-545.48799	-0.73112786	1.7224366
6	597	-332.43112	-331.41908	-335.01806	1.0120326	3.5989763
6	598	-500.64279	-501.08174	-501.26649	-0.43894707	0.18474677
6	599	-402.51944	-403.5876	-402.28584	-1.0681624	-1.3017642
6	600	-819.60335	-817.06243	-799.71568	2.5409189	-17.346752
6	601	-345.48783	-343.48096	-346.43555	2.006874	2.9545925
6	602	-904.94389	-894.51842	-918.77521	10.425465	24.256787
6	603	-451.98664	-446.91542	-446.94842	5.0712226	0.0329955
6	604	-395.20333	-388.26062	-392.83715	6.9427057	4.5765254
6	605	-610.03651	-608.00867	-606.99781	2.0278446	-1.0108633
6	606	-623.31537	-619.45988	-622.63407	3.8554967	3.174187
6	607	-615.07411	-615.81383	-608.54332	-0.73972014	-7.2705125
6	608	-448.827	-446.27242	-447.42694	2.5545849	1.154519
6	609	-557.60033	-558.43625	-551.16159	-0.83591873	-7.2746636
6	610	-355.01707	-354.88157	-355.76172	0.13549763	0.88014478
6	611	-364.46844	-362.34972	-360.11706	2.118723	-2.2326506
6	612	-378.72153	-380.58199	-382.15928	-1.8604579	1.5772912
6	613	-507.57095	-505.44035	-504.03485	2.1306016	-1.4055021
6	614	-504.07436	-506.18369	-506.50054	-2.1093319	0.31684857
6	615	-754.81646	-748.93235	-752.5089	5.8841128	3.5765496
6	616	-294.67878	-295.24194	-300.18448	-0.56316312	4.9425342
6	617	-409.15975	-407.75056	-408.40509	1.4091831	0.6545282
6	618	-503.39711	-504.29357	-501.94219	-0.89646066	-2.3513765
6	619	-574.08712	-569.78768	-569.89107	4.2994366	0.10338803
6	620	-378.16078	-377.94321	-379.58255	0.21756459	1.6393408
6	621	-369.84699	-370.51124	-372.61955	-0.66425388	2.1083053
6	622	-375.23054	-375.46338	-377.66912	-0.23284083	2.2057357
6	623	-706.0789	-688.10058	-690.03891	17.978324	1.938339
6	624	-405.19986	-403.90211	-407.82409	1.2977462	3.9219766
6	625	-336.51546	-337.19344	-340.52125	-0.67797415	3.3278136
6	626	-465.86369	-467.25239	-463.02387	-1.3887037	-4.2285218
6	627	-409.07374	-412.18289	-413.61325	-3.1091559	1.4303531
6	628	-592.70893	-591.66846	-591.17368	1.0404677	-0.49477727
6	629	-471.39834	-473.00488	-470.22572	-1.6065449	-2.7791594
6	630	-321.70603	-319.36816	-320.68281	2.3378764	1.3146498
6	631	-402.65503	-400.47415	-403.2303	2.1808837	2.7561539
6	632	-312.51746	-315.45844	-314.95366	-2.9409779	-0.50477574
6	633	-458.64471	-459.87633	-452.86635	-1.2316242	-7.0099807
6	634	-379.36997	-374.33809	-380.18729	5.0318807	5.8492036
6	635	-484.87657	-475.67906	-478.19177	9.1975144	2.5127179
6	636	-401.42577	-403.36736	-405.71745	-1.9415937	2.3500863
6	637	-534.86749	-532.25191	-532.86597	2.615579	0.61405726
6	638	-355.42483	-356.01015	-357.13112	-0.58531161	1.120977
6	639	-403.71037	-406.21105	-408.12002	-2.500684	1.9089698
6	640	-519.3148	-519.98783	-517.42224	-0.67303604	-2.5655953
6	641	-405.81746	-404.55253	-406.21311	1.2649232	1.6605754
6	642	-439.94084	-440.7802	-438.88637	-0.8393597	-1.8938238
6	643	-717.24929	-718.33586	-720.88219	-1.0865754	2.5463285
6	644	-428.41688	-431.44084	-426.21258	-3.0239548	-5.2282542
6	645	-303.53359	-307.00099	-309.47203	-3.4674071	2.4710354
6	646	-394.73124	-395.10163	-396.23381	-0.37039322	1.1321716
6	647	-368.53775	-368.52967	-371.64443	0.0080791463	3.1147612
6	648	-484.48686	-481.14517	-480.76317	3.3416889	-0.38199727
6	649	-448.80244	-449.956	-450.89289	-1.153569	0.93688928
6	650	-331.97529	-331.57785	-333.32501	0.39744008	1.747154
6	651	-396.20084	-391.32783	-391.47137	4.873009	0.14353946
6	652	-433.66375	-432.62544	-432.67816	1.0383055	0.052720804
6	653	-514.74213	-510.22645	-511.72626	4.5156828	1.4998166
6	654	-369.89958	-365.83692	-362.73619	4.0626658	-3.1007301
6	655	-425.07636	-427.89445	-423.23616	-2.8180956	-4.6582987
6	656	-362.14199	-359.06953	-361.33516	3.0724577	2.2656318
6	657	-480.87221	-483.19936	-482.35075	-2.3271509	-0.84860228
6	658	-271.67428	-274.7197	-277.07053	-3.0454208	2.3508299
6	659	-625.66964	-620.36898	-622.8174	5.3006662	2.4484231
6	660	-397.59644	-397.42116	-395.78495	0.17528335	-1.6362079
6	661	-680.50051	-672.17691	-664.87438	8.3236008	-7.3025334
6	662	-433.58409	-438.64475	-436.14291	-5.0606605	-2.5018329
6	663	-427.35641	-427.9466	-430.30535	-0.59018672	2.3587516
6	664	-413.86939	-415.61597	-416.9397	-1.7465792	1.3237311
6	665	-443.00277	-447.09102	-447.50338	-4.0882527	0.41235523
6	666	-578.57051	-573.83757	-576.5774	4.7329461	2.7398348
6	667	-365.25559	-365.76784	-366.55532	-0.51225174	0.78747783
6	668	-309.90753	-309.77423	-312.22544	0.13330657	2.4512105
6	669	-503.68214	-499.40669	-497.17351	4.2754475	-2.2331779
6	670	-428.90794	-431.58213	-430.94097	-2.6741868	-0.64116116
6	671	-349.91869	-352.8999	-353.05433	-2.9812072	0.15443039
6	672	-487.50137	-490.72666	-485.50683	-3.2252903	-5.2198333
6	673	-540.58921	-540.47316	-539.8879	0.11605577	-0.58525534
6	674	-371.52718	-372.97958	-370.38015	-1.4523984	-2.5994226
6	675	-628.38206	-621.56854	-627.44998	6.8135176	5.8814358
6	676	-358.1355	-356.92251	-358.42607	1.2129923	1.5035601
6	677	-468.91825	-466.29014	-465.65802	2.6281071	-0.63212094
6	678	-579.27978	-571.13569	-581.73654	8.1440894	10.600845
6	679	-430.55089	-429.9017	-430.89417	0.64918921	0.99247689
6	680	-415.24198	-403.73343	-406.44824	11.508544	2.7148041
6	681	-430.36542	-426.47312	-425.68421	3.8922978	-0.78891207
6	682	-336.26114	-338.26514	-335.39113	-2.0040005	-2.8740102
6	683	-431.87737	-429.75577	-428.98861	2.1216046	-0.76715835
6	684	-797.05751	-797.01215	-802.04207	0.045364329	5.0299293
6	685	-389.20481	-388.68806	-388.73781	0.51674855	0.049745072
6	686	-483.83016	-486.45416	-483.94506	-2.6239981	-2.509101
6	687	-394.92249	-396.22068	-395.66689	-1.2981878	-0.55378632
6	688	-314.47688	-316.16648	-315.71922	-1.6896008	-0.44726653
6	689	-470.17847	-470.12215	-471.29489	0.056321739	1.1727369
6	690	-593.87138	-591.32308	-590.49446	2.5482995	-0.82861825
6	691	-514.26382	-512.6334	-505.89003	1.6304172	-6.7433682
6	692	-728.60564	-723.717	-723.99993	4.8886447	0.28293395
6	693	-336.51935	-337.3304	-336.94318	-0.81105078	-0.38722073
6	694	-389.17058	-389.92991	-390.98076	-0.75933035	1.0508556
6	695	-465.22171	-463.9858	-464.35493	1.235914	0.36913303
6	696	-490.09333	-494.96022	-495.18442	-4.8668946	0.22419922
6	697	-371.27677	-371.90217	-374.94954	-0.62540229	3.0473681
6	698	-413.3008	-417.46344	-417.11457	-4.1626387	-0.34886825
6	699	-368.47441	-369.62481	-368.00113	-1.1504011	-1.6236879
6	700	-476.42763	-475.63897	-476.03754	0.78866279	0.3985677
6	701	-428.32398	-425.4412	-426.65454	2.8827791	1.2133387
6	702	-372.03853	-376.00738	-376.58606	-3.968848	0.57867735
6	703	-407.01446	-405.24532	-406.27743	1.769138	1.032109
6	704	-288.95842	-289.82618	-291.74035	-0.86775526	1.9141733
6	705	-543.42458	-543.66043	-544.9191	-0.23584076	1.2586766
6	706	-567.46976	-569.78128	-569.60571	-2.3115202	-0.17556988
6	707	-627.5419	-613.08143	-608.40179	14.460468	-4.679646
6	708	-553.55776	-546.36843	-542.2779	7.1893353	-4.0905211
6	709	-282.6048	-279.57564	-282.52535	3.0291642	2.9497098
6	710	-524.31352	-525.65904	-525.21742	-1.3455171	-0.44162031
6	711	-449.31948	-453.2724	-454.24625	-3.9529215	0.97384923
6	712	-474.55568	-472.23237	-470.57392	2.3233087	-1.6584527
6	713	-321.21586	-324.23561	-326.21366	-3.019744	1.9780535
6	714	-525.51245	-526.70792	-526.65311	-1.1954731	-0.054814617
6	715	-400.0967	-397.56193	-397.58245	2.534778	0.020522716
6	716	-289.00877	-283.62356	-285.68905	5.385208	2.0654893
6	717	-384.8878	-383.3553	-384.48428	1.5325007	1.1289756
6	718	-470.22025	-463.86574	-468.86791	6.354509	5.0021643
6	719	-507.13499	-503.03699	-504.55511	4.0979998	1.5181186
6	720	-367.9349	-371.71896	-368.19572	-3.7840668	-3.5232459
6	721	-328.64894	-330.78703	-329.80423	-2.1380961	-0.98280033
6	722	-342.57194	-343.83548	-345.96513	-1.2635339	2.1296501
6	723	-523.35223	-523.9522	-522.01699	-0.59997212	-1.9352123
6	724	-523.40541	-531.93037	-525.86333	-8.5249546	-6.0670335
6	725	-513.2217	-512.73727	-512.80317	0.48443255	0.06590519
6	726	-502.86092	-502.56537	-499.01418	0.29555066	-3.5511955
6	727	-416.21474	-415.00675	-415.75205	1.2079958	0.74530369
6	728	-375.38933	-376.82515	-380.75903	-1.4358234	3.9338834
6	729	-708.28381	-691.28743	-691.47598	16.996388	0.1885498
6	730	-509.08012	-506.69195	-507.33381	2.388171	0.64185568
6	731	-471.6699	-473.3415	-473.57152	-1.6716053	0.23001651
6	732	-399.91412	-402.144	-400.17352	-2.2298835	-1.9704781
6	733	-403.80172	-401.559	-403.74531	2.2427157	2.1863033
6	734	-335.67318	-329.99781	-331.16169	5.6753706	1.1638782
6	735	-625.84491	-622.35151	-622.37627	3.493397	0.024758817
6	736	-548.21727	-537.08453	-533.07415	11.13274	-4.010379
6	737	-410.3178	-408.54762	-411.18419	1.7701797	2.6365663
6	738	-410.30923	-413.49467	-411.24514	-3.1854374	-2.2495256
6	739	-343.1953	-343.16475	-344.93005	0.030550803	1.7653034
6	740	-352.33873	-353.87755	-351.07276	-1.5388128	-2.8047849
6	741	-541.02677	-543.67176	-541.19773	-2.6449866	-2.474029
6	742	-375.81754	-365.78398	-370.7161	10.03356	4.9321258
6	743	-501.71053	-507.93091	-504.82248	-6.2203811	-3.1084326
6	744	-383.6206	-382.36712	-383.8431	1.2534714	1.4759738
6	745	-454.99772	-451.46897	-452.4091	3.528748	0.9401329
6	746	-411.34384	-415.68357	-413.28235	-4.3397328	-2.4012159
6	747	-700.75485	-705.68797	-707.66262	-4.9331215	1.9746535
6	748	-435.24368	-433.33916	-431.11949	1.904527	-2.2196639
6	749	-428.16852	-432.29513	-432.5937	-4.1266058	0.2985736
6	750	-411.53518	-407.49663	-413.8222	4.0385422	6.3255658
6	751	-549.43914	-546.0482	-544.87202	3.3909414	-1.1761774
6	752	-487.63181	-486.29148	-485.88176	1.3403269	-0.40972887
6	753	-415.01496	-414.49165	-413.79598	0.52330702	-0.69567864
6	754	-369.25372	-370.56948	-372.21297	-1.315761	1.6434878
6	755	-421.62544	-420.67296	-422.9865	0.95247782	2.3135411
6	756	-628.4429	-632.01781	-634.85167	-3.5749144	2.8338548
6	757	-378.80952	-382.13774	-383.8837	-3.328221	1.7459505
6	758	-404.0559	-403.62696	-401.46405	0.42894213	-2.1629076
6	759	-491.78232	-493.47916	-494.48359	-1.6968425	1.0044312
6	760	-382.38892	-384.7158	-386.47648	-2.3268863	1.7606799
6	761	-507.77876	-509.2331	-503.3709	-1.4543325	-5.862202
6	762	-441.72139	-440.28946	-443.21349	1.4319325	2.9240321
6	763	-743.22249	-715.06673	-725.68821	28.155757	10.621479
6	764	-508.71387	-508.31098	-508.39706	0.40289064	0.08608266
6	765	-197.98722	-199.45427	-203.55625	-1.4670536	4.1019849
6	766	-419.69811	-420.98889	-422.60067	-1.2907793	1.6117798
6	767	-531.46168	-532.98644	-521.57847	-1.5247609	-11.407964
6	768	-388.01968	-382.85378	-381.20527	5.1658995	-1.6485056
6	769	-696.28076	-696.58039	-695.1283	-0.29962487	-1.452091
6	770	-380.05587	-376.73194	-376.79039	3.3239306	0.058454309
6	771	-420.92958	-418.10633	-419.55884	2.8232578	1.4525194
6	772	-410.97182	-401.71769	-400.42578	9.2541311	-1.2919107
6	773	-578.17836	-579.33901	-576.37054	-1.1606554	-2.9684742
6	774	-325.33684	-325.52477	-326.81542	-0.187937	1.2906497
6	775	-271.71534	-272.03519	-273.17143	-0.31984429	1.1362426
6	776	-624.41302	-627.18911	-628.95595	-2.7760923	1.7668457
6	777	-537.99596	-533.68519	-532.31747	4.3107698	-1.367721
6	778	-328.33046	-332.26183	-335.044	-3.9313708	2.7821717
6	779	-468.62991	-466.00296	-460.21053	2.626949	-5.7924282
6	780	-542.74678	-522.81487	-529.06884	19.931906	6.2539686
6	781	-404.84207	-408.97422	-407.96432	-4.1321406	-1.0098968
6	782	-409.29968	-403.74536	-405.54846	5.5543185	1.8031023
6	783	-297.03435	-299.59891	-301.29194	-2.5645588	1.6930295
6	784	-339.9757	-338.10225	-341.5069	1.8734479	3.4046518
6	785	-606.53749	-606.49605	-612.27986	0.041436681	5.7838096
6	786	-512.63945	-512.39995	-509.55976	0.23950533	-2.8401864
6	787	-397.55445	-392.07413	-394.22713	5.4803199	2.1530034
6	788	-324.7817	-327.07749	-329.76647	-2.2957894	2.6889873
6	789	-313.59659	-316.65599	-313.613	-3.0593965	-3.0429838
6	790	-431.52081	-432.64418	-433.95388	-1.12337	1.3096958
6	791	-453.91126	-449.94454	-450.36631	3.9667278	0.42176994
6	792	-606.65638	-599.81559	-602.81826	6.8407943	3.0026767
6	793	-495.07521	-495.07207	-495.41565	0.0031390762	0.34358657
6	794	-496.01941	-494.96649	-496.84788	1.0529214	1.8813933
6	795	-252.88093	-255.2073	-257.40835	-2.3263756	2.2010478
6	796	-458.87606	-459.54942	-460.34291	-0.67335823	0.79349816
6	797	-551.85429	-549.24667	-544.40898	2.6076226	-4.8376828
6	798	-572.94154	-571.34154	-573.68123	1.6000021	2.3396981
6	799	-615.60499	-601.42993	-601.55126	14.175065	0.12133516
6	800	-335.58964	-339.58812	-338.5335	-3.9984797	-1.0546176
6	801	-515.00653	-515.70199	-511.53464	-0.69546031	-4.167351
6	802	-454.87905	-456.08421	-454.29295	-1.2051558	-1.7912613
6	803	-567.16828	-568.058	-569.41111	-0.88971629	1.3531152
6	804	-262.53263	-264.18737	-268.0361	-1.6547424	3.8487284
6	805	-358.91197	-350.50607	-354.86561	8.4058989	4.3595385
6	806	-283.88213	-279.82226	-283.14717	4.0598738	3.3249133
6	807	-576.91407	-567.68747	-569.26914	9.2266003	1.5816753
6	808	-421.40712	-422.41797	-423.20701	-1.0108447	0.78904052
6	809	-571.22389	-557.37341	-556.65869	13.850473	-0.71472021
6	810	-504.77352	-506.27163	-501.46355	-1.498103	-4.8080795
6	811	-403.95308	-400.60945	-400.60646	3.3436296	-0.0029894224
6	812	-527.19453	-525.65055	-524.46017	1.5439819	-1.1903871
6	813	-542.23592	-536.08391	-541.27318	6.1520087	5.1892731
6	814	-470.92613	-471.11637	-472.66652	-0.19024201	1.550148
6	815	-523.04282	-520.8459	-521.18468	2.1969179	0.3387742
6	816	-490.93255	-488.71636	-488.52636	2.2161882	-0.19000939
6	817	-625.3313	-622.38554	-628.12619	2.9457579	5.7406481
6	818	-534.10093	-534.03401	-533.65889	0.066918109	-0.37511892
6	819	-629.71971	-622.14912	-618.67873	7.5705954	-3.4703886
6	820	-481.49941	-481.25693	-481.17997	0.24247713	-0.076957436
6	821	-484.21373	-486.25013	-483.84205	-2.0364029	-2.4080823
6	822	-593.42736	-594.31084	-593.9719	-0.88348321	-0.33894536
6	823	-413.74989	-414.50171	-417.97848	-0.75182197	3.4767671
6	824	-360.1537	-361.00232	-361.60497	-0.84862171	0.60264703
6	825	-498.38466	-495.73805	-496.80406	2.6466101	1.0660147
6	826	-756.75232	-753.18177	-753.9673	3.5705533	0.78553422
6	827	-417.12294	-419.06599	-417.65362	-1.9430535	-1.4123721
6	828	-383.33063	-377.46607	-379.53552	5.8645552	2.0694487
6	829	-476.50859	-477.38919	-477.66873	-0.88059951	0.27953595
6	830	-503.81678	-502.27264	-503.79253	1.544145	1.5198919
6	831	-282.8591	-283.13902	-282.6447	-0.27992255	-0.49432311
6	832	-508.42912	-509.41502	-511.36812	-0.98590028	1.953103
6	833	-670.83628	-673.13683	-674.78223	-2.300557	1.6453977
6	834	-536.1516	-531.80234	-530.42073	4.3492654	-1.381609
6	835	-343.06014	-337.02199	-340.20663	6.0381451	3.1846402
6	836	-516.06085	-509.07016	-509.91821	6.9906892	0.84805185
6	837	-424.89422	-426.16673	-426.62368	-1.2725058	0.45695331
6	838	-446.32729	-441.34749	-439.21299	4.9798074	-2.1344973
6	839	-530.55378	-538.57472	-533.13561	-8.0209394	-5.439105
6	840	-660.70439	-659.6578	-658.22271	1.0465896	-1.4350953
6	841	-618.99239	-612.84757	-611.72115	6.1448198	-1.1264188
6	842	-605.64615	-602.16897	-597.33714	3.477179	-4.8318259
6	843	-443.72847	-442.62163	-443.41773	1.1068422	0.79610118
6	844	-632.48007	-634.74173	-634.1773	-2.2616566	-0.56442212
6	845	-375.74182	-376.95953	-378.13248	-1.217712	1.1729513
6	846	-508.41585	-509.48672	-513.20154	-1.0708707	3.7148124
6	847	-354.02594	-354.30052	-354.50545	-0.27457943	0.20493499
6	848	-419.2107	-416.97109	-416.54531	2.2396048	-0.42578616
6	849	-480.39543	-477.82925	-476.50765	2.5661737	-1.3216022
6	850	-286.1288	-285.41605	-287.8976	0.71275485	2.4815508
6	851	-340.81982	-343.45032	-348.29643	-2.630507	4.8461047
6	852	-506.85298	-505.91324	-504.26837	0.93973874	-1.6448681
6	853	-361.53323	-363.31116	-363.28932	-1.777932	-0.021848315
6	854	-363.91537	-364.9442	-363.31942	-1.0288289	-1.6247773
6	855	-481.25377	-477.51037	-474.86371	3.7433963	-2.6466655
6	856	-526.92327	-529.14041	-529.8956	-2.2171464	0.75518775
6	857	-653.72883	-655.01082	-648.79227	-1.2819915	-6.2185577
6	858	-496.34371	-493.21112	-493.31589	3.1325968	0.10477448
6	859	-605.0835	-605.98123	-604.74678	-0.89773022	-1.2344467
6	860	-413.41662	-415.4566	-416.31763	-2.0399732	0.86103171
6	861	-438.70504	-439.51639	-442.14953	-0.81134598	2.6331441
6	862	-452.65165	-453.60347	-449.22047	-0.95182281	-4.3830028
6	863	-413.3456	-410.82607	-413.06767	2.5195274	2.2416015
6	864	-359.98854	-361.78919	-365.2361	-1.8006478	3.4469148
6	865	-590.36176	-587.88074	-587.12228	2.4810263	-0.75846024
6	866	-587.9474	-586.0669	-587.11427	1.8805026	1.0473724
6	867	-387.56005	-386.37266	-386.33377	1.1873887	-0.038894167
6	868	-525.33024	-525.28902	-524.28648	0.041220949	-1.0025411
6	869	-470.65919	-468.8779	-472.94763	1.7812961	4.0697294
6	870	-478.15093	-480.91939	-478.92853	-2.7684613	-1.9908647
6	871	-402.32597	-403.01162	-416.60805	-0.68564439	13.596436
6	872	-366.73162	-367.441	-369.241	-0.70937588	1.7999976
6	873	-315.23278	-317.27132	-317.25818	-2.0385357	-0.013134153
6	874	-436.77893	-438.47105	-439.24887	-1.6921232	0.77781848
6	875	-440.96742	-442.43879	-441.15213	-1.471363	-1.2866602
6	876	-590.8022	-589.02775	-589.44619	1.7744526	0.41844088
6	877	-509.3542	-509.38537	-502.88189	-0.031170215	-6.5034835
6	878	-512.72938	-510.16581	-507.6012	2.5635681	-2.5646129
6	879	-381.48589	-381.78107	-383.78559	-0.29517759	2.0045206
6	880	-458.44626	-455.81878	-453.10433	2.6274709	-2.7144508
6	881	-378.25663	-378.08844	-373.19122	0.16818804	-4.897218
6	882	-509.38959	-503.12544	-493.53275	6.2641503	-9.5926867
6	883	-342.17033	-344.13142	-346.98604	-1.9610974	2.8546185
6	884	-454.63363	-453.24489	-450.73595	1.3887433	-2.508937
6	885	-529.38651	-527.31998	-524.28872	2.0665259	-3.03126
6	886	-322.19133	-324.85745	-327.90547	-2.6661211	3.0480195
6	887	-429.90306	-427.62611	-429.96816	2.2769447	2.342044
6	888	-640.52767	-642.04815	-643.18445	-1.520474	1.136306
6	889	-419.20477	-416.66191	-422.7238	2.5428694	6.0618971
6	890	-419.4937	-409.62106	-412.69342	9.8726361	3.0723537
6	891	-288.57533	-292.36508	-290.20395	-3.7897586	-2.1611375
6	892	-399.32203	-399.96166	-401.84446	-0.63963208	1.8827947
6	893	-577.14108	-577.73338	-578.19193	-0.59229795	0.45854683
6	894	-520.34617	-520.64754	-521.20909	-0.30136884	0.56154947
6	895	-357.93167	-349.57235	-351.36169	8.3593232	1.7893423
6	896	-431.9654	-431.52617	-435.10698	0.43923408	3.5808168
6	897	-432.93301	-436.74587	-437.82422	-3.8128553	1.0783479
6	898	-506.98257	-501.5615	-499.24118	5.4210677	-2.3203206
6	899	-501.3313	-499.65996	-496.71529	1.6713475	-2.9446677
6	900	-523.08759	-524.71573	-521.56407	-1.6281337	-3.1516516
6	901	-599.05273	-602.53548	-604.34666	-3.482752	1.8111738
6	902	-478.17546	-478.52388	-477.55682	-0.34842007	-0.96706044
6	903	-394.25517	-391.32894	-390.87061	2.9262315	-0.45832951
6	904	-595.29376	-607.04661	-604.89063	-11.752857	-2.1559883
6	905	-256.39188	-257.60731	-260.64701	-1.2154287	3.0397016
6	906	-401.90925	-404.76874	-400.26711	-2.859489	-4.5016241
6	907	-478.76773	-482.0595	-482.69783	-3.2917682	0.63832613
6	908	-332.92385	-334.70003	-335.53454	-1.7761764	0.83450926
6	909	-891.87708	-870.8346	-886.08579	21.042488	15.251194
6	910	-533.34498	-537.26037	-533.31139	-3.9153876	-3.9489785
6	911	-376.15811	-378.17948	-377.6047	-2.0213735	-0.57477986
6	912	-491.17932	-490.69265	-491.38218	0.4866653	0.6895201
6	913	-691.64416	-687.92587	-686.93297	3.7182834	-0.99289863
6	914	-418.21446	-417.35967	-419.40086	0.85478938	2.0411901
6	915	-366.01966	-370.6254	-372.7139	-4.6057376	2.088496
6	916	-453.14282	-454.64237	-455.46125	-1.4995572	0.81887448
6	917	-372.44954	-375.22855	-375.90832	-2.7790157	0.67976924
6	918	-550.94632	-525.67589	-536.11496	25.270426	10.439063
6	919	-402.9554	-402.05195	-407.63958	0.90344882	5.5876269
6	920	-404.11913	-404.36729	-405.36228	-0.24815687	0.99498451
6	921	-355.65721	-360.31951	-361.69135	-4.6622972	1.3718382
6	922	-528.68297	-528.63644	-526.32729	0.046526736	-2.3091516
6	923	-487.73665	-486.55521	-484.69796	1.1814332	-1.8572578
6	924	-399.61544	-399.63448	-399.8362	-0.019042563	0.20171915
6	925	-431.42511	-426.01596	-430.98113	5.409149	4.9651668
6	926	-500.22477	-500.03661	-500.77552	0.1881645	0.73891223
6	927	-506.34556	-505.40585	-504.64284	0.93970612	-0.76300628
6	928	-362.51256	-363.44926	-363.82915	-0.93669316	0.37989298
6	929	-345.01821	-343.01542	-347.48367	2.0027888	4.4682511
6	930	-316.53363	-317.17229	-317.36848	-0.63865726	0.19619073
6	931	-400.48793	-399.85584	-401.57581	0.63209583	1.7199694
6	932	-516.64946	-514.05453	-517.8014	2.5949234	3.7468657
6	933	-429.49594	-426.84029	-428.823	2.6556512	1.9827051
6	934	-382.43159	-383.68947	-380.03617	-1.2578788	-3.6532993
6	935	-443.64153	-445.63701	-446.67419	-1.9954811	1.0371773
6	936	-470.19043	-467.55255	-467.80845	2.6378782	0.25589729
6	937	-319.72015	-323.27346	-324.37317	-3.5533095	1.0997146
6	938	-452.74783	-451.15512	-448.36835	1.5927059	-2.786771
6	939	-417.02182	-414.97474	-415.49428	2.0470807	0.51954091
6	940	-556.28557	-541.71885	-545.57278	14.566717	3.8539339
6	941	-470.33299	-469.58665	-470.17535	0.74634375	0.58870478
6	942	-381.18913	-378.92462	-381.58573	2.2645168	2.6611153
6	943	-336.67109	-339.40655	-342.33296	-2.7354566	2.9264126
6	944	-445.893	-443.31725	-441.153	2.5757556	-2.1642537
6	945	-367.82795	-370.62168	-370.17228	-2.7937299	-0.44939212
6	946	-346.80144	-345.57343	-345.31998	1.2280017	-0.25345192
6	947	-365.69937	-361.41017	-364.96698	4.2891958	3.5568065
6	948	-326.16715	-327.79202	-325.95749	-1.6248638	-1.8345239
6	949	-363.88621	-361.89068	-364.09534	1.9955284	2.2046568
6	950	-578.15731	-574.95836	-573.49484	3.1989529	-1.4635164
6	951	-305.33172	-308.31938	-308.05552	-2.987664	-0.26386009
6	952	-283.90811	-283.93083	-285.92928	-0.022726741	1.9984427
6	953	-223.43712	-224.93653	-227.43127	-1.4994033	2.4947384
6	954	-662.21013	-663.49522	-662.07769	-1.2850926	-1.4175321
6	955	-647.31643	-643.3124	-640.83149	4.0040328	-2.4809095
6	956	-507.67361	-501.94484	-503.38217	5.728766	1.4373221
6	957	-443.60046	-446.24166	-439.48939	-2.6412004	-6.7522662
6	958	-487.96402	-487.94414	-487.61621	0.01987886	-0.32792616
6	959	-218.06028	-220.14447	-224.73308	-2.0841901	4.5886126
6	960	-443.08599	-444.84175	-445.50475	-1.7557627	0.66299507
6	961	-428.2189	-431.28954	-429.43422	-3.0706402	-1.8553257
6	962	-489.67466	-482.63483	-481.70575	7.0398238	-0.92908803
6	963	-356.98413	-361.2288	-360.44913	-4.2446704	-0.77967425
6	964	-606.19356	-584.78606	-592.83297	21.407493	8.0469025
6	965	-300.70168	-301.38776	-304.04725	-0.68607842	2.659493
6	966	-532.42923	-536.13735	-536.59563	-3.7081211	0.45828055
6	967	-411.90001	-402.52853	-406.43131	9.3714728	3.902772
6	968	-579.1159	-575.37018	-577.80603	3.7457217	2.4358456
6	969	-453.40236	-453.73453	-455.27785	-0.33217318	1.5433188
6	970	-676.7028	-672.48831	-668.41128	4.2144856	-4.0770378
6	971	-479.81822	-480.65883	-482.43419	-0.84060327	1.7753673
6	972	-384.60995	-384.08022	-387.70315	0.52973559	3.6229381
6	973	-415.50525	-415.81548	-419.06937	-0.31023103	3.2538947
6	974	-448.91024	-453.67532	-452.63262	-4.765078	-1.0426956
6	975	-320.73505	-323.1053	-324.99914	-2.3702562	1.8938361
6	976	-407.32809	-408.39661	-406.88927	-1.0685136	-1.5073325
6	977	-577.09703	-576.36605	-575.21085	0.7309743	-1.1552004
6	978	-538.20266	-541.34266	-534.24571	-3.140002	-7.0969562
6	979	-516.62579	-514.40064	-511.78929	2.2251449	-2.611357
6	980	-274.47965	-278.79786	-276.64972	-4.3182015	-2.1481365
6	981	-450.76276	-447.54328	-444.7393	3.2194834	-2.8039728
6	982	-796.81281	-791.30495	-791.86071	5.5078543	0.55575822
6	983	-305.38967	-306.62862	-308.98829	-1.2389528	2.3596637
6	984	-607.80871	-600.65101	-590.8458	7.1576959	-9.8052109
6	985	-299.48426	-298.65911	-300.15552	0.82515265	1.4964159
6	986	-516.21016	-508.72846	-517.48781	7.4816987	8.7593438
6	987	-467.49431	-470.72947	-469.08454	-3.235157	-1.6449291
6	988	-533.53545	-527.18681	-519.24679	6.348632	-7.94002
6	989	-346.11197	-345.7897	-346.27588	0.32226816	0.48617915
6	990	-290.0501	-295.55985	-298.20057	-5.5097489	2.640726
6	991	-272.18125	-273.64735	-277.13341	-1.4661091	3.4860525
6	992	-423.81359	-423.44045	-423.99831	0.37313782	0.55785307
6	993	-599.48935	-600.29166	-600.31498	-0.8023079	0.023324697
6	994	-433.66324	-433.39705	-256.43057	0.26619213	-176.96648
6	995	-711.27619	-704.28207	-717.70629	6.9941165	13.424218
6	996	-516.24091	-516.81251	-510.27144	-0.57159923	-6.5410676
6	997	-582.24935	-578.68046	-579.45413	3.5688941	0.77367049
6	998	-519.15774	-520.64499	-520.06203	-1.4872522	-0.58296349
6	999	-495.9638	-486.72451	-484.84912	9.2392922	-1.8753851
