No.	ID	loglik_Null	loglik_Acc	loglik_Full	logBF1	logBF2	loglik_Max_M0	loglik_Max_M1	loglik_Max_M2
5	0	-1029.46	-941.00805	-881.20274	88.451925	-59.805315	-1014.3726	-922.11318	-859.93512
5	1	-406.42176	-406.28929	-404.87916	0.13247093	-1.4101357	-404.08635	-402.33214	-394.60373
5	2	-792.44399	-753.75547	-752.69062	38.68852	-1.0648577	-777.69201	-742.0504	-735.37124
5	3	-388.90707	-387.44358	-386.85249	1.4634911	-0.59109179	-378.94325	-375.97347	-370.0225
5	4	-659.00727	-640.93752	-634.18368	18.069742	-6.7538424	-648.09598	-623.43716	-613.05761
5	5	-629.96846	-624.85869	-617.41836	5.1097627	-7.4403323	-616.49743	-608.19411	-598.75181
5	6	-585.58276	-571.04703	-555.50187	14.535733	-15.545154	-569.48389	-549.63368	-532.81158
5	7	-417.81734	-409.37401	-408.16741	8.4433294	-1.2065963	-414.57067	-401.09414	-390.40457
5	8	-586.02119	-573.57461	-557.21621	12.446578	-16.358402	-571.98519	-561.71765	-544.71531
5	9	-680.68974	-640.0171	-640.67726	40.672641	0.6601625	-664.40378	-627.17801	-624.16898
5	10	-876.71026	-826.49462	-797.99321	50.215644	-28.501411	-862.30689	-807.23509	-780.97602
5	11	-512.7096	-493.8968	-473.25149	18.812806	-20.645309	-497.30871	-477.56755	-456.49208
5	12	-458.92523	-441.63704	-442.6427	17.288187	1.0056532	-448.25982	-432.44694	-426.19233
5	13	-469.45364	-469.12965	-458.75512	0.32398098	-10.374533	-457.48031	-456.39958	-440.56399
5	14	-463.79351	-450.04214	-446.08311	13.75137	-3.9590298	-449.04074	-441.38659	-432.72397
5	15	-710.32579	-709.52881	-692.96881	0.79697276	-16.559998	-696.6735	-696.81424	-672.08712
5	16	-1143.6368	-1093.7688	-1040.4147	49.868076	-53.354019	-1131.8743	-1079.5591	-1022.2163
5	17	-609.09274	-602.01096	-589.00714	7.081777	-13.003825	-593.97106	-587.23648	-571.55712
5	18	-966.32866	-858.18919	-855.40804	108.13947	-2.781153	-950.15002	-848.15594	-839.66
5	19	-671.40797	-667.76788	-660.50786	3.6400933	-7.2600152	-658.87444	-649.3198	-643.1811
5	20	-456.68003	-456.52932	-454.58722	0.15071189	-1.9420953	-454.2134	-451.73182	-444.93233
5	21	-276.82801	-277.26693	-278.01712	-0.43892361	0.75019255	-274.04738	-274.06467	-274.08023
5	22	-679.5569	-666.54769	-645.73789	13.009205	-20.809805	-663.60942	-646.20874	-623.34693
5	23	-360.4886	-359.0095	-360.17671	1.4790978	1.1672109	-358.0019	-353.2111	-352.97317
5	24	-397.55541	-396.15798	-395.69766	1.3974327	-0.46032347	-395.00924	-390.07442	-384.32958
5	25	-370.35608	-359.98317	-361.33247	10.372913	1.3493003	-357.9622	-353.95078	-352.57581
5	26	-762.85314	-742.12229	-712.71843	20.730849	-29.403862	-746.04541	-719.33152	-688.35086
5	27	-966.03807	-921.38437	-870.47549	44.653708	-50.908873	-947.9826	-902.48462	-856.63074
5	28	-974.21611	-923.20795	-874.74397	51.00815	-48.463981	-957.02962	-900.76528	-851.80571
5	29	-411.83029	-404.11684	-405.79321	7.7134427	1.6763647	-403.95718	-397.65273	-397.68471
5	30	-586.58518	-569.10633	-554.56852	17.478853	-14.537811	-571.12018	-553.09744	-539.44301
5	31	-569.72726	-561.81737	-558.33138	7.9098971	-3.4859828	-556.15394	-549.25549	-541.0948
5	32	-782.24858	-779.16716	-758.48212	3.0814262	-20.685035	-770.0117	-760.3542	-733.93411
5	33	-993.57275	-978.62004	-948.19083	14.952714	-30.429205	-979.56996	-960.69146	-922.51426
5	34	-518.46196	-518.64284	-508.43146	-0.18087821	-10.211374	-506.14058	-504.73211	-491.26092
5	35	-1292.1656	-1281.401	-1151.1881	10.764631	-130.21293	-1278.6518	-1262.1474	-1131.1869
5	36	-245.62558	-245.12544	-245.99441	0.50014289	0.86896862	-242.17406	-239.51888	-237.55095
5	37	-433.39465	-428.94186	-429.67756	4.4527824	0.73569518	-430.22953	-422.0561	-418.25042
5	38	-506.77061	-485.88643	-486.25201	20.884183	0.36558072	-491.53947	-471.77848	-471.77093
5	39	-558.55539	-547.42231	-539.11303	11.133085	-8.3092785	-542.91281	-528.43036	-518.17364
5	40	-544.09962	-539.45898	-525.39553	4.6406362	-14.063452	-533.69767	-530.47343	-512.99221
5	41	-731.83037	-729.1736	-686.9675	2.6567762	-42.206099	-718.522	-711.53684	-670.51995
5	42	-196.83396	-197.03582	-198.00533	-0.20185958	0.969512	-193.32078	-192.63051	-192.62945
5	43	-376.49695	-367.6127	-368.93421	8.8842433	1.3215091	-373.9807	-360.93082	-360.35971
5	44	-1045.1737	-1022.5017	-977.07437	22.672054	-45.427306	-1033.4699	-1005.7029	-954.66101
5	45	-503.97716	-494.27333	-483.51293	9.7038259	-10.760399	-490.49445	-480.65011	-465.25045
5	46	-554.2442	-554.23995	-552.68045	0.0042513302	-1.5595015	-543.0415	-541.89268	-533.1255
5	47	-503.68367	-492.98476	-491.82137	10.698908	-1.1633909	-487.55451	-475.88412	-468.94904
5	48	-772.76617	-764.0582	-763.39257	8.7079718	-0.66562423	-761.29444	-745.69127	-744.25213
5	49	-707.22586	-704.90839	-663.35983	2.3174652	-41.548558	-692.59539	-688.02032	-644.2005
5	50	-381.63144	-377.72368	-378.65087	3.9077533	0.92718367	-379.15759	-372.57314	-370.52801
5	51	-443.67701	-440.49842	-435.225	3.1785899	-5.273426	-433.14044	-432.93453	-413.76564
5	52	-343.80563	-325.66158	-327.03929	18.144047	1.3777136	-326.34437	-315.09027	-312.78816
5	53	-713.69511	-685.99783	-678.29304	27.697289	-7.7047832	-696.87243	-667.2302	-657.17007
5	54	-382.64713	-365.70974	-366.94405	16.937388	1.234313	-367.8988	-353.27653	-351.52613
5	55	-246.15344	-246.73198	-247.17429	-0.57854228	0.44230204	-243.20981	-243.28016	-241.60106
5	56	-792.00374	-768.12846	-729.88997	23.875272	-38.238493	-777.81715	-751.08416	-711.38192
5	57	-420.57011	-405.3052	-406.977	15.26491	1.6718053	-408.68123	-395.19762	-392.80009
5	58	-612.97992	-604.97094	-599.79536	8.0089843	-5.1755818	-598.77254	-588.10697	-578.26067
5	59	-310.15922	-309.22941	-304.61652	0.929813	-4.6128859	-304.68454	-299.48663	-288.53891
5	60	-396.77647	-395.36857	-392.34829	1.4078996	-3.0202857	-380.8091	-377.84069	-369.89888
5	61	-436.33156	-422.1229	-421.00988	14.208665	-1.1130143	-424.60668	-413.46378	-406.127
5	62	-263.64646	-260.44446	-261.98015	3.2019998	1.5356967	-255.82126	-253.05204	-252.98596
5	63	-438.69967	-434.04859	-432.08516	4.6510785	-1.9634268	-426.41678	-421.30977	-420.12619
5	64	-317.35649	-317.32697	-318.22995	0.02952059	0.90297948	-314.77908	-313.22477	-313.45057
5	65	-832.88259	-767.73067	-760.96422	65.151918	-6.7664523	-817.73178	-753.13082	-742.15597
5	66	-367.55222	-363.37143	-364.43651	4.1807843	1.0650735	-364.99204	-355.07695	-349.36847
5	67	-469.20822	-450.91518	-450.70913	18.293042	-0.20604368	-453.78901	-439.9922	-438.73731
5	68	-324.09338	-322.60006	-322.41775	1.4933226	-0.18230768	-321.29785	-317.53657	-312.39375
5	69	-553.00661	-548.07195	-539.02295	4.9346569	-9.0490001	-537.00852	-532.38803	-519.51973
5	70	-351.32567	-350.65435	-351.45971	0.67132306	0.80536187	-347.59549	-344.56504	-341.93638
5	71	-750.26856	-749.64084	-727.68916	0.62772214	-21.95168	-737.87288	-734.37279	-707.55719
5	72	-469.93466	-455.7692	-451.6214	14.165462	-4.1477938	-456.46077	-447.34966	-437.26747
5	73	-645.69749	-643.71453	-620.93479	1.9829656	-22.779741	-630.2237	-627.92499	-602.23588
5	74	-826.18042	-800.03998	-784.81566	26.140438	-15.224327	-809.24378	-778.76123	-760.77804
5	75	-737.38808	-735.97294	-702.67811	1.4151352	-33.294831	-720.51674	-716.3707	-679.14625
5	76	-639.65002	-620.92611	-623.26543	18.723914	2.3393233	-625.36052	-608.76225	-602.50613
5	77	-679.8418	-673.66516	-663.36877	6.1766383	-10.296398	-663.62936	-653.32211	-642.26105
5	78	-490.50542	-482.56812	-482.24998	7.9373061	-0.3181362	-477.86164	-472.08099	-465.42024
5	79	-681.21398	-672.44256	-652.85616	8.771429	-19.586396	-667.1628	-651.98223	-629.17198
5	80	-305.11893	-305.55437	-305.9083	-0.4354483	0.35392639	-302.42061	-302.83887	-298.66758
5	81	-428.29653	-422.71475	-422.41133	5.5817823	-0.30341697	-420.2464	-408.89838	-404.00542
5	82	-1239.1203	-1166.1241	-1033.8426	72.99619	-132.2815	-1224.2607	-1145.8837	-1013.1534
5	83	-776.11386	-742.58189	-734.30114	33.531962	-8.2807501	-760.65453	-721.50727	-710.98081
5	84	-927.60282	-925.32795	-831.99906	2.2748678	-93.328886	-913.84233	-907.82111	-811.92076
5	85	-423.81691	-417.30464	-414.67671	6.5122711	-2.6279326	-414.60227	-407.30583	-399.21863
5	86	-679.15634	-667.31497	-659.56053	11.841377	-7.7544368	-661.28172	-646.64373	-646.13556
5	87	-508.89797	-497.55605	-498.48754	11.341924	0.93148925	-492.678	-481.77508	-482.05121
5	88	-524.48553	-517.70188	-514.55016	6.7836485	-3.1517137	-512.44545	-506.94241	-499.35188
5	89	-613.45477	-607.36475	-600.10297	6.0900162	-7.2617829	-594.8481	-586.23104	-576.62563
5	90	-504.82384	-504.2025	-497.28987	0.62134643	-6.9126297	-501.71884	-494.49099	-478.0677
5	91	-619.74879	-616.57682	-596.75358	3.1719646	-19.823247	-598.41501	-592.34554	-569.88101
5	92	-729.12829	-698.96807	-694.30126	30.160223	-4.6668085	-714.56567	-683.59355	-678.66948
5	93	-720.35562	-696.93686	-691.42272	23.418764	-5.514142	-704.4633	-677.73832	-669.22977
5	94	-702.88341	-680.43421	-667.30966	22.449204	-13.124548	-687.64434	-659.19447	-646.1894
5	95	-1144.0405	-1076.6963	-997.16314	67.344186	-79.533166	-1128.6323	-1053.9138	-978.85623
5	96	-797.89256	-783.1604	-780.76771	14.732163	-2.3926858	-786.51007	-765.37768	-759.45989
5	97	-528.09977	-527.81706	-525.03167	0.28270837	-2.7853838	-513.91611	-511.20156	-506.96333
5	98	-958.48419	-926.67814	-898.26692	31.806046	-28.411226	-945.93586	-910.22062	-874.97663
5	99	-1172.0637	-1124.6257	-922.12866	47.438015	-202.49706	-1158.6928	-1110.0699	-908.38263
5	100	-749.09457	-748.14274	-711.98355	0.95182945	-36.159194	-734.00239	-731.94328	-688.56645
5	101	-576.7534	-569.72578	-572.26114	7.0276212	2.5353576	-565.32267	-557.0277	-554.28088
5	102	-462.35004	-460.28437	-455.5615	2.0656664	-4.7228743	-447.24016	-441.33793	-434.05161
5	103	-933.42571	-918.11308	-851.21	15.312623	-66.903084	-921.03718	-901.49207	-832.36985
5	104	-1040.7408	-1006.2173	-927.16911	34.52355	-79.048166	-1028.5679	-990.02237	-909.61002
5	105	-290.49865	-286.31135	-286.14086	4.1873036	-0.17049109	-287.63056	-281.19898	-276.94391
5	106	-452.5125	-451.20745	-452.04247	1.3050583	0.83502424	-447.10393	-441.55077	-437.73626
5	107	-378.51297	-377.63657	-371.29211	0.8764042	-6.3444636	-368.65128	-369.07953	-351.93731
5	108	-542.8468	-540.98452	-508.51516	1.8622832	-32.469358	-527.90466	-520.12363	-489.81776
5	109	-938.60106	-881.26288	-861.16313	57.338173	-20.099752	-923.77777	-861.31054	-841.81955
5	110	-483.48761	-482.54377	-475.92973	0.94383756	-6.6140402	-470.22035	-469.29715	-464.83213
5	111	-582.33182	-571.80355	-560.43679	10.528264	-11.366762	-568.59174	-556.74291	-542.14254
5	112	-303.85843	-296.32919	-289.04494	7.5292407	-7.2842492	-289.34533	-282.7621	-273.34703
5	113	-245.91001	-244.13818	-245.01268	1.7718302	0.87450243	-242.59493	-238.26368	-233.38786
5	114	-369.27752	-369.25903	-363.67277	0.018486248	-5.5862587	-364.95054	-365.61626	-350.06779
5	115	-846.35138	-812.97755	-810.32295	33.373827	-2.6546012	-832.13517	-795.82576	-788.25643
5	116	-645.04114	-621.80295	-620.87649	23.238198	-0.92645658	-629.86886	-607.52477	-600.55126
5	117	-812.10913	-787.07635	-763.73563	25.032778	-23.340721	-797.31578	-765.99008	-739.06689
5	118	-522.31099	-517.16732	-510.54778	5.1436706	-6.6195369	-509.90493	-503.54715	-490.91048
5	119	-1089.9591	-1058.4756	-1009.1674	31.483503	-49.308251	-1077.4184	-1037.9792	-984.09686
5	120	-537.3714	-535.27155	-529.87049	2.0998428	-5.4010617	-528.45054	-525.87366	-509.11127
5	121	-457.99721	-447.31857	-448.06893	10.678646	0.75036923	-442.88484	-431.90444	-428.01747
5	122	-610.14942	-605.71591	-606.47959	4.43351	0.76368037	-595.30308	-589.03126	-588.61778
5	123	-335.26477	-334.27034	-330.64873	0.99442981	-3.6216127	-332.61317	-328.49298	-318.82586
5	124	-506.22859	-492.27442	-492.81272	13.954172	0.53830464	-494.12656	-483.62373	-483.71069
5	125	-901.9186	-863.80416	-811.58272	38.114441	-52.221446	-888.75173	-847.52122	-795.22761
5	126	-458.37761	-451.55203	-442.31352	6.8255815	-9.2385075	-442.71448	-435.61662	-420.59593
5	127	-517.27663	-506.48156	-507.80469	10.795069	1.3231276	-502.95136	-498.68826	-491.31381
5	128	-566.05581	-562.90462	-541.4478	3.1511885	-21.456823	-551.04359	-542.4522	-520.75087
5	129	-434.69173	-425.59666	-412.15127	9.0950708	-13.445387	-422.88122	-413.75472	-397.93629
5	130	-705.20475	-682.7111	-674.51626	22.493653	-8.1948378	-691.475	-668.53568	-656.17498
5	131	-505.33372	-492.02117	-477.65198	13.312549	-14.369186	-489.49514	-473.54871	-456.39094
5	132	-411.32906	-411.43906	-411.92062	-0.10999672	0.48155809	-406.45366	-405.15047	-402.47163
5	133	-583.75273	-573.71597	-551.85261	10.036762	-21.86336	-570.66497	-558.72305	-536.14791
5	134	-861.03317	-838.63256	-830.05454	22.400611	-8.5780246	-847.65279	-822.55834	-808.17388
5	135	-782.04173	-782.94791	-748.44617	-0.90617933	-34.501745	-765.7568	-766.01759	-731.30791
5	136	-335.99717	-335.35341	-335.4132	0.64375969	0.059791777	-332.9461	-329.7452	-326.36883
5	137	-369.53874	-359.58656	-360.45761	9.952181	0.8710583	-356.02167	-354.22868	-350.35758
5	138	-619.30419	-619.07127	-603.28499	0.23292561	-15.786272	-605.15861	-603.26345	-583.65208
5	139	-496.82153	-494.47207	-494.56546	2.3494535	0.0933873	-492.98434	-485.44888	-480.84534
5	140	-669.36302	-642.05113	-624.94822	27.311887	-17.102913	-652.67149	-625.92287	-605.94693
5	141	-802.40864	-786.44849	-785.73946	15.960156	-0.70902909	-790.20867	-771.50944	-763.42617
5	142	-476.47327	-469.10343	-461.51466	7.3698337	-7.5887728	-464.54882	-457.45209	-448.84244
5	143	-651.80997	-644.2901	-634.36921	7.5198707	-9.9208889	-634.43337	-623.71841	-611.35554
5	144	-887.77598	-874.48763	-828.91584	13.288349	-45.571788	-874.16851	-856.22111	-808.63622
5	145	-624.15311	-616.62696	-610.79128	7.526149	-5.8356754	-610.37767	-607.00144	-592.82741
5	146	-520.35605	-511.3435	-497.22297	9.012547	-14.120537	-507.1635	-496.87733	-480.54778
5	147	-1472.3116	-1403.0663	-1193.1651	69.245312	-209.90121	-1458.9291	-1385.2797	-1174.4027
5	148	-798.29541	-785.83416	-750.73628	12.461244	-35.097877	-785.08564	-770.2572	-735.4399
5	149	-922.73362	-918.63473	-883.50653	4.0988828	-35.128202	-908.61326	-899.31715	-861.15612
5	150	-538.93341	-537.82585	-533.89943	1.1075514	-3.9264289	-527.43553	-523.20899	-514.01904
5	151	-515.24886	-510.35226	-511.07654	4.8965994	0.7242831	-500.55804	-498.80653	-490.45931
5	152	-566.6958	-553.25031	-552.60941	13.445494	-0.64089689	-551.93028	-545.62707	-536.64104
5	153	-598.6035	-594.86508	-592.06571	3.7384186	-2.7993729	-590.2381	-583.61995	-571.69341
5	154	-395.57236	-392.16828	-392.88128	3.4040735	0.71299242	-393.23296	-384.17515	-380.04136
5	155	-833.76152	-810.15193	-755.99891	23.609588	-54.153018	-819.55501	-793.74989	-739.21283
5	156	-503.83092	-491.59975	-481.57723	12.231175	-10.022523	-486.78839	-483.98275	-464.91365
5	157	-686.81624	-682.99688	-680.18501	3.81936	-2.8118668	-671.21551	-665.6032	-660.89961
5	158	-462.40003	-461.98418	-461.13835	0.41584964	-0.84583203	-455.89208	-452.50829	-449.39617
5	159	-939.02642	-910.55344	-866.29523	28.472983	-44.258215	-924.46141	-890.27603	-844.47537
5	160	-252.875	-249.71716	-251.20891	3.157836	1.4917444	-249.74742	-241.72101	-239.50108
5	161	-493.04364	-491.63293	-486.98073	1.4107144	-4.652197	-484.82819	-480.04059	-466.87844
5	162	-703.07735	-690.38253	-681.86696	12.694818	-8.5155712	-690.41574	-675.04382	-664.18312
5	163	-870.06412	-867.55102	-843.1993	2.5130921	-24.351724	-856.93748	-848.72189	-817.41609
5	164	-285.46818	-285.4614	-285.88368	0.0067766743	0.42227618	-282.56305	-280.97612	-278.13062
5	165	-594.23622	-590.59251	-574.98751	3.6437146	-15.605001	-576.17905	-569.62521	-556.31275
5	166	-547.80114	-545.1762	-538.68808	2.6249427	-6.4881195	-531.31914	-530.64618	-518.90547
5	167	-938.69742	-901.63046	-870.76508	37.066959	-30.865375	-926.92258	-882.32324	-846.65593
5	168	-342.04552	-340.80638	-341.64618	1.2391419	0.83979543	-333.81729	-329.22997	-326.81598
5	169	-745.05275	-719.78576	-697.25172	25.266994	-22.534039	-729.80668	-698.34318	-674.9053
5	170	-725.71787	-717.46697	-715.12647	8.250899	-2.3405036	-710.92255	-698.14087	-692.48668
5	171	-475.97717	-475.38529	-469.25639	0.59187498	-6.1288985	-473.70082	-471.02085	-454.70747
5	172	-1371.3615	-1318.3992	-1234.6055	52.962321	-83.793716	-1360.4229	-1304.0251	-1214.339
5	173	-467.7522	-460.45215	-461.07987	7.3000419	0.62771798	-455.00064	-447.97151	-442.34379
5	174	-719.37582	-718.8771	-710.73264	0.49872234	-8.1444654	-706.67772	-703.3631	-692.47089
5	175	-946.12866	-938.1723	-887.09633	7.9563657	-51.075967	-930.9564	-917.65853	-865.04777
5	176	-422.28049	-422.08188	-405.45136	0.19860896	-16.630523	-411.51199	-410.39385	-396.52021
5	177	-530.49941	-526.602	-527.35134	3.8974126	0.74933972	-516.73503	-510.56025	-510.57299
5	178	-472.61384	-464.85792	-456.41356	7.75592	-8.4443596	-461.61964	-452.8938	-441.56832
5	179	-611.4634	-608.76569	-597.25354	2.6977161	-11.512152	-595.9016	-592.23986	-576.06386
5	180	-906.51121	-862.83386	-828.51841	43.677351	-34.315449	-892.36875	-843.37098	-810.04769
5	181	-620.77533	-598.69386	-589.23343	22.081469	-9.4604319	-602.05339	-576.8288	-564.76282
5	182	-517.16032	-509.58903	-509.8029	7.5712928	0.21387664	-503.96783	-502.84707	-497.02291
5	183	-731.56257	-711.74233	-688.55301	19.820247	-23.189316	-715.71231	-690.06559	-664.7789
5	184	-536.71885	-521.99238	-523.0387	14.726473	1.0463208	-518.83128	-508.9241	-508.84925
5	185	-470.62964	-470.07184	-451.48376	0.55779668	-18.588078	-460.95719	-456.41551	-434.35213
5	186	-578.36933	-571.91111	-542.51634	6.4582142	-29.394774	-563.49684	-553.01785	-523.04679
5	187	-672.11578	-661.81546	-645.68454	10.300325	-16.130919	-656.07325	-640.80689	-622.21943
5	188	-281.20852	-281.91691	-265.64365	-0.70838863	-16.273261	-268.19564	-268.61392	-253.02669
5	189	-962.97558	-911.30236	-833.39751	51.673216	-77.90485	-944.83996	-893.03685	-813.14943
5	190	-343.81087	-344.37151	-342.76875	-0.56064108	-1.6027622	-341.33408	-341.75318	-333.79655
5	191	-839.93981	-823.31886	-793.45442	16.620949	-29.864437	-826.22868	-805.94107	-769.50157
5	192	-534.404	-528.22426	-505.75209	6.1797449	-22.472163	-518.13249	-510.5104	-487.591
5	193	-845.28459	-844.67863	-782.96601	0.60595468	-61.712626	-832.94885	-827.41346	-766.76331
5	194	-773.8334	-755.72243	-729.67258	18.110967	-26.049851	-757.0352	-733.69614	-705.94567
5	195	-551.46747	-540.87038	-530.93271	10.597094	-9.9376731	-538.22759	-535.01039	-511.77709
5	196	-1188.8123	-1128.8154	-1072.1542	59.996946	-56.661174	-1177.1392	-1110.0807	-1048.0055
5	197	-527.29853	-527.44395	-509.69429	-0.14541949	-17.749657	-508.69151	-507.88463	-491.52834
5	198	-753.80949	-750.30202	-726.83662	3.5074744	-23.465395	-740.16407	-730.17305	-703.74657
5	199	-361.76487	-354.3244	-356.15728	7.440468	1.8328749	-353.48928	-347.33313	-346.75949
5	200	-476.80542	-477.92327	-477.18103	-1.117853	-0.74224513	-459.79363	-460.2128	-458.62698
5	201	-1063.315	-1036.8909	-992.17242	26.424137	-44.718482	-1049.71	-1015.2162	-966.47367
5	202	-367.14663	-364.25938	-364.72837	2.8872572	0.46898967	-362.72388	-356.10825	-351.40746
5	203	-631.40942	-608.60522	-599.3376	22.8042	-9.2676164	-614.85395	-589.73857	-581.58132
5	204	-753.39876	-732.32555	-716.55574	21.073211	-15.769805	-737.78115	-714.68171	-697.87816
5	205	-540.53806	-516.07797	-488.34569	24.460087	-27.732288	-524.91507	-499.40609	-473.03045
5	206	-699.97933	-699.07511	-685.40857	0.90421953	-13.666536	-685.83052	-681.35332	-663.50396
5	207	-682.47948	-660.36789	-641.16899	22.111586	-19.1989	-665.73351	-638.25038	-617.8595
5	208	-645.12745	-637.85018	-620.01702	7.2772696	-17.833161	-630.34815	-621.01828	-603.77321
5	209	-759.77499	-744.60605	-735.65085	15.168938	-8.9551981	-745.25799	-723.44467	-712.99679
5	210	-573.21373	-567.07665	-560.93711	6.1370767	-6.1395455	-560.05002	-547.63691	-538.38714
5	211	-354.3492	-353.14732	-353.68879	1.2018721	0.54147064	-351.88394	-347.55934	-344.22416
5	212	-480.09679	-479.00524	-464.37869	1.0915468	-14.626546	-468.72567	-463.15486	-447.04977
5	213	-441.66155	-437.2488	-430.29328	4.4127546	-6.9555142	-437.36591	-430.04117	-416.74614
5	214	-1196.6807	-1122.9137	-1048.0197	73.766966	-74.894076	-1182.1208	-1101.3375	-1026.3591
5	215	-680.97047	-669.64695	-638.43135	11.323526	-31.215596	-664.37335	-649.73068	-618.99366
5	216	-882.64597	-856.98829	-826.27748	25.657683	-30.710801	-868.28127	-839.23211	-808.00814
5	217	-323.38727	-319.40451	-320.99344	3.9827607	1.5889294	-319.39237	-309.99745	-307.00556
5	218	-1174.0281	-1105.7477	-1056.8382	68.280382	-48.909472	-1162.1795	-1086.488	-1035.3635
5	219	-661.94569	-657.02354	-600.33642	4.9221513	-56.687117	-648.4633	-641.32292	-584.92785
5	220	-364.64641	-363.83546	-362.37268	0.8109449	-1.4627799	-359.75586	-355.61384	-347.89729
5	221	-529.24671	-523.47698	-511.51429	5.7697316	-11.962693	-514.9977	-505.73694	-493.52788
5	222	-474.31966	-471.51571	-461.43367	2.8039479	-10.082041	-469.5708	-464.17593	-450.46037
5	223	-545.87762	-544.96038	-528.71977	0.91724884	-16.240607	-527.64212	-524.31505	-505.81385
5	224	-508.30878	-507.7871	-503.20237	0.52168067	-4.5847209	-506.24005	-503.28045	-488.29073
5	225	-629.99892	-628.84648	-623.75072	1.152445	-5.0957535	-614.35763	-611.90211	-603.64646
5	226	-371.47235	-366.46186	-360.51043	5.0104968	-5.9514219	-360.24182	-354.95903	-345.47337
5	227	-289.66371	-277.87176	-279.10306	11.79195	1.2313055	-280.44395	-271.9713	-270.00421
5	228	-564.26743	-557.37468	-550.84266	6.8927536	-6.532018	-552.94048	-544.93234	-535.37861
5	229	-955.99951	-917.88474	-916.39612	38.114774	-1.4886186	-939.87045	-897.59305	-894.00658
5	230	-920.96196	-918.6944	-888.86318	2.267565	-29.831222	-908.49001	-900.6056	-865.48319
5	231	-793.0358	-779.42362	-765.80595	13.612181	-13.617662	-779.52674	-765.14182	-749.19844
5	232	-557.81905	-557.15304	-552.58528	0.66601149	-4.5677582	-542.32136	-538.14322	-531.66385
5	233	-587.8018	-585.13614	-569.94273	2.665658	-15.193417	-571.58596	-564.75771	-543.89857
5	234	-460.72962	-451.38278	-453.32442	9.3468328	1.9416353	-454.75048	-443.60861	-443.03694
5	235	-468.73582	-468.39436	-447.71586	0.34145789	-20.678499	-454.6995	-452.56264	-428.08414
5	236	-734.33057	-732.36684	-731.38958	1.9637265	-0.97726489	-721.43272	-713.18616	-711.54878
5	237	-239.99007	-240.41117	-241.18236	-0.42109453	0.77119573	-236.87931	-237.29818	-237.29668
5	238	-406.93035	-400.49086	-394.1932	6.4394929	-6.2976564	-404.4908	-393.44304	-380.63791
5	239	-629.35592	-623.41434	-608.1703	5.9415887	-15.244037	-613.08806	-605.47526	-591.24939
5	240	-483.1192	-479.57035	-471.16557	3.5488518	-8.4047819	-469.7182	-461.80146	-453.64989
5	241	-699.8858	-688.53241	-685.98304	11.353387	-2.5493687	-688.52541	-672.8523	-665.17767
5	242	-451.87028	-448.36879	-436.08549	3.5014958	-12.283292	-433.75247	-431.61073	-420.92417
5	243	-1550.1556	-1378.3896	-1254.2589	171.76592	-124.13072	-1534.4788	-1359.1511	-1232.5862
5	244	-1271.6103	-1178.1164	-1133.9157	93.49392	-44.200692	-1257.805	-1158.8243	-1110.623
5	245	-486.84675	-473.25495	-471.46084	13.591794	-1.7941067	-469.24426	-461.85338	-451.67239
5	246	-412.5594	-412.65305	-411.39391	-0.093650103	-1.2591367	-406.11427	-404.88041	-395.17432
5	247	-284.94871	-281.02689	-281.36798	3.9218215	0.34109031	-282.07085	-275.63551	-270.6289
5	248	-420.45975	-420.39714	-417.50321	0.062610423	-2.8939284	-413.32227	-410.75324	-401.27521
5	249	-600.29059	-594.83604	-593.43284	5.4545566	-1.4031924	-582.85398	-573.67417	-570.39137
5	250	-567.28211	-538.359	-532.04656	28.923109	-6.312433	-552.88362	-524.67459	-516.10809
5	251	-494.15198	-482.32944	-457.41199	11.822536	-24.91745	-480.70878	-466.31022	-443.70118
5	252	-582.47038	-557.95109	-559.16613	24.519282	1.2150325	-567.43484	-548.04266	-547.3758
5	253	-584.83611	-574.52408	-576.12884	10.312037	1.6047647	-572.1876	-560.30644	-560.26016
5	254	-1356.0354	-1226.571	-1232.9938	129.46438	6.4227818	-1342.5737	-1206.522	-1198.4872
5	255	-827.36418	-824.99941	-801.2151	2.364769	-23.784309	-814.80427	-806.6484	-776.70895
5	256	-694.94462	-664.19921	-631.07092	30.745408	-33.128294	-679.65335	-649.05568	-615.89901
5	257	-582.47672	-578.31736	-560.42927	4.1593613	-17.888089	-569.33632	-559.68313	-541.97352
5	258	-684.89714	-671.32339	-647.94975	13.573749	-23.373644	-669.03368	-651.03051	-626.24431
5	259	-1095.0978	-1020.0376	-980.0191	75.060246	-40.018472	-1078.2069	-999.37375	-960.56121
5	260	-527.51149	-517.98099	-503.60326	9.5305009	-14.377729	-512.24014	-499.00838	-487.90883
5	261	-219.14445	-218.39305	-219.44349	0.75140488	1.0504474	-216.00651	-211.05086	-211.05025
5	262	-721.95976	-712.88695	-704.50926	9.0728013	-8.3776894	-708.91804	-692.21582	-680.61376
5	263	-905.18681	-872.00318	-795.71455	33.183636	-76.288629	-889.87207	-854.66969	-776.36267
5	264	-450.8718	-422.98326	-423.93963	27.888542	0.95636449	-438.489	-417.90136	-416.2278
5	265	-703.97636	-699.74331	-677.39098	4.2330518	-22.352332	-687.72756	-682.77527	-657.96285
5	266	-362.8859	-363.11838	-363.71792	-0.23248034	0.59953438	-360.05274	-358.6527	-355.6415
5	267	-495.80965	-485.92958	-486.75258	9.8800671	0.82300418	-483.93987	-477.23474	-472.60221
5	268	-504.79773	-494.83398	-493.02493	9.9637428	-1.8090544	-491.96668	-482.11891	-478.34404
5	269	-576.21958	-550.31321	-530.68779	25.90637	-19.625423	-562.32617	-533.01604	-512.59518
5	270	-583.12866	-575.66453	-575.25132	7.4641283	-0.41321103	-570.63961	-561.59275	-557.21979
5	271	-319.49896	-319.85476	-320.38584	-0.35580792	0.53107348	-316.7653	-317.18521	-314.24844
5	272	-1379.7843	-1308.7537	-1141.8969	71.030648	-166.85675	-1366.7652	-1291.2479	-1120.9756
5	273	-484.76966	-481.04045	-475.35494	3.7292153	-5.6855036	-468.50849	-462.39513	-456.66515
5	274	-369.38266	-365.67922	-360.61224	3.7034351	-5.0669875	-357.53684	-353.8623	-344.02265
5	275	-619.73939	-586.52443	-588.61421	33.214952	2.0897727	-601.85826	-576.7498	-574.09417
5	276	-550.26258	-543.88796	-537.42865	6.374618	-6.459306	-532.51953	-523.12529	-517.29745
5	277	-321.98679	-318.32866	-319.27306	3.6581348	0.94440271	-319.20051	-313.27013	-311.34024
5	278	-1060.7431	-1029.0258	-973.7957	31.717278	-55.230099	-1048.6462	-1010.893	-952.90617
5	279	-402.48113	-402.92247	-404.16049	-0.44133191	1.2380207	-400.16736	-400.58497	-389.61732
5	280	-347.85989	-345.24382	-342.1801	2.6160734	-3.0637182	-336.17088	-332.7374	-326.8041
5	281	-1172.3489	-1104.0925	-1055.6253	68.256474	-48.467169	-1159.2945	-1084.9176	-1032.5725
5	282	-532.65098	-531.65601	-512.2508	0.99497169	-19.405209	-515.86963	-514.19788	-494.84259
5	283	-509.40427	-499.38185	-499.25101	10.022418	-0.13083479	-504.274	-492.8031	-488.08247
5	284	-1008.5655	-970.02887	-890.73825	38.536654	-79.290621	-991.8842	-951.61406	-866.40804
5	285	-767.39354	-762.89329	-756.49264	4.5002423	-6.4006587	-755.83593	-743.57949	-733.95114
5	286	-435.7209	-435.02434	-429.23274	0.69656316	-5.7915939	-430.86541	-427.17736	-414.98978
5	287	-803.50098	-780.38466	-754.20883	23.116317	-26.175831	-787.81643	-760.63474	-734.04662
5	288	-383.39525	-379.35629	-379.2153	4.0389634	-0.14098322	-380.94616	-372.7667	-366.98018
5	289	-492.1123	-475.47503	-465.34726	16.637268	-10.127772	-474.24126	-462.3677	-448.32117
5	290	-751.07958	-749.30702	-738.52671	1.7725629	-10.780312	-738.7402	-732.42393	-714.36811
5	291	-714.82097	-713.06165	-664.25756	1.7593265	-48.804086	-700.93904	-695.74241	-646.67467
5	292	-605.80876	-597.01342	-591.07234	8.7953355	-5.9410871	-587.69441	-576.57318	-572.23162
5	293	-563.98173	-562.07469	-561.93643	1.9070374	-0.13826157	-556.4382	-548.99017	-542.14109
5	294	-449.01327	-444.97625	-446.20897	4.0370179	1.2327231	-440.61175	-432.78593	-430.84579
5	295	-405.9191	-402.07149	-396.67518	3.847606	-5.3963066	-393.56557	-389.9367	-382.4997
5	296	-718.37891	-706.10925	-696.78367	12.269655	-9.3255855	-705.24044	-686.04638	-676.95865
5	297	-398.56038	-395.76622	-386.51728	2.7941522	-9.24894	-390.18153	-387.34225	-376.59048
5	298	-584.21071	-568.31792	-562.59583	15.892792	-5.7220915	-566.87789	-549.89528	-543.51422
5	299	-360.07445	-360.53676	-352.38509	-0.46231005	-8.1516671	-357.51129	-357.92893	-341.10663
5	300	-602.31375	-596.93855	-579.0324	5.3752036	-17.906153	-581.82193	-571.88683	-553.01978
5	301	-621.34274	-595.446	-588.54768	25.896735	-6.8983194	-601.80218	-575.69195	-571.21802
5	302	-537.84447	-526.17262	-524.78651	11.671849	-1.3861112	-523.10275	-512.78662	-505.50466
5	303	-1486.095	-1327.3293	-1283.0375	158.76564	-44.29182	-1468.9815	-1304.4269	-1262.0963
5	304	-505.31745	-489.96712	-492.03699	15.350327	2.0698644	-497.03045	-482.4479	-482.49128
5	305	-436.8236	-434.14863	-434.72767	2.6749696	0.57904259	-431.11355	-423.40993	-419.87996
5	306	-561.39527	-562.03135	-554.19304	-0.63607652	-7.8383114	-545.9684	-546.40369	-532.16894
5	307	-652.88433	-636.68697	-641.1495	16.197364	4.4625297	-641.73471	-630.04923	-617.34477
5	308	-754.59344	-731.05186	-699.04942	23.541575	-32.002442	-739.80203	-707.51488	-677.11922
5	309	-805.07786	-758.56255	-759.48817	46.515311	0.92561451	-788.93319	-738.90878	-738.89702
5	310	-478.79479	-455.64296	-455.72289	23.151838	0.079935058	-465.13272	-444.58776	-439.86715
5	311	-331.96778	-332.20445	-331.36216	-0.23666879	-0.84228804	-320.54529	-320.50619	-317.76494
5	312	-537.42909	-525.25931	-517.58392	12.169782	-7.6753891	-524.91402	-514.06325	-501.9075
5	313	-428.96156	-428.81291	-419.36384	0.14865264	-9.4490691	-426.57303	-424.2179	-403.55932
5	314	-290.76695	-291.17272	-291.75174	-0.40576794	0.57902469	-287.87864	-287.04506	-285.7164
5	315	-729.66704	-717.61786	-717.61846	12.049176	0.00060130934	-718.03594	-698.95209	-698.96686
5	316	-537.44435	-515.32667	-515.99108	22.117683	0.66441097	-524.85285	-507.17719	-502.91153
5	317	-851.39437	-824.09101	-788.27816	27.303369	-35.812843	-835.83168	-803.49211	-764.0408
5	318	-450.54992	-450.05965	-434.92682	0.4902708	-15.132836	-443.55468	-440.63754	-418.06222
5	319	-529.72906	-527.54842	-511.05295	2.1806454	-16.495468	-510.87069	-508.64584	-491.05857
5	320	-475.50678	-469.4291	-461.76359	6.0776891	-7.6655071	-458.84921	-453.33665	-443.05239
5	321	-667.2719	-655.18736	-631.76388	12.084539	-23.423481	-652.80751	-636.97174	-613.63618
5	322	-436.40386	-430.91718	-431.63431	5.4866771	0.71712197	-427.0787	-422.4405	-417.83368
5	323	-888.62777	-862.94755	-824.33773	25.680215	-38.609828	-872.66695	-842.73587	-801.693
5	324	-429.37526	-423.32888	-424.57362	6.0463749	1.2447382	-416.67644	-414.74907	-413.76839
5	325	-474.45291	-474.42389	-469.80134	0.029018503	-4.6225463	-468.07561	-464.69415	-448.51357
5	326	-571.66689	-539.32486	-503.48899	32.342033	-35.835867	-556.86186	-522.37716	-488.00482
5	327	-376.83625	-377.03425	-376.59725	-0.19800093	-0.43699829	-371.66968	-370.92753	-366.14184
5	328	-428.18835	-426.58161	-426.45515	1.6067424	-0.12645695	-419.83027	-415.34906	-411.44325
5	329	-421.84433	-421.17647	-413.10265	0.66786193	-8.0738196	-418.80488	-415.61993	-400.87543
5	330	-398.92485	-398.65348	-397.01286	0.2713634	-1.6406282	-396.26946	-394.00522	-378.20439
5	331	-353.35103	-353.70047	-353.91197	-0.34944128	0.21150143	-348.82466	-348.06522	-343.33636
5	332	-302.27337	-300.70986	-299.92249	1.5635091	-0.78736445	-296.31578	-291.78007	-281.75701
5	333	-575.37688	-560.94936	-555.12135	14.427524	-5.828011	-561.45788	-547.11593	-535.7553
5	334	-458.562	-449.736	-450.4443	8.8259972	0.70829505	-443.63452	-437.95785	-436.03035
5	335	-363.6201	-362.91206	-362.03809	0.70803831	-0.87396763	-360.79234	-358.50061	-349.20609
5	336	-602.89452	-590.76872	-574.12506	12.125794	-16.64366	-586.64508	-570.97022	-555.42564
5	337	-252.34683	-252.31726	-253.16879	0.029572948	0.8515256	-249.22095	-247.31995	-246.78884
5	338	-243.04319	-243.53962	-244.3044	-0.49642912	0.76477887	-240.11888	-240.53663	-240.53664
5	339	-967.19826	-911.71329	-900.49547	55.484968	-11.217821	-951.8334	-891.9704	-879.72915
5	340	-719.57523	-717.65532	-707.71358	1.9199113	-9.9417409	-706.32714	-698.62168	-683.30858
5	341	-1099.9485	-1047.8488	-955.70251	52.099709	-92.146285	-1085.9312	-1029.4022	-932.70458
5	342	-464.81504	-458.65297	-445.42262	6.1620611	-13.230355	-454.92036	-450.8592	-433.72156
5	343	-448.00736	-440.38072	-420.64875	7.6266369	-19.731972	-434.45247	-425.89091	-408.74796
5	344	-493.81665	-486.11188	-478.77458	7.704779	-7.337292	-478.79551	-472.23145	-460.25591
5	345	-569.15314	-559.46318	-532.8749	9.6899629	-26.588283	-552.33083	-540.26004	-514.08405
5	346	-779.676	-771.64802	-751.56534	8.027976	-20.082677	-766.03842	-753.17923	-728.81354
5	347	-359.27641	-359.85377	-354.51596	-0.57735815	-5.3378092	-354.87388	-355.1359	-345.30715
5	348	-804.20348	-802.56275	-780.53788	1.6407273	-22.024876	-792.15063	-787.57684	-758.80111
5	349	-666.4203	-631.09956	-615.97509	35.320742	-15.124466	-652.42199	-613.73846	-600.90996
5	350	-460.09506	-459.55998	-446.30811	0.53508357	-13.251865	-445.49509	-441.88293	-429.37119
5	351	-470.69852	-469.79355	-462.98811	0.90497076	-6.8054335	-463.92299	-461.76651	-447.79629
5	352	-275.41445	-271.18527	-272.41784	4.2291759	1.2325668	-271.33934	-265.01559	-265.43825
5	353	-266.05675	-265.0779	-264.22955	0.978849	-0.84835172	-263.10609	-259.01545	-254.43167
5	354	-1222.4341	-1182.6756	-1060.5114	39.758428	-122.16422	-1208.6413	-1164.8394	-1035.5861
5	355	-422.81925	-422.9275	-421.75885	-0.10825132	-1.1686502	-414.25246	-413.47478	-403.12186
5	356	-404.21627	-399.25998	-397.93729	4.9562912	-1.3226833	-401.89198	-392.42443	-382.03348
5	357	-1240.1416	-1137.4495	-1061.4243	102.69211	-76.025225	-1225.7683	-1122.9171	-1045.0974
5	358	-355.47967	-347.72937	-349.1128	7.7502983	1.3834311	-348.06237	-342.99006	-342.95955
5	359	-516.17345	-513.0761	-505.73915	3.097351	-7.3369471	-503.43259	-498.53739	-489.30316
5	360	-681.06321	-676.4752	-653.40812	4.5880118	-23.06708	-665.25728	-657.01211	-631.69824
5	361	-565.08631	-564.73494	-558.94702	0.35137018	-5.787922	-552.37923	-548.72571	-539.28052
5	362	-335.0955	-327.37834	-328.92093	7.7171549	1.5425889	-332.40865	-319.52836	-316.50698
5	363	-652.39385	-642.89118	-630.53698	9.5026763	-12.354195	-637.14378	-622.93699	-609.21482
5	364	-776.79475	-753.64204	-733.90266	23.152712	-19.739385	-763.57219	-735.02646	-716.98896
5	365	-597.90374	-585.47866	-586.66602	12.425082	1.1873617	-585.52663	-573.24342	-566.04836
5	366	-370.31745	-366.19647	-366.40437	4.1209812	0.20790304	-365.24362	-360.65161	-355.98415
5	367	-562.03198	-547.42761	-544.92948	14.604371	-2.4981322	-544.76019	-528.2781	-525.75191
5	368	-314.70051	-314.17288	-315.28569	0.52762702	1.1128046	-306.85767	-302.9151	-302.91106
5	369	-398.71653	-393.234	-389.09489	5.4825331	-4.1391068	-388.05482	-386.77941	-378.30588
5	370	-582.31168	-569.03031	-567.83125	13.281366	-1.1990568	-563.82339	-546.90304	-547.09916
5	371	-624.19693	-608.35074	-598.42117	15.846186	-9.9295753	-610.59086	-589.32495	-576.67827
5	372	-449.69795	-440.53216	-442.46713	9.1657936	1.9349742	-437.27831	-427.54735	-421.67421
5	373	-416.76352	-413.95734	-401.39446	2.8061859	-12.562879	-403.18708	-394.47885	-379.50184
5	374	-713.28517	-706.18784	-705.07905	7.0973221	-1.1087972	-698.35629	-686.8706	-683.594
5	375	-362.8449	-363.38042	-363.37061	-0.53552027	-0.0098108098	-360.30858	-360.72617	-355.09951
5	376	-418.84572	-417.40383	-414.07636	1.4418985	-3.3274686	-409.93336	-404.74224	-399.09036
5	377	-702.63722	-667.78353	-627.4607	34.853687	-40.322833	-680.28064	-646.55295	-608.62433
5	378	-427.6953	-426.30762	-426.76541	1.387679	0.45778355	-420.02736	-414.42586	-411.69253
5	379	-801.57931	-784.31525	-755.56765	17.264061	-28.747605	-786.11687	-767.09027	-736.90448
5	380	-432.77156	-425.5057	-424.74641	7.2658648	-0.75929151	-417.9646	-412.92882	-407.72771
5	381	-431.68998	-431.9742	-432.4101	-0.28422759	0.43589384	-427.39698	-427.20045	-422.85981
5	382	-573.53138	-562.69813	-545.51572	10.833243	-17.182413	-558.17038	-545.78734	-528.89428
5	383	-348.27641	-340.04169	-337.73615	8.2347172	-2.3055369	-338.56805	-331.4396	-322.89723
5	384	-436.45506	-428.80412	-425.96914	7.6509362	-2.8349859	-423.13341	-414.42734	-409.75549
5	385	-628.67686	-620.09101	-587.17304	8.5858501	-32.917964	-612.75723	-601.80221	-567.26397
5	386	-481.08665	-465.7394	-465.3518	15.347255	-0.38760065	-464.76774	-452.32463	-444.33083
5	387	-628.58129	-627.2795	-611.84917	1.3017898	-15.430332	-613.43216	-609.90069	-594.74447
5	388	-415.2522	-402.58969	-400.77801	12.662506	-1.8116772	-403.71462	-395.90908	-388.62029
5	389	-284.18011	-284.14946	-284.29608	0.03065018	0.14661796	-281.30847	-279.63654	-275.91439
5	390	-303.39115	-286.39319	-285.89574	16.997959	-0.49745378	-293.48053	-279.17497	-274.45722
5	391	-664.31873	-645.13299	-643.70607	19.185738	-1.4269275	-648.4075	-622.78784	-622.82274
5	392	-817.20317	-743.57524	-731.70653	73.62793	-11.86871	-800.09966	-728.07578	-716.15739
5	393	-916.93182	-884.95756	-853.23888	31.974263	-31.718681	-904.84125	-864.68315	-830.27319
5	394	-434.34011	-433.76893	-429.62282	0.57117907	-4.1461139	-431.21627	-428.91014	-414.4863
5	395	-580.4338	-574.91426	-562.98501	5.5195338	-11.929254	-567.91864	-564.39754	-545.0315
5	396	-693.7848	-667.58647	-636.98249	26.198329	-30.603981	-681.3329	-652.39209	-623.10808
5	397	-685.97111	-670.90874	-632.55064	15.062377	-38.358091	-669.46532	-653.38479	-618.34143
5	398	-943.17069	-912.93337	-841.40072	30.237318	-71.532652	-927.63506	-894.82047	-823.64115
5	399	-437.46157	-413.84655	-372.24244	23.615018	-41.604119	-422.64956	-398.4592	-359.75343
5	400	-638.54881	-636.83916	-611.60222	1.7096523	-25.236939	-626.40899	-621.71519	-594.69332
5	401	-886.39041	-860.22234	-806.77476	26.168072	-53.447571	-872.62736	-839.46983	-783.65915
5	402	-539.58653	-532.28749	-533.41038	7.29904	1.1228886	-528.50766	-523.42925	-517.5836
5	403	-497.93209	-495.87694	-492.7903	2.0551428	-3.086644	-492.97897	-489.06412	-475.85434
5	404	-382.21865	-376.0514	-377.31215	6.1672445	1.2607514	-374.37655	-367.96185	-367.63507
5	405	-1035.3897	-966.7605	-905.94545	68.629211	-60.815045	-1019.3982	-951.171	-887.24923
5	406	-930.24176	-902.6618	-869.16759	27.579965	-33.494203	-915.01654	-883.89323	-849.49083
5	407	-390.51248	-386.60642	-387.61526	3.9060557	1.0088381	-381.29326	-374.40545	-369.61859
5	408	-653.04538	-640.86763	-627.65972	12.177754	-13.207903	-638.57205	-624.56888	-608.40641
5	409	-914.32953	-879.48884	-828.35124	34.840699	-51.137595	-903.09114	-862.45245	-808.57983
5	410	-562.4843	-542.70374	-539.01719	19.780556	-3.6865544	-547.89142	-528.15903	-517.92122
5	411	-661.94179	-655.29725	-648.34459	6.6445439	-6.9526569	-647.86368	-637.54794	-626.36348
5	412	-701.43911	-702.47256	-680.1275	-1.0334543	-22.345061	-687.3498	-683.51305	-660.25585
5	413	-724.65653	-710.63029	-682.57952	14.026234	-28.05077	-705.80148	-690.66273	-665.13376
5	414	-756.07291	-742.72716	-724.64013	13.345745	-18.087033	-742.22192	-722.57147	-701.76298
5	415	-737.13724	-727.45968	-711.34975	9.6775565	-16.109927	-719.98264	-703.78404	-687.43051
5	416	-380.08564	-379.64309	-378.27681	0.44254483	-1.3662799	-377.68748	-375.01299	-363.35211
5	417	-464.1971	-453.35557	-455.28446	10.841522	1.928887	-454.46023	-443.7899	-441.3756
5	418	-379.29243	-378.07248	-377.87853	1.2199499	-0.19395264	-376.78871	-371.80132	-366.41374
5	419	-511.72226	-510.79592	-498.51141	0.92634036	-12.284509	-496.74656	-493.05866	-477.62587
5	420	-535.28133	-534.7626	-530.57894	0.51872534	-4.1836596	-526.17697	-523.16147	-506.85945
5	421	-344.93009	-342.00094	-343.81912	2.929149	1.8181877	-342.32357	-335.06724	-334.7195
5	422	-427.23003	-423.12324	-423.19834	4.1067919	0.075102375	-419.15168	-410.7202	-398.75076
5	423	-732.48558	-719.17821	-715.11934	13.30737	-4.0588643	-719.69244	-700.87341	-696.85244
5	424	-459.00344	-440.70355	-430.9112	18.299887	-9.7923553	-446.35428	-432.34227	-415.6475
5	425	-951.56539	-918.5336	-912.73506	33.031783	-5.7985428	-936.73027	-899.75985	-890.43744
5	426	-576.75714	-575.96848	-574.79845	0.78866072	-1.1700309	-565.25025	-565.51679	-556.94198
5	427	-756.60216	-754.37557	-736.3799	2.2265955	-17.995669	-744.11016	-734.98366	-710.84822
5	428	-605.88228	-605.19976	-597.51675	0.68252297	-7.6830153	-591.73961	-591.75592	-577.53864
5	429	-355.09974	-355.11329	-354.47722	-0.013545418	-0.63607171	-352.58689	-351.57014	-344.52516
5	430	-832.24547	-810.49162	-765.34101	21.753848	-45.150609	-815.07667	-787.43597	-741.89061
5	431	-639.09677	-606.69622	-603.21102	32.400557	-3.4851929	-625.36828	-594.75015	-586.05145
5	432	-447.54995	-443.21099	-443.83237	4.3389676	0.62137993	-442.86933	-436.52529	-430.81898
5	433	-364.51236	-363.82757	-358.88614	0.68478751	-4.9414368	-361.91045	-358.90501	-347.19296
5	434	-549.96761	-535.38382	-538.04818	14.583787	2.664364	-534.98496	-521.79035	-521.79858
5	435	-639.24172	-639.18194	-616.77277	0.059781051	-22.409171	-625.4587	-625.88568	-600.10205
5	436	-703.52357	-683.54045	-684.8009	19.983121	1.2604478	-686.87465	-666.47162	-661.58506
5	437	-1161.6422	-1112.1293	-1037.0426	49.512853	-75.086762	-1150.2351	-1095.7492	-1017.4484
5	438	-264.73549	-259.20957	-260.37819	5.5259192	1.1686178	-261.25137	-250.50195	-248.50104
5	439	-812.04652	-806.55731	-777.44856	5.4892106	-29.108749	-799.42774	-787.33254	-754.96942
5	440	-875.79129	-871.21874	-848.60908	4.5725506	-22.609662	-863.6801	-851.49032	-823.7135
5	441	-566.91355	-546.43097	-520.42963	20.482585	-26.00134	-553.45823	-531.0338	-503.42375
5	442	-304.35046	-298.35233	-300.06767	5.9981289	1.7153388	-301.60948	-291.08654	-288.69851
5	443	-556.28376	-543.50991	-519.18592	12.773855	-24.323983	-541.01422	-523.42209	-500.46259
5	444	-482.10441	-481.50522	-481.52591	0.59919149	0.020695362	-475.93848	-472.21218	-467.8599
5	445	-764.26087	-744.62235	-725.72894	19.638516	-18.893406	-750.77076	-723.37003	-701.94879
5	446	-444.57154	-443.83793	-442.23257	0.73361797	-1.6053545	-441.97881	-439.05347	-427.32462
5	447	-465.77546	-465.43156	-451.79609	0.34390224	-13.635471	-452.62522	-449.25418	-435.15444
5	448	-611.24761	-601.91376	-586.53488	9.3338473	-15.378878	-597.89476	-589.38649	-571.3893
5	449	-445.09367	-435.13804	-431.82995	9.9556342	-3.3080902	-432.07298	-422.38045	-409.35128
5	450	-542.04518	-539.07839	-523.80155	2.966792	-15.276835	-526.98908	-522.08962	-506.40597
5	451	-369.82325	-364.62364	-365.68403	5.1996151	1.0603865	-367.21249	-359.63882	-358.46673
5	452	-425.98866	-422.09779	-422.21097	3.8908674	0.11317778	-412.99239	-408.61114	-402.83234
5	453	-858.77218	-837.24852	-800.83416	21.523655	-36.414362	-845.08353	-815.8249	-776.71895
5	454	-706.6898	-706.82343	-706.79652	-0.13363465	-0.026910422	-698.02577	-697.02013	-685.68207
5	455	-562.70666	-547.04472	-528.1399	15.661941	-18.904821	-548.46636	-530.00084	-510.76087
5	456	-652.39924	-648.45326	-649.37446	3.9459871	0.92119912	-641.44673	-634.55682	-634.0111
5	457	-429.14524	-416.33155	-417.59239	12.813692	1.2608436	-414.58363	-405.26845	-400.27479
5	458	-438.56647	-438.64502	-440.40732	-0.078551098	1.7623058	-433.15289	-431.96962	-420.17157
5	459	-452.4103	-445.77222	-437.02989	6.6380799	-8.7423346	-438.88965	-434.30133	-420.82482
5	460	-535.50169	-516.07544	-500.93665	19.426246	-15.138791	-519.89007	-499.59059	-486.19432
5	461	-632.50471	-626.71708	-616.65321	5.7876285	-10.06387	-615.30332	-607.76168	-595.87255
5	462	-420.40186	-420.75211	-415.53141	-0.35025818	-5.2207032	-418.04428	-417.10882	-406.29968
5	463	-470.96031	-466.68241	-467.05644	4.2778954	0.37403026	-464.51851	-454.05242	-448.10006
5	464	-400.47228	-396.75499	-393.01211	3.7172906	-3.7428814	-396.12731	-389.3088	-377.06638
5	465	-519.11403	-517.3822	-516.43905	1.7318339	-0.94314462	-498.86946	-495.62376	-494.94359
5	466	-465.37787	-461.467	-462.14464	3.9108689	0.6776341	-457.27395	-450.49484	-445.27471
5	467	-580.55832	-572.77271	-561.94384	7.7856114	-10.828876	-564.12766	-556.42304	-544.41343
5	468	-434.39365	-429.54567	-429.88814	4.8479803	0.34247343	-432.09362	-421.69666	-415.76435
5	469	-361.16507	-358.79701	-359.53742	2.3680582	0.74040493	-356.61003	-351.26924	-347.96513
5	470	-656.04926	-633.38345	-607.33187	22.665807	-26.051575	-639.0545	-614.28508	-591.8452
5	471	-332.38995	-327.66351	-328.9419	4.7264411	1.2783907	-329.72369	-322.44499	-322.4768
5	472	-417.57761	-407.09065	-403.52934	10.486967	-3.5613019	-403.28632	-390.96608	-386.54299
5	473	-1051.8785	-1037.0556	-988.10096	14.822931	-48.95466	-1038.533	-1019.729	-968.60369
5	474	-413.41444	-413.0279	-412.01092	0.3865373	-1.016984	-410.96786	-408.28854	-392.34967
5	475	-1309.9302	-1256.889	-1178.9105	53.04125	-77.978452	-1298.5976	-1236.9022	-1154.1683
5	476	-439.43251	-439.08245	-434.00031	0.35005189	-5.0821403	-437.1788	-434.09628	-420.03921
5	477	-495.42645	-475.54107	-477.96345	19.885382	2.4223824	-480.90485	-466.79839	-466.15161
5	478	-382.87578	-379.41903	-372.47866	3.4567559	-6.9403731	-371.85247	-368.17788	-358.51947
5	479	-342.26485	-335.75766	-329.52213	6.5071859	-6.235531	-333.76328	-329.01064	-314.78254
5	480	-371.43758	-367.58289	-366.79484	3.8546912	-0.78804209	-356.61845	-352.82796	-348.18559
5	481	-677.17837	-659.8567	-649.91269	17.32167	-9.9440092	-661.2391	-644.2573	-632.62848
5	482	-808.73226	-791.46993	-791.74276	17.262331	0.27282541	-794.82789	-773.74345	-773.77891
5	483	-732.94534	-724.85596	-707.86497	8.0893761	-16.990998	-721.54052	-708.52134	-687.43728
5	484	-930.01941	-899.10397	-851.18385	30.915433	-47.920122	-916.36343	-878.99681	-830.37087
5	485	-1091.5977	-1053.7695	-984.57067	37.828154	-69.198849	-1078.6333	-1035.085	-964.83859
5	486	-590.19616	-574.72937	-564.31808	15.466793	-10.411291	-575.57527	-557.53286	-545.44963
5	487	-827.94042	-818.20258	-779.31557	9.7378395	-38.887011	-814.79996	-800.0793	-757.51864
5	488	-478.34915	-467.97885	-467.34277	10.370293	-0.63608685	-464.7517	-454.36755	-448.17837
5	489	-538.0111	-517.79453	-505.90638	20.216566	-11.888151	-521.75713	-501.32961	-487.75371
5	490	-325.45193	-320.42657	-318.78669	5.0253646	-1.6398811	-320.44587	-313.91461	-307.62531
5	491	-477.14734	-473.83785	-460.05266	3.3094916	-13.785188	-468.14452	-460.22242	-442.84397
5	492	-860.54782	-834.93772	-808.08934	25.610106	-26.848373	-846.67188	-816.81913	-786.35229
5	493	-510.68553	-500.40112	-488.8578	10.284409	-11.543321	-496.2642	-485.66121	-472.60319
5	494	-867.42674	-862.378	-791.29975	5.0487333	-71.078254	-849.982	-838.78926	-770.50892
5	495	-360.20229	-358.62805	-356.25754	1.5742445	-2.3705081	-357.56804	-351.02428	-341.65644
5	496	-609.1717	-604.63072	-593.07723	4.5409809	-11.553488	-594.20283	-585.14692	-570.20696
5	497	-540.46721	-523.9393	-502.86625	16.527911	-21.073055	-524.55592	-510.62381	-488.58164
5	498	-574.84148	-563.62885	-540.37234	11.212625	-23.256514	-558.64966	-549.41194	-524.77632
5	499	-569.70051	-545.91202	-546.7853	23.788492	0.87328541	-555.41192	-533.99171	-526.7336
5	500	-505.32729	-506.40745	-492.56976	-1.080157	-13.837685	-491.34148	-489.72256	-473.84278
5	501	-788.19755	-745.38449	-745.74724	42.813061	0.3627473	-773.45231	-726.27452	-725.63759
5	502	-404.73223	-405.25387	-401.10043	-0.52163068	-4.1534379	-392.67731	-393.10639	-390.03933
5	503	-1295.0308	-1179.0699	-1087.919	115.96092	-91.150941	-1280.335	-1157.8278	-1065.6673
5	504	-397.53151	-397.66302	-391.44322	-0.13151418	-6.2198008	-395.15212	-393.03204	-378.80157
5	505	-647.801	-643.54883	-619.87945	4.2521679	-23.669386	-634.00734	-626.93253	-603.34943
5	506	-639.43394	-620.47398	-585.57545	18.959952	-34.898536	-626.78135	-606.42488	-574.93492
5	507	-459.19655	-454.18596	-456.15005	5.0105898	1.9640913	-453.13469	-444.66556	-444.7267
5	508	-401.21277	-399.44736	-385.28623	1.7654148	-14.161133	-394.157	-390.86397	-372.75069
5	509	-1324.1763	-1225.5016	-1175.1851	98.674668	-50.316561	-1312.184	-1206.7863	-1152.4089
5	510	-471.66423	-468.81965	-468.63728	2.84458	-0.18237118	-465.61175	-458.36316	-452.31526
5	511	-969.36636	-938.35558	-902.951	31.010776	-35.404579	-957.73805	-922.55735	-881.42408
5	512	-499.09329	-498.50294	-465.3755	0.59034362	-33.127438	-486.495	-481.4116	-455.44826
5	513	-416.63424	-410.35183	-408.49654	6.2824146	-1.8552852	-402.49143	-397.18724	-390.44451
5	514	-408.86621	-404.13501	-405.48881	4.7311976	1.3537974	-399.76094	-392.21668	-387.6426
5	515	-423.62957	-402.40619	-404.45286	21.223376	2.0466649	-411.47987	-394.71488	-394.73509
5	516	-682.09292	-632.21423	-616.68193	49.87869	-15.532293	-665.53234	-615.31429	-596.948
5	517	-285.9643	-285.05383	-274.38785	0.91047323	-10.66598	-281.01568	-276.3696	-263.92214
5	518	-520.31032	-512.37184	-506.56606	7.9384848	-5.8057744	-505.46954	-495.33885	-484.43874
5	519	-468.61553	-460.2768	-459.52945	8.338728	-0.74734652	-455.8368	-448.37439	-444.15465
5	520	-374.66899	-366.43685	-368.12295	8.2321351	1.686103	-365.37607	-359.42783	-359.48261
5	521	-478.64993	-478.03039	-472.90612	0.61953922	-5.1242638	-474.60999	-472.74184	-461.02849
5	522	-420.56497	-419.94875	-409.05636	0.61621615	-10.892389	-407.45537	-406.63577	-394.92377
5	523	-458.02895	-454.43241	-454.44753	3.5965321	0.015119111	-448.95652	-444.84142	-434.62692
5	524	-377.47432	-377.86253	-378.4929	-0.38820298	0.63037367	-374.80819	-374.0852	-373.02855
5	525	-734.90839	-728.63287	-713.41732	6.2755189	-15.215549	-722.41935	-708.8105	-686.87571
5	526	-361.61351	-361.63558	-359.67212	-0.022071794	-1.9634654	-357.56941	-356.3655	-346.86217
5	527	-916.6992	-877.03705	-862.65197	39.662158	-14.385075	-900.79017	-855.12299	-840.55654
5	528	-342.35069	-342.45865	-342.41367	-0.10795672	-0.044981343	-339.28356	-337.92359	-332.42632
5	529	-516.45252	-509.66323	-510.3448	6.7892909	0.68157356	-508.06462	-500.55083	-495.5512
5	530	-437.95727	-435.78336	-434.51885	2.1739162	-1.2645095	-428.50175	-425.06829	-420.1286
5	531	-464.63209	-451.30503	-448.25256	13.327053	-3.0524745	-456.02564	-443.9169	-433.0757
5	532	-518.59244	-505.64884	-501.64488	12.943599	-4.0039586	-509.18971	-499.51591	-488.74952
5	533	-600.47818	-574.91222	-576.17175	25.56596	1.2595364	-584.91797	-558.1214	-558.19854
5	534	-500.72987	-500.30217	-494.20716	0.42769975	-6.0950047	-488.18351	-484.21728	-474.70798
5	535	-327.13867	-325.01489	-323.87448	2.1237805	-1.1404086	-322.0814	-318.08142	-310.50248
5	536	-378.56165	-377.2128	-378.36628	1.3488429	1.1534802	-376.08509	-370.49068	-368.0263
5	537	-436.41444	-428.89532	-430.57329	7.5191171	1.6779714	-427.10008	-420.57445	-416.61113
5	538	-876.33531	-852.52179	-791.35655	23.813521	-61.165245	-859.79463	-833.40311	-769.83963
5	539	-767.26926	-742.72142	-725.20042	24.54784	-17.521004	-754.84734	-725.25835	-707.96664
5	540	-600.30623	-582.82516	-583.1172	17.481073	0.2920399	-586.66732	-571.80906	-568.22676
5	541	-428.08412	-428.00628	-427.80574	0.07784217	-0.20053243	-420.62615	-419.54143	-413.37515
5	542	-273.5691	-271.44934	-271.72145	2.1197525	0.2721045	-270.71601	-264.08704	-259.92493
5	543	-821.75499	-808.08223	-780.04137	13.672758	-28.040859	-808.66701	-793.01498	-758.57291
5	544	-662.31001	-648.91768	-624.4024	13.39233	-24.515279	-644.89417	-628.92218	-603.99901
5	545	-969.6553	-938.02617	-905.71275	31.629131	-32.313418	-954.57647	-922.04874	-889.19365
5	546	-654.67783	-632.22931	-629.54295	22.448518	-2.6863592	-638.1737	-610.72619	-610.74785
5	547	-466.69063	-466.41411	-461.8204	0.27651738	-4.5937126	-458.08462	-455.89623	-445.74652
5	548	-488.82515	-475.91133	-470.39696	12.913818	-5.5143661	-471.79038	-461.30261	-453.72503
5	549	-887.82359	-842.71351	-787.8083	45.11008	-54.905214	-871.3754	-824.14696	-768.17922
5	550	-285.4381	-285.57517	-285.57126	-0.13706665	-0.0039065615	-279.30766	-277.78084	-275.41347
5	551	-615.49912	-599.29498	-599.0699	16.204141	-0.22508267	-599.89415	-583.89256	-579.57266
5	552	-468.18125	-466.82744	-461.37517	1.3538084	-5.4522704	-459.96269	-455.85995	-445.86676
5	553	-562.40169	-562.04766	-544.34014	0.354022	-17.707522	-546.04377	-544.40016	-521.16306
5	554	-361.04693	-361.02483	-360.73528	0.022100486	-0.28954484	-353.23913	-351.74495	-349.86697
5	555	-401.57953	-400.38934	-402.29105	1.1901853	1.9017088	-391.89469	-388.49022	-388.51065
5	556	-520.48029	-519.77942	-521.84499	0.70086256	2.0655637	-510.90642	-509.20941	-502.40094
5	557	-527.68085	-522.20827	-520.40904	5.4725822	-1.7992219	-515.72869	-508.06372	-501.15133
5	558	-644.26671	-628.60446	-615.31514	15.662248	-13.289323	-630.16043	-609.30893	-595.18864
5	559	-1100.7824	-1058.1071	-953.9021	42.675279	-104.20503	-1089.2336	-1039.0001	-933.819
5	560	-366.17338	-360.24044	-360.31665	5.9329404	0.076216069	-353.79527	-348.73192	-346.44311
5	561	-699.54782	-698.51991	-672.41849	1.0279014	-26.101427	-683.98069	-680.25687	-649.34654
5	562	-534.68587	-532.19938	-527.11483	2.4864939	-5.0845501	-519.98203	-515.05996	-508.52205
5	563	-870.40936	-823.29868	-823.40542	47.110676	0.10673834	-857.32781	-803.21374	-803.20301
5	564	-517.31526	-507.27965	-499.12706	10.03561	-8.1525884	-505.5381	-496.49861	-481.87056
5	565	-479.13711	-464.78008	-440.86953	14.357033	-23.910551	-462.39843	-446.0666	-426.39705
5	566	-1230.2679	-1227.1105	-1076.3467	3.1574395	-150.7638	-1216.3036	-1211.9202	-1055.0027
5	567	-570.15634	-561.57538	-550.57538	8.5809601	-11	-556.41869	-547.93651	-532.58244
5	568	-730.39979	-718.20575	-656.0086	12.194042	-62.197147	-715.11466	-700.55359	-639.28
5	569	-909.80367	-876.6694	-867.15711	33.134271	-9.512292	-896.57164	-862.25813	-851.06818
5	570	-589.9149	-586.95727	-574.19668	2.9576271	-12.760588	-572.40692	-566.31588	-554.21736
5	571	-1019.0811	-987.87361	-905.25537	31.207464	-82.618247	-1003.2498	-968.98944	-883.73883
5	572	-342.60338	-341.24978	-342.16902	1.3536008	0.91923825	-334.36208	-330.56909	-327.48049
5	573	-738.6172	-737.17845	-676.77165	1.4387568	-60.406795	-723.24969	-717.11384	-655.49998
5	574	-480.69087	-465.12064	-466.23537	15.570225	1.1147277	-466.10246	-452.86277	-448.75738
5	575	-843.09216	-808.77922	-752.69031	34.312934	-56.088911	-828.85819	-788.92016	-731.81071
5	576	-267.68478	-268.24091	-268.6532	-0.55612502	0.41228973	-264.86439	-265.28413	-262.64941
5	577	-890.02749	-850.75084	-842.27302	39.276644	-8.4778278	-877.58227	-835.39698	-823.92064
5	578	-373.79583	-372.27493	-363.2828	1.5209057	-8.9921272	-359.66338	-359.54391	-349.75489
5	579	-352.40561	-352.48984	-352.80883	-0.084232389	0.31899429	-350.00368	-348.6149	-345.7761
5	580	-551.52938	-540.76597	-535.5684	10.763407	-5.1975675	-532.50491	-518.4763	-515.53188
5	581	-321.88945	-320.6764	-321.73846	1.2130478	1.0620568	-319.27522	-315.71383	-315.7119
5	582	-720.49351	-692.12256	-691.86529	28.370942	-0.25727658	-705.71122	-672.50624	-672.48155
5	583	-741.7398	-721.99785	-704.79924	19.741953	-17.198605	-727.51879	-703.50792	-686.90543
5	584	-404.88439	-400.56052	-402.7759	4.3238683	2.2153802	-392.02366	-386.35984	-386.35316
5	585	-580.59258	-580.73207	-565.02159	-0.13948981	-15.710482	-564.45842	-563.59487	-544.27679
5	586	-559.91468	-558.79723	-554.57152	1.1174472	-4.2257074	-545.19679	-542.8801	-534.01915
5	587	-508.18951	-507.74585	-504.96809	0.44366829	-2.7777546	-497.21868	-492.57475	-486.50416
5	588	-478.84738	-466.46249	-463.70279	12.384892	-2.7596959	-464.4531	-455.36073	-447.66432
5	589	-634.28891	-628.62125	-611.35628	5.6676616	-17.264966	-617.02494	-608.02687	-589.73342
5	590	-353.87267	-351.24864	-352.55968	2.6240273	1.3110389	-351.34647	-345.45537	-343.25496
5	591	-554.19395	-537.05706	-518.71488	17.136886	-18.342177	-536.53834	-517.70896	-497.15655
5	592	-532.02391	-530.6555	-524.36264	1.3684098	-6.2928564	-518.36501	-513.9371	-505.21295
5	593	-493.43718	-488.61245	-472.34885	4.8247364	-16.2636	-474.3131	-464.10576	-449.63923
5	594	-683.17798	-668.25386	-647.0953	14.924115	-21.158561	-667.31312	-648.50024	-623.90549
5	595	-432.99351	-433.35216	-430.05335	-0.35864976	-3.2988082	-429.0976	-429.33213	-415.54943
5	596	-644.42279	-638.93692	-630.13773	5.4858728	-8.7991893	-630.27019	-621.86382	-615.41477
5	597	-363.37783	-359.00223	-336.94937	4.3756004	-22.052864	-349.5015	-343.39613	-320.97935
5	598	-651.95645	-645.03767	-641.95755	6.9187768	-3.0801184	-636.16935	-627.60163	-622.00633
5	599	-404.79303	-404.2582	-400.97436	0.53483482	-3.2838364	-400.64667	-398.1582	-386.29806
5	600	-1213.7393	-1179.5075	-1091.1209	34.231815	-88.38659	-1200.1961	-1160.5776	-1069.0291
5	601	-369.58612	-364.89555	-357.59861	4.6905732	-7.2969397	-359.42511	-356.2267	-343.5751
5	602	-1558.5323	-1472.7733	-1388.6016	85.759027	-84.171694	-1545.0629	-1457.2329	-1370.47
5	603	-467.86012	-458.93527	-452.34264	8.9248427	-6.5926331	-459.3828	-450.97209	-435.78915
5	604	-409.01329	-406.54413	-403.67234	2.4691603	-2.8717921	-405.83816	-399.90434	-391.0081
5	605	-889.935	-853.17429	-807.3832	36.760718	-45.791086	-876.68857	-833.10889	-786.3966
5	606	-757.84389	-748.03306	-732.83411	9.8108332	-15.198946	-745.45188	-730.33817	-711.73878
5	607	-1128.9023	-1042.296	-963.01114	86.606327	-79.284851	-1114.1671	-1021.7182	-944.3708
5	608	-487.83155	-480.62826	-473.36116	7.2032832	-7.2671028	-474.67495	-467.37763	-453.06866
5	609	-668.22066	-666.02932	-647.25282	2.1913453	-18.776493	-654.63957	-651.27149	-627.15776
5	610	-348.33887	-348.65126	-343.39763	-0.31239215	-5.2536341	-341.57995	-341.97754	-332.80957
5	611	-486.4414	-458.58279	-452.71663	27.85861	-5.8661582	-468.16131	-443.6116	-435.66795
5	612	-416.84871	-416.74513	-411.48041	0.10357593	-5.2647176	-414.41505	-412.30388	-399.84202
5	613	-552.059	-540.71172	-542.60974	11.347281	1.8980203	-538.70868	-526.81564	-525.68963
5	614	-551.7866	-551.41129	-546.82801	0.37531736	-4.5832738	-541.84396	-537.77865	-525.12633
5	615	-1073.8151	-1031.7552	-1009.4711	42.05986	-22.284183	-1058.9418	-1015.2543	-990.3571
5	616	-290.49503	-289.85884	-290.21066	0.63619814	0.35182422	-287.7523	-283.66798	-278.73876
5	617	-487.63082	-486.04059	-487.12321	1.5902369	1.0826237	-476.7984	-472.29072	-472.41664
5	618	-586.88651	-577.2285	-559.02525	9.6580064	-18.203256	-570.35945	-558.54935	-540.95562
5	619	-826.82221	-780.1727	-767.72491	46.649508	-12.447797	-813.78125	-764.01607	-750.08612
5	620	-390.63488	-387.02994	-382.15772	3.6049436	-4.8722219	-383.3257	-374.37805	-363.94709
5	621	-425.3097	-408.54966	-410.8202	16.760043	2.270544	-411.90768	-400.05073	-398.56376
5	622	-372.4455	-371.71272	-372.511	0.73277819	0.79828172	-365.69622	-362.49045	-356.94455
5	623	-1056.8898	-1011.0886	-977.2154	45.801251	-33.873193	-1042.182	-991.42315	-954.86499
5	624	-404.78304	-400.27876	-402.26994	4.5042807	1.9911813	-401.54427	-390.04381	-389.55434
5	625	-345.15303	-336.4058	-338.16316	8.747231	1.7573627	-337.52677	-329.16421	-327.49851
5	626	-700.82547	-677.35214	-670.0407	23.473325	-7.3114372	-682.55557	-657.75728	-648.6534
5	627	-417.77526	-414.11486	-414.17722	3.6603954	0.062354836	-407.01736	-404.08058	-397.93336
5	628	-829.98933	-798.98554	-773.91865	31.003794	-25.066892	-813.86218	-778.71996	-751.36486
5	629	-718.3115	-699.73462	-650.24429	18.576877	-49.49033	-704.01774	-682.63117	-631.59763
5	630	-354.45325	-354.7662	-344.70929	-0.3129558	-10.056909	-340.12247	-340.54401	-329.26806
5	631	-453.0386	-449.67761	-439.79633	3.3609911	-9.8812747	-445.51672	-440.12057	-423.66519
5	632	-327.13611	-323.7383	-322.16513	3.3978147	-1.5731634	-324.48722	-318.59695	-308.53012
5	633	-553.98077	-554.26168	-537.17363	-0.28091152	-17.08805	-538.75938	-537.05503	-518.96943
5	634	-410.37519	-392.87917	-390.99361	17.496023	-1.8855647	-397.31373	-382.99508	-375.03732
5	635	-867.58778	-821.55248	-768.41665	46.035298	-53.135834	-850.91106	-800.4748	-750.50836
5	636	-429.39328	-428.20924	-428.92028	1.1840471	0.71104239	-419.04225	-415.6986	-415.70188
5	637	-651.16033	-617.80966	-618.7169	33.35067	0.90723107	-638.8262	-604.39875	-595.29045
5	638	-416.20226	-407.75531	-408.24793	8.4469539	0.49261781	-408.01284	-399.82036	-395.24611
5	639	-440.75246	-438.22488	-436.08796	2.5275894	-2.1369109	-431.26298	-426.71128	-415.56456
5	640	-744.6342	-727.43702	-718.61276	17.197183	-8.824256	-730.15002	-705.89938	-695.24904
5	641	-485.83439	-467.48647	-465.77132	18.347924	-1.7151478	-470.06944	-458.66566	-451.54746
5	642	-549.43574	-539.55188	-541.20852	9.8838609	1.6566406	-535.86587	-527.56288	-522.29857
5	643	-1177.5223	-1120.8113	-1057.2324	56.710968	-63.578917	-1164.401	-1106.2117	-1040.9975
5	644	-559.32785	-546.51463	-536.04903	12.813214	-10.465599	-544.82281	-527.19178	-518.52637
5	645	-290.39802	-290.93223	-290.89547	-0.53420598	-0.036751856	-287.71504	-288.13306	-283.63393
5	646	-414.13145	-413.92361	-412.89326	0.20784013	-1.0303448	-405.62842	-402.39429	-396.0809
5	647	-383.46179	-382.06228	-382.94989	1.3995037	0.88760242	-378.72142	-373.71084	-370.12514
5	648	-513.92007	-505.16553	-503.38761	8.7545393	-1.7779152	-508.32467	-497.73327	-486.17604
5	649	-490.37741	-489.44508	-482.9507	0.93232773	-6.4943829	-479.17943	-473.14081	-466.9083
5	650	-325.73933	-322.72935	-322.7025	3.0099791	-0.026854949	-317.79015	-310.67186	-305.9021
5	651	-528.83831	-514.72133	-504.87652	14.116983	-9.8448055	-512.20063	-502.05183	-487.67517
5	652	-500.4292	-492.2731	-475.60527	8.1560914	-16.667833	-485.12985	-475.58649	-458.43295
5	653	-573.97728	-559.65145	-554.13924	14.325833	-5.5122086	-559.13634	-546.14801	-536.75914
5	654	-467.2612	-466.7277	-456.27128	0.53350056	-10.456413	-464.38159	-456.2506	-440.91108
5	655	-501.93256	-497.87292	-478.21148	4.0596455	-19.661435	-482.81563	-475.75606	-453.25803
5	656	-410.53139	-405.16377	-406.28798	5.3676188	1.1242076	-402.7138	-397.4172	-392.41283
5	657	-540.35246	-542.38461	-541.28232	-2.0321418	-1.1022829	-527.21202	-526.26342	-525.95058
5	658	-263.68918	-262.38468	-263.82242	1.3045005	1.4377388	-260.65952	-255.33074	-255.33038
5	659	-891.7517	-868.485	-836.10472	23.266704	-32.380272	-877.40527	-848.79415	-814.25087
5	660	-476.25387	-476.00994	-462.91854	0.24393473	-13.091397	-471.39944	-463.63191	-447.64293
5	661	-857.4244	-827.3296	-807.60738	30.094799	-19.722215	-844.9702	-809.24164	-790.96752
5	662	-570.17299	-558.61913	-553.80491	11.553865	-4.8142124	-554.8923	-542.28217	-538.8979
5	663	-465.73941	-454.41208	-455.13969	11.327324	0.7276028	-450.45329	-441.07476	-438.1493
5	664	-441.46624	-441.83639	-441.43116	-0.37015225	-0.40522285	-434.22033	-433.49914	-421.81547
5	665	-521.05525	-520.39474	-519.41489	0.66051468	-0.97984337	-511.83513	-508.84939	-500.66825
5	666	-629.79611	-622.34311	-622.25439	7.453002	-0.088722159	-616.33148	-604.0747	-604.06928
5	667	-395.98467	-388.08108	-389.51061	7.903589	1.4295299	-393.51777	-382.05858	-381.21522
5	668	-344.56643	-339.94023	-340.47566	4.6261988	0.5354276	-339.15613	-334.53479	-330.44009
5	669	-646.6999	-643.11062	-619.73643	3.5892865	-23.374192	-630.13521	-620.78935	-597.54889
5	670	-495.93259	-494.43931	-476.96274	1.4932796	-17.47657	-482.98089	-479.68383	-459.83679
5	671	-392.32568	-384.09225	-382.11634	8.2334334	-1.9759069	-382.05947	-377.08915	-369.74004
5	672	-608.29435	-607.227	-586.8171	1.0673466	-20.409895	-595.4514	-591.91646	-570.00379
5	673	-638.64315	-604.88375	-607.70205	33.759399	2.8182975	-624.85036	-591.70735	-591.70831
5	674	-546.7142	-528.99152	-518.41734	17.722683	-10.574181	-530.57109	-511.24596	-499.63278
5	675	-814.82726	-791.82198	-776.91295	23.005278	-14.909035	-802.33217	-772.19994	-755.15786
5	676	-371.08429	-366.05541	-365.95595	5.028872	-0.099463987	-366.46832	-361.04237	-355.71093
5	677	-995.62232	-958.73542	-885.99627	36.886905	-72.739149	-980.61677	-942.12716	-868.02601
5	678	-789.93098	-732.3273	-732.44168	57.603674	0.11437399	-775.26663	-715.84286	-711.37089
5	679	-464.60178	-447.72033	-448.69282	16.881448	0.97249523	-453.69614	-437.4734	-433.58681
5	680	-735.8174	-717.02292	-653.14258	18.794484	-63.880342	-718.24039	-698.19208	-633.18694
5	681	-454.38709	-444.857	-420.36062	9.5300946	-24.496378	-440.99789	-432.65157	-407.57291
5	682	-331.09648	-331.16735	-330.22457	-0.070863476	-0.94277409	-324.18633	-322.47707	-313.38618
5	683	-490.2248	-490.24924	-481.93881	-0.024443921	-8.3104358	-480.99689	-480.62701	-464.2199
5	684	-1164.1526	-1094.0144	-1082.6349	70.138153	-11.379467	-1152.4402	-1074.5839	-1057.839
5	685	-407.28836	-403.80162	-405.19795	3.4867456	1.396334	-403.58183	-394.96189	-392.75077
5	686	-553.44028	-551.82487	-547.67539	1.6154135	-4.1494781	-537.09126	-532.32541	-525.48933
5	687	-634.20028	-617.27323	-612.69325	16.927054	-4.5799785	-620.94594	-604.34886	-601.27856
5	688	-346.88201	-333.35801	-331.98305	13.523995	-1.3749628	-334.51182	-326.06208	-319.72273
5	689	-493.30116	-492.40703	-492.18195	0.89413091	-0.22508178	-484.19594	-482.25642	-472.96801
5	690	-648.61725	-641.43265	-637.6169	7.184606	-3.8157496	-635.91056	-627.07565	-616.75811
5	691	-763.57903	-738.13433	-738.09817	25.4447	-0.036161273	-749.40575	-716.22354	-716.21608
5	692	-978.85387	-921.3125	-888.64897	57.54137	-32.663534	-965.00118	-903.2844	-867.52511
5	693	-358.60288	-359.1872	-359.56381	-0.58431987	0.37661019	-350.0427	-349.96497	-349.89924
5	694	-473.2988	-462.8589	-464.82948	10.439897	1.9705709	-460.02635	-450.2445	-448.77808
5	695	-531.82451	-530.0232	-517.43932	1.8013111	-12.583879	-518.9138	-512.38814	-493.64131
5	696	-677.67207	-630.246	-631.7491	47.42607	1.5030965	-662.03059	-617.47675	-617.78084
5	697	-449.29627	-446.86874	-440.52443	2.4275349	-6.3443015	-432.28935	-431.3228	-424.42624
5	698	-454.28256	-451.42352	-451.39646	2.8590409	-0.027063292	-451.675	-446.49372	-441.05049
5	699	-377.30236	-376.79541	-376.16828	0.5069533	-0.62713052	-373.52297	-370.72491	-361.64564
5	700	-661.26596	-641.80703	-630.37811	19.458932	-11.428917	-643.79554	-619.67818	-611.13598
5	701	-609.64379	-590.63176	-580.80032	19.012031	-9.8314374	-591.02566	-570.0765	-560.34599
5	702	-440.97648	-440.37364	-433.31202	0.60283833	-7.0616225	-438.55774	-435.13729	-420.64701
5	703	-529.4818	-508.39854	-492.88983	21.083259	-15.508708	-510.78922	-491.35697	-475.20115
5	704	-287.67705	-284.72963	-285.5898	2.9474243	0.86017769	-281.02686	-273.78809	-268.80702
5	705	-622.28701	-618.57616	-617.57682	3.7108435	-0.99934093	-609.23083	-600.94453	-597.4609
5	706	-671.11935	-658.713	-645.65827	12.406357	-13.05473	-659.53938	-641.86726	-622.52853
5	707	-847.4094	-810.50087	-810.12058	36.90853	-0.38028962	-828.22063	-788.03452	-788.08172
5	708	-883.53204	-847.45236	-820.87596	36.079676	-26.576404	-867.60296	-830.58967	-800.34197
5	709	-283.67592	-274.95752	-276.25627	8.7184042	1.2987514	-275.54575	-268.62734	-266.66793
5	710	-561.7082	-562.14382	-551.98632	-0.43562145	-10.157502	-548.77744	-543.66622	-530.30668
5	711	-509.81293	-505.88753	-505.82172	3.9254006	-0.06581341	-507.68727	-496.54722	-490.41299
5	712	-516.56676	-516.50138	-511.83896	0.065372812	-4.6624254	-503.17719	-499.46075	-489.96626
5	713	-307.68287	-306.66472	-307.4814	1.0181508	0.8166791	-300.03903	-295.33188	-292.5754
5	714	-576.99839	-571.89567	-568.70517	5.102721	-3.1905002	-564.46811	-557.1252	-548.37403
5	715	-417.12945	-410.29668	-415.17835	6.8327641	4.8816657	-405.08099	-397.76903	-394.3761
5	716	-300.18094	-293.45571	-294.79845	6.7252302	1.3427352	-290.28663	-287.95928	-287.76768
5	717	-453.53813	-440.22552	-433.77512	13.31261	-6.4503957	-437.96272	-426.54553	-416.49531
5	718	-624.9538	-595.43489	-588.27668	29.518913	-7.1582052	-606.45805	-575.19247	-571.18501
5	719	-646.72233	-631.19007	-624.28307	15.532255	-6.907001	-632.33671	-615.25484	-604.16287
5	720	-373.62058	-373.79125	-363.85378	-0.1706701	-9.937464	-362.95253	-361.07089	-351.56958
5	721	-391.5748	-388.67051	-389.55865	2.9042971	0.88814239	-385.64402	-383.32547	-378.53918
5	722	-359.35506	-359.17107	-359.23419	0.1839899	0.063118419	-356.72853	-354.15222	-349.72715
5	723	-636.45755	-633.03734	-617.83328	3.4202142	-15.204058	-621.18051	-615.63998	-595.06597
5	724	-624.3643	-623.85945	-617.87889	0.50485434	-5.9805581	-608.40361	-607.48181	-597.14231
5	725	-574.27939	-571.52473	-566.23012	2.7546544	-5.2946065	-560.07647	-553.15424	-544.03924
5	726	-775.35118	-737.48335	-725.91729	37.867836	-11.566053	-760.47457	-718.25616	-704.31288
5	727	-479.9343	-450.77393	-451.6058	29.160374	0.83186721	-467.3365	-441.05273	-436.10617
5	728	-379.60618	-379.16428	-378.78853	0.44190086	-0.37575171	-377.04271	-373.57999	-364.93393
5	729	-998.65816	-946.01923	-934.84185	52.638923	-11.177384	-985.77798	-926.9527	-915.9992
5	730	-721.8629	-705.05281	-702.99119	16.81009	-2.0616204	-707.19844	-683.83549	-680.40106
5	731	-607.2935	-607.34499	-590.56253	-0.051486963	-16.782465	-591.58153	-592.0572	-571.01863
5	732	-490.11368	-486.84425	-468.32096	3.2694259	-18.523289	-475.98771	-471.92233	-453.72497
5	733	-460.99362	-461.18993	-456.2547	-0.19631646	-4.9352321	-451.20596	-450.13613	-439.58838
5	734	-372.16584	-360.47871	-353.38607	11.68713	-7.0926392	-358.80584	-349.24298	-336.22851
5	735	-775.93084	-753.06268	-738.74095	22.868157	-14.321735	-764.63667	-736.00906	-719.39903
5	736	-891.69874	-891.48739	-828.97671	0.2113569	-62.510679	-877.55294	-874.70365	-814.14505
5	737	-454.8043	-444.98245	-446.91073	9.8218546	1.9282848	-443.9857	-436.79965	-436.82739
5	738	-638.76441	-616.05165	-593.01668	22.712763	-23.03497	-625.91454	-600.06588	-576.75373
5	739	-359.48875	-358.67165	-352.761	0.81710354	-5.9106492	-355.2516	-350.69746	-341.16712
5	740	-358.51409	-357.65885	-356.1533	0.85524047	-1.5055518	-355.15639	-352.48451	-344.95895
5	741	-600.21857	-592.15188	-589.76771	8.0666909	-2.3841762	-586.42379	-577.16661	-567.64453
5	742	-463.60773	-451.80511	-433.73425	11.80262	-18.070859	-447.48939	-432.15431	-412.57734
5	743	-639.21357	-638.73354	-605.94624	0.4800272	-32.787297	-624.96018	-622.08742	-588.14601
5	744	-397.01693	-391.00221	-381.91681	6.0147198	-9.085398	-382.74051	-375.83339	-363.46909
5	745	-531.68397	-518.81777	-519.31814	12.8662	0.50036851	-520.48843	-509.48925	-505.52143
5	746	-509.36914	-504.23268	-506.53346	5.1364555	2.3007808	-494.78438	-488.87199	-489.03599
5	747	-846.47078	-839.86177	-822.57248	6.6090067	-17.289289	-834.57723	-820.79486	-798.80695
5	748	-511.14312	-497.87332	-496.52743	13.269805	-1.345887	-500.77241	-490.39221	-481.01671
5	749	-577.94368	-569.39818	-554.26752	8.5454977	-15.130665	-557.50759	-547.99175	-529.89764
5	750	-475.24263	-469.80774	-463.71634	5.4348943	-6.0913919	-454.80226	-447.75267	-440.94569
5	751	-678.00538	-647.51011	-645.54402	30.495271	-1.9660919	-667.12703	-635.90367	-630.08803
5	752	-577.70728	-566.47009	-549.89816	11.237189	-16.571932	-561.91406	-547.62875	-527.18519
5	753	-519.94472	-502.47716	-503.45602	17.467566	0.97885573	-507.68798	-495.45877	-490.53838
5	754	-367.69863	-366.15575	-365.91133	1.5428777	-0.24442043	-363.88383	-359.28157	-350.541
5	755	-438.74734	-428.43825	-428.68535	10.309087	0.24710092	-432.68853	-420.61326	-415.20053
5	756	-849.28946	-823.90375	-807.36905	25.385705	-16.534702	-836.63547	-805.24901	-783.5282
5	757	-438.09543	-432.29123	-432.94887	5.8042024	0.6576473	-426.10645	-417.84668	-413.00445
5	758	-547.13078	-530.37844	-528.81365	16.752332	-1.5647937	-531.26607	-516.33468	-510.67565
5	759	-526.69117	-526.64041	-518.73882	0.05075602	-7.9015884	-518.67647	-517.46768	-501.5362
5	760	-429.76238	-428.85408	-418.3241	0.90829233	-10.529986	-418.41374	-412.90262	-398.18192
5	761	-856.87465	-816.2444	-778.01355	40.630246	-38.230848	-840.44834	-794.42986	-753.96704
5	762	-531.93958	-512.38297	-509.72606	19.556618	-2.6569091	-517.38617	-498.75821	-488.63636
5	763	-1169.5587	-1095.7059	-1048.3424	73.852818	-47.363485	-1155.5827	-1076.4381	-1027.172
5	764	-603.66666	-596.33549	-586.74479	7.3311681	-9.5907092	-586.79168	-576.30934	-565.90475
5	765	-181.20952	-181.81232	-179.89097	-0.60279451	-1.9213486	-177.62902	-178.04871	-172.12298
5	766	-488.88833	-482.5811	-481.27378	6.3072305	-1.3073213	-475.33006	-468.39234	-462.98587
5	767	-815.52871	-805.58058	-776.31966	9.9481254	-29.260921	-803.05667	-787.77443	-752.71133
5	768	-502.79054	-501.58591	-485.89073	1.2046236	-15.695188	-484.49879	-484.91627	-471.52561
5	769	-823.08367	-818.01155	-790.18112	5.0721207	-27.830434	-809.17659	-799.78506	-765.8177
5	770	-560.57135	-548.73942	-528.03531	11.831927	-20.704108	-540.22789	-529.59136	-511.01753
5	771	-658.56968	-649.17728	-635.39493	9.3924	-13.78235	-644.98821	-630.15649	-613.75865
5	772	-498.04572	-480.69864	-469.64526	17.347082	-11.053381	-481.36859	-470.62083	-449.86667
5	773	-634.84063	-632.1145	-615.5082	2.726132	-16.606298	-618.68146	-613.33019	-593.08797
5	774	-367.74997	-356.54913	-355.61193	11.200844	-0.93720262	-357.42402	-350.74108	-344.79988
5	775	-259.01675	-256.73032	-258.27445	2.2864324	1.5441259	-255.93523	-249.26477	-249.25087
5	776	-824.66227	-819.55572	-792.71896	5.1065436	-26.836765	-810.87316	-800.40057	-771.30956
5	777	-932.80839	-862.56349	-824.77958	70.244904	-37.783911	-918.36638	-842.99066	-806.86703
5	778	-322.45376	-322.99618	-323.53352	-0.54241472	0.53734492	-319.65602	-320.23385	-318.89233
5	779	-759.7957	-758.1858	-720.62339	1.6098946	-37.562417	-741.78351	-737.93971	-697.50464
5	780	-747.77197	-721.81921	-685.38395	25.952763	-36.43526	-733.93409	-702.61242	-661.95422
5	781	-451.60108	-446.83006	-443.54973	4.7710185	-3.2803331	-438.89123	-432.46501	-422.79407
5	782	-499.81416	-470.51075	-471.73188	29.30341	1.2211329	-485.33531	-458.21884	-455.96803
5	783	-305.93337	-302.66974	-303.89639	3.2636284	1.2266427	-303.09669	-296.52622	-294.74428
5	784	-389.35511	-381.53883	-379.64702	7.8162802	-1.8918096	-375.55732	-372.68762	-359.51074
5	785	-740.47839	-699.37875	-689.25245	41.099644	-10.126301	-724.71303	-687.45509	-672.69915
5	786	-595.42704	-581.5068	-574.96905	13.920241	-6.5377467	-581.67176	-567.57464	-553.70017
5	787	-472.63887	-454.27631	-451.73404	18.362555	-2.5422662	-457.52758	-442.39921	-437.58059
5	788	-343.0605	-340.85595	-341.95853	2.2045432	1.1025764	-334.2441	-327.77866	-325.94666
5	789	-365.45883	-360.18607	-353.71079	5.2727566	-6.4752825	-358.93249	-354.75107	-341.00888
5	790	-563.9671	-555.53916	-541.58403	8.4279364	-13.955138	-552.54053	-547.53778	-526.66659
5	791	-574.69443	-568.91414	-557.61754	5.7802839	-11.2966	-559.04476	-552.0526	-535.34453
5	792	-856.04251	-829.79348	-795.53053	26.249037	-34.262949	-844.95992	-816.07293	-775.04079
5	793	-618.8887	-604.10796	-596.21915	14.780735	-7.8888113	-603.50388	-580.98912	-576.53446
5	794	-570.60726	-565.85167	-562.03996	4.7555938	-3.8117071	-555.70543	-548.93042	-540.66831
5	795	-244.89718	-243.24864	-243.6161	1.6485436	0.36746178	-241.60417	-237.25175	-233.71517
5	796	-535.94875	-525.31921	-517.10218	10.629534	-8.2170278	-515.19482	-509.43333	-501.12113
5	797	-691.96212	-691.13281	-677.11803	0.82930897	-14.014774	-676.78293	-676.31676	-651.09122
5	798	-759.06652	-746.47	-736.4699	12.596521	-10.000098	-746.71023	-727.13763	-715.74598
5	799	-1024.9109	-928.75989	-876.86113	96.15101	-51.898756	-1010.825	-910.76346	-863.06008
5	800	-432.44761	-418.38638	-420.31064	14.061234	1.9242659	-419.11675	-408.77288	-403.86705
5	801	-885.62132	-864.8773	-831.26094	20.744014	-33.616362	-872.24079	-846.40381	-810.39961
5	802	-490.98614	-490.30764	-487.62984	0.67849562	-2.6778047	-484.25913	-480.36218	-474.46568
5	803	-640.35371	-633.78224	-619.53067	6.5714637	-14.251568	-624.42969	-614.32181	-602.11036
5	804	-249.40745	-249.58367	-250.25856	-0.17622017	0.6748945	-241.9172	-240.27905	-238.36457
5	805	-416.30044	-397.0998	-397.75453	19.20064	0.65473442	-405.09576	-389.89432	-384.69043
5	806	-414.95266	-407.44827	-396.72283	7.5043894	-10.72544	-398.20526	-392.1084	-377.90447
5	807	-785.79736	-732.25087	-729.70188	53.546486	-2.5489885	-771.58231	-722.10066	-713.36343
5	808	-442.15862	-434.39649	-435.48703	7.7621307	1.0905448	-430.85528	-421.27486	-416.20496
5	809	-718.78512	-684.22348	-680.32358	34.561638	-3.899902	-705.65065	-672.50379	-660.99898
5	810	-611.16149	-607.61239	-594.07817	3.5491066	-13.534211	-598.0783	-590.31767	-570.57597
5	811	-497.92202	-488.24746	-472.45741	9.6745656	-15.790043	-477.42085	-467.55476	-450.38758
5	812	-853.63728	-806.95043	-777.85752	46.686847	-29.09291	-837.32525	-783.77668	-752.59499
5	813	-675.93211	-673.49044	-658.08983	2.4416721	-15.400606	-662.53731	-654.52972	-636.31086
5	814	-488.34311	-488.64004	-487.08066	-0.29693956	-1.5593833	-480.88823	-480.01232	-469.88131
5	815	-575.01242	-574.45397	-559.44345	0.55844655	-15.010525	-560.78987	-556.11285	-535.03572
5	816	-561.27192	-528.76276	-528.78846	32.509164	0.025700393	-546.22591	-518.23784	-511.2334
5	817	-906.4095	-900.73159	-830.97401	5.677901	-69.757581	-891.38926	-878.6403	-809.98665
5	818	-680.18314	-672.93446	-657.24433	7.2486771	-15.690127	-663.32344	-652.78685	-635.22948
5	819	-1028.9536	-983.57608	-948.46418	45.377476	-35.111899	-1012.7381	-962.23238	-924.93977
5	820	-568.35666	-565.35667	-554.98919	2.9999851	-10.367482	-553.44862	-548.28706	-535.83074
5	821	-595.47419	-580.56619	-582.09123	14.908006	1.5250426	-576.21539	-564.30938	-562.18312
5	822	-662.7271	-656.19213	-656.21773	6.5349667	0.025599351	-647.39925	-636.54816	-634.98941
5	823	-432.44691	-429.82733	-430.47285	2.6195834	0.64552212	-423.71903	-417.27936	-413.59608
5	824	-424.04308	-413.81226	-411.79565	10.230826	-2.0166088	-408.34736	-396.7361	-392.64505
5	825	-639.49929	-634.96484	-602.19892	4.5344508	-32.765913	-624.47626	-614.00972	-582.14263
5	826	-1014.7728	-983.99791	-914.86644	30.774851	-69.131466	-1003.3685	-964.39857	-891.91201
5	827	-433.29047	-429.58409	-429.81298	3.7063863	0.22889508	-424.4998	-420.02879	-417.30202
5	828	-547.12484	-523.46716	-524.87417	23.657676	1.4070042	-529.54141	-503.9298	-502.64908
5	829	-509.54239	-507.16579	-509.11712	2.3766002	1.9513237	-503.57336	-495.28587	-490.36175
5	830	-678.71307	-668.66775	-646.79257	10.045321	-21.875175	-660.63734	-648.20503	-625.64226
5	831	-298.15766	-294.73923	-296.12295	3.4184259	1.3837198	-295.368	-287.47888	-283.55783
5	832	-564.78946	-564.02458	-557.77399	0.76487885	-6.2505945	-548.75661	-545.11788	-537.63289
5	833	-969.13344	-927.50994	-862.09414	41.623492	-65.415804	-955.84789	-911.44327	-843.64697
5	834	-758.05245	-749.4358	-732.93971	8.616649	-16.496094	-743.25601	-734.209	-713.21058
5	835	-382.53815	-377.4078	-377.82236	5.1303524	0.41455985	-377.32322	-371.60508	-368.23845
5	836	-681.14789	-671.97023	-661.43425	9.1776569	-10.535986	-665.69109	-652.12376	-638.81188
5	837	-478.86525	-478.16365	-481.07836	0.70160876	2.9147144	-468.63495	-467.70313	-463.38018
5	838	-672.56622	-634.3034	-624.28556	38.262826	-10.01784	-654.05695	-615.05774	-607.40905
5	839	-706.78883	-673.21082	-642.46867	33.578005	-30.742151	-692.10944	-654.18061	-627.19461
5	840	-1002.082	-973.74066	-898.87556	28.341321	-74.865098	-989.85681	-956.19735	-881.03175
5	841	-980.59129	-960.64052	-910.38987	19.950771	-50.250648	-966.67442	-945.25819	-893.34976
5	842	-908.45155	-877.10583	-847.19176	31.345717	-29.914069	-894.01512	-861.98274	-829.68235
5	843	-610.0717	-597.60951	-586.45725	12.462185	-11.152268	-594.46923	-580.40176	-567.45451
5	844	-714.70271	-713.26912	-706.87694	1.4335866	-6.392177	-702.53443	-696.55511	-682.82979
5	845	-401.45829	-399.95761	-397.91426	1.5006808	-2.0433529	-393.88064	-388.0499	-379.52863
5	846	-617.65977	-607.6495	-601.38408	10.010274	-6.2654187	-603.94409	-592.85164	-580.05285
5	847	-401.86647	-397.89338	-396.90175	3.9730812	-0.99163404	-399.46936	-391.24714	-383.15571
5	848	-446.08914	-440.89312	-442.29135	5.1960236	1.3982338	-439.14384	-434.55936	-433.91184
5	849	-524.78833	-514.77733	-508.02114	10.011006	-6.7561893	-511.1812	-499.81957	-486.83806
5	850	-277.7966	-277.37711	-277.27262	0.41948128	-0.10449245	-274.83084	-272.23038	-268.28368
5	851	-389.68656	-379.77537	-380.35261	9.9111929	0.57724064	-382.81008	-371.2916	-367.6825
5	852	-598.64639	-597.62965	-585.51383	1.0167409	-12.115815	-581.82235	-580.20354	-565.07549
5	853	-402.02847	-402.38036	-383.64423	-0.35189566	-18.736129	-386.15216	-384.99371	-365.46516
5	854	-380.5871	-376.07064	-376.28861	4.5164602	0.21797529	-376.44532	-370.14296	-365.78742
5	855	-579.17254	-567.83619	-549.03508	11.336351	-18.801116	-566.76152	-558.63537	-538.08209
5	856	-577.70872	-573.15607	-568.31039	4.5526558	-4.8456804	-562.21037	-551.54331	-545.59419
5	857	-844.4224	-837.59046	-817.39599	6.8319369	-20.194468	-832.86442	-821.62268	-795.69787
5	858	-550.48428	-536.23768	-528.57429	14.246593	-7.6633951	-536.47817	-523.90165	-509.43461
5	859	-703.2952	-699.81908	-678.15922	3.4761157	-21.659865	-686.13414	-678.36068	-655.65735
5	860	-431.41798	-428.85787	-427.11364	2.5601069	-1.7442267	-428.77212	-422.4019	-414.63816
5	861	-689.09778	-664.10414	-657.51196	24.993643	-6.59218	-670.58887	-642.36628	-633.0792
5	862	-509.87758	-508.25762	-497.40786	1.6199525	-10.849759	-491.87777	-489.24497	-475.35436
5	863	-432.23723	-429.55164	-425.88722	2.685589	-3.6644232	-421.90099	-417.80983	-408.40715
5	864	-409.08048	-405.49862	-400.38433	3.5818593	-5.1142946	-399.30579	-397.19142	-386.26442
5	865	-712.77813	-704.74946	-691.84911	8.0286639	-12.90035	-696.95541	-684.95916	-665.55368
5	866	-797.03654	-775.44942	-774.42923	21.587124	-1.0201863	-785.08682	-756.7857	-756.38928
5	867	-528.09722	-516.8477	-516.5124	11.24952	-0.3352959	-507.85337	-496.01992	-494.35511
5	868	-592.5933	-586.24704	-586.00225	6.346256	-0.24478725	-580.00676	-566.94527	-565.22576
5	869	-726.01312	-686.27569	-653.76887	39.737429	-32.506824	-711.05319	-669.92719	-637.1929
5	870	-594.7091	-585.52371	-578.60347	9.1853848	-6.9202413	-577.82567	-565.64879	-554.75946
5	871	-575.23848	-560.11023	-541.8601	15.128249	-18.250131	-558.68138	-542.47242	-522.79972
5	872	-368.61584	-366.46895	-367.41905	2.1468911	0.95009897	-360.04412	-354.33369	-352.24106
5	873	-332.47959	-331.33741	-330.23333	1.1421874	-1.1040738	-329.72439	-325.02583	-316.4677
5	874	-487.33877	-474.76436	-475.78707	12.574402	1.0227085	-473.56489	-466.47649	-460.53075
5	875	-459.28089	-458.76422	-459.13694	0.51666969	0.37271081	-450.81927	-446.42634	-443.99551
5	876	-676.61706	-652.22361	-651.32099	24.393451	-0.9026244	-662.79617	-638.91582	-633.76047
5	877	-612.90736	-606.16128	-585.21874	6.7460859	-20.942536	-597.73643	-586.32826	-565.68284
5	878	-720.33589	-708.5105	-673.7806	11.825394	-34.729898	-703.81791	-689.14599	-651.63627
5	879	-435.53374	-432.99132	-434.05537	2.5424221	1.0640501	-432.80989	-426.17778	-424.57378
5	880	-547.49498	-534.83693	-535.6243	12.65805	0.78737417	-531.54846	-519.0819	-514.30722
5	881	-429.59854	-427.82151	-412.09459	1.7770367	-15.726915	-414.7723	-411.74028	-392.99463
5	882	-994.35318	-958.08291	-910.81561	36.270271	-47.267297	-975.43233	-937.53585	-895.49685
5	883	-357.85203	-354.88652	-353.0657	2.9655091	-1.8208142	-355.26998	-347.51171	-340.40221
5	884	-609.79113	-606.64207	-585.61814	3.1490586	-21.023935	-595.16644	-587.75337	-564.93178
5	885	-857.75667	-850.20704	-773.25558	7.549628	-76.951454	-839.02018	-829.03191	-749.92649
5	886	-345.94594	-343.70258	-344.06148	2.2433607	0.35889899	-343.36583	-337.58626	-332.73153
5	887	-515.91424	-499.01975	-491.61327	16.894495	-7.4064745	-500.18209	-487.04613	-474.69732
5	888	-947.9329	-947.33084	-901.24809	0.60205892	-46.082749	-936.22677	-933.67534	-881.78548
5	889	-499.77612	-487.68513	-483.68887	12.090988	-3.996256	-487.50717	-474.82182	-471.8288
5	890	-472.29742	-461.04461	-460.37578	11.252804	-0.6688272	-457.77393	-451.04362	-445.46881
5	891	-295.19541	-291.30465	-292.36865	3.8907555	1.0639934	-292.30811	-284.30716	-280.65218
5	892	-429.26543	-421.93135	-423.0012	7.3340802	1.0698563	-426.02129	-415.44479	-410.19179
5	893	-637.74497	-632.32536	-627.42596	5.4196153	-4.8993939	-625.82186	-613.88379	-604.11783
5	894	-585.54467	-557.44049	-558.70523	28.104179	1.2647401	-570.2463	-542.49914	-538.9766
5	895	-443.40764	-419.07725	-416.76088	24.330389	-2.3163653	-429.80257	-411.88432	-403.71801
5	896	-501.04172	-486.28191	-489.66644	14.759808	3.3845335	-490.29355	-476.19852	-465.30901
5	897	-497.54151	-498.00275	-490.93676	-0.46123739	-7.065993	-489.89709	-490.03064	-473.49548
5	898	-670.67458	-656.48954	-645.54472	14.185035	-10.944819	-657.36843	-639.94466	-627.65221
5	899	-619.96556	-606.42021	-593.27359	13.545355	-13.146616	-603.22213	-588.61265	-575.1332
5	900	-618.99192	-616.5652	-607.12902	2.4267181	-9.4361812	-606.40041	-601.15156	-587.84532
5	901	-932.85319	-899.88384	-870.0883	32.969356	-29.795538	-919.22074	-882.06283	-855.88765
5	902	-654.44723	-645.54712	-623.85543	8.9001164	-21.691687	-637.66989	-623.30363	-597.98587
5	903	-422.01536	-418.21182	-417.96599	3.8035464	-0.24582717	-414.87621	-413.5621	-402.9928
5	904	-1002.2853	-975.85342	-876.76937	26.431854	-99.08405	-989.83521	-957.13416	-850.28612
5	905	-312.3413	-309.908	-310.30016	2.4333042	0.39216639	-303.57438	-298.72051	-296.36708
5	906	-436.15809	-433.82322	-428.25861	2.3348658	-5.5646171	-424.3172	-417.56351	-407.35109
5	907	-536.98973	-537.05451	-534.07018	-0.064780908	-2.9843259	-527.29271	-524.23548	-512.2013
5	908	-333.40226	-332.15831	-331.87164	1.2439536	-0.28666996	-328.44563	-324.89627	-319.54438
5	909	-1675.6409	-1586.7054	-1429.3048	88.935533	-157.40062	-1663.8213	-1568.2858	-1407.2934
5	910	-720.23364	-680.60688	-683.05452	39.626759	2.4476397	-707.37537	-666.11317	-666.16659
5	911	-443.91234	-444.18571	-444.95958	-0.27337618	0.77386512	-426.41335	-426.10489	-426.13917
5	912	-592.49556	-576.02713	-569.2179	16.468424	-6.809232	-579.05827	-570.07632	-555.60191
5	913	-1021.1621	-965.96588	-965.44728	55.196212	-0.51859777	-1009.8976	-952.99532	-950.03174
5	914	-475.12928	-473.88193	-474.0452	1.2473577	0.16327639	-464.16778	-460.85016	-460.12381
5	915	-401.61102	-401.54017	-388.05207	0.07085195	-13.488099	-389.55582	-388.51522	-375.05706
5	916	-507.81596	-494.82411	-499.68111	12.991848	4.8569998	-495.1829	-482.02049	-482.39183
5	917	-408.07372	-408.46424	-408.98599	-0.39052712	0.52174852	-400.01232	-400.15176	-398.7731
5	918	-997.00062	-883.80472	-851.10565	113.1959	-32.69907	-980.3834	-869.10618	-832.89637
5	919	-464.42353	-464.0446	-453.70428	0.37893092	-10.340319	-452.45009	-451.23656	-438.73774
5	920	-560.95215	-540.96586	-541.80003	19.986291	0.83416478	-544.85397	-524.62148	-524.62696
5	921	-393.51488	-389.53879	-391.26464	3.9760907	1.7258575	-390.37657	-382.15993	-381.87304
5	922	-605.70352	-594.19618	-574.29998	11.507338	-19.896205	-588.91958	-573.53367	-555.15902
5	923	-497.75125	-496.70279	-495.03032	1.0484533	-1.6724697	-491.4321	-484.69705	-476.40316
5	924	-468.65228	-467.63198	-454.31189	1.0203005	-13.320089	-450.30093	-444.96075	-430.8327
5	925	-500.2043	-493.43044	-481.50551	6.7738645	-11.924925	-487.46003	-481.37184	-467.72328
5	926	-585.02402	-583.99962	-581.73913	1.0243964	-2.2604947	-568.49609	-566.20957	-562.86964
5	927	-679.84052	-665.61851	-645.86046	14.222011	-19.758045	-663.65864	-644.99019	-623.40406
5	928	-370.93756	-367.77923	-368.91648	3.1583284	1.1372582	-365.06291	-360.95741	-357.75139
5	929	-453.76722	-448.36998	-434.54768	5.3972467	-13.822298	-438.88062	-430.76474	-416.48407
5	930	-330.79846	-331.10869	-329.61189	-0.31023449	-1.4968042	-328.15217	-327.50481	-321.76231
5	931	-500.4931	-489.18259	-489.74672	11.310503	0.56412813	-488.59107	-480.09877	-476.31923
5	932	-561.5521	-559.51023	-551.57047	2.0418689	-7.9397624	-547.42505	-542.05856	-528.71359
5	933	-464.59379	-464.03218	-460.3347	0.56161083	-3.6974848	-452.95462	-449.80529	-442.42689
5	934	-397.0996	-397.48785	-389.48949	-0.38824987	-7.998366	-385.17875	-385.62848	-379.71591
5	935	-447.28986	-446.45604	-447.10044	0.83381855	0.64440617	-439.45887	-434.6206	-433.54592
5	936	-646.597	-640.81668	-618.95184	5.7803223	-21.86484	-630.58232	-622.60814	-598.44976
5	937	-323.66037	-323.7639	-324.44442	-0.10352571	0.68052327	-318.074	-316.07342	-316.04894
5	938	-506.49883	-499.96347	-493.02403	6.5353616	-6.9394425	-494.77682	-489.63541	-476.46101
5	939	-440.39061	-433.93852	-428.71081	6.4520901	-5.2277126	-428.42176	-426.63221	-409.61543
5	940	-896.10671	-854.33835	-845.62194	41.768355	-8.7164112	-882.05555	-832.9468	-820.44814
5	941	-734.53126	-734.23515	-709.34005	0.29611341	-24.895102	-718.81195	-715.66734	-688.49729
5	942	-462.21598	-446.66112	-448.80672	15.554859	2.1455999	-453.30985	-437.84614	-435.60493
5	943	-347.54052	-346.94542	-347.05726	0.59509013	0.11183086	-338.8496	-337.76708	-332.90864
5	944	-547.81138	-539.65157	-533.99501	8.1598123	-5.6565623	-534.81909	-530.86951	-521.31292
5	945	-464.87009	-458.2623	-453.03521	6.6077952	-5.2270838	-449.74886	-440.37119	-432.89695
5	946	-342.86518	-342.67506	-342.30289	0.19011836	-0.37217254	-335.15746	-333.12002	-327.17442
5	947	-386.48655	-383.24331	-384.83339	3.2432321	1.590076	-379.08437	-375.70733	-375.77473
5	948	-414.16986	-407.83277	-394.75139	6.3370859	-13.081386	-396.89936	-388.59431	-378.19251
5	949	-392.0251	-391.63434	-385.57334	0.390759	-6.0609968	-389.52461	-386.222	-373.00751
5	950	-685.61906	-683.02437	-667.46394	2.5946898	-15.560436	-674.06099	-665.59865	-644.91592
5	951	-337.14471	-324.50055	-326.68209	12.644162	2.181543	-330.14429	-317.06911	-317.06665
5	952	-279.7191	-277.604	-271.36367	2.1150995	-6.2403266	-276.86531	-271.69968	-259.87611
5	953	-217.20061	-217.76912	-218.07503	-0.56850384	0.30591137	-213.77921	-214.19702	-212.10316
5	954	-821.23121	-806.39716	-789.35928	14.83406	-17.03788	-806.61256	-784.82229	-765.79873
5	955	-995.47487	-961.92904	-937.92243	33.545828	-24.006619	-983.44107	-944.04369	-916.75075
5	956	-689.34569	-668.87249	-643.72315	20.473199	-25.149332	-672.9264	-649.42681	-622.9093
5	957	-539.41772	-530.38568	-529.63889	9.0320387	-0.74679463	-527.21803	-519.76798	-516.36055
5	958	-577.90018	-555.24326	-555.34972	22.65692	0.10645423	-567.24713	-546.50223	-540.70239
5	959	-196.52596	-196.96435	-198.11938	-0.43839346	1.1550233	-193.10796	-193.52534	-191.25998
5	960	-485.48293	-483.11567	-477.98201	2.3672627	-5.1336613	-475.61424	-471.17571	-462.22601
5	961	-454.0308	-452.1015	-450.83831	1.9292963	-1.2631922	-443.8801	-437.96575	-430.43536
5	962	-588.03121	-570.09409	-555.66795	17.937115	-14.426144	-570.90489	-553.78813	-534.59228
5	963	-388.75333	-389.14366	-389.23773	-0.39033465	0.094064897	-379.86353	-380.13335	-378.22982
5	964	-974.77134	-907.87556	-861.82981	66.895783	-46.045747	-958.5158	-887.2454	-839.78475
5	965	-320.21271	-313.31356	-310.9728	6.8991497	-2.340762	-313.84223	-305.19032	-298.31481
5	966	-728.45149	-720.70436	-719.52627	7.7471385	-1.1780866	-714.39034	-702.98743	-694.82423
5	967	-593.68691	-566.49658	-568.27891	27.190338	1.7823302	-580.03108	-554.96837	-554.89565
5	968	-686.22955	-675.06201	-665.74078	11.167541	-9.3212298	-672.19051	-659.08268	-649.99412
5	969	-527.78829	-526.39003	-521.87871	1.398259	-4.5113251	-519.91837	-512.35773	-499.26705
5	970	-795.56383	-773.02557	-763.07784	22.53826	-9.9477283	-783.26123	-754.80569	-739.13599
5	971	-603.98405	-599.4425	-591.37592	4.5415451	-8.0665849	-588.09367	-581.80564	-571.33376
5	972	-445.28563	-429.84968	-428.66553	15.435955	-1.1841481	-436.40862	-421.94884	-416.12337
5	973	-448.33373	-448.3894	-448.61881	-0.055666875	0.22941702	-441.55692	-439.03107	-430.96213
5	974	-548.8304	-509.58024	-511.70132	39.250154	2.1210761	-535.33021	-502.5297	-502.54196
5	975	-322.95146	-322.62023	-322.83359	0.33123675	0.21335942	-314.42941	-311.54075	-308.06433
5	976	-409.42833	-408.43338	-409.39518	0.99495295	0.96180691	-404.98364	-400.19477	-398.84519
5	977	-636.92553	-625.7734	-624.25625	11.152123	-1.5171521	-624.03726	-612.29765	-602.21979
5	978	-675.65228	-672.78461	-632.94763	2.8676732	-39.83698	-660.17483	-651.23529	-614.44537
5	979	-679.92908	-668.06055	-653.87166	11.868523	-14.188892	-665.3224	-649.05506	-635.65984
5	980	-282.61187	-283.04518	-280.85487	-0.43330639	-2.1903058	-279.79285	-280.21089	-272.87838
5	981	-603.99282	-593.9737	-568.48681	10.019124	-25.486887	-585.34789	-572.20665	-547.62572
5	982	-925.03586	-922.03729	-917.29704	2.9985648	-4.7402523	-913.53531	-906.85055	-894.91639
5	983	-322.40975	-318.13267	-318.52358	4.2770834	0.39091736	-319.65488	-310.90932	-306.9039
5	984	-1054.9371	-965.66826	-893.55671	89.268849	-72.111548	-1035.6401	-947.96432	-874.53111
5	985	-340.16542	-330.68437	-333.05992	9.4810523	2.3755583	-326.36604	-317.62378	-315.61307
5	986	-707.06027	-680.56129	-657.06801	26.498975	-23.493286	-691.46167	-662.75849	-641.45515
5	987	-539.87679	-540.07504	-539.75698	-0.19824929	-0.31806178	-526.26961	-526.68727	-525.2348
5	988	-605.2725	-592.46831	-583.45449	12.804189	-9.0138204	-588.50651	-575.11987	-564.34052
5	989	-383.79239	-375.12687	-372.96759	8.6655216	-2.1592804	-377.88883	-368.31026	-357.60573
5	990	-326.09932	-326.27045	-324.29387	-0.17113091	-1.9765815	-323.51253	-322.00796	-313.741
5	991	-267.24366	-267.30615	-266.7024	-0.062485317	-0.60374579	-264.32368	-262.6404	-257.59984
5	992	-473.25699	-470.72189	-471.70895	2.5350919	0.98705142	-461.76229	-457.65358	-451.79977
5	993	-792.62881	-775.44207	-755.74916	17.186741	-19.692911	-778.32995	-761.46985	-738.65391
5	994	-468.40353	-462.54345	-458.96654	5.8600858	-3.5769085	-457.28403	-453.71582	-442.50336
5	995	-1142.9898	-1107.7346	-1012.059	35.255216	-95.675603	-1128.0002	-1090.2	-989.53389
5	996	-561.39867	-560.93837	-541.53462	0.46029579	-19.403751	-547.1684	-544.54083	-528.15937
5	997	-653.61898	-652.20568	-639.13078	1.4133016	-13.074895	-638.39174	-635.30268	-617.9575
5	998	-721.17612	-687.82611	-676.58721	33.350005	-11.238902	-706.20191	-671.14972	-662.29115
5	999	-744.12831	-725.69278	-682.07818	18.435534	-43.614601	-727.92097	-706.68741	-661.96542
