No.	ID	loglik_Null	loglik_Acc	loglik_Full	logBF1	logBF2	loglik_Max_M0	loglik_Max_M1	loglik_Max_M2
8	0	-1029.46	-934.35919	-881.16057	95.100784	-53.198625	-1014.3726	-912.62435	-859.93384
8	1	-406.42176	-403.99968	-404.8795	2.4220779	0.87981365	-404.08635	-397.80827	-394.52158
8	2	-792.44399	-751.0879	-752.58642	41.356089	1.4985198	-777.69201	-735.82823	-735.49852
8	3	-388.90707	-384.32096	-386.67539	4.5861112	2.3544287	-378.94325	-370.03276	-370.03819
8	4	-659.00727	-655.22716	-633.99599	3.7801095	-21.231169	-648.09598	-634.94608	-613.05767
8	5	-629.96846	-619.42127	-617.51423	10.547185	-1.9070441	-616.49743	-599.83324	-598.77208
8	6	-585.58276	-563.52285	-555.56478	22.059913	-7.9580719	-569.48389	-541.4265	-532.80215
8	7	-417.81734	-407.07547	-407.84091	10.741864	0.7654419	-414.57067	-397.74738	-390.51169
8	8	-586.02119	-561.47009	-557.17421	24.551099	-4.2958771	-571.98519	-550.56354	-544.60696
8	9	-680.68974	-666.394	-640.72576	14.295738	-25.668244	-664.40378	-648.12829	-624.16449
8	10	-876.71026	-857.52507	-798.02108	19.185191	-59.503994	-862.30689	-840.60141	-780.8748
8	11	-512.7096	-487.35487	-473.36985	25.354732	-13.985021	-497.30871	-472.0572	-456.43752
8	12	-458.92523	-451.78267	-442.38719	7.1425606	-9.3954846	-448.25982	-440.11479	-426.29541
8	13	-469.45364	-459.03477	-458.74298	10.418867	-0.29178632	-457.48031	-446.13596	-440.48196
8	14	-463.79351	-449.00239	-446.31036	14.791124	-2.6920287	-449.04074	-438.50826	-432.59257
8	15	-710.32579	-706.66503	-692.36674	3.6607541	-14.298293	-696.6735	-689.7657	-672.0896
8	16	-1143.6368	-1093.6163	-1040.6526	50.020558	-52.963655	-1131.8743	-1079.5568	-1022.2355
8	17	-609.09274	-593.12506	-588.70922	15.967681	-4.4158364	-593.97106	-576.42676	-571.62691
8	18	-966.32866	-852.35413	-855.37839	113.97453	3.024254	-950.15002	-839.66062	-839.6617
8	19	-671.40797	-670.70904	-661.28565	0.69893303	-9.4233895	-658.87444	-658.5728	-643.03003
8	20	-456.68003	-452.87539	-454.58789	3.8046388	1.712504	-454.2134	-445.85059	-441.19582
8	21	-276.82801	-277.29086	-277.98881	-0.46285866	0.69794517	-274.04738	-274.46563	-274.0638
8	22	-679.5569	-649.08439	-645.75991	30.472505	-3.3244797	-663.60942	-625.26235	-623.35806
8	23	-360.4886	-359.46702	-360.4316	1.0215787	0.96458321	-358.0019	-354.93897	-353.00937
8	24	-397.55541	-394.84808	-396.17771	2.7073347	1.3296328	-395.00924	-387.85373	-384.78919
8	25	-370.35608	-359.57718	-361.13564	10.7789	1.5584574	-357.9622	-352.38608	-352.58425
8	26	-762.85314	-732.25867	-712.73591	30.594469	-19.522753	-746.04541	-708.71822	-688.33391
8	27	-966.03807	-908.77861	-870.55157	57.259465	-38.227037	-947.9826	-892.54876	-856.64412
8	28	-974.21611	-908.36339	-874.53789	65.852715	-33.825503	-957.02962	-885.39321	-851.80905
8	29	-411.83029	-403.98997	-405.89468	7.8403185	1.9047164	-403.95718	-397.62377	-397.61855
8	30	-586.58518	-574.94344	-554.64722	11.641739	-20.296224	-571.12018	-553.65247	-539.4437
8	31	-569.72726	-561.55074	-558.97183	8.1765199	-2.5789099	-556.15394	-548.72121	-541.28779
8	32	-782.24858	-773.63569	-757.71184	8.6128877	-15.923854	-770.0117	-752.95821	-733.94315
8	33	-993.57275	-950.60387	-948.07149	42.96888	-2.5323773	-979.56996	-929.68031	-922.51875
8	34	-518.46196	-516.7024	-509.93823	1.7595567	-6.7641774	-506.14058	-497.20121	-491.32273
8	35	-1292.1656	-1227.5001	-1135.9187	64.665529	-91.581443	-1278.6518	-1208.3772	-1116.0105
8	36	-245.62558	-244.40973	-245.89837	1.2158592	1.4886489	-242.17406	-238.33082	-237.64746
8	37	-433.39465	-431.68052	-429.83768	1.7141259	-1.8428427	-430.22953	-425.34219	-418.167
8	38	-506.77061	-484.1817	-486.48526	22.588913	2.3035634	-491.53947	-471.78804	-471.77272
8	39	-558.55539	-557.56615	-539.26122	0.98924601	-18.304928	-542.91281	-540.0163	-518.16189
8	40	-544.09962	-523.81891	-525.49842	20.280709	1.679509	-533.69767	-517.5899	-512.99645
8	41	-731.83037	-729.26724	-687.11603	2.5631376	-42.151203	-718.522	-714.58597	-670.65004
8	42	-196.83396	-197.84707	-197.76752	-1.0131141	-0.079555734	-193.32078	-193.74239	-192.63345
8	43	-376.49695	-367.91353	-369.05151	8.5834205	1.1379869	-373.9807	-362.85961	-360.35545
8	44	-1045.1737	-1027.0008	-977.65784	18.172955	-49.342931	-1033.4699	-1010.0876	-954.62144
8	45	-503.97716	-496.03485	-483.53552	7.9423042	-12.499332	-490.49445	-476.79847	-465.24278
8	46	-554.2442	-552.61829	-553.06664	1.6259162	0.44835864	-543.0415	-537.63165	-533.13293
8	47	-503.68367	-494.45285	-491.35719	9.2308185	-3.0956642	-487.55451	-486.44786	-468.95654
8	48	-772.76617	-764.03641	-763.72532	8.7297596	-0.31108444	-761.29444	-747.07625	-744.3553
8	49	-707.22586	-701.37637	-663.3973	5.8494886	-37.979063	-692.59539	-684.30995	-644.1999
8	50	-381.63144	-376.97385	-378.7115	4.6575866	1.7376479	-379.15759	-370.44227	-370.48709
8	51	-443.67701	-436.09696	-434.88742	7.5800525	-1.2095371	-433.14044	-421.94189	-413.75324
8	52	-343.80563	-331.46601	-327.40231	12.339614	-4.0636985	-326.34437	-318.09067	-312.77914
8	53	-713.69511	-708.11689	-677.99893	5.5782217	-30.117967	-696.87243	-686.7937	-657.09251
8	54	-382.64713	-366.09455	-366.92589	16.55258	0.83134324	-367.8988	-354.38472	-351.53858
8	55	-246.15344	-246.45862	-247.35929	-0.30517916	0.90067106	-243.20981	-241.96944	-241.58895
8	56	-792.00374	-761.85373	-730.18593	30.150011	-31.667801	-777.81715	-745.62675	-711.41123
8	57	-420.57011	-404.31982	-406.99366	16.250285	2.6738413	-408.68123	-392.80215	-393.91276
8	58	-612.97992	-605.02085	-599.89492	7.9590697	-5.1259312	-598.77254	-585.38095	-578.08537
8	59	-310.15922	-303.45166	-304.76482	6.7075598	1.3131572	-304.68454	-292.27169	-288.60013
8	60	-396.77647	-391.39237	-392.20049	5.384098	0.80811997	-380.8091	-370.96003	-369.94521
8	61	-436.33156	-422.49866	-420.94804	13.832902	-1.5506187	-424.60668	-410.53557	-406.13903
8	62	-263.64646	-260.27324	-262.00468	3.3732174	1.7314379	-255.82126	-253.54517	-253.56533
8	63	-438.69967	-429.73856	-432.10362	8.9611008	2.3650505	-426.41678	-420.12629	-420.10383
8	64	-317.35649	-317.30093	-318.21765	0.055562539	0.91672233	-314.77908	-313.4391	-313.0446
8	65	-832.88259	-801.43217	-760.81972	31.450413	-40.612456	-817.73178	-782.77552	-742.15853
8	66	-367.55222	-364.78181	-364.27976	2.7704063	-0.50204898	-364.99204	-359.25742	-349.37133
8	67	-469.20822	-456.28224	-450.77098	12.92598	-5.5112623	-453.78901	-444.9134	-438.81807
8	68	-324.09338	-320.11401	-322.60922	3.9793654	2.4952046	-321.29785	-312.51618	-312.40171
8	69	-553.00661	-542.87629	-539.36494	10.130326	-3.5113451	-537.00852	-524.20416	-519.517
8	70	-351.32567	-350.2456	-351.48548	1.0800679	1.2398738	-347.59549	-343.28536	-342.61268
8	71	-750.26856	-733.20792	-727.50197	17.060638	-5.7059554	-737.87288	-714.52493	-707.54561
8	72	-469.93466	-453.20662	-451.7884	16.728036	-1.4182214	-456.46077	-444.92146	-437.31044
8	73	-645.69749	-637.8256	-621.03228	7.8718976	-16.793314	-630.2237	-618.60356	-602.24276
8	74	-826.18042	-783.85972	-784.57008	42.3207	0.71035497	-809.24378	-760.77405	-760.77648
8	75	-737.38808	-731.58338	-702.51438	5.8047009	-29.068998	-720.51674	-709.84831	-679.15599
8	76	-639.65002	-618.54915	-622.14529	21.100869	3.5961308	-625.36052	-606.12148	-602.58581
8	77	-679.8418	-666.59125	-663.81839	13.250553	-2.7728552	-663.62936	-645.05165	-642.10509
8	78	-490.50542	-491.07602	-481.86908	-0.57060091	-9.2069399	-477.86164	-478.29933	-465.37396
8	79	-681.21398	-661.00524	-654.04922	20.208741	-6.9560242	-667.1628	-639.90675	-629.21335
8	80	-305.11893	-305.34265	-306.02579	-0.22372629	0.68314109	-302.42061	-301.61212	-298.78183
8	81	-428.29653	-427.20901	-422.6386	1.0875176	-4.5704103	-420.2464	-416.49793	-403.96868
8	82	-1239.1203	-1154.5796	-1033.9243	84.540677	-120.65534	-1224.2607	-1132.3896	-1013.1391
8	83	-776.11386	-746.55994	-734.56031	29.553912	-11.999637	-760.65453	-723.35119	-710.97717
8	84	-927.60282	-915.98915	-832.01863	11.613672	-83.970519	-913.84233	-895.174	-811.87427
8	85	-423.81691	-416.58801	-414.41581	7.2289009	-2.1721948	-414.60227	-405.95825	-398.73064
8	86	-679.15634	-673.51198	-659.37862	5.6443648	-14.13336	-661.28172	-657.59282	-646.12425
8	87	-508.89797	-499.25273	-500.28289	9.645239	1.0301575	-492.678	-482.14814	-481.77496
8	88	-524.48553	-524.24484	-514.5488	0.24068436	-9.6960376	-512.44545	-510.94698	-499.36851
8	89	-613.45477	-610.48853	-600.14155	2.9662375	-10.346985	-594.8481	-588.65169	-576.71961
8	90	-504.82384	-503.7389	-498.14659	1.0849376	-5.5923155	-501.71884	-493.36489	-478.2279
8	91	-619.74879	-596.63139	-596.62488	23.117393	-0.0065104054	-598.41501	-569.90996	-569.88318
8	92	-729.12829	-717.53765	-694.44366	11.59064	-23.093988	-714.56567	-713.2435	-678.38711
8	93	-720.35562	-710.94599	-691.57574	9.4096339	-19.370248	-704.4633	-688.96744	-669.35375
8	94	-702.88341	-697.2234	-667.18962	5.6600161	-30.033781	-687.64434	-677.50332	-646.18812
8	95	-1144.0405	-1055.7704	-997.15042	88.270043	-58.620023	-1128.6323	-1031.1043	-978.87438
8	96	-797.89256	-789.7592	-780.62054	8.1333656	-9.1386585	-786.51007	-774.74059	-759.46845
8	97	-528.09977	-527.50686	-525.05142	0.59290982	-2.4554408	-513.91611	-510.20771	-507.37026
8	98	-958.48419	-913.17838	-898.14301	45.305807	-15.035371	-945.93586	-892.8195	-874.99772
8	99	-1172.0637	-1122.8394	-922.033	49.224294	-200.80644	-1158.6928	-1107.8578	-908.38295
8	100	-749.09457	-725.65247	-713.30171	23.442098	-12.350767	-734.00239	-704.97925	-688.61155
8	101	-576.7534	-569.82701	-569.8863	6.9263851	0.059288807	-565.32267	-557.36327	-553.64528
8	102	-462.35004	-455.94558	-455.89784	6.4044604	-0.04773745	-447.24016	-438.34737	-434.05203
8	103	-933.42571	-875.26957	-851.2971	58.15614	-23.972469	-921.03718	-858.32729	-832.3677
8	104	-1040.7408	-944.14524	-927.3637	96.59558	-16.781548	-1028.5679	-926.87138	-909.58234
8	105	-290.49865	-284.08836	-286.11803	6.4102982	2.0296742	-287.63056	-276.94199	-276.94379
8	106	-452.5125	-452.32187	-452.50968	0.19062875	0.1878079	-447.10393	-446.16687	-437.83437
8	107	-378.51297	-377.48912	-371.17323	1.0238521	-6.3158925	-368.65128	-367.01944	-351.93538
8	108	-542.8468	-525.42588	-508.44576	17.420921	-16.980122	-527.90466	-503.47008	-489.80544
8	109	-938.60106	-911.05854	-860.95628	27.542517	-50.102259	-923.77777	-892.30177	-841.88043
8	110	-483.48761	-479.55522	-475.76763	3.9323915	-3.7875897	-470.22035	-468.51388	-464.62259
8	111	-582.33182	-556.73824	-559.31321	25.593579	2.5749733	-568.59174	-541.4811	-541.13775
8	112	-303.85843	-297.37684	-288.99991	6.4815897	-8.3769287	-289.34533	-280.32508	-273.33504
8	113	-245.91001	-243.64346	-244.7186	2.2665462	1.0751365	-242.59493	-234.51103	-233.43935
8	114	-369.27752	-360.29336	-362.86432	8.98416	2.5709657	-364.95054	-352.42477	-350.05743
8	115	-846.35138	-826.02172	-809.96047	20.329659	-16.061244	-832.13517	-808.84025	-788.28231
8	116	-645.04114	-626.99615	-620.37514	18.044991	-6.621013	-629.86886	-611.54111	-600.554
8	117	-812.10913	-781.5879	-763.59837	30.521231	-17.989526	-797.31578	-759.45081	-739.06378
8	118	-522.31099	-517.067	-510.51157	5.2439904	-6.5554269	-509.90493	-500.86252	-490.87888
8	119	-1089.9591	-1055.036	-1009.2553	34.92313	-45.780706	-1077.4184	-1032.7899	-984.09743
8	120	-537.3714	-529.98049	-530.24849	7.3909011	0.2679976	-528.45054	-517.44331	-509.12027
8	121	-457.99721	-456.6996	-447.92441	1.2976093	-8.7751896	-442.88484	-439.02446	-427.93903
8	122	-610.14942	-605.99133	-605.79544	4.1580838	-0.19588988	-595.30308	-589.05309	-588.49507
8	123	-335.26477	-333.72117	-330.74802	1.5436077	-2.9731463	-332.61317	-325.62226	-318.96241
8	124	-506.22859	-492.12656	-492.82154	14.102031	0.69498239	-494.12656	-483.96215	-483.5954
8	125	-901.9186	-865.96401	-811.62523	35.954598	-54.338776	-888.75173	-847.9227	-795.39859
8	126	-458.37761	-441.06137	-442.153	17.316239	1.0916338	-442.71448	-425.35412	-420.59529
8	127	-517.27663	-510.83862	-508.20102	6.4380122	-2.637599	-502.95136	-497.98255	-490.77782
8	128	-566.05581	-538.3478	-541.60375	27.708007	3.2559517	-551.04359	-523.29686	-520.82346
8	129	-434.69173	-413.81299	-412.12062	20.87874	-1.6923699	-422.88122	-406.12865	-397.93658
8	130	-705.20475	-671.61539	-674.31738	33.589366	2.7019883	-691.475	-656.17473	-656.17604
8	131	-505.33372	-491.70259	-477.90974	13.631121	-13.792853	-489.49514	-469.64953	-456.39155
8	132	-411.32906	-411.56652	-412.0695	-0.23745702	0.50298006	-406.45366	-406.32929	-402.53593
8	133	-583.75273	-564.97555	-551.75335	18.777181	-13.2222	-570.66497	-551.70644	-536.10739
8	134	-861.03317	-831.46812	-830.47368	29.565052	-0.99444588	-847.65279	-812.13166	-810.72199
8	135	-782.04173	-770.17496	-748.41099	11.866768	-21.76397	-765.7568	-753.09462	-731.29882
8	136	-335.99717	-333.77285	-335.52222	2.2243175	1.749362	-332.9461	-325.97853	-326.44161
8	137	-369.53874	-359.05481	-360.62684	10.483925	1.5720264	-356.02167	-353.01443	-350.35162
8	138	-619.30419	-611.60427	-603.70012	7.6999246	-7.9041497	-605.15861	-594.47951	-583.65883
8	139	-496.82153	-494.28226	-494.55983	2.5392714	0.27757391	-492.98434	-485.54313	-480.8479
8	140	-669.36302	-640.56838	-624.91529	28.794632	-15.653098	-652.67149	-620.47198	-605.98668
8	141	-802.40864	-786.07597	-785.02187	16.332672	-1.0541046	-790.20867	-769.93491	-763.42191
8	142	-476.47327	-472.12252	-461.55878	4.3507474	-10.563737	-464.54882	-457.60449	-448.68415
8	143	-651.80997	-632.9076	-634.33251	18.902372	1.4249136	-634.43337	-611.28728	-611.28597
8	144	-887.77598	-857.57197	-828.91551	30.204008	-28.656457	-874.16851	-836.78392	-808.63556
8	145	-624.15311	-623.39657	-610.78647	0.75653855	-12.610099	-610.37767	-610.90345	-592.82093
8	146	-520.35605	-494.70559	-497.23543	25.650461	2.5298382	-507.1635	-480.55196	-480.5477
8	147	-1472.3116	-1310.4602	-1193.1856	161.85143	-117.27456	-1458.9291	-1290.2989	-1174.3955
8	148	-798.29541	-784.81223	-750.76286	13.483178	-34.049372	-785.08564	-768.87333	-735.43638
8	149	-922.73362	-893.87667	-883.23795	28.856951	-10.638718	-908.61326	-874.00707	-861.13782
8	150	-538.93341	-537.5476	-533.86233	1.3858101	-3.6852687	-527.43553	-525.16413	-513.95041
8	151	-515.24886	-510.3276	-510.43604	4.9212545	0.10844056	-500.55804	-498.80524	-490.33617
8	152	-566.6958	-554.90891	-552.55731	11.7869	-2.3515988	-551.93028	-544.68258	-536.97548
8	153	-598.6035	-594.20395	-591.49001	4.3995467	-2.7139361	-590.2381	-582.54831	-571.73195
8	154	-395.57236	-394.10013	-392.98919	1.4722256	-1.1109472	-393.23296	-387.21421	-380.03669
8	155	-833.76152	-786.92601	-756.08025	46.835513	-30.845758	-819.55501	-770.16571	-739.21067
8	156	-503.83092	-485.95947	-481.57386	17.871451	-4.3856118	-486.78839	-470.31776	-464.90762
8	157	-686.81624	-679.71115	-680.21584	7.1050884	0.50469008	-671.21551	-661.26017	-660.92258
8	158	-462.40003	-461.91928	-462.762	0.48075659	0.84272641	-455.89208	-453.13586	-449.14259
8	159	-939.02642	-917.64474	-866.11217	21.381684	-51.532572	-924.46141	-898.24423	-844.48237
8	160	-252.875	-249.36802	-251.63568	3.5069804	2.2676612	-249.74742	-240.77601	-239.56529
8	161	-493.04364	-490.74858	-487.30376	2.2950639	-3.4448214	-484.82819	-477.04522	-466.87545
8	162	-703.07735	-679.94015	-682.02378	23.137198	2.0836306	-690.41574	-668.83833	-664.19395
8	163	-870.06412	-859.42574	-844.00452	10.63838	-15.42122	-856.93748	-837.85177	-817.38608
8	164	-285.46818	-284.78846	-285.94184	0.67972586	1.1533887	-282.56305	-278.15362	-278.0695
8	165	-594.23622	-581.10282	-574.86031	13.133405	-6.2425103	-576.17905	-557.71615	-556.31755
8	166	-547.80114	-537.17014	-538.30893	10.631001	1.1387882	-531.31914	-519.32373	-519.13137
8	167	-938.69742	-903.32363	-870.81785	35.373782	-32.505788	-926.92258	-882.13262	-846.64435
8	168	-342.04552	-341.4539	-341.62564	0.5916219	0.1717426	-333.81729	-330.66965	-327.0038
8	169	-745.05275	-714.41009	-697.1872	30.64266	-17.222889	-729.80668	-691.63611	-674.9013
8	170	-725.71787	-717.33365	-715.70567	8.3842235	-1.6279745	-710.92255	-698.10924	-692.48972
8	171	-475.97717	-470.75069	-469.40103	5.2264773	-1.3496561	-473.70082	-463.15712	-454.68598
8	172	-1371.3615	-1317.0406	-1234.7328	54.320937	-82.307733	-1360.4229	-1299.5589	-1214.3366
8	173	-467.7522	-460.891	-459.32856	6.861195	-1.5624399	-455.00064	-448.06768	-442.32267
8	174	-719.37582	-718.85889	-710.91789	0.51693033	-7.9410022	-706.67772	-703.24189	-692.71417
8	175	-946.12866	-931.88503	-887.05966	14.243631	-44.825374	-930.9564	-909.81061	-865.04646
8	176	-422.28049	-403.69452	-405.24915	18.585976	1.5546377	-411.51199	-396.63376	-396.62872
8	177	-530.49941	-528.86622	-527.08165	1.6331906	-1.7845734	-516.73503	-515.1702	-510.5323
8	178	-472.61384	-453.97865	-456.27057	18.635186	2.2919163	-461.61964	-443.07903	-441.58815
8	179	-611.4634	-603.16728	-597.45293	8.2961232	-5.7143472	-595.9016	-583.66931	-576.0264
8	180	-906.51121	-879.84285	-828.49346	26.66836	-51.349391	-892.36875	-858.14479	-810.35657
8	181	-620.77533	-605.86183	-588.89674	14.913502	-16.965091	-602.05339	-580.99183	-564.75164
8	182	-517.16032	-508.95602	-509.91112	8.2043017	0.95510147	-503.96783	-500.3803	-497.02723
8	183	-731.56257	-721.31689	-688.35255	10.245687	-32.96434	-715.71231	-697.29	-664.81428
8	184	-536.71885	-521.86567	-522.9709	14.853182	1.1052256	-518.83128	-509.92964	-508.84476
8	185	-470.62964	-463.61227	-451.43874	7.0173658	-12.173535	-460.95719	-449.17573	-434.33991
8	186	-578.36933	-557.35455	-542.58008	21.014777	-14.774476	-563.49684	-538.59302	-523.04261
8	187	-672.11578	-666.337	-645.8039	5.7787816	-20.533096	-656.07325	-646.38873	-622.22055
8	188	-281.20852	-264.17462	-265.86531	17.033902	1.6906856	-268.19564	-253.02714	-253.02541
8	189	-962.97558	-910.86678	-832.75445	52.108794	-78.112334	-944.83996	-893.04255	-813.15103
8	190	-343.81087	-341.46923	-342.90918	2.3416358	1.4399473	-341.33408	-335.56396	-334.21459
8	191	-839.93981	-813.84004	-793.40332	26.099775	-20.436717	-826.22868	-794.25639	-769.51314
8	192	-534.404	-527.01982	-505.83026	7.3841836	-21.189556	-518.13249	-508.54742	-487.58875
8	193	-845.28459	-843.79665	-782.9643	1.4879355	-60.832353	-832.94885	-828.03717	-766.80781
8	194	-773.8334	-730.07822	-730.25041	43.755177	0.17218873	-757.0352	-705.94492	-705.94603
8	195	-551.46747	-530.59008	-530.66006	20.877397	0.069977214	-538.22759	-522.39728	-511.77657
8	196	-1188.8123	-1125.689	-1071.9977	63.123396	-53.691217	-1177.1392	-1106.0694	-1048.0047
8	197	-527.29853	-522.85126	-509.68757	4.4472726	-13.163691	-508.69151	-498.5775	-491.51996
8	198	-753.80949	-751.07946	-726.74816	2.7300301	-24.331304	-740.16407	-729.21862	-703.76454
8	199	-361.76487	-356.19081	-356.20876	5.5740639	0.017948044	-353.48928	-350.45052	-346.09269
8	200	-476.80542	-476.7621	-476.70713	0.043319361	-0.054968141	-459.79363	-460.21158	-458.89518
8	201	-1063.315	-1062.8409	-992.58626	0.47416103	-70.254616	-1049.71	-1045.985	-966.46952
8	202	-367.14663	-364.92059	-364.74467	2.2260415	-0.17591834	-362.72388	-356.96598	-351.41293
8	203	-631.40942	-623.40344	-599.35871	8.0059775	-24.044729	-614.85395	-601.49729	-581.85717
8	204	-753.39876	-730.8029	-716.86943	22.595853	-13.933473	-737.78115	-714.74292	-697.8879
8	205	-540.53806	-509.7092	-488.30769	30.828857	-21.401508	-524.91507	-492.34769	-473.05192
8	206	-699.97933	-699.28613	-685.99388	0.69319455	-13.29225	-685.83052	-681.68829	-663.49359
8	207	-682.47948	-657.45974	-641.20396	25.019736	-16.255787	-665.73351	-635.28288	-617.87168
8	208	-645.12745	-632.92042	-619.72613	12.20703	-13.194294	-630.34815	-615.01805	-603.12239
8	209	-759.77499	-748.64794	-736.01706	11.127049	-12.630882	-745.25799	-726.67764	-712.99609
8	210	-573.21373	-568.28537	-560.52066	4.9283635	-7.7647085	-560.05002	-547.26884	-538.47853
8	211	-354.3492	-352.73494	-353.76208	1.6142513	1.0271322	-351.88394	-346.55813	-342.77715
8	212	-480.09679	-464.81194	-464.40095	15.28485	-0.41098289	-468.72567	-457.00311	-447.04932
8	213	-441.66155	-426.5592	-430.37986	15.102349	3.820654	-437.36591	-416.74327	-416.76506
8	214	-1196.6807	-1114.1261	-1047.8445	82.554552	-66.28162	-1182.1208	-1092.2991	-1026.3644
8	215	-680.97047	-680.61076	-639.17771	0.35971048	-41.433052	-664.37335	-663.88981	-619.01401
8	216	-882.64597	-853.34555	-826.48844	29.300418	-26.857106	-868.28127	-837.51573	-808.05738
8	217	-323.38727	-321.88463	-320.95439	1.5026352	-0.93024172	-319.39237	-314.56126	-306.97593
8	218	-1174.0281	-1170.171	-1057.0869	3.8571209	-113.08405	-1162.1795	-1154.4372	-1035.1895
8	219	-661.94569	-627.5157	-600.35183	34.429996	-27.163864	-648.4633	-610.08347	-584.92614
8	220	-364.64641	-359.93341	-362.67139	4.7129991	2.7379846	-359.75586	-347.86881	-347.72061
8	221	-529.24671	-522.15974	-511.4448	7.0869689	-10.714942	-514.9977	-502.04989	-493.54603
8	222	-474.31966	-463.95389	-461.42735	10.365771	-2.5265325	-469.5708	-457.59238	-450.44785
8	223	-545.87762	-538.61998	-528.77653	7.2576415	-9.8434541	-527.64212	-515.95255	-505.81488
8	224	-508.30878	-503.76094	-503.40426	4.5478368	-0.35668111	-506.24005	-495.99952	-488.12873
8	225	-629.99892	-629.81601	-623.43714	0.18290653	-6.3788768	-614.35763	-612.13014	-604.07571
8	226	-371.47235	-357.9277	-360.57608	13.544649	2.6483719	-360.24182	-345.27922	-345.28803
8	227	-289.66371	-278.1238	-279.2416	11.539906	1.1177953	-280.44395	-271.97237	-270.0366
8	228	-564.26743	-562.98014	-550.87946	1.2872937	-12.100677	-552.94048	-546.87911	-535.25467
8	229	-955.99951	-919.12242	-916.42099	36.877097	-2.7014255	-939.87045	-898.62774	-894.0064
8	230	-920.96196	-912.55454	-889.07707	8.4074278	-23.477468	-908.49001	-896.25523	-865.48308
8	231	-793.0358	-779.11253	-765.90591	13.923265	-13.206622	-779.52674	-765.07163	-749.20621
8	232	-557.81905	-557.17977	-552.71072	0.63928596	-4.469043	-542.32136	-540.18016	-531.64219
8	233	-587.8018	-576.02762	-569.7273	11.774177	-6.3003278	-571.58596	-554.74403	-543.90306
8	234	-460.72962	-459.66872	-453.30807	1.060896	-6.3606464	-454.75048	-452.98398	-442.84008
8	235	-468.73582	-451.54511	-447.78616	17.190708	-3.7589471	-454.6995	-438.01033	-428.09152
8	236	-734.33057	-733.77725	-731.18798	0.55331636	-2.5892684	-721.43272	-718.24632	-711.54129
8	237	-239.99007	-240.41439	-241.36602	-0.42431461	0.95162592	-236.87931	-237.29962	-237.29731
8	238	-406.93035	-400.61802	-394.13908	6.3123367	-6.4789326	-404.4908	-393.73879	-380.60135
8	239	-629.35592	-622.82752	-608.08448	6.5284048	-14.743039	-613.08806	-605.45132	-591.23883
8	240	-483.1192	-482.76107	-471.44339	0.35813315	-11.317675	-469.7182	-467.04649	-453.76281
8	241	-699.8858	-693.48998	-685.69641	6.3958195	-7.7935686	-688.52541	-673.98535	-665.17855
8	242	-451.87028	-437.65844	-435.87464	14.211839	-1.7838019	-433.75247	-419.30499	-419.52514
8	243	-1550.1556	-1251.31	-1254.0879	298.84556	2.777958	-1534.4788	-1238.7901	-1232.5885
8	244	-1271.6103	-1206.6157	-1133.7992	64.994631	-72.816442	-1257.805	-1184.9458	-1110.6919
8	245	-486.84675	-479.00261	-470.79945	7.8441408	-8.2031508	-469.24426	-454.38841	-451.66414
8	246	-412.5594	-411.99435	-411.38681	0.56504946	-0.60754155	-406.11427	-402.44252	-395.29614
8	247	-284.94871	-279.55482	-281.35609	5.3938925	1.8012724	-282.07085	-272.43127	-270.63835
8	248	-420.45975	-418.83873	-417.55817	1.6210168	-1.2805585	-413.32227	-406.87762	-401.03444
8	249	-600.29059	-595.44581	-593.79315	4.8447841	-1.6526633	-582.85398	-573.93144	-570.55724
8	250	-567.28211	-559.52154	-531.77223	7.7605623	-27.749315	-552.88362	-547.43579	-516.09796
8	251	-494.15198	-456.48157	-457.53771	37.670412	1.0561389	-480.70878	-448.11896	-443.69817
8	252	-582.47038	-557.39043	-559.20292	25.079943	1.8124858	-567.43484	-547.38419	-547.39145
8	253	-584.83611	-575.15453	-576.33537	9.6815846	1.180843	-572.1876	-561.6263	-560.04872
8	254	-1356.0354	-1293.4405	-1221.2787	62.594927	-72.161731	-1342.5737	-1272.2885	-1198.5102
8	255	-827.36418	-826.70758	-801.0025	0.65659688	-25.705083	-814.80427	-813.66621	-776.70023
8	256	-694.94462	-693.93089	-631.00242	1.0137275	-62.928475	-679.65335	-674.88265	-615.89648
8	257	-582.47672	-576.43345	-560.79008	6.0432745	-15.643369	-569.33632	-557.6904	-541.99277
8	258	-684.89714	-675.52767	-647.90083	9.3694753	-27.626834	-669.03368	-651.16125	-626.29855
8	259	-1095.0978	-1093.5882	-980.12653	1.509629	-113.46167	-1078.2069	-1071.2602	-960.56211
8	260	-527.51149	-527.33166	-503.45262	0.17982784	-23.879038	-512.24014	-510.61083	-488.02911
8	261	-219.14445	-219.23045	-219.35147	-0.08600164	0.12102077	-216.00651	-211.63442	-211.05834
8	262	-721.95976	-718.30888	-704.66864	3.6508735	-13.64024	-708.91804	-697.82272	-680.61621
8	263	-905.18681	-825.82773	-795.88515	79.359082	-29.942581	-889.87207	-806.29993	-776.35333
8	264	-450.8718	-422.29838	-424.00405	28.573429	1.7056771	-438.489	-416.26922	-416.26094
8	265	-703.97636	-700.78491	-677.56212	3.1914516	-23.222791	-687.72756	-682.75478	-658.06533
8	266	-362.8859	-363.27539	-363.67737	-0.38949017	0.40197469	-360.05274	-360.47279	-355.17197
8	267	-495.80965	-485.05049	-486.79784	10.759154	1.7473442	-483.93987	-476.16732	-472.40895
8	268	-504.79773	-504.8079	-492.82566	-0.01017474	-11.982246	-491.96668	-492.40073	-478.34874
8	269	-576.21958	-564.17768	-530.82369	12.041904	-33.353993	-562.32617	-544.48386	-512.58854
8	270	-583.12866	-577.29904	-575.42079	5.8296228	-1.8782537	-570.63961	-565.7183	-557.843
8	271	-319.49896	-319.7836	-320.38389	-0.28463929	0.60029495	-316.7653	-317.18721	-314.29007
8	272	-1379.7843	-1311.3183	-1141.8154	68.466042	-169.50285	-1366.7652	-1290.5575	-1120.9795
8	273	-484.76966	-473.82282	-475.5012	10.946844	1.6783806	-468.50849	-456.66863	-456.67874
8	274	-369.38266	-365.45441	-360.91823	3.9282485	-4.5361854	-357.53684	-353.87765	-344.18926
8	275	-619.73939	-595.68268	-588.82838	24.056705	-6.8543025	-601.85826	-589.06943	-574.10311
8	276	-550.26258	-543.25992	-537.34166	7.0026562	-5.9182597	-532.51953	-523.27267	-517.25816
8	277	-321.98679	-318.22081	-319.45775	3.7659826	1.2369415	-319.20051	-313.26951	-311.28386
8	278	-1060.7431	-1030.6595	-973.66911	30.083539	-56.990425	-1048.6462	-1014.0926	-952.90623
8	279	-402.48113	-402.86398	-402.78074	-0.38284801	-0.083237908	-400.16736	-400.58543	-389.72544
8	280	-347.85989	-345.89179	-342.17375	1.9681022	-3.7180363	-336.17088	-329.56928	-326.80535
8	281	-1172.3489	-1138.3299	-1055.7644	34.019032	-82.565525	-1159.2945	-1117.0402	-1032.5725
8	282	-532.65098	-513.94265	-511.98022	18.70833	-1.9624299	-515.86963	-496.44835	-494.78417
8	283	-509.40427	-497.04598	-499.10064	12.35829	2.0546667	-504.274	-489.31814	-488.222
8	284	-1008.5655	-916.43855	-890.90597	92.126969	-25.532581	-991.8842	-895.24872	-866.40357
8	285	-767.39354	-766.14119	-759.147	1.252346	-6.9941917	-755.83593	-747.96239	-733.97658
8	286	-435.7209	-427.34735	-429.25949	8.3735541	1.9121444	-430.86541	-417.06866	-414.93702
8	287	-803.50098	-774.17746	-754.03047	29.323525	-20.146982	-787.81643	-755.22983	-734.04657
8	288	-383.39525	-377.74072	-379.38876	5.6545283	1.6480414	-380.94616	-370.29297	-367.08233
8	289	-492.1123	-461.14887	-465.37533	30.963428	4.2264602	-474.24126	-448.33734	-448.32169
8	290	-751.07958	-743.49363	-738.28935	7.5859566	-5.2042811	-738.7402	-722.92959	-714.32415
8	291	-714.82097	-683.78083	-664.18312	31.040146	-19.597705	-700.93904	-665.93053	-646.67796
8	292	-605.80876	-597.96708	-590.97364	7.8416757	-6.9934384	-587.69441	-579.03415	-572.23138
8	293	-563.98173	-561.0245	-559.96625	2.9572289	-1.058251	-556.4382	-548.73004	-541.88768
8	294	-449.01327	-444.76123	-446.33504	4.2520385	1.5738097	-440.61175	-432.78193	-430.49256
8	295	-405.9191	-403.45892	-397.48598	2.460171	-5.9729429	-393.56557	-390.01821	-382.31285
8	296	-718.37891	-712.47927	-696.84161	5.8996334	-15.637666	-705.24044	-693.24539	-677.03984
8	297	-398.56038	-384.2334	-386.58841	14.326971	2.3550055	-390.18153	-376.58978	-376.58784
8	298	-584.21071	-566.35384	-562.8251	17.856874	-3.5287408	-566.87789	-547.69697	-543.58311
8	299	-360.07445	-353.549	-352.43459	6.5254491	-1.1144043	-357.51129	-348.30409	-341.10077
8	300	-602.31375	-589.6817	-577.86995	12.632056	-11.811741	-581.82193	-564.42521	-553.0429
8	301	-621.34274	-608.72909	-589.0534	12.613644	-19.67569	-601.80218	-589.62508	-571.20879
8	302	-537.84447	-528.96449	-525.18573	8.8799826	-3.7787618	-523.10275	-517.14047	-505.74136
8	303	-1486.095	-1374.7129	-1282.5362	111.3821	-92.176696	-1468.9815	-1351.5255	-1262.0765
8	304	-505.31745	-489.68951	-492.0509	15.62794	2.361387	-497.03045	-482.31168	-482.03305
8	305	-436.8236	-433.9012	-435.12737	2.9224034	1.2261716	-431.11355	-423.41144	-420.17264
8	306	-561.39527	-557.63236	-554.19334	3.7629114	-3.4390242	-545.9684	-537.08355	-532.14712
8	307	-652.88433	-640.04751	-640.78485	12.836817	0.73733936	-641.73471	-622.63002	-617.35857
8	308	-754.59344	-722.29465	-699.13381	32.298787	-23.160846	-739.80203	-698.72902	-677.11209
8	309	-805.07786	-781.99168	-758.81835	23.086184	-23.173331	-788.93319	-762.29568	-738.89427
8	310	-478.79479	-468.54712	-455.73491	10.247671	-12.812211	-465.13272	-450.99266	-439.60289
8	311	-331.96778	-329.42774	-330.91305	2.5400381	1.4853137	-320.54529	-317.72345	-317.72585
8	312	-537.42909	-520.90707	-517.5633	16.522029	-3.3437706	-524.91402	-508.67378	-501.90862
8	313	-428.96156	-422.66385	-419.22918	6.2977053	-3.4346769	-426.57303	-416.09705	-403.43973
8	314	-290.76695	-290.61079	-291.83597	0.15616245	1.2251807	-287.87864	-285.72291	-285.76072
8	315	-729.66704	-720.01161	-717.98291	9.6554325	-2.0286907	-718.03594	-703.72757	-698.94416
8	316	-537.44435	-526.03668	-515.97542	11.407673	-10.061261	-524.85285	-513.16698	-502.91268
8	317	-851.39437	-809.7687	-788.33556	41.625676	-21.433142	-835.83168	-787.66349	-764.04205
8	318	-450.54992	-445.07957	-434.91374	5.4703493	-10.165833	-443.55468	-432.30841	-418.06353
8	319	-529.72906	-526.79291	-510.90877	2.9361553	-15.884142	-510.87069	-507.06022	-491.09875
8	320	-475.50678	-468.20896	-461.88157	7.2978241	-6.3273918	-458.84921	-448.06272	-443.22922
8	321	-667.2719	-651.70688	-631.57572	15.565012	-20.131167	-652.80751	-645.10166	-613.6331
8	322	-436.40386	-430.16026	-431.5451	6.2435971	1.3848367	-427.0787	-421.77441	-417.89567
8	323	-888.62777	-827.93144	-824.69142	60.696326	-3.2400229	-872.66695	-805.53909	-801.69658
8	324	-429.37526	-427.87008	-424.50546	1.505181	-3.3646195	-416.67644	-413.27551	-413.76281
8	325	-474.45291	-473.73143	-470.49212	0.72148006	-3.2393019	-468.07561	-460.85022	-448.50783
8	326	-571.66689	-530.29047	-503.2577	41.37642	-27.032767	-556.86186	-512.04151	-488.00457
8	327	-376.83625	-374.3999	-375.59236	2.4363517	1.1924629	-371.66968	-367.92025	-365.88521
8	328	-428.18835	-424.31325	-426.32861	3.8751064	2.015362	-419.83027	-411.38257	-411.33059
8	329	-421.84433	-412.10624	-413.09538	9.73809	0.98913154	-418.80488	-404.30124	-400.88373
8	330	-398.92485	-396.40839	-397.236	2.5164596	0.82760844	-396.26946	-387.78864	-378.20639
8	331	-353.35103	-353.58094	-353.8103	-0.22991857	0.22935119	-348.82466	-347.40838	-343.53883
8	332	-302.27337	-300.52298	-300.11122	1.7503829	-0.41176565	-296.31578	-292.91269	-281.76074
8	333	-575.37688	-569.76426	-555.20331	5.6126279	-14.560942	-561.45788	-549.80487	-535.7732
8	334	-458.562	-448.93537	-450.18762	9.6266271	1.2522482	-443.63452	-436.61849	-435.84306
8	335	-363.6201	-361.08114	-361.49456	2.5389571	0.41342527	-360.79234	-355.37795	-348.82763
8	336	-602.89452	-589.90289	-574.08932	12.991629	-15.813565	-586.64508	-571.05791	-555.39102
8	337	-252.34683	-252.24855	-253.17827	0.098287268	0.92972524	-249.22095	-247.8627	-247.002
8	338	-243.04319	-243.53291	-244.58034	-0.48971294	1.0474314	-240.11888	-240.53729	-240.53643
8	339	-967.19826	-967.26102	-890.17477	-0.062760301	-77.086248	-951.8334	-951.70203	-818.62339
8	340	-719.57523	-710.97935	-707.8304	8.5958825	-3.1489437	-706.32714	-689.73069	-683.31135
8	341	-1099.9485	-1084.8924	-955.86327	15.056096	-129.02914	-1085.9312	-1063.1828	-932.70353
8	342	-464.81504	-442.14595	-445.39088	22.669084	3.2449329	-454.92036	-433.6272	-433.65025
8	343	-448.00736	-425.0076	-420.89711	22.99976	-4.1104835	-434.45247	-412.09148	-408.74813
8	344	-493.81665	-481.88646	-478.8212	11.930195	-3.0652546	-478.79551	-464.87784	-460.20376
8	345	-569.15314	-547.00809	-532.03576	22.145053	-14.97233	-552.33083	-529.33373	-514.08249
8	346	-779.676	-771.71242	-751.62847	7.9635726	-20.083955	-766.03842	-753.18451	-728.70841
8	347	-359.27641	-353.06144	-354.90447	6.2149686	1.8430278	-354.87388	-345.27633	-345.29765
8	348	-804.20348	-786.69246	-780.86683	17.51102	-5.8256308	-792.15063	-766.15979	-758.81104
8	349	-666.4203	-649.23695	-615.88021	17.183355	-33.356738	-652.42199	-628.77809	-600.85937
8	350	-460.09506	-456.27807	-446.19177	3.8169877	-10.086299	-445.49509	-441.25882	-429.37346
8	351	-470.69852	-460.63812	-463.11733	10.060394	2.4792102	-463.92299	-450.88762	-447.73972
8	352	-275.41445	-270.97402	-272.47203	4.4404263	1.4980052	-271.33934	-265.40101	-265.45907
8	353	-266.05675	-262.27246	-264.59549	3.7842879	2.3230266	-263.10609	-254.43533	-254.43322
8	354	-1222.4341	-1122.9739	-1060.3775	99.460171	-62.596363	-1208.6413	-1104.0207	-1035.5857
8	355	-422.81925	-422.69339	-421.96706	0.12586051	-0.72632217	-414.25246	-413.34057	-403.12745
8	356	-404.21627	-401.27635	-398.06675	2.9399184	-3.2095943	-401.89198	-394.98431	-382.10193
8	357	-1240.1416	-1058.6399	-1061.6773	181.50171	3.0373984	-1225.7683	-1045.092	-1045.1034
8	358	-355.47967	-347.69947	-349.20695	7.7801955	1.5074819	-348.06237	-342.98906	-342.9888
8	359	-516.17345	-513.66991	-505.84083	2.5035384	-7.8290863	-503.43259	-499.21643	-489.31826
8	360	-681.06321	-677.13726	-653.24518	3.9259435	-23.892086	-665.25728	-657.47692	-631.6981
8	361	-565.08631	-558.70158	-558.84549	6.384732	0.14391388	-552.37923	-540.22344	-539.24053
8	362	-335.0955	-329.03301	-328.86298	6.0624923	-0.17002804	-332.40865	-321.36666	-316.51208
8	363	-652.39385	-643.92645	-630.87157	8.4674046	-13.054879	-637.14378	-626.21502	-609.22874
8	364	-776.79475	-767.74277	-733.95885	9.0519856	-33.78392	-763.57219	-752.42682	-717.02489
8	365	-597.90374	-593.38135	-587.89666	4.522396	-5.484687	-585.52663	-572.94907	-566.03059
8	366	-370.31745	-363.82534	-366.20097	6.4921117	2.3756338	-365.24362	-355.57298	-355.74626
8	367	-562.03198	-557.23843	-544.68131	4.7935535	-12.557117	-544.76019	-536.77596	-525.72911
8	368	-314.70051	-314.684	-314.98836	0.016504536	0.30435553	-306.85767	-305.79939	-302.91005
8	369	-398.71653	-386.44609	-389.28754	12.270445	2.8414495	-388.05482	-378.55398	-378.33744
8	370	-582.31168	-582.66124	-567.81265	-0.34956425	-14.848588	-563.82339	-561.20429	-546.88573
8	371	-624.19693	-598.47294	-598.11147	25.723991	-0.36146972	-610.59086	-580.7917	-576.69044
8	372	-449.69795	-444.06032	-441.99474	5.6376279	-2.0655888	-437.27831	-432.83196	-421.67657
8	373	-416.76352	-405.35109	-401.25052	11.412428	-4.1005698	-403.18708	-388.65175	-379.5042
8	374	-713.28517	-706.30893	-706.0966	6.9762382	-0.21232807	-698.35629	-686.83712	-683.46674
8	375	-362.8449	-362.97438	-363.50595	-0.12947673	0.53157133	-360.30858	-358.60887	-355.52324
8	376	-418.84572	-418.13404	-414.31328	0.71168302	-3.8207647	-409.93336	-407.01644	-399.07854
8	377	-702.63722	-659.83404	-627.68024	42.803187	-32.153791	-680.28064	-637.45457	-608.58138
8	378	-427.6953	-427.15551	-427.02623	0.53979077	-0.12927841	-420.02736	-416.03262	-411.60549
8	379	-801.57931	-761.51253	-756.53062	40.066781	-4.9819148	-786.11687	-742.97139	-736.90775
8	380	-432.77156	-421.71493	-424.82618	11.056633	3.111253	-417.9646	-407.73092	-407.73015
8	381	-431.68998	-431.92111	-432.35082	-0.231135	0.429711	-427.39698	-427.75576	-423.48356
8	382	-573.53138	-555.48289	-545.56999	18.048483	-9.9129036	-558.17038	-539.11493	-528.96636
8	383	-348.27641	-341.99266	-337.68639	6.2837455	-4.3062663	-338.56805	-328.84749	-323.20254
8	384	-436.45506	-436.45857	-426.15137	-0.0035115606	-10.307195	-423.13341	-420.83484	-409.67442
8	385	-628.67686	-595.65079	-586.99947	33.026071	-8.6513149	-612.75723	-576.80229	-567.25661
8	386	-481.08665	-467.451	-464.54323	13.635651	-2.9077783	-464.76774	-451.53871	-444.34723
8	387	-628.58129	-627.86113	-612.21008	0.72016017	-15.651045	-613.43216	-612.77712	-594.74572
8	388	-415.2522	-399.84995	-400.67276	15.40225	0.82281797	-403.71462	-392.45816	-388.61725
8	389	-284.18011	-282.40686	-284.33041	1.773253	1.9235511	-281.30847	-275.91029	-275.91701
8	390	-303.39115	-302.1862	-285.95086	1.2049536	-16.235331	-293.48053	-287.81772	-274.46049
8	391	-664.31873	-654.85027	-644.58521	9.4684598	-10.265063	-648.4075	-634.22693	-622.88674
8	392	-817.20317	-728.93136	-731.30241	88.271809	2.3710491	-800.09966	-716.08558	-716.04991
8	393	-916.93182	-859.45831	-853.32571	57.473511	-6.1326061	-904.84125	-837.69935	-830.27392
8	394	-434.34011	-427.96208	-429.8777	6.3780298	1.9156213	-431.21627	-418.98477	-414.6924
8	395	-580.4338	-566.15669	-563.12559	14.277105	-3.0310983	-567.91864	-554.51688	-544.98942
8	396	-693.7848	-659.05329	-636.91737	34.731516	-22.13592	-681.3329	-642.41578	-623.10588
8	397	-685.97111	-660.3572	-632.61052	25.613917	-27.746675	-669.46532	-643.57253	-618.34979
8	398	-943.17069	-865.82813	-841.53246	77.342553	-24.295673	-927.63506	-849.77564	-823.80144
8	399	-437.46157	-369.30411	-372.04187	68.157466	2.7377681	-422.64956	-359.75316	-359.75319
8	400	-638.54881	-609.65171	-611.41868	28.897096	1.7669701	-626.40899	-596.80761	-594.7361
8	401	-886.39041	-879.88356	-806.79794	6.5068508	-73.085614	-872.62736	-857.42824	-783.61641
8	402	-539.58653	-537.38726	-536.67225	2.1992702	-0.71501364	-528.50766	-530.05447	-518.55063
8	403	-497.93209	-496.78666	-492.72501	1.1454273	-4.0616507	-492.97897	-491.65258	-476.72405
8	404	-382.21865	-375.38872	-377.14496	6.8299314	1.7562426	-374.37655	-366.45759	-366.20278
8	405	-1035.3897	-961.68744	-905.73866	73.702264	-55.948783	-1019.3982	-944.37882	-887.25724
8	406	-930.24176	-881.93243	-869.29586	48.309331	-12.63657	-915.01654	-862.64362	-849.49399
8	407	-390.51248	-386.10646	-387.23506	4.4060171	1.1285999	-381.29326	-373.69221	-369.7676
8	408	-653.04538	-652.23057	-627.55046	0.81480926	-24.680109	-638.57205	-633.76281	-608.43843
8	409	-914.32953	-830.18068	-822.77634	84.148854	-7.4043386	-903.09114	-810.97447	-808.06711
8	410	-562.4843	-545.97808	-539.76404	16.506216	-6.2140411	-547.89142	-524.72771	-517.93225
8	411	-661.94179	-650.51682	-648.22454	11.424976	-2.2922788	-647.86368	-632.39364	-626.32581
8	412	-701.43911	-678.78154	-679.71611	22.657574	0.93457344	-687.3498	-661.94657	-660.41724
8	413	-724.65653	-685.13869	-682.71879	39.517837	-2.4198982	-705.80148	-666.10915	-665.2981
8	414	-756.07291	-733.18235	-724.74426	22.890553	-8.4380932	-742.22192	-712.12556	-701.76406
8	415	-737.13724	-721.32022	-711.31412	15.817018	-10.006103	-719.98264	-697.18722	-687.42972
8	416	-380.08564	-378.58004	-377.76894	1.5055983	-0.81109835	-377.68748	-372.09743	-363.44159
8	417	-464.1971	-457.72954	-455.33456	6.4675524	-2.3949808	-454.46023	-451.63512	-440.73367
8	418	-379.29243	-377.31404	-378.10423	1.9783939	0.79019106	-376.78871	-370.85018	-366.40991
8	419	-511.72226	-501.50702	-498.74955	10.215233	-2.7574695	-496.74656	-483.72306	-477.10166
8	420	-535.28133	-534.56083	-530.72314	0.7204965	-3.8376884	-526.17697	-517.43533	-506.86535
8	421	-344.93009	-343.70398	-343.87673	1.2261036	0.17275247	-342.32357	-339.03087	-334.72685
8	422	-427.23003	-421.59685	-423.4556	5.6331813	1.8587434	-419.15168	-408.98661	-398.78582
8	423	-732.48558	-719.33427	-716.37868	13.15131	-2.9555841	-719.69244	-701.26487	-696.60027
8	424	-459.00344	-440.32493	-430.26438	18.678512	-10.060543	-446.35428	-432.11933	-415.62981
8	425	-951.56539	-918.58606	-912.85341	32.979331	-5.7326464	-936.73027	-899.75992	-890.36322
8	426	-576.75714	-576.18918	-575.12411	0.56796208	-1.0650732	-565.25025	-565.14775	-557.64391
8	427	-756.60216	-753.19067	-736.7457	3.4114911	-16.444971	-744.11016	-732.18135	-710.85064
8	428	-605.88228	-597.00555	-599.75401	8.8767288	2.7484509	-591.73961	-577.5703	-577.5565
8	429	-355.09974	-354.09348	-354.71332	1.0062635	0.61983838	-352.58689	-348.60043	-344.17887
8	430	-832.24547	-816.57787	-765.57082	15.667598	-51.007047	-815.07667	-792.64566	-741.88257
8	431	-639.09677	-621.52554	-603.15009	17.571232	-18.375454	-625.36828	-602.44643	-585.99359
8	432	-447.54995	-443.87333	-443.79679	3.6766216	-0.076542692	-442.86933	-437.10023	-430.86841
8	433	-364.51236	-355.61446	-358.88902	8.8979023	3.2745677	-361.91045	-347.19916	-347.21626
8	434	-549.96761	-540.60493	-537.50946	9.3626798	-3.0954676	-534.98496	-523.59114	-521.79565
8	435	-639.24172	-614.99047	-616.7796	24.251249	1.7891245	-625.4587	-600.10017	-600.09882
8	436	-703.52357	-692.05797	-685.05039	11.465603	-7.0075828	-686.87465	-669.71821	-661.63064
8	437	-1161.6422	-1049.7761	-1037.6894	111.86609	-12.086642	-1150.2351	-1031.6906	-1017.4665
8	438	-264.73549	-264.26483	-260.63302	0.47065717	-3.6318141	-261.25137	-257.91631	-248.62788
8	439	-812.04652	-803.42866	-777.30889	8.6178529	-26.119776	-799.42774	-783.28031	-755.04027
8	440	-875.79129	-858.89811	-848.81297	16.893177	-10.085143	-863.6801	-837.5119	-823.6899
8	441	-566.91355	-563.99146	-520.47813	2.9220924	-43.513332	-553.45823	-545.81767	-503.42996
8	442	-304.35046	-303.25495	-300.51275	1.0955039	-2.7422038	-301.60948	-298.55401	-288.69266
8	443	-556.28376	-539.84226	-519.34632	16.441499	-20.495938	-541.01422	-518.68878	-500.46202
8	444	-482.10441	-481.34502	-481.68813	0.75938784	0.34311415	-475.93848	-471.29336	-468.65326
8	445	-764.26087	-738.15827	-725.43318	26.102597	-12.725085	-750.77076	-715.57606	-701.95314
8	446	-444.57154	-442.8675	-442.14287	1.7040427	-0.72462764	-441.97881	-436.2793	-427.62998
8	447	-465.77546	-465.70565	-451.24582	0.069815553	-14.459832	-452.62522	-448.10125	-435.29363
8	448	-611.24761	-587.58186	-586.41705	23.665752	-1.164804	-597.89476	-574.74046	-571.3939
8	449	-445.09367	-438.39204	-431.69194	6.7016301	-6.7001024	-432.07298	-422.89916	-409.35479
8	450	-542.04518	-520.44611	-523.82117	21.599067	3.3750609	-526.98908	-508.06152	-506.4329
8	451	-369.82325	-364.19499	-365.73698	5.6282611	1.5419841	-367.21249	-358.44612	-358.44536
8	452	-425.98866	-425.86738	-421.05892	0.12127956	-4.8084531	-412.99239	-408.02494	-402.81007
8	453	-858.77218	-852.28601	-800.58058	6.4861635	-51.705434	-845.08353	-829.31058	-776.71863
8	454	-706.6898	-706.75422	-706.36693	-0.064429589	-0.3872931	-698.02577	-695.96258	-685.6722
8	455	-562.70666	-525.21448	-528.28093	37.492182	3.0664506	-548.46636	-511.09366	-510.86633
8	456	-652.39924	-648.13547	-649.6728	4.2637752	1.5373356	-641.44673	-635.07177	-634.05104
8	457	-429.14524	-425.56869	-417.00094	3.5765542	-8.5677468	-414.58363	-406.79562	-400.8493
8	458	-438.56647	-438.10991	-439.72905	0.45656079	1.6191413	-433.15289	-430.03109	-419.9901
8	459	-452.4103	-433.88138	-436.69507	18.528924	2.8136871	-438.88965	-420.84086	-420.85482
8	460	-535.50169	-535.23542	-500.85099	0.26626663	-34.384435	-519.89007	-516.96043	-486.19104
8	461	-632.50471	-615.56095	-616.66469	16.943756	1.1037342	-615.30332	-595.87473	-595.838
8	462	-420.40186	-414.48294	-415.61459	5.9189108	1.1316485	-418.04428	-408.92824	-405.77127
8	463	-470.96031	-467.99818	-466.85607	2.9621248	-1.1421077	-464.51851	-458.33309	-448.09437
8	464	-400.47228	-392.27563	-392.88195	8.196653	0.60631662	-396.12731	-383.99919	-377.47069
8	465	-519.11403	-518.42262	-517.28221	0.69141467	-1.1404034	-498.86946	-495.52683	-495.47968
8	466	-465.37787	-461.25078	-462.30869	4.1270959	1.0579118	-457.27395	-450.75289	-444.39029
8	467	-580.55832	-563.34161	-561.98895	17.216718	-1.352654	-564.12766	-547.01917	-544.41462
8	468	-434.39365	-432.42008	-430.13364	1.9735703	-2.2864439	-432.09362	-424.91274	-415.76851
8	469	-361.16507	-358.09847	-359.48541	3.0665953	1.3869388	-356.61003	-349.98641	-347.81599
8	470	-656.04926	-634.98379	-607.38174	21.065463	-27.602057	-639.0545	-615.44631	-591.858
8	471	-332.38995	-327.58276	-329.01247	4.807187	1.429711	-329.72369	-322.48772	-322.48794
8	472	-417.57761	-409.48015	-403.19828	8.0974635	-6.2818678	-403.28632	-396.07139	-386.5277
8	473	-1051.8785	-1008.3729	-990.39112	43.505638	-17.981785	-1038.533	-988.81793	-967.93746
8	474	-413.41444	-409.38164	-410.90083	4.032799	1.519192	-410.96786	-399.08122	-392.30499
8	475	-1309.9302	-1254.0948	-1178.9764	55.835448	-75.118353	-1298.5976	-1233.5678	-1154.1681
8	476	-439.43251	-436.93182	-433.9542	2.5006867	-2.977618	-437.1788	-430.1036	-419.73873
8	477	-495.42645	-487.05216	-478.07445	8.3742889	-8.9777158	-480.90485	-474.48425	-466.18579
8	478	-382.87578	-374.70025	-372.35475	8.1755313	-2.3455013	-371.85247	-361.94399	-359.02248
8	479	-342.26485	-335.93974	-329.1817	6.3251094	-6.7580366	-333.76328	-324.54579	-314.78289
8	480	-371.43758	-370.91884	-366.21931	0.5187352	-4.699528	-356.61845	-353.72263	-348.18128
8	481	-677.17837	-676.65421	-650.08656	0.52415578	-26.567647	-661.2391	-660.09612	-632.62747
8	482	-808.73226	-790.81088	-791.45426	17.921384	0.64337537	-794.82789	-773.74879	-773.73825
8	483	-732.94534	-707.9996	-708.03436	24.945738	0.034761369	-721.54052	-687.93882	-687.67454
8	484	-930.01941	-875.78052	-851.3001	54.238883	-24.480421	-916.36343	-853.99539	-830.36133
8	485	-1091.5977	-1056.719	-984.2244	34.878707	-72.494566	-1078.6333	-1039.7307	-964.82902
8	486	-590.19616	-566.70958	-564.23914	23.486576	-2.4704475	-575.57527	-549.51923	-545.23452
8	487	-827.94042	-786.91686	-778.92715	41.023561	-7.9897119	-814.79996	-765.07389	-757.51333
8	488	-478.34915	-468.5652	-467.61817	9.7839465	-0.94702734	-464.7517	-456.22311	-448.18345
8	489	-538.0111	-528.18576	-505.81066	9.8253345	-22.375105	-521.75713	-506.28457	-487.7181
8	490	-325.45193	-320.30662	-318.88682	5.1453179	-1.4197922	-320.44587	-313.56233	-307.7217
8	491	-477.14734	-471.39553	-460.16121	5.7518134	-11.234322	-468.14452	-457.45609	-443.0631
8	492	-860.54782	-834.40188	-812.7102	26.145945	-21.691682	-846.67188	-814.41387	-786.3543
8	493	-510.68553	-500.33682	-488.84228	10.348709	-11.494539	-496.2642	-483.27972	-472.63157
8	494	-867.42674	-818.10017	-791.43959	49.326565	-26.660576	-849.982	-794.38322	-770.51439
8	495	-360.20229	-358.22183	-356.50747	1.9804608	-1.7143596	-357.56804	-351.64038	-341.65511
8	496	-609.1717	-606.10652	-592.72616	3.0651766	-13.380361	-594.20283	-584.49657	-570.18958
8	497	-540.46721	-500.75592	-502.79042	39.711295	2.0345021	-524.55592	-488.5823	-488.5857
8	498	-574.84148	-551.46688	-540.49256	23.374595	-10.974327	-558.64966	-540.18878	-524.75105
8	499	-569.70051	-568.78252	-547.10547	0.91798648	-21.677052	-555.41192	-550.78305	-526.68649
8	500	-505.32729	-504.95683	-492.54034	0.37046061	-12.416496	-491.34148	-487.72536	-473.81986
8	501	-788.19755	-767.92222	-745.72192	20.275326	-22.200305	-773.45231	-747.89111	-725.64314
8	502	-404.73223	-405.141	-401.05562	-0.40876586	-4.0853769	-392.67731	-393.11127	-390.35469
8	503	-1295.0308	-1255.5521	-1088.0901	39.478727	-167.46203	-1280.335	-1237.624	-1065.6391
8	504	-397.53151	-389.15989	-391.36136	8.3716208	2.2014666	-395.15212	-380.6815	-378.81119
8	505	-647.801	-617.71188	-619.6123	30.089118	1.9004144	-634.00734	-605.98865	-603.41115
8	506	-639.43394	-582.94045	-585.59904	56.493491	2.6585958	-626.78135	-574.32574	-574.77438
8	507	-459.19655	-459.32095	-456.07405	-0.12439515	-3.246899	-453.13469	-455.07197	-444.69007
8	508	-401.21277	-391.94457	-385.31705	9.2682026	-6.6275204	-394.157	-385.96222	-372.75075
8	509	-1324.1763	-1271.8538	-1175.3599	52.322448	-96.493982	-1312.184	-1251.7972	-1152.4085
8	510	-471.66423	-466.3059	-468.61779	5.3583362	2.3118868	-465.61175	-454.01596	-452.30682
8	511	-969.36636	-929.6776	-903.03705	39.688753	-26.640554	-957.73805	-909.66523	-881.41272
8	512	-499.09329	-497.89932	-465.47497	1.1939696	-32.424347	-486.495	-482.29566	-455.02205
8	513	-416.63424	-415.99527	-407.9612	0.63896727	-8.0340731	-402.49143	-397.67434	-390.46383
8	514	-408.86621	-404.15071	-406.09178	4.7154954	1.9410714	-399.76094	-392.49773	-387.65654
8	515	-423.62957	-423.61889	-404.48854	0.010680541	-19.130351	-411.47987	-409.68796	-394.709
8	516	-682.09292	-660.55331	-616.28294	21.539605	-44.270372	-665.53234	-640.00847	-596.95114
8	517	-285.9643	-284.74927	-274.32167	1.2150292	-10.427608	-281.01568	-276.33611	-263.94829
8	518	-520.31032	-501.1349	-505.27384	19.175421	4.1389407	-505.46954	-484.4997	-484.35262
8	519	-468.61553	-459.30502	-459.25258	9.3105007	-0.052442919	-455.8368	-447.02032	-444.73739
8	520	-374.66899	-366.73814	-368.03589	7.9308453	1.2977514	-365.37607	-361.29234	-359.45183
8	521	-478.64993	-471.80199	-472.89488	6.84794	1.0928976	-474.60999	-465.06916	-461.11738
8	522	-420.56497	-410.7916	-409.3112	9.7733696	-1.4804009	-407.45537	-394.4836	-394.64417
8	523	-458.02895	-452.73624	-454.49833	5.2927036	1.7620873	-448.95652	-439.41893	-434.70235
8	524	-377.47432	-377.61792	-378.41964	-0.14359233	0.80172541	-374.80819	-373.40415	-372.24955
8	525	-734.90839	-724.40461	-713.63042	10.503781	-10.774191	-722.41935	-703.95538	-686.87639
8	526	-361.61351	-357.25515	-359.83661	4.358358	2.581456	-357.56941	-346.85412	-346.86057
8	527	-916.6992	-898.54194	-862.64208	18.157265	-35.899859	-900.79017	-879.11166	-840.56605
8	528	-342.35069	-340.79334	-342.33021	1.5573578	1.5368756	-339.28356	-332.24979	-332.61261
8	529	-516.45252	-509.30772	-510.66747	7.1448029	1.3597533	-508.06462	-500.43962	-495.57599
8	530	-437.95727	-436.27872	-434.33634	1.6785492	-1.9423846	-428.50175	-426.2073	-420.12672
8	531	-464.63209	-458.41044	-448.2026	6.2216479	-10.207841	-456.02564	-449.54165	-433.0776
8	532	-518.59244	-515.87279	-501.67174	2.7196541	-14.201043	-509.18971	-502.01002	-488.90573
8	533	-600.47818	-592.3309	-576.54835	8.1472765	-15.78255	-584.91797	-574.05003	-558.09791
8	534	-500.72987	-492.79097	-494.43679	7.9389019	1.6458258	-488.18351	-475.66242	-474.74675
8	535	-327.13867	-323.32062	-323.68622	3.8180526	0.36559865	-322.0814	-315.33325	-310.50214
8	536	-378.56165	-377.87407	-378.4006	0.68757947	0.52653105	-376.08509	-371.93016	-368.53346
8	537	-436.41444	-433.9268	-430.44814	2.4876382	-3.4786626	-427.10008	-427.52363	-416.61362
8	538	-876.33531	-852.35708	-791.46835	23.978234	-60.888724	-859.79463	-834.44082	-769.83184
8	539	-767.26926	-728.31628	-725.01524	38.952981	-3.3010396	-754.84734	-708.54039	-707.96648
8	540	-600.30623	-580.70454	-583.0472	19.601694	2.3426553	-586.66732	-568.22769	-568.27198
8	541	-428.08412	-427.2617	-427.91583	0.82241666	0.65413054	-420.62615	-417.11189	-413.23643
8	542	-273.5691	-269.23999	-271.84003	4.3291118	2.6000452	-270.71601	-260.3908	-259.63601
8	543	-821.75499	-786.00997	-780.03917	35.745013	-5.9708063	-808.66701	-767.85403	-758.56761
8	544	-662.31001	-641.91454	-624.18249	20.395472	-17.732052	-644.89417	-621.67858	-604.00492
8	545	-969.6553	-936.23376	-905.63198	33.421542	-30.601777	-954.57647	-917.65588	-889.1888
8	546	-654.67783	-645.24569	-629.93062	9.4321378	-15.315077	-638.1737	-625.13743	-610.68809
8	547	-466.69063	-461.05858	-461.86256	5.6320481	0.80397359	-458.08462	-448.60787	-445.75199
8	548	-488.82515	-475.63968	-470.22202	13.185467	-5.4176604	-471.79038	-461.38158	-453.73201
8	549	-887.82359	-839.96923	-816.52436	47.854357	-23.444872	-871.3754	-821.53793	-801.31469
8	550	-285.4381	-284.68859	-285.79817	0.74951146	1.1095782	-279.30766	-276.04331	-275.39459
8	551	-615.49912	-599.90719	-598.92598	15.591936	-0.98120261	-599.89415	-579.74918	-579.61977
8	552	-468.18125	-459.26036	-461.44169	8.9208871	2.1813248	-459.96269	-445.87307	-445.86681
8	553	-562.40169	-556.45872	-544.25993	5.9429641	-12.198791	-546.04377	-534.48004	-521.15999
8	554	-361.04693	-361.40835	-360.78825	-0.36142417	-0.62010032	-353.23913	-353.65839	-349.90099
8	555	-401.57953	-402.02828	-401.83902	-0.44875277	-0.18925623	-391.89469	-392.42965	-388.48999
8	556	-520.48029	-519.95581	-520.10804	0.52448065	0.15223649	-510.90642	-507.76921	-502.52286
8	557	-527.68085	-519.77334	-520.09001	7.9075042	0.3166678	-515.72869	-506.11594	-501.15128
8	558	-644.26671	-625.21027	-616.91425	19.056439	-8.2960222	-630.16043	-605.08601	-595.19726
8	559	-1100.7824	-1061.8999	-953.89374	38.882517	-108.00615	-1089.2336	-1052.8863	-933.81715
8	560	-366.17338	-366.22294	-360.35791	-0.049560168	-5.8650248	-353.79527	-352.74471	-346.43089
8	561	-699.54782	-695.16417	-672.43333	4.3836413	-22.730842	-683.98069	-673.3791	-649.42451
8	562	-534.68587	-531.13138	-527.03873	3.5544934	-4.0926548	-519.98203	-514.4508	-508.33136
8	563	-870.40936	-865.89699	-823.32261	4.5123647	-42.574378	-857.32781	-848.6637	-803.20978
8	564	-517.31526	-499.53062	-498.66927	17.784639	-0.8613542	-505.5381	-487.25923	-481.92755
8	565	-479.13711	-454.45787	-440.86456	24.679244	-13.593313	-462.39843	-438.80028	-426.39623
8	566	-1230.2679	-1148.2498	-1076.0565	82.018135	-72.193284	-1216.3036	-1130.4381	-1055.0018
8	567	-570.15634	-560.21948	-549.40607	9.9368618	-10.813416	-556.41869	-543.9457	-532.76074
8	568	-730.39979	-715.72183	-655.96498	14.677955	-59.756853	-715.11466	-698.20077	-639.28106
8	569	-909.80367	-865.51179	-867.02212	44.291877	1.5103263	-896.57164	-851.07659	-851.06575
8	570	-589.9149	-586.0652	-574.07487	3.8497016	-11.990332	-572.40692	-566.3632	-554.19308
8	571	-1019.0811	-940.79651	-905.16565	78.284564	-35.630862	-1003.2498	-920.03964	-883.73606
8	572	-342.60338	-341.25044	-342.15876	1.3529363	0.9083184	-334.36208	-330.58571	-327.92649
8	573	-738.6172	-736.37863	-676.84316	2.2385706	-59.535476	-723.24969	-714.70369	-655.49613
8	574	-480.69087	-480.71041	-466.34113	-0.019540897	-14.369276	-466.10246	-459.24179	-448.80051
8	575	-843.09216	-796.70602	-752.68136	46.386138	-44.024657	-828.85819	-774.78659	-731.8036
8	576	-267.68478	-267.78344	-268.59276	-0.098659046	0.80932138	-264.86439	-263.89014	-262.62578
8	577	-890.02749	-841.10043	-842.36916	48.927063	1.2687344	-877.58227	-823.9217	-823.91875
8	578	-373.79583	-373.77647	-363.43659	0.019364306	-10.339874	-359.66338	-358.3842	-350.74494
8	579	-352.40561	-352.07519	-352.81825	0.33041802	0.74306338	-350.00368	-347.64435	-345.76441
8	580	-551.52938	-540.28338	-535.62485	11.246001	-4.6585292	-532.50491	-517.34895	-515.54295
8	581	-321.88945	-320.53987	-321.79678	1.3495798	1.2569061	-319.27522	-315.71522	-315.71796
8	582	-720.49351	-706.03912	-691.90902	14.454382	-14.130105	-705.71122	-686.66862	-672.64502
8	583	-741.7398	-716.90356	-704.48515	24.836244	-12.418408	-727.51879	-699.16436	-686.89997
8	584	-404.88439	-403.51095	-402.93912	1.3734456	-0.57182496	-392.02366	-388.7389	-386.35407
8	585	-580.59258	-564.05929	-564.86813	16.533292	0.80884673	-564.45842	-544.25404	-544.24642
8	586	-559.91468	-559.37043	-553.71692	0.54424837	-5.653512	-545.19679	-542.9577	-533.9479
8	587	-508.18951	-507.31272	-507.41178	0.87679613	0.09906202	-497.21868	-493.48165	-486.47339
8	588	-478.84738	-467.8342	-463.75386	11.013179	-4.0803411	-464.4531	-458.69728	-447.66953
8	589	-634.28891	-631.93427	-611.56267	2.354639	-20.371601	-617.02494	-608.06887	-589.77249
8	590	-353.87267	-351.19428	-352.57288	2.6783893	1.3785984	-351.34647	-345.45983	-342.42995
8	591	-554.19395	-532.60421	-518.67031	21.589739	-13.933902	-536.53834	-512.39804	-497.14312
8	592	-532.02391	-523.74942	-524.49007	8.274491	0.74065205	-518.36501	-510.53757	-505.27335
8	593	-493.43718	-485.55482	-472.57479	7.8823662	-12.980026	-474.3131	-461.29063	-449.64067
8	594	-683.17798	-667.2111	-646.84684	15.966872	-20.364267	-667.31312	-650.95666	-623.90268
8	595	-432.99351	-428.36967	-430.26201	4.6238414	1.8923416	-429.0976	-421.17853	-415.40493
8	596	-644.42279	-637.80271	-629.89945	6.6200775	-7.9032584	-630.27019	-618.97815	-615.45279
8	597	-363.37783	-335.12331	-336.47033	28.254526	1.3470215	-349.5015	-326.39455	-320.98283
8	598	-651.95645	-644.25395	-642.11558	7.7025018	-2.138367	-636.16935	-624.90983	-622.01065
8	599	-404.79303	-398.71694	-400.90677	6.0760884	2.1898294	-400.64667	-389.46408	-386.25109
8	600	-1213.7393	-1189.1808	-1090.1364	24.558529	-99.044395	-1200.1961	-1180.4016	-1069.0292
8	601	-369.58612	-354.60412	-357.6005	14.981999	2.9963766	-359.42511	-345.2511	-343.46654
8	602	-1558.5323	-1463.2458	-1388.6067	95.28653	-74.639025	-1545.0629	-1445.0394	-1370.4651
8	603	-467.86012	-460.89096	-452.34533	6.9691567	-8.5456258	-459.3828	-448.287	-435.71839
8	604	-409.01329	-401.82613	-403.7872	7.1871611	1.9610689	-405.83816	-393.72038	-391.5899
8	605	-889.935	-825.01518	-807.31662	64.919824	-17.698556	-876.68857	-804.32679	-786.40134
8	606	-757.84389	-732.95856	-732.8633	24.885335	-0.095259999	-745.45188	-711.73846	-711.75096
8	607	-1128.9023	-1088.5207	-962.94574	40.381664	-125.57492	-1114.1671	-1070.236	-944.3563
8	608	-487.83155	-480.96948	-473.29967	6.8620679	-7.6698061	-474.67495	-464.51594	-453.05104
8	609	-668.22066	-666.51715	-647.35811	1.7035137	-19.15904	-654.63957	-648.58034	-627.15736
8	610	-348.33887	-348.31833	-343.51708	0.020535065	-4.8012502	-341.57995	-340.67796	-332.75331
8	611	-486.4414	-475.88425	-452.95766	10.557146	-22.926596	-468.16131	-455.25607	-435.69182
8	612	-416.84871	-408.53053	-411.37245	8.3181792	2.8419214	-414.41505	-399.8425	-399.8769
8	613	-552.059	-541.61472	-542.50402	10.444272	0.88929917	-538.70868	-529.22829	-525.63625
8	614	-551.7866	-551.41789	-547.06474	0.36871529	-4.3531483	-541.84396	-536.59255	-525.14444
8	615	-1073.8151	-1030.3285	-1009.3329	43.486583	-20.995642	-1058.9418	-1011.4079	-990.53798
8	616	-290.49503	-288.85722	-289.69909	1.6378172	0.84187718	-287.7523	-280.88686	-278.63878
8	617	-487.63082	-487.24251	-487.2873	0.38831278	0.044786207	-476.7984	-475.42947	-472.44228
8	618	-586.88651	-562.62604	-559.0756	24.260466	-3.5504421	-570.35945	-545.76905	-540.90614
8	619	-826.82221	-794.42676	-767.54084	32.39545	-26.885919	-813.78125	-776.61383	-750.08658
8	620	-390.63488	-379.61518	-382.27162	11.019705	2.6564429	-383.3257	-365.99287	-363.94231
8	621	-425.3097	-415.52262	-410.98922	9.7870804	-4.5333972	-411.90768	-404.96343	-398.57049
8	622	-372.4455	-371.7457	-372.75331	0.69979999	1.0076069	-365.69622	-362.44492	-356.8808
8	623	-1056.8898	-1019.9555	-977.36913	36.934328	-42.586378	-1042.182	-1003.8835	-954.8793
8	624	-404.78304	-403.02542	-402.22593	1.7576121	-0.79949922	-401.54427	-396.03402	-389.96868
8	625	-345.15303	-336.28928	-338.16688	8.8637566	1.8776085	-337.52677	-329.16423	-327.48784
8	626	-700.82547	-676.58902	-669.97422	24.236445	-6.614806	-682.55557	-657.06721	-648.66169
8	627	-417.77526	-414.38405	-414.2092	3.3912105	-0.17484567	-407.01736	-406.15278	-397.97965
8	628	-829.98933	-794.27274	-774.12328	35.716591	-20.149457	-813.86218	-772.64362	-751.36435
8	629	-718.3115	-713.16371	-650.31263	5.1477829	-62.851088	-704.01774	-692.91789	-631.5866
8	630	-354.45325	-346.75565	-345.068	7.6976	-1.6876478	-340.12247	-332.15955	-329.26555
8	631	-453.0386	-448.26347	-439.72203	4.7751259	-8.5414414	-445.51672	-440.64164	-423.68779
8	632	-327.13611	-321.02765	-322.06633	6.1084618	1.0386759	-324.48722	-313.4182	-308.8177
8	633	-553.98077	-553.93187	-537.28105	0.0488948	-16.650821	-538.75938	-537.78743	-518.96355
8	634	-410.37519	-406.17773	-391.13387	4.1974658	-15.043861	-397.31373	-387.14725	-375.02972
8	635	-867.58778	-808.79237	-781.99955	58.795412	-26.792818	-850.91106	-786.83408	-759.29269
8	636	-429.39328	-427.01366	-428.93633	2.3796249	1.9226712	-419.04225	-415.8862	-415.8796
8	637	-651.16033	-639.04402	-618.80619	12.116312	-20.237834	-638.8262	-618.69372	-595.29155
8	638	-416.20226	-410.10067	-408.24002	6.1015881	-1.8606505	-408.01284	-398.49753	-395.24203
8	639	-440.75246	-435.54747	-436.36796	5.2049981	0.82049357	-431.26298	-422.20874	-415.46512
8	640	-744.6342	-736.8	-719.35387	7.8341952	-17.44613	-730.15002	-715.48611	-695.24106
8	641	-485.83439	-467.55623	-465.60453	18.27816	-1.9517045	-470.06944	-461.63624	-451.98292
8	642	-549.43574	-541.32175	-541.22041	8.1139869	-0.10134802	-535.86587	-531.67385	-523.47989
8	643	-1177.5223	-1120.857	-1057.2752	56.665299	-63.581775	-1164.401	-1106.2258	-1040.9985
8	644	-559.32785	-556.94674	-536.08491	2.3811022	-20.86183	-544.82281	-536.91895	-518.52997
8	645	-290.39802	-290.62831	-290.95724	-0.23028495	0.32893935	-287.71504	-286.76261	-283.64457
8	646	-414.13145	-414.19102	-413.12112	-0.059571325	-1.0699001	-405.62842	-404.31374	-396.41223
8	647	-383.46179	-381.33934	-382.76388	2.1224484	1.4245442	-378.72142	-372.05436	-370.10736
8	648	-513.92007	-502.10581	-504.34524	11.814255	2.2394255	-508.32467	-492.21258	-486.16992
8	649	-490.37741	-489.90746	-483.00963	0.46995197	-6.8978289	-479.17943	-475.6407	-467.40058
8	650	-325.73933	-319.87501	-323.17718	5.8643226	3.3021756	-317.79015	-306.49945	-305.90146
8	651	-528.83831	-519.02812	-504.4884	9.8101961	-14.539721	-512.20063	-499.17743	-487.67396
8	652	-500.4292	-472.73587	-475.58561	27.693322	2.8497334	-485.12985	-458.43133	-458.43218
8	653	-573.97728	-551.00714	-554.14019	22.97014	3.1330421	-559.13634	-536.97399	-536.70188
8	654	-467.2612	-459.79169	-456.31977	7.4695119	-3.4719164	-464.38159	-447.48269	-440.90527
8	655	-501.93256	-494.69771	-478.16599	7.2348562	-16.531718	-482.81563	-470.46162	-453.25938
8	656	-410.53139	-408.7541	-406.16302	1.7772932	-2.5910814	-402.7138	-400.05345	-392.40553
8	657	-540.35246	-542.61829	-541.55136	-2.2658269	-1.0669298	-527.21202	-527.70282	-526.26339
8	658	-263.68918	-263.89257	-263.91287	-0.2033937	0.020299504	-260.65952	-261.07777	-255.32562
8	659	-891.7517	-869.74622	-836.10289	22.005481	-33.643329	-877.40527	-850.46903	-814.25106
8	660	-476.25387	-468.23185	-463.00116	8.0220238	-5.2306944	-471.39944	-461.35436	-447.64353
8	661	-857.4244	-828.40348	-807.76705	29.020917	-20.636433	-844.9702	-812.81167	-790.91287
8	662	-570.17299	-559.42119	-553.78062	10.751797	-5.6405761	-554.8923	-543.45699	-538.77369
8	663	-465.73941	-466.02667	-455.22327	-0.28726593	-10.803399	-450.45329	-449.33131	-438.13042
8	664	-441.46624	-440.79917	-441.03002	0.66706929	0.23085844	-434.22033	-429.34485	-421.82462
8	665	-521.05525	-519.19648	-519.57177	1.8587741	0.37528903	-511.83513	-505.90689	-500.84305
8	666	-629.79611	-622.76318	-622.37051	7.0329303	-0.39267285	-616.33148	-604.37672	-603.85734
8	667	-395.98467	-388.20435	-389.49848	7.7803233	1.2941359	-393.51777	-383.19301	-381.21287
8	668	-344.56643	-344.90337	-340.33754	-0.33694011	-4.5658315	-339.15613	-339.83714	-330.40435
8	669	-646.6999	-616.51102	-619.97687	30.188887	3.4658532	-630.13521	-606.85613	-597.54711
8	670	-495.93259	-474.23814	-476.89983	21.694445	2.6616815	-482.98089	-459.83779	-459.83747
8	671	-392.32568	-388.19725	-382.18461	4.12843	-6.0126395	-382.05947	-376.26216	-369.74475
8	672	-608.29435	-607.85404	-586.82911	0.44030922	-21.024925	-595.4514	-590.23339	-569.94994
8	673	-638.64315	-611.86325	-607.77865	26.779903	-4.0846015	-624.85036	-595.3121	-591.70711
8	674	-546.7142	-541.68512	-518.84491	5.0290842	-22.84021	-530.57109	-523.06368	-499.6312
8	675	-814.82726	-791.49756	-777.31375	23.329701	-14.183805	-802.33217	-774.87592	-755.14932
8	676	-371.08429	-363.56245	-366.01623	7.5218393	2.4537827	-366.46832	-356.47912	-355.74858
8	677	-995.62232	-910.99681	-886.00044	84.625512	-24.996369	-980.61677	-892.94341	-868.0276
8	678	-789.93098	-768.59651	-732.72259	21.334468	-35.87392	-775.26663	-749.02544	-711.36982
8	679	-464.60178	-447.68748	-448.37951	16.914299	0.69202896	-453.69614	-437.94286	-433.5621
8	680	-735.8174	-712.80312	-653.3338	23.014286	-59.469322	-718.24039	-691.26647	-633.18491
8	681	-454.38709	-419.42732	-420.54136	34.959775	1.1140447	-440.99789	-411.767	-407.57227
8	682	-331.09648	-331.12779	-330.22457	-0.031306072	-0.90321669	-324.18633	-322.72818	-313.38618
8	683	-490.2248	-479.35016	-481.58634	10.874638	2.2361775	-480.99689	-470.83525	-464.21916
8	684	-1164.1526	-1123.514	-1083.185	40.638576	-40.328939	-1152.4402	-1104.0359	-1057.8327
8	685	-407.28836	-406.4984	-405.06628	0.78996658	-1.4321144	-403.58183	-400.72855	-393.11442
8	686	-553.44028	-552.03617	-547.15175	1.4041048	-4.884422	-537.09126	-531.13773	-525.62562
8	687	-634.20028	-618.16036	-613.31494	16.039924	-4.8454162	-620.94594	-603.23716	-601.19366
8	688	-346.88201	-332.94719	-331.46638	13.934816	-1.4808122	-334.51182	-326.06747	-319.7094
8	689	-493.30116	-490.94005	-492.24026	2.3611148	1.3002078	-484.19594	-479.31959	-472.93591
8	690	-648.61725	-644.7914	-637.49949	3.8258487	-7.2919091	-635.91056	-627.64442	-616.92956
8	691	-763.57903	-750.29783	-737.64808	13.2812	-12.649744	-749.40575	-731.06666	-716.21296
8	692	-978.85387	-888.83032	-888.89898	90.023553	0.068666669	-965.00118	-867.55901	-867.53757
8	693	-358.60288	-359.26936	-359.68018	-0.66648221	0.41081545	-350.0427	-350.46093	-349.91451
8	694	-473.2988	-464.29242	-465.27655	9.0063834	0.98412717	-460.02635	-452.81116	-449.26284
8	695	-531.82451	-525.41707	-517.19704	6.4074408	-8.2200335	-518.9138	-507.54565	-493.63713
8	696	-677.67207	-630.05887	-631.73969	47.6132	1.6808206	-662.03059	-617.69927	-617.64344
8	697	-449.29627	-445.90036	-440.79523	3.3959158	-5.1051297	-432.28935	-431.37372	-424.42508
8	698	-454.28256	-451.1105	-451.36741	3.1720557	0.25690291	-451.675	-445.12632	-441.95621
8	699	-377.30236	-375.43209	-376.43916	1.8702712	1.0070682	-373.52297	-366.15811	-361.44456
8	700	-661.26596	-653.52643	-631.08425	7.7395319	-22.442174	-643.79554	-632.39677	-611.15087
8	701	-609.64379	-598.56374	-580.9505	11.08005	-17.613243	-591.02566	-573.26753	-560.34394
8	702	-440.97648	-431.03144	-433.29263	9.9450441	2.2611951	-438.55774	-422.93483	-420.64422
8	703	-529.4818	-528.8437	-492.2131	0.63809416	-36.6306	-510.78922	-511.2372	-475.19988
8	704	-287.67705	-285.57939	-285.7938	2.0976559	0.21440292	-281.02686	-275.83709	-268.8603
8	705	-622.28701	-617.73359	-618.04829	4.5534172	0.31469436	-609.23083	-600.53465	-597.55535
8	706	-671.11935	-669.34209	-645.66528	1.7772658	-23.676807	-659.53938	-651.81469	-622.52613
8	707	-847.4094	-810.63137	-810.17311	36.77803	-0.45825779	-828.22063	-788.02472	-788.03474
8	708	-883.53204	-847.37287	-820.76126	36.159161	-26.611611	-867.60296	-830.57057	-800.33742
8	709	-283.67592	-274.65494	-276.28991	9.0209803	1.6349619	-275.54575	-267.47131	-266.73262
8	710	-561.7082	-559.50426	-551.90541	2.203932	-7.5988587	-548.77744	-539.09823	-530.25919
8	711	-509.81293	-505.66645	-506.86239	4.1464854	1.195941	-507.68727	-496.20749	-490.32103
8	712	-516.56676	-515.73343	-511.80649	0.83332148	-3.9269391	-503.17719	-495.5131	-489.43748
8	713	-307.68287	-307.58424	-307.4736	0.098631295	-0.11064248	-300.03903	-298.37645	-292.60214
8	714	-576.99839	-564.34517	-566.502	12.653222	2.1568318	-564.46811	-548.31025	-548.3791
8	715	-417.12945	-410.19165	-411.90362	6.9377947	1.7119671	-405.08099	-398.79183	-393.99828
8	716	-300.18094	-293.51143	-294.84491	6.6695153	1.3334795	-290.28663	-287.90346	-287.25795
8	717	-453.53813	-451.02652	-433.38385	2.5116055	-17.642676	-437.96272	-433.75971	-416.52927
8	718	-624.9538	-599.37754	-588.30938	25.576255	-11.068163	-606.45805	-578.71016	-571.15511
8	719	-646.72233	-632.10478	-623.73079	14.61755	-8.3739901	-632.33671	-618.57988	-604.0805
8	720	-373.62058	-373.00928	-364.18052	0.61129059	-8.8287669	-362.95253	-359.51524	-351.58843
8	721	-391.5748	-388.71785	-389.86448	2.8569492	1.1466238	-385.64402	-383.18365	-378.97327
8	722	-359.35506	-357.46249	-359.19549	1.8925654	1.7329952	-356.72853	-349.58311	-349.59375
8	723	-636.45755	-631.60945	-617.97085	4.8481052	-13.638593	-621.18051	-613.17712	-595.05618
8	724	-624.3643	-624.53484	-617.80471	-0.17054483	-6.7301338	-608.40361	-608.82266	-597.14641
8	725	-574.27939	-562.93199	-565.7527	11.347392	2.820704	-560.07647	-544.03711	-544.04538
8	726	-775.35118	-775.08148	-726.14955	0.26969988	-48.931933	-760.47457	-753.9574	-704.31746
8	727	-479.9343	-451.82529	-451.50059	28.109017	-0.32469695	-467.3365	-443.67864	-436.08862
8	728	-379.60618	-377.60821	-378.95878	1.9979739	1.3505708	-377.04271	-369.18246	-365.39177
8	729	-998.65816	-974.61957	-935.37248	24.038586	-39.247094	-985.77798	-959.16339	-916.03247
8	730	-721.8629	-713.1957	-702.89301	8.6671932	-10.302698	-707.19844	-695.24813	-680.39083
8	731	-607.2935	-602.09671	-591.18905	5.1967933	-10.907663	-591.58153	-581.8912	-571.05803
8	732	-490.11368	-490.13563	-468.28827	-0.021958049	-21.847366	-475.98771	-471.64527	-453.7404
8	733	-460.99362	-455.59161	-456.40439	5.4020023	0.81277326	-451.20596	-442.62096	-439.37069
8	734	-372.16584	-366.17628	-353.06886	5.9895561	-13.107428	-358.80584	-352.2129	-336.19392
8	735	-775.93084	-749.06873	-738.06986	26.862108	-10.998872	-764.63667	-729.49291	-719.3779
8	736	-891.69874	-891.72784	-849.1857	-0.029097813	-42.542141	-877.55294	-876.82478	-814.08315
8	737	-454.8043	-446.37991	-446.94603	8.4243883	0.56611675	-443.9857	-440.21177	-436.80587
8	738	-638.76441	-608.14799	-592.93953	30.616419	-15.208458	-625.91454	-591.07061	-576.65465
8	739	-359.48875	-352.42324	-352.79144	7.0655154	0.36820158	-355.2516	-345.35396	-341.209
8	740	-358.51409	-354.33968	-356.06731	4.1744158	1.7276307	-355.15639	-346.14498	-345.19521
8	741	-600.21857	-595.55886	-592.35871	4.6597106	-3.2001548	-586.42379	-575.43827	-567.77594
8	742	-463.60773	-431.39019	-433.44633	32.217541	2.0561415	-447.48939	-412.57271	-412.57662
8	743	-639.21357	-638.04136	-606.06034	1.172206	-31.981022	-624.96018	-621.11744	-588.0146
8	744	-397.01693	-384.44172	-382.13518	12.575213	-2.30654	-382.74051	-369.83434	-363.46687
8	745	-531.68397	-517.16094	-519.51142	14.523036	2.3504872	-520.48843	-505.41757	-505.3871
8	746	-509.36914	-503.55997	-506.43967	5.809167	2.8796999	-494.78438	-488.98054	-488.87663
8	747	-846.47078	-838.28679	-822.82208	8.1839904	-15.464709	-834.57723	-818.78828	-798.81326
8	748	-511.14312	-499.66901	-496.5452	11.47411	-3.1238164	-500.77241	-492.28927	-481.02751
8	749	-577.94368	-554.50052	-554.33043	23.443158	-0.17008702	-557.50759	-531.28054	-529.88464
8	750	-475.24263	-459.49882	-463.13103	15.743808	3.6322122	-454.80226	-440.97828	-440.78402
8	751	-678.00538	-674.09834	-645.45746	3.9070377	-28.640887	-667.12703	-658.2669	-629.82427
8	752	-577.70728	-554.84399	-550.13276	22.863295	-4.7112324	-561.91406	-538.79801	-527.19878
8	753	-519.94472	-501.64365	-503.48228	18.301078	1.8386364	-507.68798	-494.30179	-491.0801
8	754	-367.69863	-364.1081	-365.79734	3.5905255	1.6892416	-363.88383	-354.49476	-350.39033
8	755	-438.74734	-434.06861	-428.76775	4.6787295	-5.3008547	-432.68853	-426.94465	-415.17551
8	756	-849.28946	-842.98094	-808.14168	6.3085174	-34.839262	-836.63547	-825.84032	-783.44399
8	757	-438.09543	-434.51159	-433.08399	3.5838426	-1.4275959	-426.10645	-421.38025	-413.0103
8	758	-547.13078	-528.94343	-528.89674	18.187345	-0.046686446	-531.26607	-510.6729	-510.68926
8	759	-526.69117	-527.03583	-519.17638	-0.344667	-7.8594576	-518.67647	-509.01716	-501.30293
8	760	-429.76238	-425.48235	-418.23674	4.2800251	-7.2456065	-418.41374	-408.62035	-398.2858
8	761	-856.87465	-829.22492	-777.87216	27.649722	-51.352764	-840.44834	-805.50139	-753.96159
8	762	-531.93958	-522.59762	-508.97378	9.3419677	-13.623837	-517.38617	-504.78478	-488.67318
8	763	-1169.5587	-1102.6598	-1048.2508	66.898866	-54.408953	-1155.5827	-1078.7204	-1027.1694
8	764	-603.66666	-597.67045	-587.33747	5.99621	-10.33298	-586.79168	-576.30499	-565.86494
8	765	-181.20952	-178.13926	-179.80171	3.0702615	1.6624508	-177.62902	-172.12211	-172.12232
8	766	-488.88833	-488.30427	-481.54785	0.58405731	-6.7564243	-475.33006	-471.04166	-462.98684
8	767	-815.52871	-807.98567	-776.34111	7.543033	-31.644564	-803.05667	-790.18227	-752.71157
8	768	-502.79054	-497.122	-485.86278	5.6685371	-11.259225	-484.49879	-475.72709	-471.52384
8	769	-823.08367	-792.5251	-790.32087	30.558576	-2.2042292	-809.17659	-772.20782	-766.08956
8	770	-560.57135	-530.59689	-527.84467	29.974452	-2.7522283	-540.22789	-516.34776	-511.01473
8	771	-658.56968	-638.94963	-635.09099	19.620055	-3.8586321	-644.98821	-618.10228	-613.73113
8	772	-498.04572	-484.02046	-469.735	14.025263	-14.285459	-481.36859	-469.69322	-449.86633
8	773	-634.84063	-627.28625	-615.63241	7.5543797	-11.653843	-618.68146	-606.28746	-593.04256
8	774	-367.74997	-355.92169	-355.61908	11.828284	-0.30260638	-357.42402	-349.54774	-344.96155
8	775	-259.01675	-256.55567	-258.54013	2.4610853	1.9844585	-255.93523	-249.39579	-249.25117
8	776	-824.66227	-793.82098	-792.55632	30.841288	-1.2646622	-810.87316	-773.31194	-771.30987
8	777	-932.80839	-890.4467	-824.82342	42.361695	-65.623282	-918.36638	-869.04708	-806.86845
8	778	-322.45376	-322.66509	-323.45359	-0.21132875	0.78849759	-319.65602	-319.2162	-318.87094
8	779	-759.7957	-739.19024	-720.50477	20.605459	-18.685467	-741.78351	-713.94038	-697.52563
8	780	-747.77197	-701.22783	-685.51883	46.544144	-15.708996	-733.93409	-680.80615	-661.94668
8	781	-451.60108	-440.20054	-443.93701	11.400543	3.7364745	-438.89123	-422.80529	-422.78571
8	782	-499.81416	-498.51259	-471.75221	1.3015707	-26.760378	-485.33531	-479.81354	-455.97114
8	783	-305.93337	-302.14069	-303.8615	3.7926801	1.7208047	-303.09669	-295.12333	-295.07848
8	784	-389.35511	-380.79992	-379.96908	8.5551917	-0.83083935	-375.55732	-371.61526	-359.56409
8	785	-740.47839	-686.31817	-689.27527	54.16022	2.9570953	-724.71303	-672.69607	-672.70341
8	786	-595.42704	-583.82852	-574.8592	11.598525	-8.9693181	-581.67176	-568.56907	-553.65114
8	787	-472.63887	-454.06933	-451.7675	18.569539	-2.3018279	-457.52758	-443.76358	-437.68684
8	788	-343.0605	-340.43001	-342.21951	2.630483	1.7894979	-334.2441	-326.99454	-325.8299
8	789	-365.45883	-353.10417	-353.59105	12.354659	0.48688075	-358.93249	-346.09062	-340.86161
8	790	-563.9671	-542.69152	-541.53099	21.275578	-1.1605296	-552.54053	-533.60994	-526.69214
8	791	-574.69443	-551.88786	-557.13877	22.806569	5.2509169	-559.04476	-535.34366	-535.29817
8	792	-856.04251	-822.6977	-795.75002	33.34482	-26.947677	-844.95992	-803.97828	-775.04081
8	793	-618.8887	-613.34522	-597.34529	5.5434813	-15.999927	-603.50388	-592.49318	-576.7141
8	794	-570.60726	-563.10639	-562.38605	7.5008751	-0.72033692	-555.70543	-551.35093	-540.67781
8	795	-244.89718	-243.17935	-243.60121	1.717828	0.42185639	-241.60417	-237.24827	-233.69799
8	796	-535.94875	-523.55155	-517.13354	12.397194	-6.4180125	-515.19482	-509.79669	-501.16111
8	797	-691.96212	-682.50135	-675.92302	9.4607655	-6.5783301	-676.78293	-661.55929	-651.12369
8	798	-759.06652	-749.42448	-737.7893	9.6420381	-11.635184	-746.71023	-728.63825	-715.80665
8	799	-1024.9109	-969.25964	-876.83999	55.65126	-92.419654	-1010.825	-959.17017	-863.13892
8	800	-432.44761	-422.95177	-418.71941	9.4958438	-4.2323581	-419.11675	-412.9918	-403.69977
8	801	-885.62132	-831.10186	-834.07117	54.519454	2.969311	-872.24079	-810.39416	-810.3979
8	802	-490.98614	-490.07123	-487.59625	0.91490522	-2.4749834	-484.25913	-480.78388	-474.29987
8	803	-640.35371	-635.49959	-619.58323	4.8541178	-15.916355	-624.42969	-615.00792	-601.52087
8	804	-249.40745	-248.61653	-250.17439	0.79092048	1.5578653	-241.9172	-238.35915	-238.36963
8	805	-416.30044	-409.31968	-397.8211	6.9807614	-11.498575	-405.09576	-397.6334	-384.65271
8	806	-414.95266	-406.81413	-396.91396	8.1385272	-9.9001779	-398.20526	-390.2098	-377.89999
8	807	-785.79736	-726.27447	-729.71133	59.522886	3.436862	-771.58231	-713.35885	-713.36069
8	808	-442.15862	-437.6736	-435.59752	4.4850217	-2.0760736	-430.85528	-426.06379	-416.22363
8	809	-718.78512	-694.44485	-680.68169	24.340265	-13.763165	-705.65065	-680.35527	-660.98742
8	810	-611.16149	-598.7774	-594.35164	12.384092	-4.4257646	-598.0783	-581.16352	-570.62909
8	811	-497.92202	-479.69538	-472.13524	18.226644	-7.560142	-477.42085	-458.91089	-450.38872
8	812	-853.63728	-804.66224	-777.26883	48.975033	-27.393414	-837.32525	-781.47849	-752.59928
8	813	-675.93211	-659.63894	-658.07381	16.293176	-1.5651229	-662.53731	-638.30615	-636.51094
8	814	-488.34311	-487.17894	-487.14208	1.1641682	-0.036858933	-480.88823	-476.09319	-469.88564
8	815	-575.01242	-568.53908	-559.29599	6.4733372	-9.2430925	-560.78987	-548.33639	-535.01972
8	816	-561.27192	-554.96271	-528.7832	6.3092101	-26.179516	-546.22591	-535.76666	-511.22846
8	817	-906.4095	-853.55113	-830.96039	52.858363	-22.590741	-891.38926	-830.64484	-809.98352
8	818	-680.18314	-660.177	-658.04362	20.006134	-2.1333837	-663.32344	-638.96863	-635.26405
8	819	-1028.9536	-976.35533	-948.46188	52.598222	-27.893453	-1012.7381	-953.53079	-924.93971
8	820	-568.35666	-552.3981	-554.67765	15.958561	2.2795576	-553.44862	-536.23563	-535.85608
8	821	-595.47419	-585.34261	-582.13418	10.131585	-3.2084249	-576.21539	-567.92394	-562.46884
8	822	-662.7271	-661.02208	-656.34392	1.7050121	-4.6781653	-647.39925	-642.96336	-635.1491
8	823	-432.44691	-428.9386	-430.53708	3.5083153	1.5984821	-423.71903	-415.99828	-413.63003
8	824	-424.04308	-423.74248	-411.82744	0.30060206	-11.915043	-408.34736	-405.17251	-392.66436
8	825	-639.49929	-617.52407	-601.98338	21.975217	-15.540693	-624.47626	-600.23662	-582.18888
8	826	-1014.7728	-973.94384	-915.10293	40.828918	-58.840912	-1003.3685	-952.36613	-891.97251
8	827	-433.29047	-428.12863	-430.05763	5.161848	1.9290017	-424.4998	-417.97045	-417.02643
8	828	-547.12484	-536.08148	-524.28689	11.04336	-11.794588	-529.54141	-515.1526	-502.64358
8	829	-509.54239	-507.9191	-509.38399	1.6232919	1.4648888	-503.57336	-498.50403	-490.85317
8	830	-678.71307	-649.00753	-646.97333	29.705534	-2.0341995	-660.63734	-631.31276	-625.64735
8	831	-298.15766	-295.10424	-296.19422	3.0534212	1.0899894	-295.368	-288.40892	-283.55905
8	832	-564.78946	-557.04837	-557.51635	7.7410914	0.46798603	-548.75661	-542.04157	-537.63834
8	833	-969.13344	-968.41975	-862.04391	0.7136845	-106.37584	-955.84789	-953.46487	-843.64553
8	834	-758.05245	-733.37751	-733.98656	24.674938	0.60904875	-743.25601	-712.91	-712.92513
8	835	-382.53815	-376.17083	-377.84956	6.3673146	1.6787306	-377.32322	-368.52976	-367.10783
8	836	-681.14789	-671.56581	-661.81939	9.5820755	-9.7464248	-665.69109	-650.3682	-638.83194
8	837	-478.86525	-477.65705	-481.25742	1.2082021	3.600371	-468.63495	-462.72263	-463.16648
8	838	-672.56622	-661.64654	-624.89191	10.91968	-36.754634	-654.05695	-640.51787	-607.45826
8	839	-706.78883	-702.49959	-642.48466	4.2892356	-60.014928	-692.10944	-682.3585	-627.01746
8	840	-1002.082	-992.19104	-899.21803	9.8909387	-92.973006	-989.85681	-984.97651	-881.02931
8	841	-980.59129	-928.96115	-910.32153	51.630138	-18.639615	-966.67442	-911.95635	-893.34661
8	842	-908.45155	-908.53604	-847.00816	-0.084488848	-61.527873	-894.01512	-894.24153	-829.69675
8	843	-610.0717	-597.7477	-587.8088	12.324004	-9.9388934	-594.46923	-578.22371	-567.4526
8	844	-714.70271	-712.79638	-707.18623	1.9063273	-5.6101485	-702.53443	-694.99925	-682.82518
8	845	-401.45829	-401.37904	-397.63904	0.07924777	-3.7399981	-393.88064	-392.54809	-379.52005
8	846	-617.65977	-603.05608	-601.29217	14.603695	-1.7639102	-603.94409	-587.45671	-580.07137
8	847	-401.86647	-399.8991	-396.7507	1.967368	-3.148396	-399.46936	-393.83936	-383.17997
8	848	-446.08914	-440.36319	-442.38488	5.7259555	2.0216952	-439.14384	-433.7978	-433.82272
8	849	-524.78833	-516.92134	-507.88185	7.8669963	-9.0394879	-511.1812	-498.47855	-486.70668
8	850	-277.7966	-276.79068	-277.30713	1.0059185	0.5164511	-274.83084	-271.4242	-268.28577
8	851	-389.68656	-379.27006	-380.4157	10.4165	1.1456444	-382.81008	-371.39401	-367.74377
8	852	-598.64639	-597.70263	-584.93389	0.943763	-12.768741	-581.82235	-580.32424	-565.00172
8	853	-402.02847	-402.21318	-383.85853	-0.18471299	-18.354653	-386.15216	-384.57019	-365.45616
8	854	-380.5871	-379.77886	-376.27673	0.80823287	-3.5021328	-376.44532	-372.63066	-365.7539
8	855	-579.17254	-545.97478	-549.05218	33.197759	3.0773908	-566.76152	-538.08246	-538.08378
8	856	-577.70872	-576.01603	-566.7695	1.6926969	-9.246526	-562.21037	-554.97829	-545.32007
8	857	-844.4224	-827.77825	-817.3363	16.644146	-10.44195	-832.86442	-810.65952	-795.63872
8	858	-550.48428	-538.55697	-528.71112	11.92731	-9.845845	-536.47817	-521.95536	-509.47863
8	859	-703.2952	-696.14057	-677.88946	7.1546321	-18.251112	-686.13414	-674.05181	-655.65655
8	860	-431.41798	-424.52751	-427.07998	6.8904711	2.5524699	-428.77212	-416.2301	-414.62812
8	861	-689.09778	-677.9552	-657.9974	11.142586	-19.957794	-670.58887	-656.20994	-633.10044
8	862	-509.87758	-509.46707	-497.47183	0.41050896	-11.995235	-491.87777	-490.09103	-475.35154
8	863	-432.23723	-422.86241	-425.94189	9.3748197	3.0794741	-421.90099	-408.40346	-408.40193
8	864	-409.08048	-399.27817	-400.29051	9.802315	1.0123439	-399.30579	-389.8174	-386.42179
8	865	-712.77813	-706.59029	-691.44172	6.1878356	-15.148575	-696.95541	-683.94309	-665.56602
8	866	-797.03654	-775.89383	-774.55664	21.142716	-1.3371893	-785.08682	-760.45775	-756.67455
8	867	-528.09722	-517.03428	-516.67512	11.062934	-0.35916571	-507.85337	-494.34155	-494.35953
8	868	-592.5933	-590.48685	-585.6863	2.1064445	-4.8005493	-580.00676	-575.16788	-565.08867
8	869	-726.01312	-684.57428	-653.71387	41.438844	-30.86041	-711.05319	-664.68937	-637.22781
8	870	-594.7091	-583.97782	-578.56867	10.731279	-5.4091484	-577.82567	-560.08692	-554.75071
8	871	-575.23848	-574.36058	-541.8766	0.87789567	-32.483985	-558.68138	-552.64583	-522.78491
8	872	-368.61584	-366.23551	-367.43876	2.3803331	1.203245	-360.04412	-353.14668	-352.32791
8	873	-332.47959	-327.16027	-330.17923	5.3193245	3.0189597	-329.72439	-317.52464	-317.26049
8	874	-487.33877	-485.6723	-476.35126	1.666465	-9.3210445	-473.56489	-471.07501	-460.47893
8	875	-459.28089	-459.11056	-459.15275	0.17033149	0.042185236	-450.81927	-448.49359	-443.87253
8	876	-676.61706	-649.09914	-651.36676	27.517925	2.2676177	-662.79617	-634.40693	-633.70188
8	877	-612.90736	-611.57279	-585.07458	1.3345719	-26.498208	-597.73643	-592.45387	-565.69986
8	878	-720.33589	-683.88557	-673.71169	36.450316	-10.17388	-703.81791	-664.36611	-651.6599
8	879	-435.53374	-435.39805	-434.04478	0.13569474	-1.3532694	-432.80989	-431.40008	-423.67988
8	880	-547.49498	-546.90783	-535.8813	0.58714277	-11.026531	-531.54846	-529.99013	-514.27078
8	881	-429.59854	-423.73359	-412.09112	5.8649538	-11.642468	-414.7723	-405.54323	-392.99789
8	882	-994.35318	-904.45032	-910.69969	89.902858	6.2493648	-975.43233	-882.10783	-895.47746
8	883	-357.85203	-350.87486	-353.27825	6.9771694	2.4033902	-355.26998	-342.35017	-340.39424
8	884	-609.79113	-596.15423	-585.61779	13.636898	-10.536438	-595.16644	-575.7084	-564.93794
8	885	-857.75667	-818.51069	-773.54363	39.24598	-44.967051	-839.02018	-797.15812	-749.92136
8	886	-345.94594	-346.16414	-343.89756	-0.218202	-2.2665842	-343.36583	-342.55957	-332.40355
8	887	-515.91424	-495.39132	-491.52639	20.522919	-3.8649296	-500.18209	-480.00429	-474.69872
8	888	-947.9329	-898.91819	-900.8814	49.014711	1.9632163	-936.22677	-881.76245	-881.61813
8	889	-499.77612	-499.5346	-483.99653	0.24151884	-15.538069	-487.50717	-486.5084	-471.97279
8	890	-472.29742	-457.49564	-460.17696	14.801771	2.6813149	-457.77393	-445.17131	-445.21547
8	891	-295.19541	-291.14415	-292.29184	4.0512593	1.1476862	-292.30811	-283.1557	-280.8474
8	892	-429.26543	-421.66115	-423.00625	7.6042753	1.3450973	-426.02129	-415.44206	-409.84042
8	893	-637.74497	-633.53553	-626.9185	4.2094449	-6.6170306	-625.82186	-613.14636	-604.07735
8	894	-585.54467	-581.28811	-558.60949	4.2565575	-22.678617	-570.2463	-561.08823	-538.98135
8	895	-443.40764	-430.99939	-416.76588	12.408252	-14.233505	-429.80257	-419.71176	-404.15404
8	896	-501.04172	-493.1837	-488.5099	7.8580167	-4.6737977	-490.29355	-478.0969	-465.30299
8	897	-497.54151	-492.88233	-490.93589	4.659185	-1.9464434	-489.89709	-480.80031	-473.49194
8	898	-670.67458	-657.76305	-644.41195	12.911527	-13.351103	-657.36843	-640.58056	-623.81157
8	899	-619.96556	-608.73578	-592.97601	11.229785	-15.759764	-603.22213	-592.48685	-575.13355
8	900	-618.99192	-612.19444	-606.95751	6.7974798	-5.2369229	-606.40041	-593.75018	-587.84345
8	901	-932.85319	-898.9747	-870.13465	33.878496	-28.84005	-919.22074	-882.04351	-856.04449
8	902	-654.44723	-643.62393	-624.11214	10.823304	-19.511786	-637.66989	-621.09703	-597.99484
8	903	-422.01536	-417.79384	-418.38451	4.2215202	0.59066714	-414.87621	-412.5714	-402.97552
8	904	-1002.2853	-967.30509	-876.84729	34.980191	-90.457798	-989.83521	-946.62399	-850.28585
8	905	-312.3413	-312.0186	-310.43185	0.32269974	-1.5867515	-303.57438	-300.59938	-296.36105
8	906	-436.15809	-431.2164	-429.04734	4.9416876	-2.1690675	-424.3172	-417.83951	-407.34398
8	907	-536.98973	-535.60419	-534.04422	1.3855345	-1.5599728	-527.29271	-521.27466	-511.76856
8	908	-333.40226	-329.82949	-331.7995	3.5727763	1.9700179	-328.44563	-319.95218	-319.61065
8	909	-1675.6409	-1489.9525	-1429.3429	185.68839	-60.609641	-1663.8213	-1469.7137	-1407.2928
8	910	-720.23364	-711.95143	-683.02088	8.2822074	-28.93055	-707.37537	-696.37898	-666.20482
8	911	-443.91234	-443.95288	-444.82468	-0.040542188	0.87180239	-426.41335	-426.07293	-426.09035
8	912	-592.49556	-566.52485	-569.21814	25.970711	2.6932971	-579.05827	-558.31261	-555.70307
8	913	-1021.1621	-986.83668	-965.32161	34.325413	-21.515075	-1009.8976	-970.82579	-950.05634
8	914	-475.12928	-472.20582	-474.02678	2.9234694	1.8209659	-464.16778	-460.12711	-460.13554
8	915	-401.61102	-401.53686	-388.77394	0.074164799	-12.762913	-389.55582	-388.47361	-375.09499
8	916	-507.81596	-502.43323	-497.82187	5.3827288	-4.6113602	-495.1829	-489.19883	-482.15264
8	917	-408.07372	-408.40153	-408.91437	-0.32780993	0.51284501	-400.01232	-399.07065	-399.02331
8	918	-997.00062	-953.53445	-851.23864	43.466173	-102.2958	-980.3834	-934.1198	-832.89809
8	919	-464.42353	-450.47422	-453.70438	13.949316	3.2301643	-452.45009	-442.00682	-438.86654
8	920	-560.95215	-552.02889	-541.76032	8.9232585	-10.268568	-544.85397	-534.65557	-524.43103
8	921	-393.51488	-391.08288	-391.41201	2.4319998	0.3291359	-390.37657	-385.8225	-381.83153
8	922	-605.70352	-605.00597	-574.15735	0.6975541	-30.848616	-588.91958	-583.74887	-555.16768
8	923	-497.75125	-494.34322	-495.28736	3.4080271	0.94414318	-491.4321	-481.8251	-476.85874
8	924	-468.65228	-449.97044	-453.04546	18.681846	3.0750248	-450.30093	-431.45575	-430.85407
8	925	-500.2043	-478.69094	-481.60491	21.513363	2.9139704	-487.46003	-467.75975	-467.59643
8	926	-585.02402	-584.01353	-580.96248	1.0104904	-3.0510496	-568.49609	-568.13357	-562.64287
8	927	-679.84052	-657.96788	-645.54232	21.872641	-12.425552	-663.65864	-634.48621	-623.26707
8	928	-370.93756	-367.71442	-368.49519	3.2231326	0.78076641	-365.06291	-361.00867	-356.86858
8	929	-453.76722	-434.65843	-434.7527	19.108796	0.094268734	-438.88062	-416.46887	-416.48906
8	930	-330.79846	-327.90482	-329.42274	2.8936331	1.5179175	-328.15217	-321.7673	-321.86406
8	931	-500.4931	-487.19853	-489.7612	13.294566	2.562669	-488.59107	-476.77328	-475.96188
8	932	-561.5521	-560.47369	-551.84085	1.0784116	-8.6328428	-547.42505	-542.53228	-528.81629
8	933	-464.59379	-463.84553	-460.12834	0.74825906	-3.7171915	-452.95462	-452.12534	-442.51141
8	934	-397.0996	-396.84455	-389.46007	0.25505722	-7.3844753	-385.17875	-383.37894	-379.40509
8	935	-447.28986	-446.29011	-447.01292	0.9997493	0.72281721	-439.45887	-435.20509	-433.50697
8	936	-646.597	-622.51437	-618.95628	24.082635	-3.5580836	-630.58232	-602.09391	-598.46722
8	937	-323.66037	-323.75855	-324.55429	-0.098174973	0.79574623	-318.074	-316.43424	-316.21859
8	938	-506.49883	-498.87864	-492.53827	7.6201891	-6.3403687	-494.77682	-486.52101	-476.90674
8	939	-440.39061	-439.53782	-429.17712	0.85279254	-10.360702	-428.42176	-422.37211	-409.60731
8	940	-896.10671	-875.4755	-846.17657	20.631208	-29.298933	-882.05555	-853.63912	-820.43151
8	941	-734.53126	-723.34953	-709.39669	11.181731	-13.952842	-718.81195	-704.2046	-688.49702
8	942	-462.21598	-450.80288	-448.90113	11.413095	-1.9017554	-453.30985	-444.62553	-435.53286
8	943	-347.54052	-346.40355	-346.94578	1.1369665	0.54223082	-338.8496	-337.03585	-333.09805
8	944	-547.81138	-538.357	-534.05173	9.4543824	-4.3052738	-534.81909	-527.76498	-521.59102
8	945	-464.87009	-465.75027	-453.02497	-0.88017922	-12.725298	-449.74886	-447.04945	-432.89924
8	946	-342.86518	-341.02738	-342.17689	1.8377963	1.1495013	-335.15746	-329.62699	-327.48446
8	947	-386.48655	-386.71623	-384.80759	-0.22968543	-1.9086404	-379.08437	-379.92028	-375.69228
8	948	-414.16986	-404.6695	-394.18187	9.5003613	-10.487629	-396.89936	-385.15108	-378.19324
8	949	-392.0251	-383.84905	-385.575	8.1760486	1.7259527	-389.52461	-376.52739	-373.27369
8	950	-685.61906	-674.1701	-666.73396	11.448964	-7.436142	-674.06099	-653.8973	-644.92203
8	951	-337.14471	-333.89928	-326.50474	3.2454235	-7.3945485	-330.14429	-326.14479	-317.06781
8	952	-279.7191	-273.06279	-271.38051	6.6563058	-1.6822763	-276.86531	-266.3098	-259.87359
8	953	-217.20061	-217.09173	-218.20006	0.10888666	1.1083367	-213.77921	-212.10281	-212.1022
8	954	-821.23121	-797.04404	-789.4737	24.187178	-7.5703323	-806.61256	-774.47925	-765.8244
8	955	-995.47487	-938.24696	-938.05986	57.227908	-0.18710388	-983.44107	-916.75131	-916.75287
8	956	-689.34569	-688.43446	-643.38895	0.91122659	-45.045512	-672.9264	-673.27869	-622.9092
8	957	-539.41772	-536.67146	-529.97932	2.7462653	-6.6921351	-527.21803	-527.82668	-516.26296
8	958	-577.90018	-554.58017	-555.25071	23.32001	0.67053218	-567.24713	-545.31439	-540.69237
8	959	-196.52596	-196.48549	-197.45989	0.040473002	0.97439821	-193.10796	-191.26504	-191.26354
8	960	-485.48293	-475.03664	-477.97409	10.446296	2.9374513	-475.61424	-461.86617	-462.70048
8	961	-454.0308	-453.51864	-450.93149	0.51215506	-2.5871559	-443.8801	-440.06863	-430.51163
8	962	-588.03121	-565.87174	-555.8542	22.159465	-10.01754	-570.90489	-546.56101	-534.59561
8	963	-388.75333	-389.33488	-389.39153	-0.58155466	0.056651432	-379.86353	-380.72076	-378.2923
8	964	-974.77134	-905.0534	-861.92177	69.71794	-43.131633	-958.5158	-882.4239	-839.75069
8	965	-320.21271	-309.04194	-310.96824	11.170767	1.9263027	-313.84223	-300.59328	-298.27904
8	966	-728.45149	-720.52997	-719.92975	7.9215212	-0.60022625	-714.39034	-701.5555	-694.83901
8	967	-593.68691	-575.75552	-568.30068	17.931388	-7.4548495	-580.03108	-560.94243	-555.23992
8	968	-686.22955	-676.22834	-665.80229	10.001214	-10.426046	-672.19051	-662.02059	-649.99469
8	969	-527.78829	-526.23862	-522.04224	1.5496756	-4.1963782	-519.91837	-511.49137	-498.93406
8	970	-795.56383	-773.76629	-763.46988	21.797541	-10.296408	-783.26123	-752.96258	-739.19918
8	971	-603.98405	-592.97414	-591.31628	11.009907	-1.6578582	-588.09367	-571.49664	-571.32945
8	972	-445.28563	-435.572	-428.78445	9.7136337	-6.7875486	-436.40862	-426.32358	-416.12425
8	973	-448.33373	-448.01027	-448.82479	0.32346561	0.81452645	-441.55692	-438.33611	-431.07862
8	974	-548.8304	-512.81107	-511.74513	36.019325	-1.0659453	-535.33021	-507.91675	-502.52197
8	975	-322.95146	-322.62435	-322.7674	0.32711107	0.14304904	-314.42941	-311.61083	-308.07732
8	976	-409.42833	-409.15248	-409.17503	0.27584613	0.022550301	-404.98364	-402.00579	-397.58745
8	977	-636.92553	-621.11001	-624.25718	15.815514	3.1471641	-624.03726	-602.16145	-602.19359
8	978	-675.65228	-648.72424	-633.01445	26.928036	-15.709793	-660.17483	-626.18598	-614.51336
8	979	-679.92908	-668.12746	-653.94803	11.801616	-14.179427	-665.3224	-651.84778	-635.65961
8	980	-282.61187	-279.93749	-280.76559	2.6743834	0.82810442	-279.79285	-274.06897	-272.89177
8	981	-603.99282	-599.40511	-568.93527	4.5877083	-30.469846	-585.34789	-579.49223	-547.62715
8	982	-925.03586	-918.64357	-910.50335	6.3922844	-8.1402243	-913.53531	-900.26721	-891.84771
8	983	-322.40975	-319.07004	-318.26114	3.33971	-0.80889528	-319.65488	-312.14986	-306.90317
8	984	-1054.9371	-962.53083	-893.25372	92.406279	-69.27711	-1035.6401	-943.81338	-874.53377
8	985	-340.16542	-333.98562	-333.14461	6.1797999	-0.84100389	-326.36604	-319.49562	-315.7432
8	986	-707.06027	-690.42013	-657.05598	16.640139	-33.364155	-691.46167	-671.13357	-641.46096
8	987	-539.87679	-540.54656	-539.55944	-0.66976825	-0.98711909	-526.26961	-525.53397	-525.24352
8	988	-605.2725	-604.96009	-583.33067	0.3124099	-21.629418	-588.50651	-588.94246	-564.31535
8	989	-383.79239	-374.51941	-372.84693	9.2729862	-1.6724751	-377.88883	-367.36949	-357.68146
8	990	-326.09932	-323.30733	-324.38804	2.7919832	1.0807081	-323.51253	-317.1582	-313.77767
8	991	-267.24366	-267.1096	-266.69301	0.13405976	-0.41659498	-264.32368	-262.63899	-257.62329
8	992	-473.25699	-470.44749	-472.76015	2.8094949	2.3126592	-461.76229	-457.75753	-452.0963
8	993	-792.62881	-790.15118	-755.61211	2.4776294	-34.539072	-778.32995	-771.81972	-738.67192
8	994	-468.40353	-456.60112	-458.88158	11.802409	2.280455	-457.28403	-444.31709	-442.8212
8	995	-1142.9898	-1047.8796	-1012.272	95.110195	-35.607641	-1128.0002	-1025.8418	-989.53012
8	996	-561.39867	-556.33474	-541.97865	5.0639341	-14.35609	-547.1684	-540.30542	-528.16094
8	997	-653.61898	-642.65138	-639.17286	10.967596	-3.4785256	-638.39174	-626.46013	-617.95698
8	998	-721.17612	-693.48504	-676.665	27.691073	-16.820047	-706.20191	-676.95987	-662.29991
8	999	-744.12831	-721.39817	-682.07013	22.730144	-39.328039	-727.92097	-699.1683	-661.95437
