No.	ID	loglik_Null_W	loglik_Acc_W	loglik_Full_W	logBF1	logBF2
8	0	-611.00208	-600.24034	-588.79452	10.761746	-11.445817
8	1	-389.81646	-391.23137	-394.51344	-1.4149118	3.2820694
8	2	-631.31716	-621.54101	-630.68998	9.7761429	9.1489668
8	3	-365.22201	-363.69945	-367.26138	1.522555	3.5619304
8	4	-560.73338	-562.49703	-565.03183	-1.7636524	2.5347959
8	5	-542.33606	-545.37328	-543.33169	-3.0372177	-2.0415859
8	6	-459.61928	-458.43525	-453.80306	1.1840359	-4.6321894
8	7	-337.73925	-336.56472	-337.96845	1.1745311	1.4037293
8	8	-480.12855	-472.72994	-477.9562	7.3986101	5.2262527
8	9	-487.59228	-480.21953	-479.25406	7.3727549	-0.96546505
8	10	-585.03248	-571.87967	-561.6477	13.152809	-10.231972
8	11	-428.24866	-428.23722	-428.31701	0.011441836	0.079788752
8	12	-383.52481	-381.42604	-382.25052	2.0987769	0.82448676
8	13	-374.65847	-372.57788	-369.93417	2.0805906	-2.6437041
8	14	-377.24253	-378.44403	-375.79443	-1.2014962	-2.6496032
8	15	-647.74347	-646.13821	-650.44315	1.6052596	4.3049419
8	16	-569.71011	-585.53799	-575.07005	-15.82788	-10.467939
8	17	-508.09445	-506.50868	-506.98203	1.585776	0.47335691
8	18	-625.71	-620.19145	-623.63289	5.518552	3.4414434
8	19	-561.49428	-558.65451	-556.87817	2.8397689	-1.7763386
8	20	-414.23671	-413.07141	-418.71603	1.1653004	5.6446191
8	21	-279.0918	-280.90163	-282.72304	-1.8098371	1.8214039
8	22	-568.34256	-560.61105	-558.60991	7.7315045	-2.0011412
8	23	-353.35235	-355.25659	-354.71796	-1.9042488	-0.53863292
8	24	-361.98423	-361.445	-364.99592	0.53923356	3.5509193
8	25	-313.68087	-310.64527	-311.73653	3.0355984	1.0912641
8	26	-581.29266	-582.99467	-571.58563	-1.7020082	-11.409043
8	27	-382.07238	-391.56026	-391.1124	-9.4878851	-0.44786203
8	28	-596.6348	-595.52968	-592.88562	1.1051133	-2.6440675
8	29	-394.67309	-391.76681	-395.77307	2.9062872	4.006261
8	30	-464.439	-463.96609	-457.37788	0.4729043	-6.5882167
8	31	-508.90582	-506.48833	-509.39498	2.417488	2.9066452
8	32	-654.82987	-655.54624	-653.8577	-0.71637173	-1.688543
8	33	-748.02504	-747.92662	-747.64508	0.098419568	-0.28153975
8	34	-458.5455	-457.97807	-456.07378	0.56743322	-1.9042908
8	35	-818.93273	-812.5631	-811.11944	6.3696277	-1.4436604
8	36	-224.46851	-226.65255	-229.35387	-2.1840416	2.7013155
8	37	-424.32602	-421.8655	-421.11607	2.4605108	-0.74943618
8	38	-343.33735	-339.1809	-342.45393	4.1564429	3.2730304
8	39	-418.51288	-423.19226	-417.03848	-4.6793826	-6.1537838
8	40	-473.22629	-471.45409	-471.45479	1.7721971	0.00070399504
8	41	-594.79451	-605.84767	-577.82431	-11.053161	-28.023358
8	42	-211.35926	-213.75849	-215.68658	-2.3992246	1.9280971
8	43	-324.75473	-329.15124	-330.09709	-4.3965064	0.94585043
8	44	-732.75296	-723.62754	-723.82325	9.1254259	0.19571707
8	45	-448.38432	-450.77527	-451.68032	-2.3909553	0.90504662
8	46	-520.19745	-518.81538	-520.17777	1.3820724	1.3623904
8	47	-444.90184	-445.80273	-443.94771	-0.90088325	-1.8550178
8	48	-609.13329	-610.98131	-613.20777	-1.8480245	2.226459
8	49	-491.00439	-491.27247	-494.0643	-0.26808195	2.7918343
8	50	-370.93381	-367.65325	-371.7392	3.2805543	4.0859472
8	51	-412.5401	-410.88969	-414.17624	1.6504134	3.2865517
8	52	-296.29244	-294.00958	-296.02652	2.2828664	2.0169446
8	53	-636.81659	-636.67434	-627.63541	0.14224598	-9.0389318
8	54	-352.00699	-350.74794	-353.42191	1.2590548	2.673975
8	55	-258.34971	-258.58347	-261.79966	-0.23375785	3.2161892
8	56	-516.46715	-524.57336	-516.61472	-8.1062091	-7.9586372
8	57	-402.26737	-399.19169	-400.94341	3.0756829	1.7517201
8	58	-525.32569	-523.89133	-523.56221	1.4343602	-0.32912265
8	59	-303.32521	-301.27962	-304.46721	2.0455893	3.1875932
8	60	-376.69432	-374.40696	-378.75964	2.2873549	4.3526747
8	61	-374.92249	-375.41431	-375.34837	-0.49182914	-0.065942092
8	62	-259.63398	-259.62028	-262.51639	0.013699988	2.8961127
8	63	-402.74961	-397.06612	-400.68507	5.6834968	3.6189515
8	64	-329.1055	-330.31082	-332.49945	-1.2053204	2.1886323
8	65	-550.65507	-547.51915	-545.81265	3.1359187	-1.7064982
8	66	-347.94752	-350.45554	-349.95401	-2.5080131	-0.5015293
8	67	-387.98362	-386.87439	-387.04034	1.1092394	0.16595814
8	68	-304.21514	-303.34333	-309.14108	0.87180635	5.7977471
8	69	-471.21357	-469.47137	-472.02013	1.7422042	2.548758
8	70	-351.91973	-352.79573	-354.73689	-0.87599458	1.9411666
8	71	-549.6428	-547.42309	-550.68313	2.2197097	3.2600332
8	72	-422.3306	-417.58324	-420.0249	4.747363	2.4416598
8	73	-553.53639	-555.07314	-554.29165	-1.5367557	-0.78149663
8	74	-607.28661	-600.11962	-605.94847	7.1669849	5.8288468
8	75	-598.42488	-596.34733	-594.38988	2.0775577	-1.9574472
8	76	-564.82155	-565.59949	-561.13093	-0.77793965	-4.4685626
8	77	-564.48962	-559.14761	-561.10913	5.3420134	1.9615238
8	78	-449.17793	-442.63624	-442.62124	6.54169	-0.015008758
8	79	-505.92654	-508.26398	-504.33793	-2.3374437	-3.9260468
8	80	-317.61473	-318.69578	-320.71859	-1.0810489	2.0228097
8	81	-417.09262	-416.93609	-417.27888	0.15652949	0.34279125
8	82	-671.67399	-671.34291	-639.85156	0.33107329	-31.491355
8	83	-586.96428	-585.55695	-583.72806	1.4073311	-1.8288899
8	84	-676.6742	-673.85191	-685.50149	2.8222911	11.649584
8	85	-363.69462	-363.88879	-363.70613	-0.19417193	-0.18265813
8	86	-526.77146	-525.72301	-526.60886	1.0484504	0.88585293
8	87	-354.22602	-349.98321	-354.58878	4.2428075	4.6055628
8	88	-458.1293	-460.51896	-462.84726	-2.3896623	2.3282968
8	89	-464.78092	-463.46819	-471.30937	1.3127285	7.8411735
8	90	-479.24728	-482.23438	-482.95822	-2.9871044	0.72383629
8	91	-504.97527	-501.98839	-505.69481	2.9868835	3.7064201
8	92	-567.45074	-570.10794	-570.54779	-2.6571964	0.43985796
8	93	-635.26701	-635.7024	-631.64525	-0.43539174	-4.0571501
8	94	-482.29825	-480.69937	-484.27442	1.5988737	3.5750519
8	95	-632.36092	-629.26775	-622.61089	3.0931691	-6.6568604
8	96	-636.80531	-637.97929	-634.6803	-1.1739707	-3.2989852
8	97	-454.32331	-454.93378	-459.61599	-0.61047324	4.6822085
8	98	-723.29394	-722.89992	-721.05233	0.39402479	-1.8475886
8	99	-574.34988	-572.32655	-566.93334	2.0233319	-5.3932087
8	100	-533.52527	-531.1159	-531.18627	2.4093701	0.070377435
8	101	-507.37387	-507.59437	-504.48225	-0.22050111	-3.1121171
8	102	-438.90087	-438.40143	-441.39585	0.49943991	2.9944204
8	103	-676.4091	-661.88628	-658.55321	14.522825	-3.3330649
8	104	-708.98722	-693.36402	-691.08103	15.623199	-2.2829831
8	105	-265.92197	-265.59808	-270.01004	0.32388899	4.4119576
8	106	-418.24711	-418.36895	-418.58969	-0.12183479	0.22074117
8	107	-300.13696	-300.5129	-301.70493	-0.37593811	1.1920295
8	108	-450.3633	-447.09408	-443.70478	3.269222	-3.3893001
8	109	-605.7007	-591.02842	-588.95313	14.672284	-2.0752825
8	110	-421.30619	-419.65094	-416.22076	1.6552479	-3.4301826
8	111	-437.35619	-441.61564	-440.57229	-4.2594435	-1.0433439
8	112	-252.40625	-248.81931	-255.41684	3.5869381	6.59753
8	113	-258.61085	-256.89792	-265.76656	1.7129276	8.8686335
8	114	-347.92873	-343.61052	-347.12254	4.3182167	3.5120257
8	115	-640.4082	-638.72061	-637.99362	1.687596	-0.72698617
8	116	-529.59875	-529.04564	-529.31288	0.5531097	0.26723255
8	117	-505.84836	-504.27667	-502.55522	1.5716848	-1.72145
8	118	-490.77773	-488.40119	-488.97721	2.3765324	0.57601504
8	119	-832.98199	-836.21467	-811.66582	-3.2326776	-24.548847
8	120	-502.52	-500.34369	-503.73048	2.1763152	3.3867949
8	121	-401.05224	-404.17837	-400.23481	-3.1261269	-3.9435637
8	122	-491.23519	-488.49565	-490.67966	2.7395403	2.1840144
8	123	-327.14101	-326.96924	-328.87648	0.17176701	1.9072427
8	124	-443.14332	-442.95611	-442.16269	0.18720626	-0.7934245
8	125	-567.95724	-562.4326	-557.76289	5.5246395	-4.669706
8	126	-417.75186	-417.17669	-419.1123	0.57517408	1.935613
8	127	-469.52625	-466.99922	-465.23025	2.5270329	-1.7689696
8	128	-501.11851	-499.009	-503.93695	2.1095098	4.9279439
8	129	-402.33692	-405.47593	-406.50007	-3.139008	1.0241375
8	130	-531.16574	-526.88069	-529.42648	4.2850495	2.5457893
8	131	-342.07235	-337.27814	-334.88554	4.7942093	-2.3925997
8	132	-399.25176	-400.97506	-402.2127	-1.7233007	1.2376457
8	133	-497.35519	-495.00649	-492.37839	2.3487015	-2.6280979
8	134	-609.78281	-610.84197	-599.76262	-1.0591575	-11.079346
8	135	-571.20574	-572.50926	-571.9642	-1.3035237	-0.545063
8	136	-331.95137	-331.76117	-333.09079	0.19020217	1.3296271
8	137	-347.82916	-348.76719	-351.39217	-0.93802335	2.6249859
8	138	-528.17247	-527.37316	-527.23394	0.79930971	-0.13922077
8	139	-447.26396	-450.64819	-451.7365	-3.3842356	1.0883044
8	140	-488.96288	-486.73844	-487.92129	2.2244359	1.1828543
8	141	-694.02167	-691.58186	-686.6848	2.4398092	-4.8970611
8	142	-413.70949	-418.95324	-420.16857	-5.2437469	1.2153247
8	143	-541.46083	-539.68698	-535.38306	1.7738542	-4.30392
8	144	-648.71729	-640.28018	-642.3552	8.4371029	2.0750182
8	145	-610.33963	-607.81466	-602.19179	2.5249668	-5.6228674
8	146	-461.11912	-456.66735	-458.13475	4.4517678	1.4674026
8	147	-724.40644	-724.08822	-718.1428	0.31822037	-5.9454209
8	148	-599.90768	-591.66116	-609.491	8.2465167	17.829838
8	149	-658.63242	-655.55834	-664.33851	3.0740853	8.7801691
8	150	-480.60792	-481.79685	-485.35773	-1.1889309	3.560879
8	151	-455.19629	-457.9066	-455.56567	-2.7103083	-2.3409318
8	152	-477.383	-473.86827	-477.00257	3.5147269	3.1343015
8	153	-548.55802	-551.37516	-551.5083	-2.8171391	0.13313949
8	154	-373.13826	-373.37853	-374.42251	-0.24026534	1.0439895
8	155	-509.0009	-513.69125	-508.73482	-4.690344	-4.9564219
8	156	-404.497	-400.72423	-399.41373	3.7727697	-1.3104983
8	157	-589.90897	-591.3316	-588.04856	-1.4226347	-3.2830372
8	158	-461.4613	-462.10658	-460.72468	-0.64527647	-1.3819023
8	159	-511.21678	-506.48825	-504.94764	4.7285334	-1.5406144
8	160	-260.99244	-259.79225	-263.41867	1.2001886	3.6264184
8	161	-435.99515	-447.04809	-448.82751	-11.05294	1.7794189
8	162	-566.23758	-565.58047	-568.94623	0.65711322	3.365755
8	163	-679.94314	-679.17611	-672.08371	0.76703084	-7.0923983
8	164	-290.2681	-290.86567	-290.94555	-0.59756695	0.079878495
8	165	-507.30963	-510.36633	-505.85353	-3.0567049	-4.5127998
8	166	-466.66789	-465.67589	-465.80243	0.99200121	0.12653878
8	167	-715.51022	-712.08717	-705.56782	3.4230539	-6.5193431
8	168	-343.91107	-344.91202	-347.84531	-1.0009541	2.9332908
8	169	-482.70567	-476.59862	-476.51727	6.1070581	-0.08134528
8	170	-575.37895	-575.10977	-570.47127	0.26917993	-4.638505
8	171	-405.54931	-408.21091	-412.49908	-2.6615986	4.2881748
8	172	-798.24062	-780.85492	-797.30568	17.385698	16.450763
8	173	-420.12001	-421.58752	-428.02464	-1.4675092	6.4371147
8	174	-628.20481	-631.55062	-626.65336	-3.3458085	-4.8972547
8	175	-688.10037	-692.17582	-683.27569	-4.0754466	-8.9001242
8	176	-391.10427	-393.28036	-393.05235	-2.176086	-0.22801517
8	177	-478.41442	-478.08359	-481.32528	0.33082944	3.2416954
8	178	-376.15964	-376.90832	-376.43868	-0.74867747	-0.46963495
8	179	-525.29133	-526.76658	-522.4819	-1.4752475	-4.284676
8	180	-549.03429	-547.37514	-535.40277	1.659145	-11.972375
8	181	-486.20219	-481.80811	-481.78225	4.3940793	-0.025860666
8	182	-354.72525	-354.4367	-354.71815	0.28855126	0.28144968
8	183	-566.41083	-563.69809	-568.80202	2.7127448	5.1039332
8	184	-419.71238	-417.43015	-420.07669	2.2822338	2.6465447
8	185	-407.31075	-405.80492	-409.25059	1.5058308	3.4456709
8	186	-387.25082	-390.25532	-386.99255	-3.0044966	-3.2627666
8	187	-533.21731	-529.02535	-528.61229	4.1919655	-0.41305743
8	188	-263.14406	-264.60619	-267.99022	-1.4621288	3.3840323
8	189	-593.84035	-587.89146	-580.26057	5.9488849	-7.6308915
8	190	-333.06928	-336.41916	-338.96865	-3.3498731	2.5494915
8	191	-648.83551	-650.24461	-644.17678	-1.4091035	-6.0678347
8	192	-417.41093	-418.5002	-416.74238	-1.0892631	-1.7578158
8	193	-424.75381	-426.44673	-428.22737	-1.692923	1.780641
8	194	-575.25167	-573.13783	-573.75174	2.1138416	0.61390729
8	195	-391.75464	-393.58802	-392.74814	-1.8333801	-0.83988185
8	196	-742.11929	-744.42736	-737.11201	-2.3080745	-7.3153555
8	197	-467.46322	-467.33591	-466.23974	0.1273066	-1.0961724
8	198	-633.11924	-632.58927	-627.80846	0.52996633	-4.7808055
8	199	-354.91977	-350.92117	-351.44189	3.9986058	0.52072881
8	200	-420.13913	-421.89248	-422.57217	-1.7533455	0.6796947
8	201	-692.52331	-687.54251	-700.68462	4.9808057	13.142109
8	202	-344.28331	-343.78445	-347.57824	0.49885815	3.7937862
8	203	-430.15696	-427.64778	-431.13815	2.5091729	3.4903646
8	204	-426.38472	-421.84304	-420.64507	4.5416883	-1.1979625
8	205	-384.69899	-385.93991	-381.48531	-1.2409261	-4.4546053
8	206	-596.46167	-595.75394	-594.12188	0.70772962	-1.6320638
8	207	-530.68378	-528.07548	-529.00117	2.608301	0.925692
8	208	-485.57394	-488.77957	-486.34677	-3.2056263	-2.4327992
8	209	-617.37296	-618.07049	-616.11294	-0.69752803	-1.9575502
8	210	-512.33505	-506.93318	-509.77116	5.4018709	2.837981
8	211	-356.2013	-355.47243	-359.72871	0.72886698	4.2562774
8	212	-421.94372	-421.19437	-425.11937	0.7493414	3.9249985
8	213	-404.53214	-402.91781	-403.97747	1.6143225	1.0596593
8	214	-617.42763	-619.75873	-605.88479	-2.3310966	-13.87394
8	215	-496.92953	-494.7523	-499.54697	2.1772278	4.7946654
8	216	-556.28466	-551.82371	-552.07603	4.4609437	0.25232173
8	217	-306.92292	-305.84339	-307.06738	1.0795283	1.2239939
8	218	-703.76501	-704.1403	-694.99076	-0.375289	-9.1495432
8	219	-472.82334	-466.75123	-469.61989	6.0721065	2.8686567
8	220	-355.33395	-354.94993	-358.06504	0.38402472	3.1151178
8	221	-492.71129	-490.54251	-489.74165	2.1687805	-0.80085804
8	222	-408.03751	-408.3354	-410.07762	-0.29788957	1.7422225
8	223	-491.87396	-491.82617	-488.80324	0.047787938	-3.0229248
8	224	-462.85457	-463.13147	-463.73194	-0.27689856	0.60047004
8	225	-552.52359	-552.54333	-550.83539	-0.019742945	-1.7079414
8	226	-322.46385	-326.80684	-326.40462	-4.3429896	-0.40222158
8	227	-260.18961	-256.92304	-257.91545	3.2665734	0.99240339
8	228	-479.54695	-479.1425	-480.4536	0.40444542	1.3110958
8	229	-713.13471	-706.47296	-704.3825	6.6617409	-2.0904623
8	230	-712.16021	-718.45866	-711.39475	-6.2984532	-7.0639039
8	231	-590.69456	-592.63283	-586.93803	-1.9382726	-5.6948024
8	232	-499.32329	-500.36705	-499.42109	-1.0437593	-0.94596174
8	233	-507.29127	-509.11659	-505.09211	-1.8253186	-4.0244799
8	234	-424.95311	-423.46509	-426.43918	1.4880229	2.9740914
8	235	-411.04243	-412.9442	-417.28986	-1.9017709	4.3456624
8	236	-580.39005	-583.78178	-582.66024	-3.391729	-1.1215376
8	237	-261.03591	-262.27762	-265.3518	-1.2417153	3.0741779
8	238	-337.32261	-337.65048	-339.71916	-0.32786848	2.0686816
8	239	-481.21195	-494.36672	-489.19877	-13.154766	-5.1679483
8	240	-458.78547	-461.41253	-455.5731	-2.6270519	-5.8394216
8	241	-581.99807	-582.29144	-582.81974	-0.29336644	0.52830036
8	242	-394.11013	-388.69417	-390.54858	5.4159596	1.8544049
8	243	-686.92614	-679.57202	-676.36543	7.3541168	-3.2065916
8	244	-742.96625	-749.15345	-721.36244	-6.1871978	-27.791004
8	245	-385.21975	-388.26792	-387.33851	-3.0481679	-0.92941731
8	246	-390.59854	-392.23509	-391.70622	-1.6365483	-0.52886986
8	247	-288.29707	-286.91481	-290.32337	1.3822607	3.4085586
8	248	-415.03031	-418.03705	-415.86053	-3.0067479	-2.1765229
8	249	-498.00912	-500.17917	-499.10189	-2.1700464	-1.0772792
8	250	-462.22605	-457.17371	-453.35395	5.0523492	-3.8197545
8	251	-383.35438	-379.30198	-381.90455	4.0523991	2.6025755
8	252	-518.52688	-515.14748	-515.52263	3.3794093	0.37515618
8	253	-510.23947	-510.21764	-508.77607	0.021835832	-1.4415624
8	254	-781.29482	-780.28319	-765.57447	1.0116247	-14.70872
8	255	-651.49916	-649.35116	-647.66211	2.1480018	-1.6890558
8	256	-490.00278	-492.40372	-488.79122	-2.400945	-3.6124979
8	257	-520.84191	-521.79187	-521.89852	-0.94996431	0.10664527
8	258	-550.41621	-545.96448	-532.11854	4.4517327	-13.845943
8	259	-659.08442	-660.17183	-645.80944	-1.0874104	-14.362388
8	260	-435.06606	-438.9565	-439.42563	-3.8904467	0.46912363
8	261	-229.28892	-231.46904	-232.7358	-2.1801159	1.2667664
8	262	-632.90193	-632.69948	-630.83745	0.20245092	-1.8620334
8	263	-653.72747	-634.96342	-606.46793	18.764054	-28.495493
8	264	-388.19935	-380.86256	-378.90542	7.3367822	-1.9571459
8	265	-564.05489	-563.9983	-563.47968	0.056594619	-0.51861808
8	266	-372.22203	-372.99076	-373.66427	-0.76873001	0.67350916
8	267	-472.07397	-473.27642	-470.78668	-1.202449	-2.4897369
8	268	-392.76093	-392.86527	-394.82691	-0.1043364	1.9616419
8	269	-417.7349	-413.38003	-409.50501	4.3548749	-3.8750202
8	270	-530.56006	-529.20022	-531.89937	1.3598356	2.6991493
8	271	-329.6911	-331.21223	-334.15115	-1.5211259	2.9389187
8	272	-786.46831	-800.74996	-766.84141	-14.281643	-33.908545
8	273	-443.06612	-440.00327	-443.67308	3.0628473	3.6698036
8	274	-368.88148	-367.27191	-366.505	1.6095634	-0.76691057
8	275	-474.91595	-472.71805	-474.17778	2.197906	1.4597374
8	276	-493.86707	-492.91921	-492.3724	0.9478676	-0.54680872
8	277	-288.60595	-287.33732	-288.61441	1.2686274	1.2770962
8	278	-671.7291	-663.20083	-656.80325	8.5282664	-6.3975818
8	279	-399.5233	-402.05205	-400.25149	-2.5287459	-1.8005586
8	280	-326.87135	-327.4125	-324.83523	-0.54114682	-2.5772684
8	281	-699.31261	-695.88732	-686.6072	3.4252855	-9.2801198
8	282	-400.96673	-401.16307	-398.29345	-0.19633183	-2.8696155
8	283	-476.65404	-475.68848	-477.60791	0.96556153	1.919428
8	284	-574.85471	-568.84057	-582.41315	6.0141447	13.572588
8	285	-639.90753	-642.50907	-644.56456	-2.6015371	2.055491
8	286	-420.9928	-423.05599	-421.70358	-2.063189	-1.3524022
8	287	-528.61712	-528.97838	-534.39038	-0.36126678	5.4119985
8	288	-379.01724	-377.58573	-378.24115	1.4315118	0.6554213
8	289	-404.28509	-402.51698	-401.15201	1.7681067	-1.3649772
8	290	-681.80844	-681.9613	-683.4036	-0.15285301	1.4423059
8	291	-481.16131	-480.06304	-472.34531	1.0982702	-7.7177328
8	292	-507.53398	-505.1039	-505.80411	2.4300754	0.70020609
8	293	-513.20678	-515.70324	-516.8533	-2.4964545	1.1500612
8	294	-433.65314	-434.39839	-436.6309	-0.74525407	2.2325117
8	295	-368.0584	-366.98701	-365.80604	1.0713878	-1.1809665
8	296	-557.66578	-555.36574	-559.26516	2.300044	3.8994253
8	297	-325.59155	-326.22976	-328.44865	-0.63821299	2.2188853
8	298	-432.02322	-424.06038	-423.53481	7.962844	-0.52556987
8	299	-330.71169	-326.66463	-326.97353	4.0470659	0.30890679
8	300	-390.96931	-390.19325	-387.49759	0.77606658	-2.6956586
8	301	-443.12911	-437.2457	-435.44851	5.8834123	-1.7971938
8	302	-432.73514	-435.90711	-430.81503	-3.1719673	-5.0920747
8	303	-663.76572	-660.04663	-665.21509	3.7190926	5.1684636
8	304	-416.88615	-420.75035	-420.99911	-3.8642	0.24876167
8	305	-401.87125	-401.61934	-402.94265	0.25190422	1.3233023
8	306	-477.70278	-480.16553	-476.07316	-2.4627549	-4.0923692
8	307	-557.73887	-553.72703	-556.03332	4.0118425	2.3062921
8	308	-524.03331	-519.54935	-517.66334	4.4839603	-1.8860066
8	309	-479.40152	-475.37586	-478.29651	4.0256526	2.9206451
8	310	-391.98703	-388.82119	-388.45761	3.165838	-0.36358297
8	311	-299.97329	-299.21406	-303.53858	0.75923354	4.3245199
8	312	-460.78064	-460.34598	-462.49757	0.43465825	2.1515869
8	313	-347.68214	-349.01721	-355.44882	-1.3350685	6.4316091
8	314	-290.80188	-290.28712	-291.71767	0.51476252	1.4305582
8	315	-607.13805	-604.99182	-608.18787	2.1462316	3.1960511
8	316	-390.09643	-389.44428	-390.56188	0.65215592	1.1176035
8	317	-657.81623	-646.30829	-632.60783	11.507938	-13.700461
8	318	-412.82079	-410.02017	-412.24632	2.8006195	2.2261446
8	319	-449.341	-444.69801	-444.71165	4.642983	0.01363354
8	320	-422.66839	-421.14078	-417.94291	1.527614	-3.1978735
8	321	-484.93918	-484.26096	-485.45558	0.67822355	1.1946192
8	322	-397.45827	-397.56176	-399.50707	-0.10349439	1.9453108
8	323	-684.38995	-678.80696	-660.89238	5.5829877	-17.914586
8	324	-354.76713	-360.87907	-359.61312	-6.1119389	-1.2659478
8	325	-464.79445	-463.5652	-463.65764	1.2292436	0.092439249
8	326	-401.58738	-396.39847	-399.46646	5.1889097	3.067984
8	327	-373.36033	-375.28013	-376.06893	-1.9198002	0.7888004
8	328	-392.25387	-392.72732	-394.95881	-0.4734481	2.2314864
8	329	-372.32073	-372.62608	-375.51282	-0.30535209	2.8867374
8	330	-380.35157	-379.67416	-382.19793	0.67741436	2.5237773
8	331	-338.94891	-341.84111	-344.16684	-2.8922001	2.3257296
8	332	-298.11557	-299.01863	-298.47255	-0.90306014	-0.54607699
8	333	-489.5937	-491.35987	-490.69908	-1.7661658	-0.66078929
8	334	-434.6208	-428.47735	-431.73813	6.1434408	3.2607707
8	335	-335.22704	-335.13351	-335.729	0.093523918	0.59548227
8	336	-450.842	-450.36862	-449.95085	0.47337434	-0.41777257
8	337	-264.56953	-266.21892	-269.06733	-1.649395	2.8484103
8	338	-249.87289	-252.27581	-256.02251	-2.402922	3.7467019
8	339	-608.32273	-587.04071	-568.49406	21.282022	-18.546648
8	340	-657.65557	-657.01987	-654.18547	0.63570189	-2.8344011
8	341	-690.04152	-691.55024	-671.75463	-1.5087191	-19.795616
8	342	-415.9314	-410.36746	-412.14618	5.5639341	1.7787219
8	343	-368.77912	-363.11966	-366.47776	5.6594554	3.3581014
8	344	-449.44485	-447.23214	-447.05738	2.2127037	-0.17476227
8	345	-402.15938	-397.18863	-400.61529	4.9707479	3.4266542
8	346	-573.40294	-571.47237	-564.95064	1.9305712	-6.5217314
8	347	-348.70451	-349.08604	-352.73156	-0.38153774	3.6455187
8	348	-645.82741	-644.59026	-645.63896	1.237152	1.0486996
8	349	-590.7349	-584.74059	-564.10183	5.9943085	-20.638759
8	350	-372.91412	-377.36655	-374.73856	-4.4524256	-2.6279874
8	351	-429.52246	-430.51722	-428.14201	-0.99476416	-2.3752091
8	352	-272.16062	-270.56003	-273.16729	1.6005908	2.6072614
8	353	-258.60389	-257.64146	-260.07716	0.96243182	2.4357034
8	354	-596.72447	-597.55455	-584.31755	-0.83008089	-13.237003
8	355	-425.67574	-427.5573	-431.20671	-1.8815579	3.6494049
8	356	-330.21767	-330.41464	-334.99279	-0.19696195	4.5781568
8	357	-564.78011	-582.75107	-588.78315	-17.970967	6.0320766
8	358	-321.55264	-324.42968	-326.51004	-2.8770361	2.0803622
8	359	-454.67545	-459.14336	-461.14272	-4.4679123	1.9993523
8	360	-543.4737	-551.68556	-542.5631	-8.2118567	-9.1224583
8	361	-486.61274	-487.4352	-485.27424	-0.82245375	-2.1609591
8	362	-315.50751	-315.14593	-319.96454	0.36157438	4.8186046
8	363	-472.17909	-469.1487	-463.92325	3.0303916	-5.2254428
8	364	-590.66686	-588.19488	-571.28012	2.4719835	-16.914761
8	365	-539.0776	-540.13069	-540.17811	-1.0530873	0.04741808
8	366	-347.03573	-347.26512	-349.01134	-0.2293929	1.746217
8	367	-481.85304	-479.16285	-481.37429	2.6901906	2.2114346
8	368	-318.9605	-321.50107	-324.89799	-2.5405771	3.3969152
8	369	-345.67827	-345.77064	-344.85186	-0.092368391	-0.91878372
8	370	-457.91427	-455.11709	-456.03771	2.7971817	0.92061863
8	371	-525.4116	-519.88574	-521.15897	5.5258591	1.2732235
8	372	-416.0852	-413.31757	-415.2159	2.7676245	1.8983225
8	373	-334.22727	-334.12585	-335.39945	0.10142085	1.2735972
8	374	-587.78767	-587.91395	-590.55643	-0.12628107	2.6424804
8	375	-345.16207	-346.16637	-348.2485	-1.0042914	2.0821359
8	376	-414.86101	-417.56614	-417.8588	-2.7051278	0.29266069
8	377	-432.86057	-429.55344	-433.36818	3.3071284	3.814733
8	378	-401.72296	-402.0364	-404.01366	-0.31344168	1.9772609
8	379	-524.06593	-522.10999	-520.76452	1.9559391	-1.3454693
8	380	-428.32732	-422.01762	-426.689	6.3096977	4.6713829
8	381	-420.8824	-423.09668	-427.56303	-2.2142807	4.4663472
8	382	-468.59466	-468.75991	-472.953	-0.16525053	4.1930889
8	383	-330.53835	-330.27082	-328.27614	0.26752386	-1.9946883
8	384	-409.08609	-409.76673	-408.02686	-0.68063624	-1.7398681
8	385	-450.36235	-448.20601	-449.26651	2.1563399	1.0605052
8	386	-393.50543	-392.32594	-395.37141	1.1794968	3.0454732
8	387	-452.93539	-449.27707	-442.17039	3.658317	-7.1066825
8	388	-367.60919	-361.03652	-363.31634	6.5726726	2.2798185
8	389	-290.33271	-289.54902	-292.57547	0.78369142	3.0264571
8	390	-286.93143	-291.71414	-290.94748	-4.7827126	-0.76666717
8	391	-459.26258	-453.96192	-457.77041	5.3006563	3.8084862
8	392	-474.05767	-471.14519	-466.49999	2.912481	-4.645192
8	393	-716.1001	-711.16306	-713.1761	4.9370435	2.0130455
8	394	-416.87624	-417.14188	-417.13384	-0.26563822	-0.0080388846
8	395	-511.84514	-512.08182	-513.14444	-0.23667659	1.0626208
8	396	-489.90877	-485.10662	-488.14418	4.8021542	3.0375652
8	397	-429.26138	-432.75041	-424.54812	-3.4890313	-8.2022914
8	398	-459.16137	-454.38514	-447.0573	4.7762314	-7.3278478
8	399	-305.37272	-295.6101	-302.7769	9.7626223	7.1668048
8	400	-522.78882	-526.07602	-523.08827	-3.2871983	-2.9877508
8	401	-647.72974	-645.02364	-635.21617	2.7060971	-9.807468
8	402	-437.20063	-435.79303	-433.9362	1.4076073	-1.8568242
8	403	-465.38653	-464.95158	-465.44245	0.43494876	0.49086999
8	404	-359.01886	-357.80322	-357.62782	1.2156381	-0.17540592
8	405	-612.06668	-607.40161	-600.49538	4.6650696	-6.9062282
8	406	-606.63879	-604.94668	-603.39621	1.6921096	-1.5504675
8	407	-372.40069	-372.67225	-375.21322	-0.27155885	2.5409743
8	408	-488.06005	-491.12656	-491.19948	-3.0665104	0.072922762
8	409	-654.93809	-649.75219	-642.90105	5.1859039	-6.8511399
8	410	-423.0755	-415.48142	-415.65796	7.5940828	0.1765419
8	411	-581.85787	-577.39172	-580.33379	4.4661505	2.9420673
8	412	-515.49694	-513.68098	-512.61	1.8159557	-1.0709849
8	413	-492.60983	-487.3232	-488.5751	5.2866269	1.2519005
8	414	-609.33949	-608.8952	-604.76805	0.44428968	-4.127146
8	415	-547.34771	-541.16436	-544.45139	6.1833541	3.2870341
8	416	-387.25995	-386.4466	-386.29638	0.81335622	-0.15021813
8	417	-407.10108	-406.56593	-406.4389	0.53515034	-0.12702977
8	418	-360.109	-362.10367	-362.65634	-1.9946663	0.55267633
8	419	-430.8319	-430.22043	-430.19854	0.61146045	-0.021897057
8	420	-498.72959	-500.23342	-499.90469	-1.5038277	-0.32872897
8	421	-317.83312	-317.80649	-319.02516	0.02662976	1.218669
8	422	-394.83855	-395.06083	-395.60169	-0.22228512	0.54085721
8	423	-558.81394	-555.88303	-553.83825	2.9309104	-2.0447837
8	424	-375.15452	-374.39117	-372.00643	0.76335582	-2.3847336
8	425	-675.14759	-686.38378	-672.08172	-11.236196	-14.302061
8	426	-536.92528	-537.85275	-538.38609	-0.92746705	0.53334462
8	427	-660.38657	-659.96176	-656.79884	0.4248146	-3.1629161
8	428	-547.88659	-548.33014	-548.4538	-0.44355614	0.12365284
8	429	-343.58181	-343.05515	-345.90061	0.52666474	2.8454629
8	430	-548.37587	-549.9054	-544.85487	-1.5295226	-5.0505226
8	431	-491.83764	-489.61281	-486.97634	2.2248361	-2.6364728
8	432	-368.23145	-369.23052	-371.42229	-0.99906428	2.191774
8	433	-342.51459	-340.67734	-345.42697	1.8372501	4.7496367
8	434	-481.43327	-481.55357	-481.17025	-0.1203025	-0.38331816
8	435	-560.75972	-559.95566	-563.59844	0.80406461	3.6427869
8	436	-553.53033	-551.55571	-550.76375	1.97462	-0.79195516
8	437	-850.07599	-834.22198	-815.60124	15.854015	-18.620737
8	438	-273.44246	-273.32464	-278.33888	0.11781922	5.0142339
8	439	-727.81942	-728.87859	-725.39287	-1.0591648	-3.4857195
8	440	-715.43862	-709.25821	-715.23738	6.1804145	5.9791669
8	441	-451.70517	-441.3704	-443.7646	10.334778	2.3942015
8	442	-262.81977	-267.12379	-270.83129	-4.304019	3.7075024
8	443	-385.57507	-384.73361	-382.74634	0.84146214	-1.9872612
8	444	-448.68359	-448.53092	-452.72478	0.15267074	4.1938587
8	445	-556.05476	-552.91009	-554.06913	3.1446738	1.1590423
8	446	-393.62423	-392.25866	-393.30881	1.3655744	1.0501517
8	447	-420.63418	-420.78884	-417.26079	-0.1546602	-3.5280536
8	448	-488.72867	-486.26318	-488.00502	2.4654903	1.7418418
8	449	-404.13201	-403.46649	-407.24838	0.66552026	3.7818898
8	450	-457.34641	-455.6819	-459.18031	1.6645079	3.4984075
8	451	-354.52193	-350.64619	-357.02092	3.8757392	6.3747278
8	452	-397.14744	-398.47002	-399.02356	-1.3225836	0.55354485
8	453	-683.33288	-684.53179	-679.49262	-1.1989067	-5.0391688
8	454	-641.57625	-644.28634	-644.52624	-2.7100883	0.23990242
8	455	-445.40998	-440.51325	-434.99319	4.896724	-5.5200616
8	456	-572.31458	-571.40777	-571.42447	0.90680547	0.016696857
8	457	-375.4262	-378.7612	-374.78173	-3.335007	-3.9794767
8	458	-388.13012	-390.48324	-393.43518	-2.3531175	2.9519452
8	459	-392.18574	-391.01404	-396.48461	1.1717002	5.4705688
8	460	-414.04687	-424.95738	-417.90329	-10.910509	-7.0540918
8	461	-493.22384	-492.32566	-490.47445	0.89817676	-1.8512154
8	462	-354.09319	-356.02223	-354.43596	-1.9290349	-1.5862652
8	463	-429.43931	-427.93539	-428.35005	1.5039204	0.41466454
8	464	-385.53523	-385.48411	-388.84732	0.051123345	3.3632141
8	465	-428.60222	-430.51076	-428.67165	-1.9085395	-1.8391101
8	466	-450.95417	-449.03358	-452.11817	1.920588	3.0845949
8	467	-441.28147	-445.10581	-449.72699	-3.8243359	4.6211812
8	468	-402.8015	-403.45766	-404.99061	-0.65615933	1.5329559
8	469	-353.30863	-351.46832	-354.48598	1.8403089	3.0176659
8	470	-443.52098	-443.81313	-444.71875	-0.29215066	0.90561418
8	471	-340.73128	-339.95792	-341.21376	0.77336366	1.2558397
8	472	-327.05104	-327.2505	-329.90167	-0.1994583	2.6511621
8	473	-663.07515	-655.38075	-653.56869	7.6944006	-1.8120577
8	474	-391.19457	-391.53725	-394.22964	-0.34268107	2.6923934
8	475	-768.58418	-788.52936	-767.69999	-19.945176	-20.829373
8	476	-405.21351	-405.92995	-407.73973	-0.71644912	1.8097768
8	477	-424.22321	-415.13315	-416.33527	9.0900623	1.2021221
8	478	-295.58168	-295.81406	-297.93228	-0.23238136	2.1182145
8	479	-296.93466	-301.6126	-299.61368	-4.6779435	-1.9989264
8	480	-346.60226	-346.5621	-349.27344	0.04016712	2.7113434
8	481	-545.20085	-546.67014	-544.38391	-1.4692907	-2.2862274
8	482	-652.70478	-651.05593	-657.44936	1.6488488	6.3934286
8	483	-542.07468	-545.39321	-550.36441	-3.3185324	4.971192
8	484	-616.72583	-612.30671	-606.99441	4.4191207	-5.3122958
8	485	-642.30605	-640.99532	-636.02523	1.3107291	-4.9700895
8	486	-475.36925	-474.13923	-477.4824	1.2300209	3.3431752
8	487	-642.43164	-638.62719	-635.50425	3.8044479	-3.1229404
8	488	-447.42272	-445.32103	-448.20996	2.1016947	2.888936
8	489	-455.79453	-454.45816	-451.87038	1.336366	-2.5877835
8	490	-295.38098	-294.41898	-296.33806	0.96200041	1.9190884
8	491	-389.22423	-388.70518	-382.74071	0.51904988	-5.9644677
8	492	-609.6494	-603.08397	-596.72016	6.5654322	-6.363808
8	493	-446.42006	-444.34762	-439.74602	2.0724443	-4.6015998
8	494	-528.18925	-524.41126	-528.50339	3.7779925	4.0921248
8	495	-325.29293	-325.53769	-327.82466	-0.24475948	2.2869695
8	496	-531.09486	-530.5816	-533.56117	0.51326232	2.9795679
8	497	-387.17755	-372.8622	-376.3935	14.315344	3.5312988
8	498	-428.44563	-425.54789	-420.31797	2.8977414	-5.229924
8	499	-512.44284	-512.26492	-511.72017	0.1779208	-0.5447497
8	500	-436.56819	-437.68192	-431.35106	-1.1137255	-6.3308598
8	501	-616.23351	-611.1318	-602.61309	5.101713	-8.5187119
8	502	-365.05029	-368.10012	-373.52264	-3.0498323	5.4225198
8	503	-712.20065	-703.75003	-672.34113	8.4506168	-31.408899
8	504	-362.15081	-362.18382	-362.99573	-0.033013393	0.81190456
8	505	-531.14521	-530.21284	-531.73158	0.93236906	1.5187418
8	506	-498.4844	-492.9586	-492.40037	5.525803	-0.55822375
8	507	-436.52676	-437.04874	-437.55412	-0.52197814	0.50538065
8	508	-382.55837	-382.64327	-379.68833	-0.084905509	-2.9549459
8	509	-813.10993	-811.83739	-813.32207	1.2725355	1.4846848
8	510	-420.51406	-422.32062	-422.7415	-1.8065615	0.42088491
8	511	-706.75728	-708.78264	-694.52982	-2.0253614	-14.252813
8	512	-438.75319	-441.90166	-435.82815	-3.1484692	-6.0735077
8	513	-294.0659	-295.67566	-298.57134	-1.6097609	2.8956772
8	514	-371.2265	-369.10686	-368.70409	2.1196348	-0.40277436
8	515	-402.15873	-403.98212	-402.33921	-1.8233836	-1.6429108
8	516	-408.62802	-411.24056	-407.34646	-2.6125393	-3.8940974
8	517	-288.64134	-290.88148	-287.98029	-2.2401362	-2.9011837
8	518	-438.04457	-438.61444	-435.23947	-0.56986366	-3.3749666
8	519	-416.98672	-415.85432	-414.45297	1.1323932	-1.4013579
8	520	-314.97855	-315.81696	-320.26178	-0.83840905	4.4448228
8	521	-451.39995	-452.87791	-453.75636	-1.4779596	0.8784518
8	522	-380.72041	-374.95848	-375.18954	5.7619222	0.23105222
8	523	-431.9178	-431.37524	-432.75248	0.54255942	1.3772373
8	524	-375.59378	-377.34513	-376.864	-1.7513447	-0.48112197
8	525	-533.62046	-539.40375	-536.74027	-5.7832941	-2.6634852
8	526	-351.15307	-351.00981	-353.5073	0.14325294	2.49749
8	527	-617.7858	-606.44054	-591.61854	11.34526	-14.821997
8	528	-322.42488	-323.21458	-323.47665	-0.78969765	0.26207216
8	529	-441.8987	-441.38716	-444.23007	0.51154376	2.8429151
8	530	-404.60709	-407.41331	-404.73999	-2.8062134	-2.6733155
8	531	-390.21695	-390.11246	-388.2973	0.10449504	-1.8151561
8	532	-428.52058	-428.43656	-435.46744	0.084017581	7.0308794
8	533	-446.68504	-446.67338	-445.18602	0.011665407	-1.4873552
8	534	-463.84906	-463.38044	-464.60405	0.4686207	1.2236088
8	535	-325.05781	-323.81096	-326.2758	1.2468419	2.4648354
8	536	-352.32096	-355.01966	-356.36453	-2.6986933	1.3448776
8	537	-364.00112	-366.1302	-365.14892	-2.1290746	-0.98127466
8	538	-515.3274	-513.65122	-510.59866	1.6761839	-3.0525514
8	539	-536.91996	-535.04716	-533.5275	1.8727942	-1.5196632
8	540	-519.01345	-515.35521	-520.20617	3.6582404	4.8509565
8	541	-415.16118	-414.01032	-416.46087	1.1508569	2.4505472
8	542	-263.75629	-264.73248	-267.77242	-0.97618559	3.0399406
8	543	-668.66157	-664.34487	-662.26722	4.3166959	-2.077652
8	544	-487.78398	-475.03273	-484.66955	12.751252	9.6368218
8	545	-772.67193	-763.05982	-772.02431	9.6121093	8.9644833
8	546	-488.40799	-484.22175	-484.21963	4.1862451	-0.0021125821
8	547	-436.3676	-437.83188	-440.76146	-1.4642753	2.9295801
8	548	-454.88249	-451.49169	-447.18186	3.3908056	-4.3098291
8	549	-491.33723	-482.01324	-478.05482	9.3239938	-3.958414
8	550	-295.11281	-296.23598	-301.63554	-1.1231641	5.3995592
8	551	-451.4731	-450.17916	-446.59195	1.2939414	-3.5872122
8	552	-444.00365	-444.51669	-448.15264	-0.51303929	3.6359558
8	553	-511.21641	-511.21691	-510.69124	-0.00050436195	-0.52567444
8	554	-362.80271	-363.46806	-366.20713	-0.66534784	2.739069
8	555	-399.9815	-399.4972	-401.36539	0.48429838	1.8681903
8	556	-478.9061	-479.93211	-479.26137	-1.0260137	-0.67074391
8	557	-485.93089	-485.04056	-487.23021	0.89032851	2.1896525
8	558	-516.59516	-517.34641	-514.58183	-0.75125227	-2.7645823
8	559	-602.63192	-598.01105	-582.17741	4.6208648	-15.833646
8	560	-325.38191	-326.00736	-328.28935	-0.62545349	2.2819848
8	561	-559.17639	-561.20509	-553.77206	-2.028698	-7.4330282
8	562	-473.31051	-466.9904	-468.31637	6.3201113	1.3259681
8	563	-746.12451	-740.70734	-726.17332	5.4171685	-14.53402
8	564	-425.50121	-424.42942	-419.52	1.0717922	-4.9094194
8	565	-342.20065	-339.40915	-346.25442	2.7915038	6.8452768
8	566	-675.01851	-676.97489	-696.22326	-1.956377	19.248372
8	567	-501.18923	-502.13011	-499.6256	-0.94087352	-2.5045086
8	568	-545.49561	-545.98412	-521.86351	-0.48850728	-24.120612
8	569	-568.71986	-567.17735	-561.82069	1.54251	-5.3566519
8	570	-489.58273	-489.6177	-492.18398	-0.034971661	2.5662805
8	571	-572.61211	-574.25762	-577.10227	-1.6455061	2.8446499
8	572	-341.18665	-342.54287	-344.91141	-1.3562168	2.3685425
8	573	-570.72258	-567.74927	-567.25423	2.9733198	-0.49503495
8	574	-427.88813	-423.29777	-423.94885	4.5903641	0.65107516
8	575	-582.59335	-577.22305	-562.81335	5.370302	-14.409701
8	576	-281.2327	-283.87834	-284.76222	-2.6456456	0.88388118
8	577	-638.52821	-634.38764	-640.6219	4.140575	6.2342579
8	578	-320.53363	-322.25747	-321.46633	-1.7238415	-0.79114119
8	579	-349.93959	-350.87571	-353.14586	-0.93611387	2.2701486
8	580	-415.68147	-416.1492	-416.12003	-0.46772357	-0.029161889
8	581	-317.40554	-316.93508	-319.22711	0.47045511	2.2920267
8	582	-503.85899	-497.62329	-503.39858	6.2356979	5.7752843
8	583	-482.36945	-470.74095	-486.35495	11.628504	15.614001
8	584	-395.35037	-397.30804	-396.34694	-1.9576674	-0.96109173
8	585	-454.99062	-451.10311	-455.0477	3.8875041	3.9445894
8	586	-530.25109	-528.39987	-528.5247	1.8512255	0.12483024
8	587	-473.98266	-476.91072	-478.65994	-2.9280619	1.7492224
8	588	-377.76927	-374.1459	-376.29906	3.623365	2.1531575
8	589	-507.91527	-510.61189	-509.36139	-2.6966157	-1.2505
8	590	-347.46697	-346.31583	-348.72294	1.1511413	2.4071102
8	591	-406.48287	-404.89108	-403.20509	1.5917842	-1.6859919
8	592	-434.83552	-435.77526	-437.67351	-0.93974053	1.8982535
8	593	-429.45716	-420.92054	-418.30116	8.5366199	-2.6193769
8	594	-565.16553	-565.23119	-555.06986	-0.065653212	-10.161322
8	595	-410.29759	-406.34228	-408.18086	3.9553076	1.8385792
8	596	-546.03781	-544.22867	-545.15277	1.8091393	0.92410224
8	597	-332.36491	-329.71783	-336.34691	2.6470743	6.629081
8	598	-501.85908	-501.36003	-501.30255	0.49904919	-0.057473929
8	599	-402.24465	-404.42392	-402.96491	-2.1792661	-1.4590112
8	600	-792.07351	-786.61485	-786.37109	5.4586589	-0.24376292
8	601	-346.48115	-342.30458	-347.6552	4.1765656	5.3506182
8	602	-945.49016	-903.22069	-896.16793	42.269478	-7.0527554
8	603	-440.28454	-440.83297	-437.60109	-0.54843149	-3.2318788
8	604	-395.45872	-385.93981	-392.22637	9.5189197	6.2865621
8	605	-630.11011	-626.54219	-624.07826	3.5679165	-2.4639252
8	606	-626.41372	-624.12105	-621.33637	2.2926731	-2.7846826
8	607	-616.67435	-615.08688	-607.67397	1.5874679	-7.4129038
8	608	-448.28044	-446.97968	-446.54968	1.3007598	-0.4300003
8	609	-556.88679	-557.81355	-552.30091	-0.92676104	-5.512645
8	610	-356.35506	-358.34884	-356.8832	-1.9937815	-1.4656442
8	611	-365.36461	-364.19992	-359.24818	1.1646908	-4.9517477
8	612	-378.8701	-379.69143	-382.05887	-0.82133576	2.3674327
8	613	-505.48387	-505.19074	-503.4738	0.29313742	-1.7169339
8	614	-509.21539	-506.10905	-508.53352	3.1063412	2.4244751
8	615	-752.0454	-755.30102	-752.37864	-3.2556215	-2.9223829
8	616	-294.29483	-295.00575	-298.07914	-0.71091922	3.0733903
8	617	-406.65618	-405.34111	-406.59531	1.3150717	1.2542012
8	618	-502.23834	-503.32685	-502.25217	-1.0885035	-1.0746748
8	619	-576.26138	-571.64025	-568.642	4.621135	-2.9982471
8	620	-378.41839	-376.1935	-380.52688	2.2248904	4.3333759
8	621	-369.62595	-372.2602	-371.65902	-2.6342477	-0.60117883
8	622	-373.6255	-374.52329	-378.43886	-0.89778667	3.9155689
8	623	-711.29992	-711.75487	-698.18819	-0.45495371	-13.56668
8	624	-405.79362	-406.25472	-406.04659	-0.46109326	-0.20812738
8	625	-334.87639	-334.83269	-339.55051	0.043693299	4.7178168
8	626	-465.69872	-468.34037	-462.55196	-2.6416442	-5.7884102
8	627	-410.17284	-410.01555	-412.39605	0.15728445	2.3804947
8	628	-592.15366	-590.81612	-587.90532	1.3375329	-2.9107996
8	629	-463.76244	-462.96722	-465.61925	0.79521598	2.6520324
8	630	-319.35643	-319.93427	-322.05238	-0.57783467	2.1181084
8	631	-400.78417	-400.42753	-401.58871	0.35664361	1.1611815
8	632	-312.28434	-313.98573	-316.6314	-1.7013899	2.6456695
8	633	-458.12469	-457.92084	-452.4563	0.2038534	-5.46454
8	634	-379.27456	-381.12854	-375.6636	-1.8539839	-5.46494
8	635	-481.44073	-493.61006	-471.70485	-12.169326	-21.905207
8	636	-404.84516	-404.14791	-405.30998	0.69725177	1.1620676
8	637	-532.12351	-532.88152	-527.90137	-0.75801028	-4.9801519
8	638	-355.94346	-355.2075	-356.02127	0.73596317	0.81377519
8	639	-404.55081	-401.39223	-401.6733	3.1585885	0.28107561
8	640	-510.94091	-515.55457	-513.72525	-4.6136604	-1.8293192
8	641	-395.3914	-394.66506	-398.10087	0.7263477	3.4358085
8	642	-447.6852	-446.54895	-446.23753	1.1362474	-0.31142485
8	643	-726.06024	-717.05161	-726.27474	9.0086287	9.223131
8	644	-427.93809	-429.66958	-425.51547	-1.7314894	-4.1541092
8	645	-303.05681	-305.54116	-307.16291	-2.4843563	1.6217499
8	646	-393.37695	-394.60956	-396.41455	-1.2326114	1.8049824
8	647	-367.86728	-369.16567	-369.72416	-1.2983962	0.55848782
8	648	-485.05543	-482.01199	-480.33239	3.0434334	-1.6796001
8	649	-447.75504	-447.63802	-450.92227	0.11702518	3.2842486
8	650	-332.22219	-331.57501	-333.92289	0.64717842	2.3478822
8	651	-395.83273	-393.98334	-393.783	1.8493921	-0.2003406
8	652	-434.45952	-432.2654	-434.6719	2.1941117	2.4064963
8	653	-514.60198	-508.21515	-510.79453	6.3868239	2.5793756
8	654	-369.58753	-370.04939	-362.85206	-0.46186149	-7.1973294
8	655	-426.44476	-427.0821	-422.21829	-0.63734008	-4.8638174
8	656	-359.88285	-361.43723	-361.52018	-1.5543789	0.082946365
8	657	-479.43156	-481.54196	-483.47543	-2.110398	1.933473
8	658	-270.93897	-273.44615	-275.43475	-2.5071831	1.9886002
8	659	-630.77051	-626.89805	-627.50832	3.8724598	0.61027037
8	660	-416.34395	-414.7653	-413.67853	1.5786455	-1.0867651
8	661	-666.84644	-656.99353	-653.21726	9.852907	-3.7762767
8	662	-437.02832	-435.3361	-434.5238	1.6922176	-0.81230513
8	663	-435.74181	-434.50492	-431.57157	1.2368918	-2.9333535
8	664	-414.28177	-414.10752	-416.02349	0.17424849	1.9159712
8	665	-444.37767	-444.84523	-449.43571	-0.46756413	4.5904841
8	666	-576.64359	-578.48771	-578.03617	-1.8441192	-0.45153891
8	667	-363.75876	-363.06026	-362.82496	0.69849481	-0.23530794
8	668	-309.9236	-310.85406	-311.63963	-0.93046036	0.78557593
8	669	-501.94574	-495.20924	-498.83752	6.7364986	3.6282815
8	670	-429.78458	-427.09288	-431.09319	2.6916985	4.0003094
8	671	-351.6864	-350.21956	-351.58141	1.4668364	1.3618468
8	672	-493.30345	-494.19036	-479.69702	-0.88690759	-14.493347
8	673	-539.73612	-542.62845	-541.55176	-2.8923337	-1.0766949
8	674	-374.50218	-373.92507	-368.66719	0.5771066	-5.2578778
8	675	-625.31503	-626.60313	-624.55501	-1.2881013	-2.0481156
8	676	-357.80339	-355.17172	-358.97623	2.6316745	3.804513
8	677	-470.87681	-467.16399	-464.89135	3.7128201	-2.2726395
8	678	-578.95545	-575.63444	-577.159	3.3210113	1.5245613
8	679	-430.09336	-429.79423	-431.09161	0.29912952	1.2973801
8	680	-408.92175	-412.51944	-401.92607	-3.5976819	-10.593363
8	681	-406.71779	-405.46501	-405.64076	1.2527815	0.17575007
8	682	-334.37362	-335.10225	-336.85549	-0.72862829	1.7532409
8	683	-431.77137	-427.7181	-431.66232	4.0532728	3.9442165
8	684	-794.79221	-798.21939	-792.43963	-3.4271778	-5.7797518
8	685	-387.16994	-388.44302	-391.83099	-1.2730791	3.3879665
8	686	-486.30886	-487.7601	-483.14618	-1.4512429	-4.6139219
8	687	-387.84972	-396.74385	-394.21485	-8.8941298	-2.5290066
8	688	-315.03678	-314.65594	-316.32934	0.38083856	1.6733958
8	689	-470.27575	-469.72752	-470.6384	0.54823007	0.91088408
8	690	-591.99793	-592.90797	-592.20217	-0.9100454	-0.70580333
8	691	-513.60138	-513.04886	-511.90635	0.55252118	-1.1425141
8	692	-728.73443	-727.03604	-732.19621	1.698384	5.1601713
8	693	-334.38646	-335.46274	-336.41695	-1.0762776	0.95420717
8	694	-390.61841	-387.05019	-392.02254	3.5682234	4.972352
8	695	-463.06977	-470.69063	-462.59156	-7.6208608	-8.0990719
8	696	-491.4987	-494.55864	-490.16774	-3.0599387	-4.3909057
8	697	-371.97264	-371.62341	-373.72443	0.34922733	2.1010135
8	698	-417.11641	-415.58747	-417.37438	1.5289376	1.7869123
8	699	-367.91674	-368.97086	-367.84218	-1.0541255	-1.1286869
8	700	-479.63964	-477.68627	-473.29949	1.9533772	-4.386775
8	701	-425.95569	-423.77119	-423.49684	2.1844946	-0.2743569
8	702	-384.76757	-382.88981	-379.50168	1.8777619	-3.3881292
8	703	-406.91807	-403.58065	-405.72466	3.3374131	2.1440075
8	704	-289.03349	-289.2305	-291.26011	-0.19701377	2.0296056
8	705	-544.5827	-544.21796	-543.98152	0.36474684	-0.23643508
8	706	-569.16426	-570.6684	-566.82075	-1.5041333	-3.8476489
8	707	-621.96726	-616.24917	-608.81126	5.7180893	-7.4379115
8	708	-522.58574	-522.5055	-515.77651	0.0802361	-6.7289961
8	709	-284.83842	-278.34684	-283.17413	6.4915732	4.8272878
8	710	-528.53217	-529.82339	-524.7883	-1.2912154	-5.0350861
8	711	-451.07004	-450.89344	-455.97258	0.17660445	5.07914
8	712	-460.44746	-461.42375	-460.50547	-0.97628867	-0.91827113
8	713	-321.64241	-324.2073	-324.1875	-2.5648893	-0.019799543
8	714	-524.58212	-524.8025	-528.27333	-0.22038565	3.4708223
8	715	-399.80989	-395.60575	-398.28963	4.2041374	2.6838733
8	716	-288.73956	-286.12303	-284.94869	2.6165218	-1.1743464
8	717	-386.6248	-387.46305	-388.96262	-0.83824702	1.4995753
8	718	-466.12902	-465.53573	-462.98109	0.59329045	-2.5546344
8	719	-506.58095	-505.4462	-502.98386	1.1347486	-2.4623481
8	720	-368.75937	-368.26685	-368.89331	0.49252465	0.62646264
8	721	-346.83162	-343.95298	-343.14062	2.8786385	-0.81235903
8	722	-341.856	-341.3828	-344.32784	0.47319873	2.945038
8	723	-499.49366	-496.8549	-498.67183	2.6387561	1.8169282
8	724	-531.74521	-523.68297	-529.18576	8.0622455	5.5027931
8	725	-514.86718	-510.31125	-513.18097	4.5559246	2.869715
8	726	-515.54209	-513.73345	-507.82247	1.8086443	-5.9109762
8	727	-414.97695	-415.65529	-414.96094	-0.67834021	-0.69435342
8	728	-377.7343	-377.91211	-379.00529	-0.17780827	1.0931838
8	729	-707.23743	-706.57815	-686.04097	0.65927671	-20.537179
8	730	-511.61245	-512.30768	-505.3129	-0.69523461	-6.994783
8	731	-470.70754	-472.61574	-472.87533	-1.9082057	0.25958281
8	732	-399.04559	-400.29917	-400.00925	-1.2535788	-0.28992426
8	733	-404.59125	-403.06793	-404.50155	1.5233191	1.4336179
8	734	-332.13142	-325.43219	-327.24594	6.6992314	1.8137529
8	735	-623.07235	-620.67225	-624.19328	2.400096	3.5210254
8	736	-593.67324	-592.77155	-567.66292	0.9016911	-25.108629
8	737	-405.65723	-405.86074	-407.66176	-0.20350648	1.8010221
8	738	-414.13323	-413.07807	-414.71639	1.0551547	1.6383183
8	739	-341.56469	-341.83979	-343.70687	-0.27509295	1.8670829
8	740	-344.5804	-345.59387	-347.45214	-1.0134715	1.858273
8	741	-537.88924	-539.42915	-541.22509	-1.539912	1.7959312
8	742	-379.50961	-368.01495	-371.17221	11.494654	3.1572538
8	743	-497.22039	-500.68885	-500.37896	-3.4684606	-0.30988881
8	744	-381.57425	-383.08257	-384.35978	-1.5083203	1.2772091
8	745	-463.55875	-459.97273	-460.70856	3.586016	0.73583097
8	746	-413.7263	-412.78213	-412.90497	0.94417224	0.12284589
8	747	-707.0763	-708.90304	-708.19553	-1.8267391	-0.70751446
8	748	-405.65815	-405.20453	-407.07111	0.45362181	1.8665807
8	749	-430.31929	-429.88046	-431.04149	0.43882595	1.161031
8	750	-416.95755	-416.78059	-416.32955	0.17695989	-0.45104333
8	751	-534.1969	-536.52373	-535.17016	-2.3268259	-1.3535704
8	752	-486.96733	-483.77231	-485.83677	3.1950176	2.0644652
8	753	-418.12341	-409.51658	-411.47304	8.6068279	1.9564582
8	754	-368.21904	-368.28148	-373.08386	-0.062433682	4.8023837
8	755	-421.0347	-419.62504	-424.16774	1.4096563	4.5427036
8	756	-632.80947	-627.64933	-629.83076	5.1601411	2.1814317
8	757	-380.00345	-380.18324	-383.54387	-0.17978917	3.3606278
8	758	-403.13443	-405.94557	-403.4782	-2.8111409	-2.4673734
8	759	-492.50265	-493.27889	-491.84425	-0.7762442	-1.4346441
8	760	-385.44051	-385.34735	-386.03442	0.093158725	0.68707315
8	761	-509.16773	-507.26768	-503.84413	1.9000507	-3.423551
8	762	-440.54903	-441.80273	-441.69966	-1.2537017	-0.10307037
8	763	-739.79699	-722.26175	-718.56267	17.535232	-3.6990872
8	764	-509.0761	-511.03099	-509.26613	-1.9548935	-1.7648616
8	765	-197.77489	-197.80627	-202.60492	-0.031375046	4.7986496
8	766	-422.37378	-422.99172	-423.81828	-0.61794584	0.82655466
8	767	-533.40447	-530.87642	-527.81603	2.5280507	-3.0603893
8	768	-386.26175	-384.7744	-390.58333	1.4873478	5.8089219
8	769	-697.93354	-700.3749	-694.60915	-2.4413566	-5.7657514
8	770	-374.18108	-372.05069	-376.1615	2.1303931	4.1108122
8	771	-420.26289	-419.71767	-419.6296	0.54521423	-0.08807569
8	772	-438.64593	-431.70422	-423.1126	6.9417141	-8.5916142
8	773	-584.71576	-579.37945	-581.7318	5.3363156	2.352349
8	774	-323.21984	-324.57656	-329.69473	-1.3567231	5.1181656
8	775	-268.03297	-269.8311	-271.8466	-1.7981316	2.0154946
8	776	-625.82751	-628.23989	-630.57464	-2.4123735	2.3347482
8	777	-536.78426	-531.8924	-532.7591	4.8918639	0.86670961
8	778	-329.93605	-330.75411	-334.4179	-0.8180542	3.6637953
8	779	-466.55856	-460.4629	-458.62622	6.0956665	-1.8366757
8	780	-541.66251	-537.71565	-526.4988	3.9468675	-11.216843
8	781	-404.11917	-404.76754	-409.8929	-0.64836843	5.1253582
8	782	-406.7761	-407.65561	-404.5448	-0.87950287	-3.110806
8	783	-296.7607	-297.58126	-298.82777	-0.82056165	1.2465158
8	784	-339.60178	-338.87276	-342.53356	0.72902199	3.6607963
8	785	-607.20461	-604.68	-606.67839	2.5246034	1.9983871
8	786	-500.0597	-498.67931	-497.30907	1.3803904	-1.370246
8	787	-381.5754	-381.5486	-382.37882	0.026799477	0.83022212
8	788	-329.05253	-331.4449	-334.32127	-2.3923696	2.8763684
8	789	-321.2598	-320.64166	-319.48306	0.61814088	-1.1585985
8	790	-431.02076	-430.96984	-430.74288	0.050920014	-0.226954
8	791	-451.75135	-450.4094	-450.1067	1.3419486	-0.30270186
8	792	-603.82312	-606.96387	-605.48826	-3.1407493	-1.4756105
8	793	-502.31643	-503.30417	-507.18295	-0.98774021	3.878778
8	794	-497.74645	-496.96007	-496.78892	0.78637253	-0.17115819
8	795	-252.47714	-253.3305	-256.09357	-0.85335831	2.7630762
8	796	-458.01753	-459.26927	-460.72732	-1.2517419	1.4580483
8	797	-550.60129	-549.81714	-545.22096	0.78414179	-4.5961853
8	798	-572.7671	-571.9299	-572.02893	0.83719742	0.099028635
8	799	-619.80861	-616.4217	-603.26905	3.3869039	-13.15265
8	800	-322.99991	-325.98163	-328.97749	-2.9817272	2.9958531
8	801	-514.16203	-516.02325	-515.78462	-1.8612265	-0.2386368
8	802	-455.56016	-455.45925	-454.6311	0.10090665	-0.82815501
8	803	-569.41656	-566.58486	-571.589	2.8316978	5.0041433
8	804	-263.001	-262.87028	-267.53797	0.13071762	4.6676878
8	805	-357.82293	-355.07224	-356.1261	2.7506966	1.053867
8	806	-278.76073	-281.01347	-281.67504	-2.2527409	0.66157331
8	807	-575.79358	-572.51625	-572.80225	3.2773301	0.28600404
8	808	-421.76081	-421.58942	-423.5441	0.17138572	1.9546761
8	809	-568.82872	-563.96322	-556.98148	4.8654921	-6.9817479
8	810	-504.33468	-506.37356	-503.56456	-2.0388814	-2.809006
8	811	-405.52639	-400.95826	-399.41948	4.5681282	-1.5387801
8	812	-543.01225	-541.33937	-535.73005	1.6728813	-5.6093175
8	813	-541.74763	-540.03772	-538.94803	1.7099079	-1.0896893
8	814	-471.41378	-471.02966	-472.68993	0.38412149	1.6602736
8	815	-521.15158	-520.20838	-522.80846	0.94320793	2.6000852
8	816	-487.16471	-490.05651	-486.50371	-2.8918017	-3.5528044
8	817	-621.99534	-623.08971	-623.14398	-1.0943674	0.054271597
8	818	-525.24014	-524.32382	-528.23072	0.91631615	3.9068999
8	819	-621.29181	-622.7168	-616.97154	-1.4249891	-5.7452593
8	820	-481.78647	-482.91646	-484.75936	-1.1299831	1.8429066
8	821	-493.98977	-494.0355	-495.70471	-0.045735231	1.6692115
8	822	-589.39505	-591.47846	-590.76018	-2.0834148	-0.71828073
8	823	-412.70226	-412.50974	-415.30024	0.19252435	2.7905035
8	824	-382.02031	-383.16571	-381.99483	-1.1453998	-1.1708775
8	825	-492.97096	-489.71813	-493.80446	3.2528324	4.0863346
8	826	-757.03775	-755.75925	-748.08902	1.278492	-7.670232
8	827	-416.246	-417.34896	-418.0072	-1.1029572	0.65824738
8	828	-383.83691	-382.78916	-382.94518	1.0477495	0.1560239
8	829	-476.02302	-479.0258	-478.3379	-3.0027833	-0.68790104
8	830	-505.0695	-495.70008	-492.52735	9.3694162	-3.1727252
8	831	-283.56173	-282.29894	-282.14149	1.2627931	-0.15745029
8	832	-512.65619	-516.06743	-513.052	-3.4112402	-3.0154325
8	833	-679.58877	-681.97946	-668.04075	-2.3906932	-13.938706
8	834	-535.43531	-532.43474	-528.1623	3.0005642	-4.272439
8	835	-335.00055	-338.30152	-338.1374	-3.3009666	-0.16411762
8	836	-483.96196	-489.57647	-487.99281	-5.6145103	-1.5836667
8	837	-422.46334	-424.99824	-425.62139	-2.5349012	0.62315338
8	838	-396.27491	-396.21988	-394.36852	0.055031593	-1.8513637
8	839	-545.78533	-540.39254	-533.74637	5.3927899	-6.6461659
8	840	-664.05753	-665.18444	-658.20269	-1.1269073	-6.9817537
8	841	-607.70578	-608.06345	-603.6688	-0.35767462	-4.3946541
8	842	-596.18945	-594.57301	-589.32993	1.6164392	-5.243079
8	843	-440.25976	-440.7528	-438.96243	-0.49303844	-1.7903695
8	844	-633.67777	-633.25668	-634.79803	0.42109266	1.5413491
8	845	-374.37329	-376.28648	-378.44747	-1.9131915	2.1609896
8	846	-508.7474	-511.0589	-513.05773	-2.3114931	1.9988339
8	847	-348.96101	-348.5392	-352.36662	0.42181576	3.8274246
8	848	-420.75273	-415.95028	-416.35318	4.8024481	0.40290385
8	849	-481.41838	-477.83885	-475.96495	3.5795276	-1.8738964
8	850	-285.74467	-286.17429	-288.50187	-0.42961298	2.3275872
8	851	-341.46636	-342.99862	-348.3866	-1.5322621	5.3879783
8	852	-511.12455	-511.68998	-510.3294	-0.56543015	-1.3605854
8	853	-361.62996	-364.34603	-365.70022	-2.7160709	1.3541888
8	854	-360.37975	-360.12979	-362.84655	0.24996646	2.7167644
8	855	-477.86592	-471.5766	-474.38448	6.2893191	2.8078836
8	856	-526.09816	-527.5719	-527.98562	-1.4737412	0.41371423
8	857	-667.51834	-667.96307	-666.83293	-0.4447335	-1.1301433
8	858	-499.22882	-497.89623	-494.46134	1.3325874	-3.4348886
8	859	-608.62452	-605.50037	-606.8853	3.1241482	1.3849315
8	860	-411.14866	-411.42653	-411.05172	-0.27786941	-0.37481734
8	861	-444.44944	-449.64638	-445.71949	-5.1969399	-3.9268886
8	862	-430.69835	-430.59276	-432.36178	0.10559349	1.7690174
8	863	-406.66313	-402.32047	-407.85788	4.3426577	5.5374126
8	864	-356.05733	-354.31699	-359.92525	1.7403396	5.6082587
8	865	-601.39423	-599.20539	-593.39926	2.1888381	-5.8061326
8	866	-593.20646	-593.70331	-594.23166	-0.49684716	0.52835128
8	867	-391.53332	-391.69524	-389.6745	-0.16192117	-2.0207405
8	868	-526.52768	-526.40226	-523.6136	0.12542178	-2.7886622
8	869	-472.70045	-472.98356	-470.42318	-0.28311133	-2.5603783
8	870	-478.37516	-475.81348	-481.86775	2.5616849	6.0542745
8	871	-440.53408	-431.04056	-426.30577	9.4935204	-4.7347899
8	872	-367.82551	-368.47084	-370.64791	-0.64533252	2.1770728
8	873	-311.76096	-312.13773	-314.38696	-0.37677646	2.2492241
8	874	-434.71744	-437.41547	-438.29956	-2.6980284	0.88408799
8	875	-440.94472	-441.61806	-442.18667	-0.67333997	0.56861094
8	876	-588.00511	-585.52005	-587.63301	2.4850562	2.1129577
8	877	-509.60521	-509.16302	-505.48976	0.44219231	-3.6732594
8	878	-503.15482	-503.07565	-506.02082	0.079170976	2.9451761
8	879	-384.16791	-385.09732	-385.38335	-0.92941253	0.28602516
8	880	-457.42197	-456.79451	-454.47039	0.62745816	-2.3241256
8	881	-376.93204	-376.07984	-374.12008	0.85220482	-1.9597572
8	882	-521.86413	-503.8987	-493.91526	17.965429	-9.9834405
8	883	-343.17275	-342.00217	-346.58499	1.1705859	4.582822
8	884	-480.13191	-482.42537	-473.68742	-2.2934529	-8.7379437
8	885	-540.35259	-540.25117	-536.98262	0.10142377	-3.2685486
8	886	-323.45365	-326.30453	-327.17615	-2.8508834	0.87161689
8	887	-436.8297	-432.5484	-433.68996	4.2813017	1.1415574
8	888	-643.8759	-649.89078	-637.88735	-6.014875	-12.003421
8	889	-417.97448	-420.04209	-419.18803	-2.0676063	-0.85405795
8	890	-392.0467	-387.66765	-390.81928	4.3790575	3.1516313
8	891	-288.65577	-289.41725	-291.53878	-0.76147829	2.121537
8	892	-398.54392	-400.53724	-399.86084	-1.993324	-0.67639964
8	893	-577.98566	-577.10508	-578.81816	0.88057406	1.7130813
8	894	-524.62266	-523.52086	-524.41673	1.1018013	0.89587345
8	895	-359.02765	-355.77741	-356.15422	3.250237	0.37680877
8	896	-433.63226	-431.10614	-434.78206	2.5261253	3.6759189
8	897	-433.5621	-434.68347	-437.54533	-1.1213727	2.8618533
8	898	-506.43003	-505.5039	-496.74139	0.9261269	-8.7625155
8	899	-508.65381	-505.3391	-500.36229	3.3147071	-4.9768122
8	900	-512.77639	-516.5577	-514.26298	-3.7813179	-2.2947222
8	901	-605.6343	-598.77239	-607.12606	6.8619135	8.3536727
8	902	-481.07458	-479.48258	-476.16375	1.592	-3.3188335
8	903	-392.13292	-390.66149	-390.76663	1.4714272	0.10513715
8	904	-668.36674	-671.32973	-636.23938	-2.9629904	-35.09035
8	905	-256.89995	-258.67917	-259.12717	-1.7792224	0.44799989
8	906	-416.28033	-411.09854	-410.80605	5.1817872	-0.29249501
8	907	-481.1587	-479.05529	-479.7092	2.1034133	0.65391412
8	908	-331.94556	-332.78569	-335.02407	-0.84013338	2.2383797
8	909	-880.84822	-892.21003	-872.90819	-11.361812	-19.301843
8	910	-558.67153	-554.65587	-554.75941	4.0156582	0.10353935
8	911	-385.29318	-385.14954	-381.72387	0.14363301	-3.4256734
8	912	-483.63824	-484.33229	-484.10225	-0.69405169	-0.23004467
8	913	-693.20424	-689.21242	-687.70859	3.9918132	-1.5038376
8	914	-417.04206	-417.49983	-420.51158	-0.45777363	3.011749
8	915	-364.27778	-366.96485	-369.66003	-2.6870736	2.6951765
8	916	-456.48053	-455.75264	-455.50524	0.72789069	-0.2474081
8	917	-372.74055	-373.14383	-375.35263	-0.40327663	2.2087989
8	918	-549.34716	-550.49281	-527.10076	-1.1456453	-23.392044
8	919	-392.63579	-389.59996	-395.08729	3.0358351	5.4873308
8	920	-398.70331	-402.1243	-403.02888	-3.4209869	0.90458169
8	921	-357.73075	-356.24446	-360.58325	1.486292	4.3387887
8	922	-528.28141	-532.79243	-524.86192	-4.511028	-7.9305113
8	923	-484.80839	-484.49871	-484.20359	0.30967651	-0.29512204
8	924	-400.79226	-397.38632	-397.44629	3.405934	0.059969131
8	925	-431.44854	-426.50683	-432.6427	4.9417065	6.135869
8	926	-501.04608	-497.11787	-500.22095	3.928212	3.1030757
8	927	-506.79775	-505.16149	-503.90744	1.6362584	-1.2540483
8	928	-359.45314	-363.00263	-364.16165	-3.549495	1.1590109
8	929	-355.47298	-352.63436	-355.31065	2.8386178	2.6762863
8	930	-318.19102	-317.8705	-316.37708	0.32051768	-1.4934211
8	931	-399.61313	-394.72947	-402.58373	4.8836527	7.85426
8	932	-515.81546	-517.35498	-516.97787	-1.5395257	-0.3771102
8	933	-423.33756	-421.00581	-422.12833	2.3317497	1.1225221
8	934	-372.24244	-373.87807	-373.11826	-1.6356262	-0.75980696
8	935	-445.09178	-446.84365	-446.13864	-1.7518681	-0.70501254
8	936	-472.11872	-478.77379	-475.58191	-6.655076	-3.1918792
8	937	-321.28189	-321.88536	-325.41023	-0.6034748	3.5248637
8	938	-453.52439	-453.80883	-450.68798	-0.28443344	-3.1208507
8	939	-413.45858	-412.15528	-414.66956	1.3032995	2.5142808
8	940	-559.59601	-554.37883	-547.69578	5.2171783	-6.6830463
8	941	-468.71039	-468.91989	-466.58358	-0.20950543	-2.3363153
8	942	-382.52911	-379.21467	-380.55081	3.3144437	1.3361374
8	943	-337.37923	-337.4005	-340.13033	-0.021271749	2.7298311
8	944	-450.15634	-445.20387	-445.59395	4.9524677	0.39007659
8	945	-386.13594	-386.99032	-385.24146	-0.8543826	-1.7488593
8	946	-343.99454	-342.33842	-345.00735	1.6561128	2.6689273
8	947	-361.53961	-359.12439	-362.9728	2.4152174	3.8484088
8	948	-340.06336	-340.16652	-335.55077	-0.10315276	-4.6157418
8	949	-360.21128	-361.95195	-364.21935	-1.7406715	2.2673945
8	950	-552.95424	-553.87445	-553.7308	-0.92020782	-0.14365318
8	951	-306.57454	-307.36358	-307.82363	-0.78903955	0.46005698
8	952	-272.58984	-273.85285	-277.47616	-1.2630103	3.6233054
8	953	-223.26322	-225.05703	-227.76937	-1.7938155	2.7123345
8	954	-661.09434	-662.49843	-664.31603	-1.4040863	1.817597
8	955	-655.46459	-651.63426	-648.45055	3.8303235	-3.1837094
8	956	-510.65532	-505.64681	-503.92485	5.0085065	-1.7219648
8	957	-439.33342	-439.10922	-443.50848	0.22420067	4.3992656
8	958	-487.17968	-489.33199	-484.97702	-2.1523128	-4.3549678
8	959	-218.42308	-219.59418	-225.85086	-1.1710996	6.2566844
8	960	-443.5846	-444.15928	-446.45007	-0.57468049	2.2907868
8	961	-428.54277	-427.14927	-429.17304	1.3934992	2.0237682
8	962	-470.53804	-469.87241	-475.9763	0.6656279	6.1038935
8	963	-359.70477	-360.35305	-359.63164	-0.64828511	-0.72140973
8	964	-607.06793	-599.17303	-588.52101	7.8949016	-10.652016
8	965	-297.64165	-298.87871	-303.83636	-1.2370614	4.9576539
8	966	-533.90393	-533.21542	-537.89745	0.68850435	4.6820252
8	967	-407.12466	-412.26696	-401.42867	-5.1423087	-10.838291
8	968	-573.43957	-574.70598	-570.57717	-1.2664109	-4.1288156
8	969	-454.39672	-456.46822	-454.1982	-2.0714974	-2.2700221
8	970	-665.49936	-661.87214	-662.48885	3.6272136	0.61670324
8	971	-504.78713	-503.22438	-501.11401	1.5627477	-2.1103796
8	972	-381.24236	-384.51813	-388.67768	-3.2757752	4.1595529
8	973	-414.80869	-415.63933	-416.55498	-0.83064203	0.91564749
8	974	-457.55746	-459.2628	-455.90464	-1.7053373	-3.3581626
8	975	-320.45227	-322.18114	-326.13394	-1.7288687	3.9527989
8	976	-401.74038	-403.97855	-404.58803	-2.2381749	0.60947894
8	977	-580.96623	-577.28581	-579.52134	3.6804225	2.2355316
8	978	-533.80775	-524.79359	-523.2291	9.0141611	-1.5644827
8	979	-515.94047	-514.26016	-512.72329	1.6803102	-1.5368688
8	980	-276.04482	-274.77861	-278.62543	1.266218	3.8468263
8	981	-468.8694	-471.13441	-462.97777	-2.2650184	-8.1566411
8	982	-782.30886	-789.10005	-786.35829	-6.7911912	-2.7417536
8	983	-304.37509	-306.5049	-309.04238	-2.1298118	2.5374747
8	984	-586.79556	-582.93197	-574.97748	3.8635946	-7.9544857
8	985	-304.79948	-305.47595	-305.96904	-0.67646971	0.49308846
8	986	-539.51574	-533.0306	-520.36077	6.4851415	-12.669833
8	987	-493.65158	-493.31055	-485.27201	0.34103805	-8.0385405
8	988	-499.45906	-497.28276	-500.43251	2.1762975	3.1497549
8	989	-349.92634	-348.48859	-352.03022	1.4377533	3.5416299
8	990	-292.79666	-290.51867	-298.18021	2.2779879	7.6615321
8	991	-270.44115	-272.06397	-275.24675	-1.622822	3.1827725
8	992	-419.4146	-420.10784	-420.48427	-0.69323535	0.37643174
8	993	-600.34982	-599.68782	-597.54605	0.6620049	-2.1417705
8	994	-448.68686	-443.70656	-444.52554	4.9802953	0.81897229
8	995	-677.33432	-690.64442	-685.03039	-13.3101	-5.6140301
8	996	-512.78473	-514.24759	-510.96986	-1.462855	-3.2777319
8	997	-578.17889	-578.4982	-579.98078	-0.31930133	1.4825861
8	998	-516.84175	-520.40255	-522.75002	-3.5607963	2.3474683
8	999	-486.73988	-485.4688	-483.63822	1.2710743	-1.8305797
