No.	ID	loglik_Null	loglik_Acc	loglik_Full	logBF1	logBF2	loglik_Max_M0	loglik_Max_M1	loglik_Max_M2
6	0	-1029.46	-879.14596	-881.18766	150.31401	2.0416956	-1014.3726	-859.93287	-859.93537
6	1	-406.42176	-404.85579	-404.8666	1.5659718	0.010812091	-404.08635	-397.8088	-394.72786
6	2	-792.44399	-751.97761	-752.65431	40.466379	0.67669237	-777.69201	-735.65651	-735.47315
6	3	-388.90707	-385.38189	-386.86501	3.5251809	1.483113	-378.94325	-370.01831	-370.01831
6	4	-659.00727	-633.87934	-634.63178	25.127921	0.75243666	-648.09598	-613.06357	-613.06617
6	5	-629.96846	-617.76876	-617.41305	12.199702	-0.35570831	-616.49743	-598.78539	-598.7435
6	6	-585.58276	-554.98676	-555.57188	30.596001	0.58512121	-569.48389	-532.79954	-532.80866
6	7	-417.81734	-406.51433	-408.14015	11.303001	1.6258153	-414.57067	-393.94816	-390.5884
6	8	-586.02119	-562.89625	-557.13535	23.124938	-5.7609008	-571.98519	-550.41942	-544.63229
6	9	-680.68974	-639.37415	-640.78064	41.315587	1.4064862	-664.40378	-624.16353	-624.17399
6	10	-876.71026	-820.22809	-798.04548	56.482176	-22.182604	-862.30689	-805.11519	-781.23126
6	11	-512.7096	-471.63161	-473.46033	41.077991	1.8287236	-497.30871	-456.42395	-456.47402
6	12	-458.92523	-442.13542	-442.4479	16.789807	0.31247796	-448.25982	-430.48264	-426.16527
6	13	-469.45364	-460.14656	-459.09294	9.3070773	-1.0536174	-457.48031	-447.74156	-441.12225
6	14	-463.79351	-449.4849	-446.00754	14.308608	-3.4773623	-449.04074	-439.32043	-432.62353
6	15	-710.32579	-707.42374	-692.40999	2.9020477	-15.013748	-696.6735	-690.08354	-672.08318
6	16	-1143.6368	-1093.9004	-1040.9879	49.736479	-52.912452	-1131.8743	-1079.5406	-1022.2592
6	17	-609.09274	-598.08767	-588.66226	11.005064	-9.4254124	-593.97106	-576.35963	-571.59581
6	18	-966.32866	-854.03959	-855.39376	112.28907	1.3541741	-950.15002	-839.66165	-839.66259
6	19	-671.40797	-667.35741	-659.719	4.0505667	-7.6384093	-658.87444	-649.70917	-643.07065
6	20	-456.68003	-453.61868	-454.71155	3.0613485	1.09287	-454.2134	-445.01631	-443.85195
6	21	-276.82801	-277.645	-278.00542	-0.81699663	0.36041608	-274.04738	-274.0434	-274.08441
6	22	-679.5569	-649.0542	-645.9749	30.502703	-3.079298	-663.60942	-625.30776	-623.35425
6	23	-360.4886	-359.60376	-360.20074	0.88484265	0.5969878	-358.0019	-353.20679	-352.84791
6	24	-397.55541	-394.66042	-396.12254	2.8949918	1.4621233	-395.00924	-384.56616	-384.49044
6	25	-370.35608	-360.37075	-361.24361	9.9853295	0.872856	-357.9622	-352.58761	-352.53774
6	26	-762.85314	-721.22878	-712.92726	41.624354	-8.3015232	-746.04541	-697.09324	-688.33789
6	27	-966.03807	-904.25054	-870.46419	61.787538	-33.786343	-947.9826	-895.24489	-856.64643
6	28	-974.21611	-874.5682	-874.4429	99.647901	-0.12530061	-957.02962	-851.80897	-851.81559
6	29	-411.83029	-404.88372	-405.92192	6.9465704	1.0382045	-403.95718	-397.61378	-397.63458
6	30	-586.58518	-560.68268	-554.67711	25.902498	-6.0055748	-571.12018	-543.41816	-539.44838
6	31	-569.72726	-561.95898	-558.36917	7.7682836	-3.5898056	-556.15394	-547.92817	-541.57992
6	32	-782.24858	-771.54444	-757.88495	10.704143	-13.659493	-770.0117	-750.28562	-733.98295
6	33	-993.57275	-951.63253	-947.88009	41.940225	-3.7524363	-979.56996	-929.67743	-922.51622
6	34	-518.46196	-514.41074	-507.72054	4.0512162	-6.6902037	-506.14058	-497.11053	-491.37512
6	35	-1292.1656	-1140.9341	-1146.5841	151.23157	5.6500802	-1278.6518	-1116.0167	-1116.012
6	36	-245.62558	-245.1502	-245.95003	0.47538053	0.79982301	-242.17406	-237.54944	-237.66682
6	37	-433.39465	-428.21029	-429.71075	5.1843521	1.5004532	-430.22953	-418.18082	-418.28444
6	38	-506.77061	-485.08999	-486.06085	21.680624	0.97086166	-491.53947	-471.77126	-471.77239
6	39	-558.55539	-537.83916	-539.2208	20.716233	1.3816435	-542.91281	-520.40109	-518.16616
6	40	-544.09962	-524.17505	-526.10011	19.924566	1.9250617	-533.69767	-514.84729	-512.97993
6	41	-731.83037	-719.62518	-687.04559	12.205189	-32.579591	-718.522	-709.58681	-670.96584
6	42	-196.83396	-197.24539	-198.09658	-0.41142708	0.85118723	-193.32078	-192.63398	-192.62858
6	43	-376.49695	-368.2857	-368.96122	8.2112452	0.67552022	-373.9807	-360.92258	-360.16496
6	44	-1045.1737	-1015.1748	-976.19959	29.998958	-38.975177	-1033.4699	-999.02471	-954.60583
6	45	-503.97716	-487.83915	-483.3686	16.138011	-4.4705517	-490.49445	-471.50474	-465.30266
6	46	-554.2442	-553.28295	-553.66245	0.9612524	0.3794954	-543.0415	-537.64157	-533.09292
6	47	-503.68367	-497.69562	-491.66615	5.9880528	-6.0294693	-487.55451	-475.89034	-468.95548
6	48	-772.76617	-763.76971	-763.72532	8.9964589	-0.044385209	-761.29444	-745.5933	-744.3553
6	49	-707.22586	-686.99524	-663.41669	20.230617	-23.578551	-692.59539	-674.57528	-644.20111
6	50	-381.63144	-377.79228	-378.58048	3.839155	0.78819567	-379.15759	-370.42064	-370.44843
6	51	-443.67701	-433.55623	-434.58484	10.120789	1.0286154	-433.14044	-422.10354	-413.72965
6	52	-343.80563	-326.10808	-327.43518	17.697549	1.327106	-326.34437	-312.80774	-312.78063
6	53	-713.69511	-683.76628	-678.76436	29.928837	-5.0019222	-696.87243	-662.91368	-657.10476
6	54	-382.64713	-365.98532	-366.99131	16.661808	1.0059893	-367.8988	-351.53677	-351.53299
6	55	-246.15344	-247.07813	-247.39048	-0.92468353	0.31235559	-243.20981	-241.65746	-241.63111
6	56	-792.00374	-761.62872	-729.99034	30.375018	-31.638375	-777.81715	-742.66795	-711.43312
6	57	-420.57011	-405.62333	-406.91561	14.946776	1.2922779	-408.68123	-393.08604	-393.51214
6	58	-612.97992	-598.00907	-600.14461	14.970858	2.1355475	-598.77254	-579.01522	-578.18164
6	59	-310.15922	-303.64775	-304.69424	6.5114695	1.0464953	-304.68454	-288.55444	-288.53837
6	60	-396.77647	-391.08736	-392.0726	5.6891092	0.98523466	-380.8091	-370.97405	-369.93419
6	61	-436.33156	-418.77262	-420.95146	17.558944	2.1788403	-424.60668	-406.13072	-406.127
6	62	-263.64646	-261.05537	-261.97857	2.5910909	0.92320551	-255.82126	-252.99341	-253.34845
6	63	-438.69967	-430.94294	-432.26363	7.7567244	1.3206911	-426.41678	-420.1256	-420.09711
6	64	-317.35649	-317.71207	-318.21335	-0.35557088	0.5012843	-314.77908	-313.21226	-313.44363
6	65	-832.88259	-758.88514	-760.89794	73.997446	2.0128009	-817.73178	-742.15327	-742.16028
6	66	-367.55222	-364.1561	-364.11948	3.3961192	-0.036623129	-364.99204	-355.06594	-349.38155
6	67	-469.20822	-451.47298	-450.8981	17.735241	-0.57487241	-453.78901	-438.60678	-438.80974
6	68	-324.09338	-321.33134	-322.50091	2.7620351	1.169567	-321.29785	-312.43435	-312.36993
6	69	-553.00661	-543.95452	-539.2504	9.0520955	-4.7041197	-537.00852	-524.23377	-519.53086
6	70	-351.32567	-350.70371	-351.46561	0.62195555	0.76189172	-347.59549	-342.62329	-341.78936
6	71	-750.26856	-732.01255	-728.12729	18.256011	-3.8852622	-737.87288	-714.45601	-707.54181
6	72	-469.93466	-449.4098	-451.64814	20.524858	2.2383331	-456.46077	-437.24743	-437.44473
6	73	-645.69749	-638.26852	-620.86674	7.4289716	-17.40178	-630.2237	-618.60241	-602.24429
6	74	-826.18042	-784.53493	-784.18677	41.645492	-0.34815827	-809.24378	-760.77652	-760.77711
6	75	-737.38808	-730.2497	-702.7095	7.1383745	-27.540209	-720.51674	-708.43152	-679.16319
6	76	-639.65002	-621.13947	-621.14262	18.51055	0.0031499359	-625.36052	-604.67934	-602.34152
6	77	-679.8418	-667.13997	-662.75348	12.701832	-4.3864953	-663.62936	-644.28062	-642.23071
6	78	-490.50542	-483.12475	-482.10774	7.38067	-1.0170125	-477.86164	-472.09324	-465.3943
6	79	-681.21398	-654.55652	-653.83632	26.657462	-0.7202033	-667.1628	-631.38347	-629.25848
6	80	-305.11893	-305.84244	-305.91446	-0.72351669	0.072019299	-302.42061	-301.63809	-298.61948
6	81	-428.29653	-423.67746	-422.55834	4.6190764	-1.1191156	-420.2464	-408.90295	-403.96133
6	82	-1239.1203	-1103.8385	-1033.6843	135.28183	-70.154125	-1224.2607	-1077.0119	-1013.1341
6	83	-776.11386	-734.3894	-734.47735	41.724452	0.087945329	-760.65453	-710.97852	-710.98239
6	84	-927.60282	-914.00821	-832.02422	13.594607	-81.983991	-913.84233	-893.1397	-811.87943
6	85	-423.81691	-417.67751	-414.52939	6.139402	-3.1481168	-414.60227	-408.57721	-399.22362
6	86	-679.15634	-666.53733	-659.07724	12.619015	-7.4600857	-661.28172	-646.64923	-646.12542
6	87	-508.89797	-496.93825	-498.9962	11.959722	2.0579446	-492.678	-481.79606	-481.78204
6	88	-524.48553	-518.30095	-514.38806	6.1845729	-3.9128938	-512.44545	-506.7341	-499.33701
6	89	-613.45477	-607.01518	-599.94595	6.4395842	-7.069237	-594.8481	-584.87523	-576.65139
6	90	-504.82384	-503.86705	-497.5558	0.95679581	-6.311249	-501.71884	-489.2754	-477.81846
6	91	-619.74879	-596.64272	-596.47868	23.106069	-0.16404073	-598.41501	-569.87751	-569.87829
6	92	-729.12829	-701.60462	-694.39707	27.523672	-7.2075451	-714.56567	-681.68806	-678.13819
6	93	-720.35562	-691.79362	-692.41569	28.562008	0.6220759	-704.4633	-669.44725	-669.33687
6	94	-702.88341	-681.13566	-667.27786	21.747756	-13.857803	-687.64434	-659.22068	-646.18894
6	95	-1144.0405	-1016.1937	-997.14479	127.84674	-19.048959	-1128.6323	-1004.0432	-978.87033
6	96	-797.89256	-783.38907	-780.51517	14.50349	-2.8739076	-786.51007	-765.37848	-759.46755
6	97	-528.09977	-528.15191	-525.12565	-0.052140607	-3.026255	-513.91611	-509.99328	-506.79892
6	98	-958.48419	-912.81955	-898.18328	45.664643	-14.636268	-945.93586	-892.82073	-874.97158
6	99	-1172.0637	-1117.8945	-922.15063	54.169227	-195.74389	-1158.6928	-1074.3669	-908.38783
6	100	-749.09457	-726.06286	-712.43366	23.031717	-13.629193	-734.00239	-705.1044	-688.71967
6	101	-576.7534	-571.56934	-573.26088	5.1840555	1.6915346	-565.32267	-556.99454	-553.5335
6	102	-462.35004	-453.53513	-455.73862	8.814908	2.2034846	-447.24016	-434.05838	-434.05037
6	103	-933.42571	-875.37219	-851.48944	58.053515	-23.882749	-921.03718	-858.33143	-832.36808
6	104	-1040.7408	-945.47504	-927.37773	95.26578	-18.097312	-1028.5679	-926.85048	-909.56518
6	105	-290.49865	-284.97872	-286.15461	5.5199346	1.1758865	-287.63056	-276.94089	-276.94154
6	106	-452.5125	-451.66646	-452.26685	0.84604178	0.60038613	-447.10393	-437.93086	-437.84431
6	107	-378.51297	-376.84237	-371.17613	1.6706051	-5.6662417	-368.65128	-367.12139	-351.95192
6	108	-542.8468	-523.82787	-508.79228	19.018928	-15.035593	-527.90466	-501.06268	-489.79067
6	109	-938.60106	-844.35448	-860.18602	94.246577	15.831537	-923.77777	-828.3765	-841.84555
6	110	-483.48761	-477.23102	-475.85736	6.2565928	-1.3736578	-470.22035	-467.54337	-464.84082
6	111	-582.33182	-558.09942	-559.30767	24.2324	1.2082542	-568.59174	-541.13795	-541.1905
6	112	-303.85843	-287.56649	-289.31773	16.29194	1.7512402	-289.34533	-273.32589	-273.33176
6	113	-245.91001	-244.06561	-244.76977	1.8443982	0.70415757	-242.59493	-234.56075	-233.41362
6	114	-369.27752	-361.70638	-362.91088	7.5711349	1.2044982	-364.95054	-352.42464	-349.96598
6	115	-846.35138	-814.23993	-809.23204	32.111453	-5.0078852	-832.13517	-795.83155	-788.2322
6	116	-645.04114	-619.12272	-620.69769	25.918424	1.5749688	-629.86886	-604.3423	-600.56163
6	117	-812.10913	-763.95893	-764.02566	48.1502	0.066728091	-797.31578	-740.88	-739.07217
6	118	-522.31099	-514.9011	-510.48386	7.4098902	-4.417237	-509.90493	-497.33971	-490.88503
6	119	-1089.9591	-1020.1263	-1009.3249	69.832771	-10.801434	-1077.4184	-996.7949	-984.09889
6	120	-537.3714	-529.57807	-530.0132	7.7933249	0.43512755	-528.45054	-515.63773	-509.11579
6	121	-457.99721	-449.1241	-447.99159	8.873116	-1.1325067	-442.88484	-427.93506	-427.94026
6	122	-610.14942	-605.61358	-606.20783	4.5358356	0.59425188	-595.30308	-588.67942	-588.59182
6	123	-335.26477	-334.65858	-330.61791	0.60619307	-4.040676	-332.61317	-327.26412	-318.80842
6	124	-506.22859	-492.09347	-492.87153	14.135115	0.77805137	-494.12656	-484.0289	-483.91978
6	125	-901.9186	-810.51384	-811.62363	91.40476	1.1097869	-888.75173	-795.3115	-795.27144
6	126	-458.37761	-443.03042	-442.64497	15.34719	-0.38544971	-442.71448	-425.34948	-420.60318
6	127	-517.27663	-507.54289	-507.32339	9.7337398	-0.21950531	-502.95136	-498.70148	-491.52143
6	128	-566.05581	-539.6486	-541.82955	26.407208	2.1809521	-551.04359	-521.64755	-520.76296
6	129	-434.69173	-411.03663	-412.17131	23.655099	1.1346746	-422.88122	-400.09748	-397.93889
6	130	-705.20475	-672.82239	-675.00005	32.382359	2.1776542	-691.475	-656.17536	-656.17254
6	131	-505.33372	-474.77048	-477.158	30.56323	2.3875177	-489.49514	-456.39122	-456.39164
6	132	-411.32906	-411.57641	-412.04097	-0.24734842	0.46455367	-406.45366	-403.51083	-402.48124
6	133	-583.75273	-550.26599	-551.73144	33.486743	1.4654457	-570.66497	-536.59234	-536.09458
6	134	-861.03317	-830.44445	-829.81909	30.588728	-0.62535758	-847.65279	-810.7253	-808.1874
6	135	-782.04173	-746.87268	-748.40318	35.169056	1.5305012	-765.7568	-731.29811	-731.30549
6	136	-335.99717	-334.69627	-335.53486	1.3008978	0.83858213	-332.9461	-325.9934	-325.75128
6	137	-369.53874	-359.12728	-360.36703	10.411453	1.2397485	-356.02167	-350.34905	-350.34615
6	138	-619.30419	-611.22887	-603.24524	8.0753195	-7.9836335	-605.15861	-592.69336	-583.65514
6	139	-496.82153	-493.29605	-494.61597	3.5254742	1.3199184	-492.98434	-480.88158	-480.94149
6	140	-669.36302	-623.96394	-625.36442	45.399079	1.4004789	-652.67149	-606.01494	-605.97745
6	141	-802.40864	-785.99207	-785.14658	16.416576	-0.84548692	-790.20867	-769.96364	-763.42394
6	142	-476.47327	-459.95391	-461.59881	16.519356	1.6448991	-464.54882	-448.72779	-448.69659
6	143	-651.80997	-633.72803	-634.14053	18.081935	0.41250263	-634.43337	-611.28618	-611.29764
6	144	-887.77598	-826.5386	-828.86729	61.237377	2.3286888	-874.16851	-808.63596	-808.63691
6	145	-624.15311	-616.51113	-610.78999	7.6419728	-5.7211405	-610.37767	-602.688	-592.82331
6	146	-520.35605	-495.71084	-497.31082	24.645214	1.5999798	-507.1635	-480.55689	-480.548
6	147	-1472.3116	-1253.5072	-1193.2034	218.80446	-60.303772	-1458.9291	-1243.6291	-1174.4114
6	148	-798.29541	-761.83461	-750.74244	36.460797	-11.092169	-785.08564	-751.05443	-735.43723
6	149	-922.73362	-883.14247	-883.45227	39.591145	0.30979999	-908.61326	-861.14595	-861.13818
6	150	-538.93341	-537.49173	-534.13983	1.4416776	-3.3519029	-527.43553	-520.76817	-514.01602
6	151	-515.24886	-510.90928	-511.04451	4.3395817	0.13523641	-500.55804	-498.2482	-490.58527
6	152	-566.6958	-551.63651	-552.6596	15.059292	1.0230846	-551.93028	-539.75165	-537.27514
6	153	-598.6035	-597.7248	-591.89413	0.8786949	-5.8306759	-590.2381	-578.47254	-571.65624
6	154	-395.57236	-391.35536	-393.04059	4.2169977	1.685227	-393.23296	-380.03371	-380.04608
6	155	-833.76152	-754.02285	-755.96429	79.73867	1.9414462	-819.55501	-739.21836	-739.22707
6	156	-503.83092	-484.35108	-481.5765	19.479837	-2.7745874	-486.78839	-469.91404	-464.89389
6	157	-686.81624	-680.67376	-680.60239	6.1424756	-0.07137587	-671.21551	-661.2594	-660.90484
6	158	-462.40003	-461.77744	-461.62066	0.62259423	-0.15678207	-455.89208	-451.67447	-449.76105
6	159	-939.02642	-910.17861	-865.83501	28.847811	-44.3436	-924.46141	-889.6381	-844.48393
6	160	-252.875	-249.88083	-251.12564	2.9941696	1.2448122	-249.74742	-239.51412	-239.7276
6	161	-493.04364	-492.0295	-487.1898	1.0141421	-4.8397034	-484.82819	-473.75972	-466.88357
6	162	-703.07735	-680.85894	-681.89889	22.218408	1.0399539	-690.41574	-668.02324	-664.21045
6	163	-870.06412	-858.26597	-843.33243	11.798146	-14.933539	-856.93748	-835.21994	-817.42249
6	164	-285.46818	-285.30012	-285.86598	0.16806398	0.56586177	-282.56305	-278.05789	-278.0942
6	165	-594.23622	-573.37581	-574.87627	20.86041	1.5004546	-576.17905	-559.09611	-556.34044
6	166	-547.80114	-536.51614	-538.48727	11.284998	1.9711217	-531.31914	-520.03867	-519.6909
6	167	-938.69742	-895.73844	-870.75275	42.95898	-24.985688	-926.92258	-873.49453	-846.66116
6	168	-342.04552	-341.23221	-341.68914	0.81331053	0.45692434	-333.81729	-327.5933	-326.81902
6	169	-745.05275	-697.12372	-697.17774	47.929031	0.054020218	-729.80668	-674.90444	-674.8992
6	170	-725.71787	-717.32094	-715.02102	8.3969281	-2.2999254	-710.92255	-698.10967	-692.49072
6	171	-475.97717	-472.21086	-469.3146	3.7663045	-2.8962641	-473.70082	-463.15755	-454.71048
6	172	-1371.3615	-1316.9147	-1234.5198	54.446824	-82.394876	-1360.4229	-1299.5645	-1214.3429
6	173	-467.7522	-457.86496	-460.18532	9.8872348	2.3203622	-455.00064	-444.78187	-442.32886
6	174	-719.37582	-718.80187	-710.75711	0.57395367	-8.0447573	-706.67772	-702.32748	-692.42733
6	175	-946.12866	-928.19762	-887.17525	17.931046	-41.022373	-930.9564	-905.70396	-865.04819
6	176	-422.28049	-404.47756	-405.46557	17.802928	0.9880036	-411.51199	-396.66169	-396.57145
6	177	-530.49941	-526.27122	-527.20891	4.2281893	0.93768581	-516.73503	-510.55807	-510.55969
6	178	-472.61384	-454.91539	-456.33664	17.698441	1.4212421	-461.61964	-441.59122	-441.57728
6	179	-611.4634	-604.09509	-597.45665	7.3683141	-6.6384447	-595.9016	-583.67655	-576.12152
6	180	-906.51121	-846.77897	-828.42899	59.732246	-18.349977	-892.36875	-835.38208	-810.11531
6	181	-620.77533	-589.48611	-589.00599	31.289225	-0.48011501	-602.05339	-564.75809	-564.74888
6	182	-517.16032	-510.02378	-509.61154	7.136543	-0.41223996	-503.96783	-499.43041	-496.74701
6	183	-731.56257	-699.35895	-687.43882	32.203628	-11.920124	-715.71231	-675.25193	-664.79029
6	184	-536.71885	-522.28163	-522.69252	14.437225	0.41089486	-518.83128	-509.00239	-508.79627
6	185	-470.62964	-464.6721	-451.34695	5.9575384	-13.325154	-460.95719	-446.79493	-434.33584
6	186	-578.36933	-550.78581	-542.3937	27.583516	-8.392109	-563.49684	-536.52647	-523.04344
6	187	-672.11578	-655.3019	-645.55591	16.813886	-9.7459872	-656.07325	-639.17458	-622.22886
6	188	-281.20852	-264.91058	-265.87863	16.297939	0.96804936	-268.19564	-253.02641	-253.02658
6	189	-962.97558	-895.95445	-833.11678	67.02113	-62.837663	-944.83996	-881.21191	-813.15064
6	190	-343.81087	-342.27653	-342.85758	1.5343377	0.58104951	-341.33408	-334.94059	-333.78933
6	191	-839.93981	-814.8259	-793.68913	25.113916	-21.136765	-826.22868	-794.27319	-769.49633
6	192	-534.404	-526.12529	-505.4442	8.2787068	-20.681092	-518.13249	-506.15621	-487.5866
6	193	-845.28459	-843.7809	-783.04794	1.5036878	-60.732956	-832.94885	-825.92225	-766.83419
6	194	-773.8334	-729.57663	-729.62947	44.256769	0.052839822	-757.0352	-705.94461	-705.94682
6	195	-551.46747	-532.40559	-531.17943	19.061881	-1.2261663	-538.22759	-521.79955	-511.77671
6	196	-1188.8123	-1086.5426	-1072.127	102.2697	-14.415675	-1177.1392	-1066.0949	-1048.0048
6	197	-527.29853	-520.43069	-509.51204	6.8678402	-10.918654	-508.69151	-498.61158	-491.50726
6	198	-753.80949	-745.83606	-726.65142	7.9734297	-19.184637	-740.16407	-723.36549	-703.77752
6	199	-361.76487	-354.95564	-356.18097	6.8092285	1.2253244	-353.48928	-346.10065	-346.05283
6	200	-476.80542	-477.01963	-475.22683	-0.21421378	-1.7927971	-459.79363	-460.21241	-458.19823
6	201	-1063.315	-1037.2632	-992.55822	26.05179	-44.705031	-1049.71	-1015.2071	-966.48605
6	202	-367.14663	-363.03416	-364.89407	4.1124739	1.85991	-362.72388	-351.40711	-351.43964
6	203	-631.40942	-608.68861	-599.28206	22.720804	-9.406557	-614.85395	-587.84822	-581.59126
6	204	-753.39876	-731.47193	-716.40926	21.926827	-15.062671	-737.78115	-714.69371	-697.88531
6	205	-540.53806	-486.57579	-488.34616	53.962268	1.770373	-524.91507	-473.05651	-473.06859
6	206	-699.97933	-698.25664	-685.46786	1.7226899	-12.788779	-685.83052	-677.85405	-663.56825
6	207	-682.47948	-641.33549	-641.12615	41.143993	-0.20933594	-665.73351	-617.86211	-617.86511
6	208	-645.12745	-621.7708	-620.11359	23.356656	-1.6572131	-630.34815	-603.09522	-603.50297
6	209	-759.77499	-735.81649	-735.96776	23.958499	0.1512712	-745.25799	-712.99643	-712.99522
6	210	-573.21373	-561.40293	-560.86947	11.810798	-0.53345973	-560.05002	-539.73815	-538.39284
6	211	-354.3492	-353.53583	-353.72656	0.81336228	0.19072431	-351.88394	-346.52409	-343.17294
6	212	-480.09679	-463.57926	-464.41791	16.517527	0.83864797	-468.72567	-450.94065	-447.05854
6	213	-441.66155	-428.51937	-430.4078	13.142179	1.8884238	-437.36591	-416.75119	-416.74401
6	214	-1196.6807	-1066.6682	-1047.9569	130.0125	-18.711266	-1182.1208	-1043.8461	-1026.3626
6	215	-680.97047	-660.63651	-639.05139	20.333959	-21.585127	-664.37335	-639.34448	-618.95196
6	216	-882.64597	-845.03361	-826.62891	37.612358	-18.404698	-868.28127	-832.15923	-808.07873
6	217	-323.38727	-319.54437	-321.4949	3.8429	1.9505327	-319.39237	-306.80176	-306.88871
6	218	-1174.0281	-1106.2765	-1057.3427	67.751579	-48.933791	-1162.1795	-1086.4495	-1035.1898
6	219	-661.94569	-598.60679	-600.33642	63.338907	1.7296386	-648.4633	-584.92446	-584.92785
6	220	-364.64641	-361.68801	-362.8234	2.9584009	1.1353953	-359.75586	-347.88723	-347.85352
6	221	-529.24671	-518.69711	-511.45267	10.549605	-7.2444358	-514.9977	-496.90723	-493.56267
6	222	-474.31966	-460.1003	-461.43623	14.219358	1.3359303	-469.5708	-450.43891	-450.4461
6	223	-545.87762	-537.74464	-528.62662	8.1329834	-9.1180203	-527.64212	-514.67992	-505.88366
6	224	-508.30878	-504.60967	-503.35276	3.6991108	-1.256901	-506.24005	-494.79904	-488.22108
6	225	-629.99892	-628.6742	-623.25953	1.3247262	-5.4146635	-614.35763	-610.5984	-602.94988
6	226	-371.47235	-359.19929	-360.68223	12.273064	1.4829406	-360.24182	-345.2822	-345.26725
6	227	-289.66371	-278.35791	-278.88972	11.305797	0.53180679	-280.44395	-271.97029	-271.70729
6	228	-564.26743	-548.86475	-550.94834	15.402679	2.0835917	-552.94048	-535.41703	-535.24438
6	229	-955.99951	-916.53014	-916.45603	39.469372	-0.074110795	-939.87045	-894.00784	-894.00762
6	230	-920.96196	-908.02171	-888.8046	12.940257	-19.217103	-908.49001	-887.8082	-865.48319
6	231	-793.0358	-779.61265	-766.37798	13.42315	-13.234666	-779.52674	-765.03898	-749.20095
6	232	-557.81905	-556.31663	-552.38642	1.5024199	-3.9302141	-542.32136	-536.69462	-531.69651
6	233	-587.8018	-574.35203	-569.65611	13.449773	-4.6959185	-571.58596	-551.2375	-543.88633
6	234	-460.72962	-452.09662	-453.32349	8.6329936	1.2268641	-454.75048	-442.93621	-442.84525
6	235	-468.73582	-452.90057	-447.56446	15.835247	-5.3361146	-454.6995	-438.00843	-428.08445
6	236	-734.33057	-732.10736	-731.00336	2.2232077	-1.1040021	-721.43272	-713.18573	-711.54117
6	237	-239.99007	-240.77814	-241.3662	-0.78806143	0.5880597	-236.87931	-237.29729	-237.2983
6	238	-406.93035	-393.64988	-394.18314	13.280474	0.53325803	-404.4908	-383.39545	-380.60251
6	239	-629.35592	-623.53756	-607.91559	5.8183642	-15.621972	-613.08806	-605.47107	-591.21769
6	240	-483.1192	-479.84154	-470.67499	3.2776555	-9.1665575	-469.7182	-461.76133	-453.9401
6	241	-699.8858	-685.42433	-685.52454	14.461467	0.10021246	-688.52541	-665.17698	-665.17678
6	242	-451.87028	-434.45423	-435.99701	17.416053	1.5427786	-433.75247	-420.63201	-420.92422
6	243	-1550.1556	-1253.5955	-1253.866	296.56008	0.27052054	-1534.4788	-1232.5872	-1232.5865
6	244	-1271.6103	-1160.5266	-1133.9509	111.08373	-26.575652	-1257.805	-1138.5139	-1110.6229
6	245	-486.84675	-472.44762	-470.85483	14.399122	-1.5927958	-469.24426	-454.01417	-451.67599
6	246	-412.5594	-412.28133	-411.63518	0.27807066	-0.64614678	-406.11427	-400.80565	-395.09427
6	247	-284.94871	-280.69523	-281.25158	4.2534797	0.55635006	-282.07085	-272.43226	-270.62016
6	248	-420.45975	-419.754	-417.67234	0.70574459	-2.0816603	-413.32227	-407.29888	-401.57614
6	249	-600.29059	-594.39182	-593.7616	5.8987723	-0.63022196	-582.85398	-570.59505	-570.58173
6	250	-567.28211	-529.80364	-531.74598	37.478465	1.942344	-552.88362	-516.09807	-516.09325
6	251	-494.15198	-455.49589	-457.5378	38.656092	2.0419146	-480.70878	-443.70064	-443.69758
6	252	-582.47038	-558.33091	-559.2088	24.139465	0.87788613	-567.43484	-547.37199	-547.38734
6	253	-584.83611	-575.21749	-575.84484	9.6186182	0.62734533	-572.1876	-560.50033	-559.91994
6	254	-1356.0354	-1221.0906	-1232.2623	134.94481	11.171695	-1342.5737	-1198.5388	-1198.5251
6	255	-827.36418	-818.96882	-800.82345	8.3953566	-18.145369	-814.80427	-798.39635	-776.67639
6	256	-694.94462	-629.09164	-631.31316	65.852983	2.2215243	-679.65335	-619.42494	-615.91059
6	257	-582.47672	-573.96781	-560.541	8.5089112	-13.426806	-569.33632	-553.66047	-541.99095
6	258	-684.89714	-655.12787	-648.10971	29.769267	-7.018161	-669.03368	-633.66516	-626.30568
6	259	-1095.0978	-1012.6939	-980.05605	82.403956	-32.637813	-1078.2069	-989.45344	-960.56748
6	260	-527.51149	-513.23609	-503.67443	14.275403	-9.5616518	-512.24014	-495.30903	-487.98614
6	261	-219.14445	-219.11116	-219.63439	0.033290007	0.52322711	-216.00651	-211.04895	-211.05264
6	262	-721.95976	-710.94153	-704.47428	11.018228	-6.4672508	-708.91804	-689.42467	-680.61616
6	263	-905.18681	-826.27562	-795.8478	78.911199	-30.427818	-889.87207	-806.17337	-776.3381
6	264	-450.8718	-423.21056	-424.00405	27.661241	0.7934891	-438.489	-416.23419	-416.26094
6	265	-703.97636	-700.31914	-677.58714	3.6572184	-22.731998	-687.72756	-683.20688	-657.96989
6	266	-362.8859	-363.48736	-363.66145	-0.6014556	0.17409563	-360.05274	-358.5276	-355.62915
6	267	-495.80965	-485.59964	-486.83364	10.210007	1.2340016	-483.93987	-472.54071	-472.55242
6	268	-504.79773	-492.60981	-492.86127	12.187919	0.25145776	-491.96668	-481.27952	-478.36637
6	269	-576.21958	-540.75815	-530.93529	35.461427	-9.8228664	-562.32617	-527.36408	-512.58851
6	270	-583.12866	-576.08731	-575.34213	7.0413504	-0.7451839	-570.63961	-561.36005	-557.57246
6	271	-319.49896	-320.16609	-320.32175	-0.66713429	0.15566339	-316.7653	-317.18336	-314.28227
6	272	-1379.7843	-1211.1678	-1141.8155	168.61655	-69.352272	-1366.7652	-1198.1668	-1120.9738
6	273	-484.76966	-473.80552	-475.4483	10.964143	1.642779	-468.50849	-456.62354	-456.62376
6	274	-369.38266	-366.0315	-360.62526	3.3511634	-5.4062367	-357.53684	-353.87213	-344.39262
6	275	-619.73939	-587.7039	-588.7053	32.03549	1.0014039	-601.85826	-576.75052	-574.10256
6	276	-550.26258	-542.93417	-537.44875	7.3284061	-5.4854182	-532.51953	-523.29294	-517.25857
6	277	-321.98679	-318.99928	-319.17393	2.9875153	0.17464588	-319.20051	-313.27025	-311.27364
6	278	-1060.7431	-1010.0152	-973.6953	50.727853	-36.319918	-1048.6462	-990.35399	-952.906
6	279	-402.48113	-403.16697	-403.71967	-0.68583208	0.55270661	-400.16736	-400.58505	-389.70526
6	280	-347.85989	-340.60738	-342.0699	7.252505	1.4625119	-336.17088	-328.66062	-326.80599
6	281	-1172.3489	-1088.4945	-1055.8752	83.854493	-32.619202	-1159.2945	-1072.0764	-1032.5749
6	282	-532.65098	-516.27871	-512.11786	16.372277	-4.1608518	-515.86963	-496.50477	-494.72411
6	283	-509.40427	-497.78022	-499.17115	11.624051	1.3909313	-504.274	-487.86198	-487.84947
6	284	-1008.5655	-917.33782	-890.02704	91.227704	-27.31078	-991.8842	-895.23996	-866.41473
6	285	-767.39354	-761.96589	-756.98907	5.4276483	-4.976821	-755.83593	-740.79165	-733.74615
6	286	-435.7209	-428.29355	-429.1021	7.4273469	0.80854247	-430.86541	-415.94481	-415.10254
6	287	-803.50098	-773.82612	-754.17365	29.674863	-19.652464	-787.81643	-752.28064	-734.04641
6	288	-383.39525	-378.00663	-379.34061	5.3886218	1.3339838	-380.94616	-367.96855	-367.08609
6	289	-492.1123	-463.42521	-465.34066	28.687089	1.9154434	-474.24126	-448.34097	-448.34085
6	290	-751.07958	-740.66301	-738.10552	10.416574	-2.5574928	-738.7402	-719.77542	-714.37009
6	291	-714.82097	-662.7568	-664.4942	52.06417	1.7373938	-700.93904	-646.67549	-646.68343
6	292	-605.80876	-596.75589	-590.89421	9.052868	-5.8616842	-587.69441	-575.58019	-572.21848
6	293	-563.98173	-560.27235	-560.36008	3.7093727	0.087727321	-556.4382	-544.29406	-542.07215
6	294	-449.01327	-445.83438	-446.2503	3.1788889	0.41592155	-440.61175	-432.77759	-431.00634
6	295	-405.9191	-400.08574	-396.78793	5.8333556	-3.2978064	-393.56557	-390.5707	-382.39384
6	296	-718.37891	-704.33326	-696.77803	14.045648	-7.5552274	-705.24044	-683.43261	-676.98081
6	297	-398.56038	-385.41823	-386.63746	13.142142	1.2192308	-390.18153	-376.59624	-376.59127
6	298	-584.21071	-566.89654	-562.52231	17.314174	-4.3742253	-566.87789	-547.49123	-543.4058
6	299	-360.07445	-354.39953	-352.26572	5.6749145	-2.1338086	-357.51129	-348.29723	-341.098
6	300	-602.31375	-581.34314	-578.70961	20.970612	-2.63353	-581.82193	-554.33656	-553.01734
6	301	-621.34274	-596.46712	-588.46362	24.875614	-8.0035027	-601.80218	-575.69529	-571.21473
6	302	-537.84447	-527.93217	-524.29218	9.9123032	-3.6399856	-523.10275	-512.36209	-505.7348
6	303	-1486.095	-1282.8201	-1282.6656	203.27485	-0.15451506	-1468.9815	-1262.1534	-1262.0838
6	304	-505.31745	-490.95666	-492.14539	14.36079	1.1887281	-497.03045	-482.47999	-482.49695
6	305	-436.8236	-434.05121	-434.87611	2.7723915	0.82490433	-431.11355	-421.6101	-420.00366
6	306	-561.39527	-555.75521	-554.10369	5.6400625	-1.6515224	-545.9684	-537.05935	-532.17098
6	307	-652.88433	-635.91903	-640.65369	16.965302	4.7346651	-641.73471	-620.53495	-617.32394
6	308	-754.59344	-708.52637	-698.87117	46.067072	-9.6551934	-739.80203	-684.02994	-677.08485
6	309	-805.07786	-758.8836	-758.96904	46.194264	0.085439279	-788.93319	-738.89511	-738.90454
6	310	-478.79479	-454.10718	-455.69089	24.68762	1.5837127	-465.13272	-439.63723	-439.60522
6	311	-331.96778	-330.6632	-330.98524	1.3045725	0.32203642	-320.54529	-317.72573	-317.72541
6	312	-537.42909	-515.06112	-517.60618	22.367974	2.5450587	-524.91402	-501.89465	-501.89471
6	313	-428.96156	-423.45067	-419.30272	5.5108875	-4.1479495	-426.57303	-414.79917	-404.08397
6	314	-290.76695	-291.23425	-291.6555	-0.46730048	0.42125485	-287.87864	-285.47736	-285.71656
6	315	-729.66704	-717.6109	-717.762	12.056138	0.15110377	-718.03594	-698.9438	-698.94577
6	316	-537.44435	-514.34552	-516.04882	23.098828	1.7032927	-524.85285	-502.92915	-502.92078
6	317	-851.39437	-788.2501	-788.27569	63.14427	0.025585665	-835.83168	-764.04118	-764.04115
6	318	-450.54992	-440.00195	-434.79771	10.547973	-5.2042419	-443.55468	-427.54042	-418.07126
6	319	-529.72906	-527.63436	-511.04111	2.0946989	-16.593251	-510.87069	-507.09023	-491.07202
6	320	-475.50678	-463.41554	-461.56695	12.09124	-1.8485914	-458.84921	-445.37961	-442.99825
6	321	-667.2719	-637.27295	-631.5091	29.998945	-5.7638543	-652.80751	-619.86233	-613.63931
6	322	-436.40386	-430.19635	-431.74981	6.2075145	1.5534629	-427.0787	-418.06888	-418.32962
6	323	-888.62777	-823.72855	-824.53856	64.89922	0.81001228	-872.66695	-801.69699	-801.69228
6	324	-429.37526	-423.53589	-424.42519	5.8393644	0.88929747	-416.67644	-414.12047	-413.72586
6	325	-474.45291	-474.51723	-471.1102	-0.06432205	-3.407031	-468.07561	-460.7824	-448.5535
6	326	-571.66689	-500.83372	-503.38258	70.833175	2.5488621	-556.86186	-488.00323	-488.00318
6	327	-376.83625	-375.27773	-376.04159	1.5585191	0.7638616	-371.66968	-367.92871	-365.86714
6	328	-428.18835	-425.16487	-426.18753	3.0234856	1.0226606	-419.83027	-411.31538	-411.24552
6	329	-421.84433	-413.35447	-413.06908	8.4898664	-0.28538373	-418.80488	-404.30009	-400.8776
6	330	-398.92485	-397.4886	-397.34869	1.4362516	-0.13990144	-396.26946	-387.7934	-378.20843
6	331	-353.35103	-353.97154	-353.91044	-0.62050919	-0.061100097	-348.82466	-348.2486	-343.4949
6	332	-302.27337	-301.47057	-299.95159	0.80280057	-1.518975	-296.31578	-291.93075	-281.75844
6	333	-575.37688	-560.19534	-555.27464	15.181541	-4.9206984	-561.45788	-540.19563	-535.73984
6	334	-458.562	-449.56546	-450.43398	8.9965433	0.86851681	-443.63452	-436.61818	-435.98595
6	335	-363.6201	-361.95158	-362.06015	1.6685128	0.10856344	-360.79234	-355.43906	-349.06455
6	336	-602.89452	-591.8695	-574.06725	11.025018	-17.802254	-586.64508	-570.96821	-555.39277
6	337	-252.34683	-252.60687	-253.12437	-0.26003536	0.51750045	-249.22095	-246.76477	-246.71278
6	338	-243.04319	-244.17422	-244.33302	-1.1310226	0.15880165	-240.11888	-240.53841	-240.53631
6	339	-967.19826	-901.61857	-900.5505	65.579686	-1.0680711	-951.8334	-879.76756	-879.72108
6	340	-719.57523	-709.52227	-707.73686	10.052957	-1.7854081	-706.32714	-686.98543	-683.31268
6	341	-1099.9485	-1046.4469	-955.73844	53.501575	-90.708485	-1085.9312	-1024.6877	-932.70118
6	342	-464.81504	-443.86279	-445.46155	20.952247	1.5987576	-454.92036	-433.62112	-433.6461
6	343	-448.00736	-419.18038	-420.82535	28.826975	1.6449632	-434.45247	-408.74782	-408.74797
6	344	-493.81665	-477.86395	-478.7925	15.952706	0.92855565	-478.79551	-462.53619	-460.13901
6	345	-569.15314	-547.15297	-532.62083	22.000167	-14.532141	-552.33083	-526.85312	-514.08255
6	346	-779.676	-771.58789	-751.68155	8.0881088	-19.906341	-766.03842	-753.18803	-728.81299
6	347	-359.27641	-353.6406	-354.46944	5.6358049	0.82883843	-354.87388	-345.27768	-345.28158
6	348	-804.20348	-786.64104	-780.63112	17.562441	-6.0099153	-792.15063	-766.18224	-758.79658
6	349	-666.4203	-629.69393	-615.98706	36.726371	-13.706874	-652.42199	-610.26545	-600.87439
6	350	-460.09506	-452.15537	-446.52332	7.9396964	-5.6320489	-445.49509	-441.36654	-429.3781
6	351	-470.69852	-461.84677	-462.93198	8.8517488	1.0852071	-463.92299	-450.38119	-448.11173
6	352	-275.41445	-271.61494	-272.4452	3.7995109	0.83025883	-271.33934	-265.02494	-265.42477
6	353	-266.05675	-263.20128	-264.22135	2.855465	1.0200678	-263.10609	-254.43247	-254.43201
6	354	-1222.4341	-1123.7687	-1060.2535	98.665361	-63.51518	-1208.6413	-1104.0197	-1035.5861
6	355	-422.81925	-423.13656	-422.63264	-0.31731818	-0.50392591	-414.25246	-413.58433	-402.82313
6	356	-404.21627	-397.57684	-398.00682	6.6394239	0.429973	-401.89198	-387.24868	-382.0842
6	357	-1240.1416	-1060.0042	-1061.3705	180.13745	1.3662945	-1225.7683	-1045.0948	-1045.0845
6	358	-355.47967	-348.33705	-349.09736	7.1426144	0.76031117	-348.06237	-342.92078	-342.93244
6	359	-516.17345	-504.37002	-505.68016	11.803434	1.3101368	-503.43259	-489.36096	-489.32343
6	360	-681.06321	-676.44313	-653.11758	4.6200766	-23.325554	-665.25728	-655.34262	-631.69956
6	361	-565.08631	-558.62207	-559.01144	6.4642427	0.38937356	-552.37923	-539.18524	-539.17164
6	362	-335.0955	-327.20159	-329.01312	7.8939072	1.8115302	-332.40865	-316.48334	-316.50919
6	363	-652.39385	-643.98166	-630.52255	8.4121911	-13.459117	-637.14378	-623.01162	-609.30639
6	364	-776.79475	-753.96191	-734.01997	22.832841	-19.941939	-763.57219	-734.99206	-716.98403
6	365	-597.90374	-586.09635	-587.5479	11.807399	1.4515577	-585.52663	-566.28988	-566.20035
6	366	-370.31745	-364.90175	-366.27445	5.4157006	1.3727003	-365.24362	-356.06029	-355.09602
6	367	-562.03198	-548.45409	-544.69233	13.577889	-3.7617556	-544.76019	-528.3287	-525.788
6	368	-314.70051	-314.65155	-315.00537	0.048959903	0.35382366	-306.85767	-302.9264	-302.93242
6	369	-398.71653	-387.69878	-389.33772	11.017753	1.6389358	-388.05482	-378.28775	-378.28787
6	370	-582.31168	-570.09547	-568.13454	12.216209	-1.9609242	-563.82339	-546.89543	-547.00467
6	371	-624.19693	-597.02212	-598.49824	27.174802	1.4761174	-610.59086	-576.67974	-576.67843
6	372	-449.69795	-441.30382	-442.08842	8.3941351	0.78460205	-437.27831	-426.37532	-421.47034
6	373	-416.76352	-400.43118	-401.30967	16.332339	0.87848183	-403.18708	-382.73273	-379.50417
6	374	-713.28517	-706.02199	-705.52157	7.2631782	-0.50041994	-698.35629	-686.84703	-683.44762
6	375	-362.8449	-363.32491	-363.45819	-0.48000798	0.13328275	-360.30858	-358.04214	-355.4618
6	376	-418.84572	-412.64904	-413.92893	6.1966826	1.2798904	-409.93336	-398.97983	-399.70508
6	377	-702.63722	-637.2673	-627.44939	65.369917	-9.8179169	-680.28064	-618.33104	-608.62855
6	378	-427.6953	-425.88441	-427.06892	1.8108944	1.1845139	-420.02736	-411.64185	-411.65358
6	379	-801.57931	-762.14072	-756.20707	39.438596	-5.9336429	-786.11687	-742.96488	-736.89963
6	380	-432.77156	-423.23806	-424.74751	9.5335038	1.5094547	-417.9646	-407.73697	-407.75072
6	381	-431.68998	-432.24848	-432.45888	-0.55850362	0.210399	-427.39698	-427.17287	-423.11268
6	382	-573.53138	-551.17805	-545.57731	22.353328	-5.6007389	-558.17038	-533.88709	-528.9192
6	383	-348.27641	-335.92618	-337.71424	12.350228	1.7880641	-338.56805	-323.20642	-323.19621
6	384	-436.45506	-424.71442	-426.24624	11.740633	1.5318123	-423.13341	-409.64865	-409.76926
6	385	-628.67686	-594.02714	-587.38711	34.649722	-6.6400314	-612.75723	-576.76389	-567.26134
6	386	-481.08665	-465.04059	-464.82103	16.046064	-0.21956341	-464.76774	-447.49679	-444.31993
6	387	-628.58129	-624.67011	-612.02596	3.9111795	-12.644151	-613.43216	-608.16861	-594.74782
6	388	-415.2522	-399.0971	-400.71436	16.155101	1.61726	-403.71462	-388.61793	-388.61352
6	389	-284.18011	-283.48698	-284.18668	0.69312624	0.69969879	-281.30847	-275.91289	-275.91814
6	390	-303.39115	-285.24355	-285.98396	18.147601	0.74040712	-293.48053	-274.45704	-274.45701
6	391	-664.31873	-644.50547	-643.70139	19.81326	-0.80408305	-648.4075	-622.83168	-622.84958
6	392	-817.20317	-730.20473	-731.39529	86.998433	1.1905558	-800.09966	-716.11939	-716.13523
6	393	-916.93182	-853.03874	-852.98524	63.893085	-0.053500327	-904.84125	-830.27242	-830.27298
6	394	-434.34011	-429.3336	-431.48656	5.0065094	2.1529595	-431.21627	-419.45976	-414.21885
6	395	-580.4338	-567.62077	-563.02256	12.813033	-4.5982034	-567.91864	-554.51133	-544.98065
6	396	-693.7848	-634.72952	-636.9603	59.05528	2.2307734	-681.3329	-623.10661	-623.10551
6	397	-685.97111	-660.38663	-632.67556	25.584479	-27.711076	-669.46532	-641.63247	-618.34158
6	398	-943.17069	-866.37661	-841.5374	76.79408	-24.839204	-927.63506	-849.58157	-823.70848
6	399	-437.46157	-370.93148	-371.96777	66.530097	1.0362942	-422.64956	-359.75502	-359.75422
6	400	-638.54881	-610.08804	-611.84353	28.460767	1.7554937	-626.40899	-594.75527	-594.71726
6	401	-886.39041	-850.40744	-806.76068	35.982966	-43.646762	-872.62736	-827.492	-783.60532
6	402	-539.58653	-533.00228	-534.1183	6.5842569	1.1160256	-528.50766	-518.89379	-517.57288
6	403	-497.93209	-494.46748	-492.70468	3.4646089	-1.7627949	-492.97897	-484.84979	-475.87181
6	404	-382.21865	-376.2829	-377.26913	5.9357508	0.98623777	-374.37655	-366.25255	-366.50227
6	405	-1035.3897	-952.62353	-905.85191	82.766181	-46.771617	-1019.3982	-938.67496	-887.25097
6	406	-930.24176	-880.89748	-869.19743	49.34428	-11.700054	-915.01654	-862.64332	-849.50208
6	407	-390.51248	-386.88156	-387.26781	3.6309211	0.38624989	-381.29326	-371.87202	-369.89269
6	408	-653.04538	-640.30953	-627.50268	12.735848	-12.806854	-638.57205	-622.09199	-608.4324
6	409	-914.32953	-820.69865	-822.76497	93.630887	2.0663229	-903.09114	-808.18312	-808.0758
6	410	-562.4843	-535.7128	-538.15425	26.771496	2.4414466	-547.89142	-517.94484	-517.91618
6	411	-661.94179	-649.07903	-647.90386	12.862767	-1.1751627	-647.86368	-629.25331	-626.32419
6	412	-701.43911	-679.90637	-680.2087	21.532739	0.30232812	-687.3498	-660.38283	-660.21479
6	413	-724.65653	-692.25238	-682.76884	32.404149	-9.4835358	-705.80148	-666.07684	-665.57492
6	414	-756.07291	-724.66369	-724.5452	31.40922	-0.11848529	-742.22192	-701.73234	-701.74925
6	415	-737.13724	-712.86599	-711.63857	24.271243	-1.2274231	-719.98264	-688.11296	-687.43069
6	416	-380.08564	-378.61513	-377.96656	1.4705092	-0.64857163	-377.68748	-369.22026	-363.32361
6	417	-464.1971	-453.88803	-455.48013	10.309064	1.5920981	-454.46023	-441.2061	-440.80787
6	418	-379.29243	-377.77885	-378.10898	1.5135816	0.33012964	-376.78871	-368.77079	-366.41394
6	419	-511.72226	-500.14424	-500.74383	11.578019	0.59959546	-496.74656	-483.69369	-477.29874
6	420	-535.28133	-535.73309	-529.63338	-0.45175985	-6.0997131	-526.17697	-517.16317	-506.80997
6	421	-344.93009	-342.98905	-343.68295	1.9410325	0.69389844	-342.32357	-335.05842	-334.78564
6	422	-427.23003	-423.53641	-424.48724	3.6936262	0.95083463	-419.15168	-405.35824	-398.79477
6	423	-732.48558	-718.8684	-714.67762	13.617175	-4.1907868	-719.69244	-701.28084	-696.75595
6	424	-459.00344	-441.25757	-430.54445	17.745869	-10.713117	-446.35428	-430.89908	-415.65267
6	425	-951.56539	-918.84249	-912.26778	32.722902	-6.5747084	-936.73027	-899.75999	-890.36606
6	426	-576.75714	-576.01915	-574.99825	0.73798715	-1.020902	-565.25025	-564.91327	-557.03034
6	427	-756.60216	-749.83438	-736.21894	6.7677834	-13.615446	-744.11016	-726.95978	-710.84929
6	428	-605.88228	-597.14595	-597.04055	8.7363367	-0.10539648	-591.73961	-577.71882	-577.78416
6	429	-355.09974	-354.75221	-354.54972	0.34753524	-0.20248597	-352.58689	-348.59821	-344.91782
6	430	-832.24547	-793.35787	-765.2676	38.8876	-28.090265	-815.07667	-769.31243	-741.88261
6	431	-639.09677	-601.57316	-603.11201	37.523617	1.5388578	-625.36828	-586.00687	-586.05402
6	432	-447.54995	-442.40312	-443.51892	5.146835	1.1158035	-442.86933	-432.40049	-430.8842
6	433	-364.51236	-357.33218	-358.86581	7.1801763	1.5336278	-361.91045	-347.19405	-347.22786
6	434	-549.96761	-536.22786	-537.29704	13.739746	1.0691803	-534.98496	-521.80969	-521.78728
6	435	-639.24172	-616.57986	-617.09367	22.661858	0.51381006	-625.4587	-600.1377	-600.10456
6	436	-703.52357	-686.00389	-684.33385	17.519684	-1.670041	-686.87465	-661.64934	-662.25967
6	437	-1161.6422	-1049.1026	-1037.2528	112.53958	-11.849821	-1150.2351	-1031.5729	-1017.4703
6	438	-264.73549	-259.32906	-260.35419	5.4064251	1.0251265	-261.25137	-248.51749	-248.45268
6	439	-812.04652	-800.66059	-778.37548	11.385929	-22.285109	-799.42774	-778.76995	-755.27341
6	440	-875.79129	-856.42493	-849.03053	19.366361	-7.3944006	-863.6801	-834.38092	-823.68891
6	441	-566.91355	-518.17436	-520.38844	48.739195	2.2140799	-553.45823	-503.42632	-503.47225
6	442	-304.35046	-299.2646	-300.49625	5.0858575	1.2316494	-301.60948	-291.0848	-288.69419
6	443	-556.28376	-527.20569	-519.29126	29.078076	-7.9144257	-541.01422	-509.79095	-500.46889
6	444	-482.10441	-481.43624	-481.54834	0.66816829	0.11209965	-475.93848	-470.78451	-468.2922
6	445	-764.26087	-726.40262	-725.4742	37.858245	-0.92842238	-750.77076	-701.95188	-701.95195
6	446	-444.57154	-441.17397	-442.33881	3.3975775	1.164842	-441.97881	-430.63414	-427.58262
6	447	-465.77546	-460.94373	-451.2403	4.8317342	-9.7034316	-452.62522	-447.12248	-434.61818
6	448	-611.24761	-589.6018	-586.50669	21.64581	-3.0951083	-597.89476	-573.64107	-571.40278
6	449	-445.09367	-435.3868	-431.74314	9.7068748	-3.6436547	-432.07298	-418.51659	-409.35229
6	450	-542.04518	-521.82736	-523.81347	20.217816	1.9861076	-526.98908	-506.94429	-506.3863
6	451	-369.82325	-365.02539	-365.73698	4.7978633	0.71158634	-367.21249	-358.44713	-358.44536
6	452	-425.98866	-420.07284	-421.0574	5.9158165	0.98456281	-412.99239	-402.92043	-402.89193
6	453	-858.77218	-828.26634	-800.72721	30.505833	-27.539138	-845.08353	-805.17782	-776.71914
6	454	-706.6898	-707.00104	-706.35893	-0.31124272	-0.64210334	-698.02577	-695.91334	-685.96618
6	455	-562.70666	-526.6624	-528.3086	36.044256	1.6461963	-548.46636	-510.70542	-510.98393
6	456	-652.39924	-648.42462	-650.12317	3.9746258	1.6985512	-641.44673	-633.97385	-633.95506
6	457	-429.14524	-416.35834	-417.1002	12.786903	0.74186029	-414.58363	-400.39705	-400.62697
6	458	-438.56647	-438.67551	-441.76749	-0.10904701	3.0919734	-433.15289	-430.13973	-420.40084
6	459	-452.4103	-435.76342	-436.84978	16.646882	1.0863635	-438.88965	-420.84691	-420.86556
6	460	-535.50169	-503.14385	-500.79129	32.357844	-2.3525594	-519.89007	-492.81491	-486.19156
6	461	-632.50471	-616.58961	-616.59105	15.9151	0.001440451	-615.30332	-595.87308	-595.77603
6	462	-420.40186	-414.94305	-415.63842	5.4588028	0.69537068	-418.04428	-407.61219	-405.61452
6	463	-470.96031	-467.89253	-466.7602	3.0677784	-1.1323227	-464.51851	-454.16526	-448.08783
6	464	-400.47228	-391.78762	-392.92978	8.6846655	1.1421624	-396.12731	-379.89772	-377.31192
6	465	-519.11403	-517.27501	-516.92951	1.8390169	-0.34550283	-498.86946	-495.13365	-495.24968
6	466	-465.37787	-461.81071	-462.00829	3.5671564	0.19757762	-457.27395	-449.66515	-444.74716
6	467	-580.55832	-564.8538	-561.9623	15.704526	-2.891495	-564.12766	-547.01191	-544.42206
6	468	-434.39365	-428.88995	-429.91259	5.5036981	1.0226336	-432.09362	-417.74442	-415.78454
6	469	-361.16507	-359.27927	-359.68181	1.8857964	0.40253418	-356.61003	-350.38358	-348.08529
6	470	-656.04926	-629.31904	-607.35437	26.730212	-21.964679	-639.0545	-614.56274	-591.84443
6	471	-332.38995	-328.17109	-329.10236	4.218859	0.93127663	-329.72369	-322.48018	-322.44656
6	472	-417.57761	-407.97894	-403.81947	9.5986752	-4.1594718	-403.28632	-390.96247	-386.51911
6	473	-1051.8785	-988.05101	-988.43625	63.827533	0.38523892	-1038.533	-968.61269	-968.60751
6	474	-413.41444	-410.71578	-411.17043	2.6986586	0.45464697	-410.96786	-399.16735	-392.65096
6	475	-1309.9302	-1196.096	-1178.7511	113.83425	-17.3449	-1298.5976	-1172.9656	-1154.1677
6	476	-439.43251	-437.72367	-433.9284	1.7088397	-3.7952682	-437.1788	-429.02947	-419.44174
6	477	-495.42645	-476.60746	-477.99547	18.818992	1.3880063	-480.90485	-466.07076	-466.05499
6	478	-382.87578	-370.91282	-372.50128	11.962961	1.5884548	-371.85247	-359.00472	-359.0781
6	479	-342.26485	-327.11575	-329.59037	15.149103	2.4746197	-333.76328	-314.77594	-314.77919
6	480	-371.43758	-364.97282	-366.29869	6.4647519	1.3258677	-356.61845	-349.26128	-348.20871
6	481	-677.17837	-648.49376	-650.03528	28.684605	1.5415147	-661.2391	-632.62299	-632.64734
6	482	-808.73226	-791.54228	-791.79232	17.189981	0.25003559	-794.82789	-773.55772	-773.48561
6	483	-732.94534	-708.44143	-708.0565	24.503907	-0.3849388	-721.54052	-687.9173	-687.66845
6	484	-930.01941	-867.10249	-851.11335	62.916912	-15.989141	-916.36343	-845.27848	-830.30941
6	485	-1091.5977	-1051.8065	-984.05699	39.791177	-67.749498	-1078.6333	-1032.0961	-964.90012
6	486	-590.19616	-562.10211	-564.22422	28.094055	2.1221142	-575.57527	-545.21813	-545.20423
6	487	-827.94042	-777.17901	-779.18501	50.761411	2.0059976	-814.79996	-757.56025	-757.55459
6	488	-478.34915	-469.09307	-467.09259	9.2560791	-2.0004754	-464.7517	-454.36942	-448.16691
6	489	-538.0111	-517.61542	-505.85349	20.395679	-11.761926	-521.75713	-496.29458	-487.72908
6	490	-325.45193	-321.10263	-318.81919	4.3493021	-2.2834397	-320.44587	-312.80272	-307.56177
6	491	-477.14734	-468.1887	-460.15773	8.9586399	-8.0309768	-468.14452	-451.33545	-442.86924
6	492	-860.54782	-824.12824	-808.88213	36.419584	-15.24611	-846.67188	-810.42267	-786.38489
6	493	-510.68553	-486.52942	-488.82587	24.156104	2.2964418	-496.2642	-472.63556	-472.64326
6	494	-867.42674	-817.95535	-791.63482	49.471389	-26.320525	-849.982	-792.63085	-770.51279
6	495	-360.20229	-357.98901	-356.54259	2.2132779	-1.4464261	-357.56804	-347.50004	-341.64761
6	496	-609.1717	-600.22457	-592.91308	8.9471318	-7.3114827	-594.20283	-577.20351	-570.203
6	497	-540.46721	-501.75272	-502.88932	38.71449	1.1365946	-524.55592	-488.58518	-488.58156
6	498	-574.84148	-552.47423	-540.36357	22.367249	-12.110656	-558.64966	-538.63274	-525.14313
6	499	-569.70051	-545.45211	-546.6268	24.248399	1.1746888	-555.41192	-530.95808	-526.85501
6	500	-505.32729	-505.26147	-493.25598	0.065822907	-12.00549	-491.34148	-487.7227	-473.87618
6	501	-788.19755	-745.63078	-745.59598	42.566767	-0.034798594	-773.45231	-725.65121	-725.63508
6	502	-404.73223	-406.93866	-401.2896	-2.2064295	-5.6490627	-392.67731	-393.09993	-390.08829
6	503	-1295.0308	-1177.6338	-1087.9386	117.39704	-89.695132	-1280.335	-1155.3848	-1065.6433
6	504	-397.53151	-390.59925	-391.38887	6.9322652	0.78962669	-395.15212	-380.68549	-378.95576
6	505	-647.801	-618.59078	-619.62876	29.210219	1.0379797	-634.00734	-603.34562	-603.40121
6	506	-639.43394	-584.30538	-585.60042	55.128553	1.2950356	-626.78135	-574.75445	-574.407
6	507	-459.19655	-455.15051	-456.15667	4.0460377	1.0061582	-453.13469	-444.6735	-444.53022
6	508	-401.21277	-388.95008	-385.18242	12.262691	-3.7676604	-394.157	-380.58654	-372.75931
6	509	-1324.1763	-1209.6097	-1175.3832	114.56662	-34.226482	-1312.184	-1189.4587	-1152.408
6	510	-471.66423	-467.14663	-468.58729	4.5176033	1.4406579	-465.61175	-452.36014	-452.47005
6	511	-969.36636	-929.64095	-903.08623	39.725406	-26.554726	-957.73805	-909.66818	-881.40223
6	512	-499.09329	-497.81062	-465.43822	1.2826637	-32.372398	-486.495	-479.94552	-454.99236
6	513	-416.63424	-409.10432	-407.84767	7.5299188	-1.2566558	-402.49143	-390.41038	-390.44997
6	514	-408.86621	-404.49897	-406.04658	4.3672308	1.5476046	-399.76094	-390.85001	-387.66662
6	515	-423.62957	-403.48131	-404.43443	20.14826	0.95312361	-411.47987	-394.70708	-394.73855
6	516	-682.09292	-630.32546	-616.424	51.767457	-13.901458	-665.53234	-611.08254	-596.94736
6	517	-285.9643	-285.49261	-274.21623	0.47169715	-11.27638	-281.01568	-276.77141	-263.93148
6	518	-520.31032	-503.18443	-506.22414	17.125887	3.0397008	-505.46954	-484.34811	-484.3378
6	519	-468.61553	-460.47905	-459.43598	8.1364709	-1.0430791	-455.8368	-445.50614	-443.96329
6	520	-374.66899	-367.072	-368.1333	7.596988	1.061306	-365.37607	-359.477	-359.94447
6	521	-478.64993	-471.49608	-473.04415	7.1538477	1.5480751	-474.60999	-461.02851	-461.16983
6	522	-420.56497	-406.99171	-409.0646	13.573265	2.072898	-407.45537	-395.08676	-394.77578
6	523	-458.02895	-453.84519	-454.6245	4.1837602	0.77931176	-448.95652	-438.03634	-434.61477
6	524	-377.47432	-378.06671	-378.49938	-0.59238602	0.43267106	-374.80819	-373.03819	-373.64699
6	525	-734.90839	-714.60184	-713.35348	20.306545	-1.2483662	-722.41935	-692.47413	-686.86628
6	526	-361.61351	-358.50062	-359.7023	3.1128939	1.2016887	-357.56941	-346.87439	-346.89499
6	527	-916.6992	-874.11107	-862.53187	42.588132	-11.579203	-900.79017	-850.53705	-840.54972
6	528	-342.35069	-341.57431	-342.32559	0.77638104	0.7512766	-339.28356	-332.25062	-332.5457
6	529	-516.45252	-510.04125	-510.4134	6.4112658	0.37214808	-508.06462	-499.33174	-495.23858
6	530	-437.95727	-433.51661	-434.5205	4.4406611	1.0038919	-428.50175	-420.13091	-420.12674
6	531	-464.63209	-451.51038	-448.21591	13.121703	-3.2944761	-456.02564	-441.05194	-433.073
6	532	-518.59244	-500.53753	-501.82454	18.054911	1.2870063	-509.18971	-489.86695	-488.76955
6	533	-600.47818	-575.02245	-576.2305	25.455727	1.2080472	-584.91797	-558.12285	-558.12
6	534	-500.72987	-492.26523	-493.98418	8.4646364	1.7189432	-488.18351	-474.68976	-474.68832
6	535	-327.13867	-322.08072	-323.72885	5.0579516	1.6481294	-322.0814	-310.50263	-310.50704
6	536	-378.56165	-377.3715	-378.38016	1.1901424	1.0086588	-376.08509	-368.16255	-368.47417
6	537	-436.41444	-429.23726	-430.70664	7.1771754	1.4693809	-427.10008	-419.34048	-416.59995
6	538	-876.33531	-852.88242	-791.64539	23.452897	-61.237025	-859.79463	-833.42865	-769.8353
6	539	-767.26926	-729.91624	-727.63164	37.353023	-2.2846038	-754.84734	-708.55004	-707.97709
6	540	-600.30623	-582.04891	-583.16083	18.257327	1.1119252	-586.66732	-568.14955	-568.67432
6	541	-428.08412	-428.08505	-427.88013	-0.00093270362	-0.20491736	-420.62615	-417.19192	-413.25294
6	542	-273.5691	-270.26783	-271.55957	3.3012649	1.291741	-270.71601	-259.57363	-259.60199
6	543	-821.75499	-786.89384	-780.0286	34.861142	-6.865242	-808.66701	-767.85143	-758.56902
6	544	-662.31001	-642.95485	-624.6296	19.355159	-18.325247	-644.89417	-621.66902	-603.98829
6	545	-969.6553	-936.14512	-905.66739	33.51018	-30.477732	-954.57647	-917.64868	-889.19126
6	546	-654.67783	-630.50707	-629.8558	24.170761	-0.65127093	-638.1737	-610.69224	-610.72168
6	547	-466.69063	-460.85521	-461.89676	5.8354193	1.041551	-458.08462	-445.75247	-445.75523
6	548	-488.82515	-476.93116	-470.18865	11.893992	-6.7425056	-471.79038	-461.39829	-453.72416
6	549	-887.82359	-842.28621	-816.20275	45.537375	-26.083462	-871.3754	-822.69711	-801.30349
6	550	-285.4381	-285.55815	-285.74165	-0.12005058	0.18349366	-279.30766	-276.14999	-275.42444
6	551	-615.49912	-599.96041	-599.80486	15.538715	-0.15555202	-599.89415	-579.58979	-579.56082
6	552	-468.18125	-460.31365	-461.38215	7.8675991	1.0684997	-459.96269	-445.86466	-445.86311
6	553	-562.40169	-557.2	-544.2345	5.2016909	-12.9655	-546.04377	-534.48728	-521.16223
6	554	-361.04693	-360.42529	-360.93889	0.62163302	0.51359644	-353.23913	-351.75782	-349.89858
6	555	-401.57953	-401.21593	-402.19863	0.36359239	0.98269902	-391.89469	-388.51407	-388.58701
6	556	-520.48029	-519.34487	-521.17253	1.1354163	1.8276629	-510.90642	-506.20174	-502.88438
6	557	-527.68085	-518.78016	-519.97373	8.9006925	1.1935751	-515.72869	-501.15089	-501.15305
6	558	-644.26671	-615.0659	-615.34304	29.200812	0.27713971	-630.16043	-595.19569	-595.20132
6	559	-1100.7824	-1011.3717	-953.93217	89.410683	-57.43955	-1089.2336	-990.75483	-933.81637
6	560	-366.17338	-359.71072	-360.34762	6.4626587	0.63690155	-353.79527	-347.24799	-346.71252
6	561	-699.54782	-696.53276	-672.98677	3.015051	-23.545995	-683.98069	-673.32071	-649.27782
6	562	-534.68587	-525.83027	-526.95655	8.8556069	1.1262788	-519.98203	-509.59931	-508.27856
6	563	-870.40936	-823.39371	-823.24242	47.015643	-0.1512959	-857.32781	-803.18823	-803.22369
6	564	-517.31526	-496.74849	-498.76614	20.56677	2.0176482	-505.5381	-483.65272	-482.01847
6	565	-479.13711	-441.24404	-440.94466	37.893075	-0.29937481	-462.39843	-429.22425	-426.39538
6	566	-1230.2679	-1149.2005	-1076.3179	81.067403	-72.882595	-1216.3036	-1130.4303	-1055.0042
6	567	-570.15634	-548.25082	-549.55587	21.905524	1.3050463	-556.41869	-533.17297	-534.40454
6	568	-730.39979	-713.60984	-655.99835	16.78995	-57.611487	-715.11466	-693.63912	-639.28151
6	569	-909.80367	-866.40163	-867.09638	43.402036	0.69474732	-896.57164	-851.07529	-851.06636
6	570	-589.9149	-586.67614	-574.2709	3.2387553	-12.405239	-572.40692	-566.58847	-554.52245
6	571	-1019.0811	-941.85886	-905.35927	77.222216	-36.499594	-1003.2498	-920.03913	-883.73657
6	572	-342.60338	-341.44676	-342.03983	1.1566182	0.59306299	-334.36208	-328.88533	-328.57532
6	573	-738.6172	-735.33833	-676.82146	3.2788771	-58.516867	-723.24969	-712.52204	-655.49797
6	574	-480.69087	-464.86912	-466.3912	15.821748	1.522082	-466.10246	-448.80225	-448.76655
6	575	-843.09216	-776.19658	-752.7871	66.895577	-23.409479	-828.85819	-754.21927	-731.80282
6	576	-267.68478	-268.32377	-268.4941	-0.63898448	0.17033293	-264.86439	-263.89743	-262.61141
6	577	-890.02749	-841.89755	-842.50632	48.12994	0.60877196	-877.58227	-823.9209	-823.91978
6	578	-373.79583	-372.66715	-363.49734	1.12868	-9.169809	-359.66338	-358.23923	-349.7948
6	579	-352.40561	-352.1679	-352.92246	0.23770689	0.7545588	-350.00368	-345.76572	-345.7658
6	580	-551.52938	-541.01582	-535.41772	10.513562	-5.5980964	-532.50491	-517.31399	-515.36322
6	581	-321.88945	-321.27532	-321.75103	0.61412448	0.47570879	-319.27522	-315.71633	-315.71218
6	582	-720.49351	-692.43366	-692.41667	28.059846	-0.016985054	-705.71122	-672.66066	-672.57424
6	583	-741.7398	-717.17633	-704.68561	24.563471	-12.490716	-727.51879	-698.40157	-686.91275
6	584	-404.88439	-401.8551	-402.99497	3.0292958	1.1398707	-392.02366	-386.37334	-386.35102
6	585	-580.59258	-564.24092	-565.24522	16.351657	1.0042994	-564.45842	-544.33293	-544.29279
6	586	-559.91468	-558.8893	-554.84966	1.0253813	-4.0396364	-545.19679	-541.50994	-533.83301
6	587	-508.18951	-511.09181	-508.58747	-2.9023001	-2.5043447	-497.21868	-490.77199	-486.51742
6	588	-478.84738	-467.03835	-463.76006	11.809031	-3.2782919	-464.4531	-454.5731	-447.66641
6	589	-634.28891	-622.29932	-611.71205	11.989586	-10.58727	-617.02494	-600.0641	-589.72219
6	590	-353.87267	-352.00257	-352.71692	1.8700999	0.71434828	-351.34647	-345.46476	-345.06405
6	591	-554.19395	-517.71638	-518.78593	36.477565	1.0695448	-536.53834	-501.54516	-497.16428
6	592	-532.02391	-522.94564	-524.23352	9.0782648	1.2878829	-518.36501	-506.36973	-505.31216
6	593	-493.43718	-477.34908	-471.98124	16.088102	-5.367843	-474.3131	-452.09366	-449.64056
6	594	-683.17798	-647.1939	-647.28823	35.984073	0.094324239	-667.31312	-630.38293	-623.90268
6	595	-432.99351	-429.34501	-430.16516	3.6485016	0.82014707	-429.0976	-418.95678	-415.47183
6	596	-644.42279	-636.76685	-629.66611	7.6559419	-7.1007322	-630.27019	-619.03719	-615.42781
6	597	-363.37783	-335.32451	-336.84916	28.053323	1.5246553	-349.5015	-323.62121	-320.97979
6	598	-651.95645	-644.67281	-642.01965	7.2836406	-2.6531594	-636.16935	-624.92818	-622.01618
6	599	-404.79303	-399.80417	-400.80444	4.9888636	1.0002679	-400.64667	-388.25755	-386.36161
6	600	-1213.7393	-1144.2191	-1090.8729	69.52014	-53.346195	-1200.1961	-1124.3014	-1069.0192
6	601	-369.58612	-356.67337	-357.51464	12.912756	0.84127447	-359.42511	-345.24995	-343.46608
6	602	-1558.5323	-1464.2143	-1388.8462	94.317999	-75.368122	-1545.0629	-1445.0395	-1370.4662
6	603	-467.86012	-451.15654	-452.23881	16.70358	1.0822771	-459.3828	-438.53372	-435.72783
6	604	-409.01329	-402.63739	-403.74664	6.3759026	1.109253	-405.83816	-392.13141	-391.45278
6	605	-889.935	-817.73377	-807.28663	72.201237	-10.447131	-876.68857	-796.48515	-786.37528
6	606	-757.84389	-732.59373	-733.52286	25.250165	0.92913504	-745.45188	-711.73526	-711.76599
6	607	-1128.9023	-998.21449	-963.26968	130.68783	-34.944811	-1114.1671	-988.23956	-944.35527
6	608	-487.83155	-471.50918	-473.80193	16.322363	2.2927424	-474.67495	-453.9749	-453.04427
6	609	-668.22066	-662.91537	-647.38688	5.3052928	-15.528486	-654.63957	-644.61162	-627.15426
6	610	-348.33887	-343.43283	-343.24167	4.9060356	-0.19115867	-341.57995	-336.17869	-332.7485
6	611	-486.4414	-459.57785	-452.70384	26.863548	-6.874008	-468.16131	-443.53265	-435.66324
6	612	-416.84871	-409.84673	-411.28542	7.0019808	1.4386962	-414.41505	-399.84323	-399.85619
6	613	-552.059	-541.84954	-542.26555	10.209462	0.41601214	-538.70868	-525.84743	-525.6305
6	614	-551.7866	-551.46102	-546.99549	0.3255882	-4.4655225	-541.84396	-536.05893	-525.12546
6	615	-1073.8151	-1009.0965	-1009.2843	64.718596	0.18775679	-1058.9418	-990.38223	-990.3724
6	616	-290.49503	-289.13859	-290.05565	1.3564477	0.91706709	-287.7523	-280.43925	-276.9843
6	617	-487.63082	-496.32466	-488.15824	-8.6938355	-8.1664167	-476.7984	-472.1702	-471.66458
6	618	-586.88651	-565.1022	-558.94908	21.784309	-6.153117	-570.35945	-545.7439	-540.89894
6	619	-826.82221	-768.02493	-767.67614	58.79728	-0.34879058	-813.78125	-750.08634	-750.08757
6	620	-390.63488	-380.70969	-382.33722	9.9251966	1.6275385	-383.3257	-363.94109	-363.96538
6	621	-425.3097	-409.37131	-411.01851	15.938384	1.6471959	-411.90768	-398.61435	-398.58454
6	622	-372.4455	-372.52586	-373.23529	-0.080361145	0.70942243	-365.69622	-362.47874	-357.03555
6	623	-1056.8898	-999.79427	-976.81359	57.095573	-22.98068	-1042.182	-979.3072	-954.8495
6	624	-404.78304	-401.20586	-402.16914	3.5771769	0.96328232	-401.54427	-390.08961	-390.00883
6	625	-345.15303	-337.37551	-338.07258	7.7775241	0.69707341	-337.52677	-329.16442	-327.49161
6	626	-700.82547	-677.3064	-669.49197	23.519066	-7.814428	-682.55557	-657.10141	-648.66843
6	627	-417.77526	-414.78068	-413.98726	2.9945775	-0.79342022	-407.01736	-404.07872	-398.05831
6	628	-829.98933	-773.68235	-773.94458	56.30698	0.26222871	-813.86218	-751.36465	-751.36724
6	629	-718.3115	-675.7307	-650.29869	42.580802	-25.43201	-704.01774	-662.44174	-631.58961
6	630	-354.45325	-343.72098	-344.8927	10.732264	1.1717151	-340.12247	-329.2656	-329.26592
6	631	-453.0386	-447.21252	-439.64074	5.8260782	-7.5717761	-445.51672	-435.88615	-423.65921
6	632	-327.13611	-322.35772	-322.07841	4.778395	-0.27930477	-324.48722	-313.41959	-309.13712
6	633	-553.98077	-553.97536	-537.15033	0.0054128347	-16.825028	-538.75938	-535.53097	-518.9784
6	634	-410.37519	-388.47947	-391.05762	21.895725	2.5781541	-397.31373	-375.03316	-375.03059
6	635	-867.58778	-765.28275	-768.49101	102.30503	3.2082577	-850.91106	-750.51085	-750.50832
6	636	-429.39328	-427.94406	-428.9252	1.4492273	0.98114225	-419.04225	-415.69857	-415.84815
6	637	-651.16033	-616.57968	-618.87997	34.580654	2.3002875	-638.8262	-598.31054	-595.28711
6	638	-416.20226	-406.71183	-408.31777	9.4904267	1.6059389	-408.01284	-395.24851	-395.26485
6	639	-440.75246	-436.73847	-436.14348	4.0139956	-0.59498636	-431.26298	-422.20365	-415.51919
6	640	-744.6342	-724.73457	-718.41734	19.899631	-6.3172278	-730.15002	-702.63904	-695.24432
6	641	-485.83439	-468.25799	-465.56786	17.576406	-2.6901266	-470.06944	-460.5976	-452.04881
6	642	-549.43574	-540.45773	-540.9257	8.9780142	0.46797275	-535.86587	-527.71923	-522.79033
6	643	-1177.5223	-1055.6595	-1057.2398	121.8628	1.5803307	-1164.401	-1040.9975	-1040.9978
6	644	-559.32785	-546.22115	-536.11908	13.106697	-10.102071	-544.82281	-525.7669	-518.51317
6	645	-290.39802	-291.07337	-290.96774	-0.67534537	-0.10562364	-287.71504	-286.76218	-283.56778
6	646	-414.13145	-414.31133	-412.87473	-0.17988067	-1.4365993	-405.62842	-402.43133	-396.32541
6	647	-383.46179	-382.24249	-382.8081	1.2192993	0.56561642	-378.72142	-370.03636	-370.02481
6	648	-513.92007	-503.49331	-503.9245	10.426757	0.43118934	-508.32467	-491.95985	-486.08436
6	649	-490.37741	-490.31996	-482.99444	0.057446944	-7.325521	-479.17943	-473.13943	-467.26062
6	650	-325.73933	-321.17543	-322.41813	4.5638996	1.2426963	-317.79015	-305.9196	-305.91839
6	651	-528.83831	-508.65615	-504.7641	20.18216	-3.8920545	-512.20063	-497.72463	-487.67377
6	652	-500.4292	-474.23372	-475.75686	26.195471	1.5231336	-485.12985	-458.43603	-458.43755
6	653	-573.97728	-552.59258	-554.06489	21.384701	1.4723047	-559.13634	-537.04173	-536.65161
6	654	-467.2612	-460.79637	-456.22551	6.464832	-4.5708604	-464.38159	-448.07337	-440.90973
6	655	-501.93256	-491.38917	-478.32506	10.543391	-13.064116	-482.81563	-466.87773	-453.25773
6	656	-410.53139	-404.57987	-406.30895	5.9515236	1.729085	-402.7138	-392.39557	-392.40244
6	657	-540.35246	-543.02845	-540.9784	-2.6759842	-2.050049	-527.21202	-526.61879	-526.24323
6	658	-263.68918	-263.29847	-263.78292	0.3907078	0.48444838	-260.65952	-255.32408	-255.3268
6	659	-891.7517	-835.87256	-835.9418	55.879136	0.069231753	-877.40527	-814.25338	-814.25603
6	660	-476.25387	-468.03633	-463.26041	8.2175463	-4.7759147	-471.39944	-454.1958	-447.63749
6	661	-857.4244	-826.98182	-807.67337	30.442572	-19.308452	-844.9702	-809.2366	-790.97971
6	662	-570.17299	-559.98375	-553.76966	10.189238	-6.2140895	-554.8923	-542.28672	-538.70125
6	663	-465.73941	-455.25668	-455.58545	10.482729	0.32877192	-450.45329	-441.24268	-438.4591
6	664	-441.46624	-441.54727	-441.26507	-0.08103617	-0.28220632	-434.22033	-429.3629	-421.79245
6	665	-521.05525	-519.85337	-519.57177	1.2018818	-0.28160327	-511.83513	-505.91481	-500.84305
6	666	-629.79611	-622.53173	-622.21285	7.2643754	-0.31888612	-616.33148	-604.1419	-603.676
6	667	-395.98467	-388.81311	-389.62542	7.1715586	0.81230768	-393.51777	-382.05943	-381.28583
6	668	-344.56643	-340.56632	-340.3278	4.0001076	-0.23851639	-339.15613	-334.58946	-329.77234
6	669	-646.6999	-620.21788	-619.81791	26.482021	-0.39997824	-630.13521	-597.55182	-597.54673
6	670	-495.93259	-475.92234	-476.99348	20.010253	1.0711392	-482.98089	-459.83803	-459.83899
6	671	-392.32568	-380.45723	-382.32053	11.868448	1.8632956	-382.05947	-369.74158	-369.73988
6	672	-608.29435	-607.57778	-586.40899	0.71656709	-21.168785	-595.4514	-588.18246	-569.95531
6	673	-638.64315	-606.14549	-607.67383	32.497662	1.5283411	-624.85036	-591.70588	-591.70463
6	674	-546.7142	-529.48539	-518.44956	17.228812	-11.035834	-530.57109	-511.24477	-499.63222
6	675	-814.82726	-784.56552	-776.66455	30.261735	-7.9009793	-802.33217	-763.57917	-755.17445
6	676	-371.08429	-365.01926	-366.22827	6.0650243	1.2090043	-366.46832	-356.3378	-355.75172
6	677	-995.62232	-911.53549	-886.00018	84.086839	-25.535303	-980.61677	-892.94521	-868.02864
6	678	-789.93098	-732.31755	-732.45704	57.613423	0.13948253	-775.26663	-714.44322	-711.36902
6	679	-464.60178	-447.6056	-448.50597	16.996178	0.90037532	-453.69614	-433.57002	-433.61323
6	680	-735.8174	-682.77978	-652.93027	53.03762	-29.849509	-718.24039	-661.87109	-633.18681
6	681	-454.38709	-420.6991	-420.5769	33.687992	-0.12220377	-440.99789	-411.76581	-407.57606
6	682	-331.09648	-331.66303	-330.30502	-0.56654679	-1.3580054	-324.18633	-322.66344	-313.40733
6	683	-490.2248	-479.7977	-481.49579	10.427094	1.6980821	-480.99689	-466.17828	-464.21866
6	684	-1164.1526	-1088.5636	-1082.4444	75.588918	-6.1192661	-1152.4402	-1065.6595	-1057.8249
6	685	-407.28836	-404.58633	-404.947	2.7020384	0.36067819	-403.58183	-394.97283	-393.1112
6	686	-553.44028	-547.93723	-547.34177	5.5030495	-0.59545805	-537.09126	-525.54306	-525.5192
6	687	-634.20028	-610.38805	-612.3262	23.812235	1.9381551	-620.94594	-601.21772	-601.2662
6	688	-346.88201	-334.12168	-331.89349	12.760327	-2.2281869	-334.51182	-326.06898	-319.72145
6	689	-493.30116	-490.84989	-492.58973	2.4512746	1.7398397	-484.19594	-476.44832	-472.93615
6	690	-648.61725	-636.99393	-637.31711	11.623326	0.32318856	-635.91056	-617.4659	-616.79115
6	691	-763.57903	-737.89459	-738.18754	25.68444	0.29294931	-749.40575	-716.2119	-716.21535
6	692	-978.85387	-888.97586	-889.06952	89.878012	0.093665189	-965.00118	-867.5611	-867.5246
6	693	-358.60288	-358.95763	-359.44285	-0.35474628	0.48522392	-350.0427	-349.91257	-349.91979
6	694	-473.2988	-463.54343	-464.96139	9.7553716	1.4179613	-460.02635	-450.40731	-449.19684
6	695	-531.82451	-518.27777	-517.2405	13.546739	-1.037273	-518.9138	-498.9583	-493.63457
6	696	-677.67207	-631.00648	-631.73982	46.665588	0.73334029	-662.03059	-617.32866	-617.57691
6	697	-449.29627	-446.9175	-440.57614	2.3787701	-6.3413633	-432.28935	-431.56112	-424.42504
6	698	-454.28256	-451.90453	-451.40275	2.3780249	-0.5017855	-451.675	-445.66564	-441.67357
6	699	-377.30236	-376.17016	-376.58468	1.1322016	0.41451985	-373.52297	-366.17354	-361.56341
6	700	-661.26596	-639.46072	-630.73286	21.805245	-8.7278598	-643.79554	-617.91306	-611.16076
6	701	-609.64379	-584.60759	-581.19508	25.036206	-3.4125057	-591.02566	-562.2938	-560.34272
6	702	-440.97648	-431.89737	-433.33884	9.0791132	1.4414709	-438.55774	-421.30214	-420.65938
6	703	-529.4818	-509.26421	-492.59837	20.217588	-16.665845	-510.78922	-491.33378	-475.19945
6	704	-287.67705	-286.35908	-285.86398	1.3179704	-0.49509514	-281.02686	-271.81317	-268.8501
6	705	-622.28701	-618.34384	-618.24027	3.9431725	-0.10356716	-609.23083	-599.12083	-597.45563
6	706	-671.11935	-654.59355	-645.79926	16.525801	-8.7942898	-659.53938	-633.35256	-622.52304
6	707	-847.4094	-810.86043	-810.25196	36.548971	-0.60846929	-828.22063	-788.03721	-788.03144
6	708	-883.53204	-847.96974	-820.7152	35.562297	-27.254537	-867.60296	-830.57341	-800.33244
6	709	-283.67592	-275.81925	-276.36783	7.8566732	0.54857892	-275.54575	-266.59698	-266.77341
6	710	-561.7082	-562.5375	-551.88468	-0.82930239	-10.652817	-548.77744	-539.28701	-530.23538
6	711	-509.81293	-506.60072	-505.97611	3.2122094	-0.6246174	-507.68727	-496.66411	-490.40798
6	712	-516.56676	-517.48016	-511.79206	-0.91340105	-5.6880991	-503.17719	-496.34991	-489.7656
6	713	-307.68287	-307.32724	-307.61914	0.35562904	0.29189694	-300.03903	-295.35939	-292.58398
6	714	-576.99839	-564.66144	-566.1948	12.336946	1.5333554	-564.46811	-548.90426	-548.29054
6	715	-417.12945	-410.70382	-414.02326	6.425627	3.3194388	-405.08099	-396.74153	-394.37004
6	716	-300.18094	-294.0464	-294.91785	6.1345393	0.87144979	-290.28663	-287.96655	-287.65175
6	717	-453.53813	-431.07919	-432.91871	22.458938	1.8395203	-437.96272	-418.65311	-416.58435
6	718	-624.9538	-596.23047	-588.33358	28.723324	-7.8968952	-606.45805	-575.14798	-571.18214
6	719	-646.72233	-622.90635	-623.88242	23.815974	0.97606894	-632.33671	-607.73363	-604.07808
6	720	-373.62058	-374.75872	-364.34663	-1.1381455	-10.412088	-362.95253	-357.2193	-351.63515
6	721	-391.5748	-389.35224	-389.47303	2.2225618	0.12079263	-385.64402	-383.6618	-378.64638
6	722	-359.35506	-358.46139	-359.13984	0.89367367	0.67845622	-356.72853	-349.59377	-349.6078
6	723	-636.45755	-631.73662	-617.62479	4.7209257	-14.111831	-621.18051	-611.6199	-595.06341
6	724	-624.3643	-623.88423	-617.47916	0.48006937	-6.4050677	-608.40361	-607.4741	-597.1413
6	725	-574.27939	-564.05191	-566.0281	10.227479	1.9761958	-560.07647	-544.04121	-544.09815
6	726	-775.35118	-734.81883	-725.96595	40.532356	-8.8528777	-760.47457	-714.49484	-704.31823
6	727	-479.9343	-449.26647	-451.70724	30.667838	2.4407763	-467.3365	-436.29756	-436.09049
6	728	-379.60618	-378.68152	-378.57891	0.92466383	-0.10260726	-377.04271	-369.72372	-364.42494
6	729	-998.65816	-935.19681	-935.7999	63.461342	0.60308652	-985.77798	-916.02028	-915.99888
6	730	-721.8629	-706.00621	-702.90968	15.856689	-3.0965236	-707.19844	-683.84899	-680.3968
6	731	-607.2935	-602.23756	-590.49854	5.0559474	-11.739021	-591.58153	-581.90436	-571.01436
6	732	-490.11368	-484.9528	-468.26936	5.1608774	-16.683439	-475.98771	-466.98318	-453.71957
6	733	-460.99362	-456.30943	-456.24529	4.6841849	-0.064141429	-451.20596	-442.62579	-439.86244
6	734	-372.16584	-358.51217	-353.15427	13.653671	-5.3578965	-358.80584	-345.68151	-336.19052
6	735	-775.93084	-735.7506	-739.04344	40.180241	3.2928457	-764.63667	-719.3774	-719.39587
6	736	-891.69874	-891.47114	-832.16258	0.22760356	-59.308559	-877.55294	-874.56877	-813.9914
6	737	-454.8043	-445.77724	-447.05228	9.0270573	1.275039	-443.9857	-435.87295	-436.80302
6	738	-638.76441	-590.51136	-593.01033	48.253045	2.4989677	-625.91454	-576.65059	-576.75995
6	739	-359.48875	-351.47544	-352.62717	8.0133141	1.1517348	-355.2516	-341.16359	-341.16921
6	740	-358.51409	-355.2675	-356.00498	3.2465912	0.73747777	-355.15639	-346.22736	-344.90616
6	741	-600.21857	-589.44157	-588.64253	10.777005	-0.79904132	-586.42379	-567.97726	-567.71008
6	742	-463.60773	-431.71553	-433.48334	31.892197	1.7678151	-447.48939	-412.5738	-412.59953
6	743	-639.21357	-638.44605	-605.90463	0.76751579	-32.54142	-624.96018	-617.67906	-588.35609
6	744	-397.01693	-380.01881	-382.60406	16.998118	2.5852486	-382.74051	-363.4669	-363.46775
6	745	-531.68397	-518.48774	-519.63439	13.196236	1.1466507	-520.48843	-505.92694	-505.39267
6	746	-509.36914	-504.48076	-506.74136	4.888373	2.2605935	-494.78438	-488.95391	-488.91024
6	747	-846.47078	-826.97234	-822.71608	19.498438	-4.2562622	-834.57723	-804.38979	-798.83497
6	748	-511.14312	-496.67811	-496.54469	14.46501	-0.13342012	-500.77241	-485.65154	-481.01934
6	749	-577.94368	-555.18756	-554.46884	22.756118	-0.71872171	-557.50759	-531.29373	-529.89333
6	750	-475.24263	-460.65966	-462.77689	14.582968	2.1172268	-454.80226	-441.0312	-440.8233
6	751	-678.00538	-644.10201	-645.49765	33.903365	1.3956343	-667.12703	-629.844	-629.85545
6	752	-577.70728	-555.50093	-550.27785	22.206355	-5.2230773	-561.91406	-535.43345	-527.18807
6	753	-519.94472	-502.71027	-503.28401	17.234455	0.57374316	-507.68798	-493.14803	-491.35945
6	754	-367.69863	-365.36127	-365.95006	2.3373599	0.58879262	-363.88383	-354.52364	-350.54018
6	755	-438.74734	-428.09908	-428.79679	10.648261	0.69771168	-432.68853	-417.45304	-415.16532
6	756	-849.28946	-824.38959	-806.48539	24.89987	-17.904197	-836.63547	-804.46394	-783.51539
6	757	-438.09543	-432.88311	-432.8152	5.212322	-0.067912106	-426.10645	-415.72329	-412.99912
6	758	-547.13078	-527.71308	-528.8616	19.417699	1.1485215	-531.26607	-510.67317	-510.67587
6	759	-526.69117	-528.49982	-519.05469	-1.8086492	-9.4451279	-518.67647	-508.98659	-501.70937
6	760	-429.76238	-416.33012	-418.14635	13.432257	1.8162312	-418.41374	-398.20109	-398.1655
6	761	-856.87465	-808.35164	-777.8964	48.523005	-30.455242	-840.44834	-784.03881	-753.95739
6	762	-531.93958	-507.5647	-509.66644	24.374886	2.101744	-517.38617	-492.05119	-488.63131
6	763	-1169.5587	-1048.3796	-1048.6313	121.17906	0.25168211	-1155.5827	-1027.1697	-1027.1703
6	764	-603.66666	-596.56975	-586.91712	7.096912	-9.6526263	-586.79168	-576.30844	-565.9054
6	765	-181.20952	-179.96795	-179.85381	1.241574	-0.1141368	-177.62902	-172.12108	-172.12391
6	766	-488.88833	-480.02541	-481.38302	8.8629217	1.3576113	-475.33006	-462.9862	-462.98562
6	767	-815.52871	-792.2311	-776.1807	23.297605	-16.050398	-803.05667	-770.56835	-752.71756
6	768	-502.79054	-488.98955	-485.89046	13.800986	-3.099093	-484.49879	-475.77004	-471.5241
6	769	-823.08367	-793.55771	-790.24681	29.525967	-3.3108979	-809.17659	-772.20852	-765.89654
6	770	-560.57135	-531.83358	-527.79581	28.737762	-4.0377699	-540.22789	-516.33422	-511.01503
6	771	-658.56968	-635.4282	-635.91488	23.141484	0.48668223	-644.98821	-613.73017	-613.7321
6	772	-498.04572	-477.84197	-469.505	20.203751	-8.3369661	-481.36859	-463.572	-449.86322
6	773	-634.84063	-628.9464	-615.39998	5.8942275	-13.546426	-618.68146	-606.28844	-593.04743
6	774	-367.74997	-356.9936	-355.61034	10.756374	-1.3832614	-357.42402	-349.55735	-344.84414
6	775	-259.01675	-257.17497	-258.49164	1.8417809	1.3166687	-255.93523	-249.26096	-249.25231
6	776	-824.66227	-792.53084	-792.67787	32.131424	0.14702485	-810.87316	-771.34008	-771.29405
6	777	-932.80839	-854.53242	-824.82566	78.275976	-29.706757	-918.36638	-833.19661	-806.85776
6	778	-322.45376	-323.11468	-323.40603	-0.66091463	0.29135239	-319.65602	-319.21169	-318.82835
6	779	-759.7957	-737.3064	-720.31407	22.489297	-16.992327	-741.78351	-713.98617	-697.56238
6	780	-747.77197	-683.34362	-685.39904	64.428354	2.0554247	-733.93409	-661.94557	-661.94882
6	781	-451.60108	-442.51818	-443.36987	9.0829027	0.85169507	-438.89123	-422.79104	-422.78985
6	782	-499.81416	-470.36229	-471.60017	29.451869	1.2378858	-485.33531	-455.98202	-456.01541
6	783	-305.93337	-303.02714	-303.82495	2.9062301	0.79780775	-303.09669	-294.65341	-295.17595
6	784	-389.35511	-381.90681	-380.29821	7.448309	-1.6085968	-375.55732	-369.38253	-359.48411
6	785	-740.47839	-687.93175	-689.33132	52.546646	1.3995701	-724.71303	-672.69429	-672.70037
6	786	-595.42704	-580.56684	-574.58902	14.860199	-5.9778193	-581.67176	-563.4216	-553.66022
6	787	-472.63887	-455.20592	-451.83282	17.432942	-3.3731048	-457.52758	-443.84376	-437.71485
6	788	-343.0605	-340.94353	-342.30087	2.1169658	1.3573426	-334.2441	-325.80872	-325.77733
6	789	-365.45883	-354.03753	-353.66997	11.421292	-0.36756571	-358.93249	-346.10295	-341.02418
6	790	-563.9671	-544.33174	-541.57344	19.635361	-2.758298	-552.54053	-533.20456	-526.66256
6	791	-574.69443	-555.00403	-557.58532	19.690397	2.5812903	-559.04476	-535.41379	-535.33896
6	792	-856.04251	-793.298	-795.57264	62.744518	2.2746388	-844.95992	-775.04405	-775.04149
6	793	-618.8887	-602.78032	-596.06073	16.108382	-6.7195804	-603.50388	-580.71193	-576.31805
6	794	-570.60726	-565.11612	-562.0428	5.4911472	-3.0733168	-555.70543	-548.99412	-540.669
6	795	-244.89718	-244.15923	-243.70065	0.7379499	-0.45858131	-241.60417	-237.24499	-233.70562
6	796	-535.94875	-524.51421	-517.36052	11.434535	-7.153685	-515.19482	-509.9252	-501.03905
6	797	-691.96212	-682.44541	-676.97969	9.5167032	-5.4657252	-676.78293	-661.32512	-651.30165
6	798	-759.06652	-736.61465	-736.44019	22.451874	-0.17445745	-746.71023	-715.75239	-715.84826
6	799	-1024.9109	-874.88969	-876.83509	150.02121	1.9454016	-1010.825	-863.04842	-863.05717
6	800	-432.44761	-419.62452	-419.25348	12.823094	-0.37103333	-419.11675	-408.76929	-403.61828
6	801	-885.62132	-831.21426	-831.54386	54.407059	0.3295961	-872.24079	-810.39415	-810.39336
6	802	-490.98614	-490.693	-487.58174	0.29314387	-3.1112588	-484.25913	-480.54774	-474.26296
6	803	-640.35371	-618.65025	-619.62579	21.703453	0.97553458	-624.42969	-603.18478	-601.31573
6	804	-249.40745	-249.8381	-250.37036	-0.43065009	0.53226194	-241.9172	-238.36445	-238.36454
6	805	-416.30044	-397.60021	-397.8382	18.700228	0.23798395	-405.09576	-388.80016	-384.6849
6	806	-414.95266	-407.51908	-397.05074	7.4335828	-10.468336	-398.20526	-390.2078	-377.90652
6	807	-785.79736	-728.13831	-729.55631	57.659046	1.418002	-771.58231	-713.35953	-713.35887
6	808	-442.15862	-435.45034	-435.36923	6.7082778	-0.081111703	-430.85528	-420.15045	-416.20925
6	809	-718.78512	-676.39652	-678.84915	42.388603	2.4526357	-705.65065	-660.96902	-660.96542
6	810	-611.16149	-599.36162	-594.41856	11.799874	-4.9430528	-598.0783	-580.10649	-570.6269
6	811	-497.92202	-480.44547	-472.43464	17.47655	-8.0108371	-477.42085	-458.91078	-450.38812
6	812	-853.63728	-776.92468	-778.71612	76.712595	1.791443	-837.32525	-752.59464	-752.60003
6	813	-675.93211	-659.65148	-658.09571	16.280636	-1.5557673	-662.53731	-637.14575	-636.68694
6	814	-488.34311	-487.63691	-486.66583	0.70619205	-0.97108586	-480.88823	-474.71685	-470.31035
6	815	-575.01242	-567.94814	-558.87639	7.0642773	-9.0717484	-560.78987	-545.96674	-535.00377
6	816	-561.27192	-526.91992	-529.03235	34.352005	2.1124258	-546.22591	-511.21123	-511.21393
6	817	-906.4095	-828.12863	-830.87704	78.280866	2.7484113	-891.38926	-809.98231	-809.98487
6	818	-680.18314	-660.69513	-657.41764	19.488007	-3.2774922	-663.32344	-639.00043	-635.25329
6	819	-1028.9536	-949.32703	-948.79822	79.626523	-0.52881332	-1012.7381	-924.93027	-924.92909
6	820	-568.35666	-553.60823	-554.90775	14.748427	1.2995235	-553.44862	-535.7803	-535.75616
6	821	-595.47419	-581.16858	-582.09092	14.305614	0.92233973	-576.21539	-562.80287	-562.15625
6	822	-662.7271	-656.66399	-656.06735	6.0631044	-0.59664004	-647.39925	-636.54825	-634.97457
6	823	-432.44691	-429.08211	-430.31124	3.3648043	1.2291299	-423.71903	-413.55293	-413.54251
6	824	-424.04308	-410.52048	-412.05601	13.522604	1.5355297	-408.34736	-392.64636	-392.65179
6	825	-639.49929	-615.16655	-602.02933	24.332738	-13.13722	-624.47626	-593.89348	-582.1521
6	826	-1014.7728	-961.47981	-915.13935	53.292955	-46.340454	-1003.3685	-939.63088	-891.92085
6	827	-433.29047	-429.3462	-430.13189	3.9442696	0.78568075	-424.4998	-418.15167	-417.16066
6	828	-547.12484	-523.14404	-524.39902	23.980797	1.2549803	-529.54141	-502.64194	-502.63848
6	829	-509.54239	-507.41513	-509.9024	2.1272624	2.4872665	-503.57336	-494.49088	-491.26139
6	830	-678.71307	-651.47563	-646.44503	27.23744	-5.0305961	-660.63734	-629.46093	-625.64295
6	831	-298.15766	-295.74878	-296.64934	2.4088787	0.9005608	-295.368	-287.48666	-283.58515
6	832	-564.78946	-557.76334	-557.47651	7.0261146	-0.28683471	-548.75661	-540.39661	-537.63507
6	833	-969.13344	-911.68907	-862.09602	57.444368	-49.593051	-955.84789	-901.14125	-843.64623
6	834	-758.05245	-733.05784	-733.0252	24.994607	-0.032639071	-743.25601	-712.96731	-713.16816
6	835	-382.53815	-376.7948	-377.86258	5.743345	1.0677728	-377.32322	-366.89335	-368.13868
6	836	-681.14789	-671.12125	-661.66911	10.02664	-9.4521403	-665.69109	-650.53319	-638.8057
6	837	-478.86525	-477.00064	-481.27102	1.8646155	4.2703841	-468.63495	-462.29689	-462.33188
6	838	-672.56622	-634.90617	-624.22761	37.660054	-10.678561	-654.05695	-615.05614	-607.43768
6	839	-706.78883	-667.67246	-642.50919	39.116366	-25.16327	-692.10944	-643.66633	-627.04704
6	840	-1002.082	-929.41468	-899.25412	72.667297	-30.160557	-989.85681	-919.51205	-881.03066
6	841	-980.59129	-930.30087	-910.15601	50.290416	-20.14486	-966.67442	-911.95708	-893.33747
6	842	-908.45155	-877.57946	-847.01669	30.872087	-30.56277	-894.01512	-861.65442	-829.68144
6	843	-610.0717	-597.07052	-586.21169	13.001178	-10.858829	-594.46923	-578.15718	-567.45646
6	844	-714.70271	-709.97138	-706.92061	4.7313224	-3.0507769	-702.53443	-689.73735	-682.82979
6	845	-401.45829	-400.51142	-397.8376	0.94686609	-2.6738247	-393.88064	-388.0526	-379.52757
6	846	-617.65977	-598.98907	-601.49262	18.670703	2.503548	-603.94409	-580.05175	-580.07009
6	847	-401.86647	-397.34539	-396.81446	4.5210726	-0.5309283	-399.46936	-388.09712	-383.14738
6	848	-446.08914	-441.36037	-442.29298	4.7287716	0.93260778	-439.14384	-433.80203	-433.83572
6	849	-524.78833	-514.03468	-507.83251	10.753659	-6.2021614	-511.1812	-494.94256	-486.75958
6	850	-277.7966	-276.40106	-277.38183	1.3955336	0.98076964	-274.83084	-268.25974	-268.28104
6	851	-389.68656	-379.09387	-380.72887	10.592685	1.6349925	-382.81008	-367.6419	-367.63238
6	852	-598.64639	-592.10507	-585.20317	6.5413243	-6.9018979	-581.82235	-584.75528	-565.09332
6	853	-402.02847	-395.22331	-383.59902	6.8051595	-11.624286	-386.15216	-388.26269	-365.45682
6	854	-380.5871	-375.027	-376.26632	5.5600988	1.2393181	-376.44532	-365.76106	-365.77422
6	855	-579.17254	-547.62525	-549.08806	31.547294	1.4628083	-566.76152	-538.08385	-538.08265
6	856	-577.70872	-571.23372	-568.05073	6.4750058	-3.1829916	-562.21037	-549.0104	-545.36033
6	857	-844.4224	-828.57185	-817.43935	15.850549	-11.132497	-832.86442	-810.65088	-795.68362
6	858	-550.48428	-526.76305	-528.61678	23.721227	1.8537304	-536.47817	-509.45621	-509.42412
6	859	-703.2952	-696.06135	-677.76865	7.2338531	-18.292697	-686.13414	-672.47794	-655.65225
6	860	-431.41798	-425.57409	-427.08988	5.8438857	1.5157921	-428.77212	-414.62952	-414.62233
6	861	-689.09778	-664.48846	-657.87551	24.609328	-6.6129446	-670.58887	-641.50879	-633.06623
6	862	-509.87758	-508.15223	-497.55154	1.7253494	-10.600689	-491.87777	-486.92572	-475.35127
6	863	-432.23723	-424.68759	-425.91986	7.5496387	1.2322619	-421.90099	-408.39938	-408.42334
6	864	-409.08048	-398.47707	-400.37966	10.603415	1.9025863	-399.30579	-385.50156	-386.16913
6	865	-712.77813	-702.58495	-690.05964	10.193181	-12.525305	-696.95541	-679.66827	-665.5683
6	866	-797.03654	-773.82726	-774.31086	23.209279	0.4835985	-785.08682	-756.55481	-756.79997
6	867	-528.09722	-517.07803	-516.62018	11.019188	-0.45784804	-507.85337	-494.37141	-494.33461
6	868	-592.5933	-586.22806	-585.98269	6.3652387	-0.24536472	-580.00676	-566.95336	-564.80398
6	869	-726.01312	-652.10791	-653.64166	73.905209	1.5337418	-711.05319	-637.18031	-637.25992
6	870	-594.7091	-575.92937	-578.27054	18.779726	2.3411685	-577.82567	-554.78591	-554.74929
6	871	-575.23848	-551.09215	-542.06128	24.146329	-9.0308679	-558.68138	-536.73138	-522.79857
6	872	-368.61584	-366.51847	-367.27533	2.0973742	0.75686082	-360.04412	-352.70209	-352.26199
6	873	-332.47959	-329.21188	-330.3051	3.2677168	1.0932215	-329.72439	-317.5394	-317.16692
6	874	-487.33877	-475.98376	-476.06318	11.355004	0.079419352	-473.56489	-464.30317	-460.38744
6	875	-459.28089	-459.04113	-459.11348	0.23976013	0.072345539	-450.81927	-446.42675	-443.97331
6	876	-676.61706	-649.74696	-651.35135	26.870102	1.6043868	-662.79617	-633.60955	-633.71323
6	877	-612.90736	-603.44076	-585.0029	9.4666035	-18.437858	-597.73643	-583.4878	-565.67706
6	878	-720.33589	-684.80727	-674.1488	35.528615	-10.658478	-703.81791	-664.36127	-651.6384
6	879	-435.53374	-433.54335	-433.9693	1.9903872	0.42594615	-432.80989	-425.25325	-423.66376
6	880	-547.49498	-535.64142	-535.24721	11.853558	-0.3942076	-531.54846	-518.88828	-514.34878
6	881	-429.59854	-424.53486	-412.18889	5.0636863	-12.345969	-414.7723	-405.56805	-392.99445
6	882	-994.35318	-904.86255	-910.86018	89.490633	5.9976355	-975.43233	-882.11557	-895.45442
6	883	-357.85203	-351.55351	-353.23345	6.2985154	1.6799389	-355.26998	-340.38561	-340.42859
6	884	-609.79113	-597.54603	-585.4956	12.245103	-12.050428	-595.16644	-575.67771	-565.06496
6	885	-857.75667	-819.67362	-772.51133	38.083041	-47.162296	-839.02018	-796.95537	-749.92151
6	886	-345.94594	-344.01104	-344.11385	1.9349035	0.10281681	-343.36583	-336.22623	-332.49391
6	887	-515.91424	-494.3849	-491.58405	21.529347	-2.8008403	-500.18209	-477.42332	-474.72778
6	888	-947.9329	-900.70415	-900.9562	47.228748	0.25204674	-936.22677	-881.75839	-881.56731
6	889	-499.77612	-482.33003	-483.93127	17.446087	1.6012331	-487.50717	-471.99717	-472.01436
6	890	-472.29742	-458.86278	-460.26841	13.43464	1.4056301	-457.77393	-444.25806	-444.74585
6	891	-295.19541	-291.61327	-292.39471	3.5821382	0.7814441	-292.30811	-283.02275	-280.26831
6	892	-429.26543	-422.4943	-423.00442	6.7711298	0.51012858	-426.02129	-415.44181	-410.55003
6	893	-637.74497	-628.47732	-627.2595	9.2676557	-1.217811	-625.82186	-606.86386	-604.19008
6	894	-585.54467	-557.08527	-558.6594	28.459393	1.5741298	-570.2463	-538.97825	-538.97681
6	895	-443.40764	-419.89268	-416.70307	23.514961	-3.1896104	-429.80257	-411.88501	-403.67064
6	896	-501.04172	-484.18306	-488.99138	16.858662	4.808328	-490.29355	-469.2057	-465.30758
6	897	-497.54151	-493.61547	-490.93659	3.9260425	-2.678886	-489.89709	-480.7205	-473.49944
6	898	-670.67458	-657.11514	-644.39907	13.559433	-12.716074	-657.36843	-639.99686	-623.79568
6	899	-619.96556	-607.20758	-593.04635	12.757978	-14.16123	-603.22213	-586.89862	-575.15955
6	900	-618.99192	-607.27254	-607.60622	11.71938	0.33368777	-606.40041	-587.88385	-587.84359
6	901	-932.85319	-898.40718	-870.11389	34.446013	-28.29329	-919.22074	-882.03801	-855.60055
6	902	-654.44723	-629.58903	-623.81262	24.858199	-5.7764107	-637.66989	-605.19447	-597.96163
6	903	-422.01536	-418.41306	-417.81837	3.6023006	-0.59469402	-414.87621	-411.79215	-402.92018
6	904	-1002.2853	-913.67268	-877.79406	88.612599	-35.878613	-989.83521	-897.67848	-850.28415
6	905	-312.3413	-311.07203	-310.97262	1.2692708	-0.099406347	-303.57438	-296.43606	-296.4869
6	906	-436.15809	-431.9397	-428.01719	4.2183879	-3.9225114	-424.3172	-415.44622	-407.34302
6	907	-536.98973	-538.97173	-534.1591	-1.9820063	-4.8126382	-527.29271	-518.84384	-511.63856
6	908	-333.40226	-331.00038	-331.7614	2.4018772	0.76101453	-328.44563	-319.77128	-319.35292
6	909	-1675.6409	-1435.8027	-1429.4193	239.83817	-6.3834575	-1663.8213	-1418.8425	-1407.295
6	910	-720.23364	-681.46044	-683.0449	38.773204	1.58446	-707.37537	-666.3154	-666.18534
6	911	-443.91234	-444.37635	-445.21876	-0.46401109	0.84241015	-426.41335	-426.06445	-426.17896
6	912	-592.49556	-567.26267	-569.19826	25.232889	1.9355931	-579.05827	-555.69568	-555.64033
6	913	-1021.1621	-965.06352	-965.20592	56.098568	0.14239643	-1009.8976	-950.0003	-949.98449
6	914	-475.12928	-473.47819	-474.04063	1.6510995	0.56244116	-464.16778	-460.18173	-460.12202
6	915	-401.61102	-401.72224	-388.02284	-0.11121672	-13.699393	-389.55582	-388.48549	-375.06314
6	916	-507.81596	-496.08542	-497.78214	11.730543	1.6967242	-495.1829	-482.5446	-482.20279
6	917	-408.07372	-408.59764	-409.00829	-0.52392687	0.41064412	-400.01232	-398.73399	-399.12968
6	918	-997.00062	-848.96356	-851.07994	148.03706	2.1163826	-980.3834	-832.90408	-832.89856
6	919	-464.42353	-452.66912	-453.98177	11.754416	1.3126551	-452.45009	-438.7553	-438.75087
6	920	-560.95215	-541.35515	-541.86833	19.596997	0.51317771	-544.85397	-524.64287	-524.47154
6	921	-393.51488	-390.52034	-391.18221	2.9945334	0.66186791	-390.37657	-382.16332	-381.69899
6	922	-605.70352	-594.50473	-574.34526	11.19879	-20.159468	-588.91958	-573.52034	-555.15737
6	923	-497.75125	-493.91646	-495.14888	3.8347879	1.2324227	-491.4321	-477.14284	-476.24552
6	924	-468.65228	-452.14467	-452.72524	16.507608	0.58057077	-450.30093	-430.90895	-430.83707
6	925	-500.2043	-479.87233	-481.58981	20.331966	1.7174765	-487.46003	-467.86734	-468.04105
6	926	-585.02402	-583.75284	-581.51018	1.2711786	-2.2426655	-568.49609	-566.70762	-562.68688
6	927	-679.84052	-646.96536	-644.9015	32.875156	-2.063861	-663.65864	-623.98219	-623.28963
6	928	-370.93756	-368.24747	-368.75891	2.6900861	0.51144571	-365.06291	-359.46043	-357.16794
6	929	-453.76722	-432.93389	-434.59434	20.833337	1.6604519	-438.88062	-416.54303	-416.48302
6	930	-330.79846	-328.8209	-329.45441	1.977555	0.63350394	-328.15217	-321.8078	-321.75661
6	931	-500.4931	-488.46241	-489.7573	12.030689	1.2948887	-488.59107	-476.66732	-476.85396
6	932	-561.5521	-553.83317	-551.62734	7.7189313	-2.2058365	-547.42505	-538.08244	-528.72384
6	933	-464.59379	-460.72451	-460.22747	3.869285	-0.49703567	-452.95462	-449.90022	-442.83934
6	934	-397.0996	-397.11923	-389.44511	-0.019626437	-7.6741159	-385.17875	-383.02141	-379.72323
6	935	-447.28986	-446.37775	-447.01017	0.91210509	0.63241828	-439.45887	-433.53726	-433.54696
6	936	-646.597	-617.00464	-618.72565	29.59236	1.7210091	-630.58232	-598.45641	-598.45055
6	937	-323.66037	-324.06718	-324.50236	-0.40681155	0.43518201	-318.074	-315.93198	-316.11097
6	938	-506.49883	-499.38375	-492.82401	7.1150816	-6.5597398	-494.77682	-485.34797	-476.86318
6	939	-440.39061	-432.19184	-429.07441	8.198774	-3.1174263	-428.42176	-415.42756	-409.60656
6	940	-896.10671	-853.14899	-845.92703	42.95772	-7.2219517	-882.05555	-829.5484	-820.43468
6	941	-734.53126	-723.84355	-709.46914	10.687716	-14.374409	-718.81195	-704.2071	-688.47928
6	942	-462.21598	-447.97612	-448.87509	14.239863	0.89897088	-453.30985	-437.88527	-435.55776
6	943	-347.54052	-347.01539	-346.92246	0.52512838	-0.092929722	-338.8496	-336.86067	-333.43453
6	944	-547.81138	-539.14919	-534.06363	8.6621916	-5.0855558	-534.81909	-526.39012	-521.6886
6	945	-464.87009	-456.63217	-453.32897	8.2379217	-3.3031982	-449.74886	-440.34835	-432.90201
6	946	-342.86518	-341.61709	-342.18321	1.2480889	0.56612013	-335.15746	-329.01065	-327.17274
6	947	-386.48655	-383.83939	-384.86678	2.6471529	1.0273813	-379.08437	-375.77772	-375.28515
6	948	-414.16986	-394.82845	-394.46067	19.341412	-0.36777902	-396.89936	-377.91644	-378.19243
6	949	-392.0251	-385.09409	-386.20456	6.93101	1.1104732	-389.52461	-376.53023	-372.9309
6	950	-685.61906	-669.87464	-666.9583	15.744425	-2.9163399	-674.06099	-649.208	-644.91246
6	951	-337.14471	-325.42526	-326.53974	11.719447	1.1144765	-330.14429	-317.06802	-317.06626
6	952	-279.7191	-269.92579	-271.25755	9.7933038	1.3317601	-276.86531	-259.88964	-259.90394
6	953	-217.20061	-217.77091	-218.19382	-0.5702924	0.42291854	-213.77921	-212.10321	-212.10439
6	954	-821.23121	-789.43507	-789.27076	31.796143	-0.16430969	-806.61256	-765.81604	-765.80769
6	955	-995.47487	-937.76749	-937.7353	57.707378	-0.032199388	-983.44107	-916.75103	-916.75111
6	956	-689.34569	-666.09817	-643.44283	23.247516	-22.655341	-672.9264	-649.42134	-622.90873
6	957	-539.41772	-530.19445	-530.06366	9.2232748	-0.13078643	-527.21803	-520.79599	-516.41362
6	958	-577.90018	-553.59499	-555.1273	24.305197	1.5323166	-567.24713	-540.69523	-540.72373
6	959	-196.52596	-196.87258	-197.59986	-0.34661436	0.72728728	-193.10796	-191.25873	-191.26147
6	960	-485.48293	-476.63285	-477.89503	8.8500859	1.2621858	-475.61424	-461.92291	-462.71709
6	961	-454.0308	-452.53089	-450.82035	1.4999052	-1.7105475	-443.8801	-436.64239	-430.42984
6	962	-588.03121	-561.33218	-555.73773	26.699021	-5.594459	-570.90489	-545.07159	-534.59138
6	963	-388.75333	-389.47813	-389.38014	-0.72479888	-0.097985887	-379.86353	-380.49306	-378.57291
6	964	-974.77134	-859.78688	-862.88699	114.98446	3.1001102	-958.5158	-839.89487	-839.73349
6	965	-320.21271	-309.46554	-310.90286	10.747168	1.4373261	-313.84223	-298.27133	-298.27262
6	966	-728.45149	-720.49036	-719.22783	7.9611347	-1.2625314	-714.39034	-701.48969	-694.88316
6	967	-593.68691	-567.29143	-568.31166	26.395481	1.0202272	-580.03108	-555.63248	-555.14712
6	968	-686.22955	-675.45402	-665.5775	10.775532	-9.8765248	-672.19051	-659.15356	-649.9994
6	969	-527.78829	-528.20598	-521.78651	-0.41768834	-6.4194653	-519.91837	-507.6036	-498.95197
6	970	-795.56383	-763.79305	-763.38112	31.77078	-0.41192812	-783.26123	-742.81864	-739.17946
6	971	-603.98405	-593.15831	-591.28751	10.825736	-1.8708012	-588.09367	-571.50674	-571.32968
6	972	-445.28563	-426.94709	-428.7117	18.338549	1.7646133	-436.40862	-416.12553	-416.11943
6	973	-448.33373	-447.8282	-448.5034	0.5055341	0.67520092	-441.55692	-434.94621	-431.04204
6	974	-548.8304	-510.60204	-511.83812	38.228361	1.2360819	-535.33021	-502.51915	-502.52425
6	975	-322.95146	-321.92487	-322.79669	1.0265932	0.87182428	-314.42941	-308.00102	-308.00665
6	976	-409.42833	-408.43154	-409.26499	0.99678741	0.83344238	-404.98364	-398.46613	-398.33827
6	977	-636.92553	-622.58151	-624.18607	14.344013	1.6045568	-624.03726	-602.25898	-602.17173
6	978	-675.65228	-647.21463	-632.93803	28.437653	-14.276599	-660.17483	-624.16326	-614.48228
6	979	-679.92908	-668.12531	-653.91683	11.803763	-14.208483	-665.3224	-649.05618	-635.66255
6	980	-282.61187	-280.16077	-280.79859	2.4510981	0.63781491	-279.79285	-272.87902	-272.89115
6	981	-603.99282	-593.82079	-569.01437	10.172033	-24.806418	-585.34789	-572.21367	-547.62295
6	982	-925.03586	-908.62059	-916.0491	16.415264	7.4285057	-913.53531	-892.70441	-892.53152
6	983	-322.40975	-316.82517	-318.4151	5.5845842	1.5899307	-319.65488	-306.90259	-306.90281
6	984	-1054.9371	-963.41781	-893.71515	91.519294	-69.702658	-1035.6401	-943.81008	-874.53146
6	985	-340.16542	-331.27036	-332.87881	8.8950604	1.6084477	-326.36604	-315.64075	-315.63757
6	986	-707.06027	-672.93284	-657.15601	34.127427	-15.776832	-691.46167	-662.32791	-641.48111
6	987	-539.87679	-540.3468	-539.75001	-0.47000998	-0.59679343	-526.26961	-525.42944	-525.26774
6	988	-605.2725	-593.4445	-583.25819	11.828005	-10.186308	-588.50651	-575.30277	-564.40437
6	989	-383.79239	-375.52302	-372.87149	8.2693699	-2.6515363	-377.88883	-367.26216	-357.68472
6	990	-326.09932	-323.65448	-324.32245	2.4448408	0.66797637	-323.51253	-315.10296	-314.00352
6	991	-267.24366	-267.78383	-266.62577	-0.54016759	-1.1580624	-264.32368	-262.63207	-257.74281
6	992	-473.25699	-469.77081	-471.89716	3.4861739	2.1263504	-461.76229	-455.82634	-451.81887
6	993	-792.62881	-775.88112	-755.67408	16.747696	-20.20704	-778.32995	-761.46577	-738.65051
6	994	-468.40353	-457.73907	-459.12495	10.664462	1.3858775	-457.28403	-442.5589	-442.61714
6	995	-1142.9898	-1013.9332	-1012.1588	129.05658	-1.7743949	-1128.0002	-996.11835	-989.54599
6	996	-561.39867	-555.51627	-541.64951	5.882402	-13.866759	-547.1684	-537.23224	-528.15308
6	997	-653.61898	-640.07221	-639.38152	13.546766	-0.69069351	-638.39174	-622.749	-617.95397
6	998	-721.17612	-688.28905	-676.6369	32.887069	-11.652146	-706.20191	-671.14401	-662.27958
6	999	-744.12831	-680.04482	-682.17188	64.083491	2.127055	-727.92097	-661.93115	-662.0538
