No.	n_rate	c_rate	g_rate	l_rate	l2_rate	halLeu_0	halLeu_1	halLeu_2	halLeu_3	nipNip_0	nipNip_1	nipNip_2	nipNip_3	galGal_0	galGal_1	galGal_2	galGal_3	aptHaa_0	aptHaa_1	aptHaa_2	aptHaa_3	aptOwe_0	aptOwe_1	aptOwe_2	aptOwe_3	aptRow_0	aptRow_1	aptRow_2	aptRow_3	casCas_0	casCas_1	casCas_2	casCas_3	droNov_0	droNov_1	droNov_2	droNov_3	rheAme_0	rheAme_1	rheAme_2	rheAme_3	rhePen_0	rhePen_1	rhePen_2	rhePen_3	cryCin_0	cryCin_1	cryCin_2	cryCin_3	tinGut_0	tinGut_1	tinGut_2	tinGut_3	eudEle_0	eudEle_1	eudEle_2	eudEle_3	notPer_0	notPer_1	notPer_2	notPer_3	anoDid_0	anoDid_1	anoDid_2	anoDid_3	strCam_0	strCam_1	strCam_2	strCam_3	taeGut-aptFor_0	taeGut-aptFor_1	taeGut-aptFor_2	taeGut-aptFor_3	taeGut-galGal_0	taeGut-galGal_1	taeGut-galGal_2	taeGut-galGal_3	aptHaa-aptOwe_0	aptHaa-aptOwe_1	aptHaa-aptOwe_2	aptHaa-aptOwe_3	aptHaa-aptRow_0	aptHaa-aptRow_1	aptHaa-aptRow_2	aptHaa-aptRow_3	casCas-droNov_0	casCas-droNov_1	casCas-droNov_2	casCas-droNov_3	aptHaa-casCas_0	aptHaa-casCas_1	aptHaa-casCas_2	aptHaa-casCas_3	rheAme-rhePen_0	rheAme-rhePen_1	rheAme-rhePen_2	rheAme-rhePen_3	aptHaa-rheAme_0	aptHaa-rheAme_1	aptHaa-rheAme_2	aptHaa-rheAme_3	cryCin-tinGut_0	cryCin-tinGut_1	cryCin-tinGut_2	cryCin-tinGut_3	eudEle-notPer_0	eudEle-notPer_1	eudEle-notPer_2	eudEle-notPer_3	cryCin-eudEle_0	cryCin-eudEle_1	cryCin-eudEle_2	cryCin-eudEle_3	cryCin-anoDid_0	cryCin-anoDid_1	cryCin-anoDid_2	cryCin-anoDid_3	aptHaa-cryCin_0	aptHaa-cryCin_1	aptHaa-cryCin_2	aptHaa-cryCin_3	aptHaa-strCam_0	aptHaa-strCam_1	aptHaa-strCam_2	aptHaa-strCam_3	taeGut-aptHaa_0	taeGut-aptHaa_1	taeGut-aptHaa_2	taeGut-aptHaa_3
18	2.58369	0.132019	0.592698	0.751717	0	0	0	1	0	0	0	1	0	0	0	1	0	0	0	0	1	0	0	0	1	0	0	0	1	0	0	1	0	0	0	1	0	0	0	0	1	0	0	0	1	0	0	1	0	0	0	1	0	0	0	1	0	0	0	1	0	0	0	1	0	0	0.034	0.966	0	0	0	1	0	0	0.002	0.998	0	0	0	0.067	0.933	0	0	0.2305	0.7695	0	0	1	0	0	0	1	0	0	0	0.0005	0.9995	0	0	1	0	0	0	1	0	0	0	1	0	0	0	1	0	0	0.0005	0.9995	0	0	0.0035	0.9965	0	0	0.0365	0.9635	0	0	0.276	0.724	0
0	2.72333	0.283818	0.609316	0.797323	0	0	0.0005	0.9995	0	0	0.0025	0.9975	0	0	0	1	0	0	0	0	1	0	0	0	1	0	0	0	1	0	0	1	0	0	0	1	0	0	0	0	1	0	0	0	1	0	0	1	0	0	0	1	0	0	0	1	0	0	0	1	0	0	0	1	0	0	0.15	0.85	0	0	0.0065	0.9935	0	0	0.157	0.843	0	0	0	0	1	0	0	0.0005	0.9995	0	0	1	0	0	0	1	0	0	0	0	1	0	0	1	0	0	0	1	0	0	0	1	0	0	0	1	0	0	0.002	0.998	0	0	0.0215	0.9785	0	0	0.267	0.733	0	0	0.537	0.463	0
14	2.48562	0.172355	0.572145	0.78671	0	0	0.0005	0.9995	0	0	0.007	0.993	0	0	0.1985	0.8015	0	0	0	0	1	0	0	0	1	0	0	0	1	0	0	1	0	0	0	1	0	0	0	0	1	0	0	0	1	0	0	1	0	0	0	1	0	0	0	1	0	0	0	1	0	0	0	1	0	0	0.014	0.986	0	0	0.0105	0.9895	0	0	0.2755	0.7245	0	0	0	0	1	0	0	0	1	0	0	1	0	0	0	1	0	0	0	0	1	0	0	1	0	0	0	1	0	0	0	1	0	0	0	1	0	0	0.001	0.999	0	0	0.0095	0.9905	0	0	0.1185	0.8815	0	0	0.523	0.477	0
8	3.00595	0.187817	0.620066	0.681185	0	0	0	1	0	0	0	1	0	0	0	1	0	0	0	0	1	0	0	0	1	0	0	0	1	0	0	1	0	0	0.0005	0.9995	0	0	0	0.0055	0.9945	0	0	0	1	0	0	1	0	0	0	1	0	0	0	1	0	0	0	1	0	0	0	1	0	0	0.006	0.994	0	0	0.0005	0.9995	0	0	0.066	0.934	0	0	0	0	1	0	0	0.8325	0.1675	0	0.0005	0.9995	0	0	0.001	0.999	0	0	0	0.3905	0.6095	0	0.0025	0.9975	0	0	0	1	0	0	0	1	0	0	0	1	0	0	0.0025	0.9975	0	0	0.007	0.993	0	0	0.0705	0.9295	0	0	0.3595	0.6405	0
19	3.07579	0.310715	0.475338	0.707551	0	0	0.0005	0.9995	0	0	0.001	0.999	0	0	0	1	0	0	0	0	1	0	0	0	1	0	0	0	1	0	0.1275	0.8725	0	0	0.1885	0.8115	0	0	0.189	0.04	0.771	0	0.138	0.1425	0.7195	0	0.0055	0.9945	0	0	0.0105	0.9895	0	0	0.0125	0.9875	0	0	0.0135	0.9865	0	0	0.003	0.997	0	0	0.0515	0.9485	0	0	0.0045	0.9955	0	0	0.0235	0.9765	0	0	0	0.004	0.996	0	0	0.826	0.174	0	0.1915	0.8085	0	0	0.204	0.796	0	0	0.216	0.076	0.708	0	0.218	0.782	0	0	0.0125	0.9875	0	0	0.0135	0.9865	0	0	0.0135	0.9865	0	0	0.034	0.966	0	0	0.221	0.779	0	0	0.2345	0.7655	0	0	0.4165	0.5835	0
1	3.08202	0.319507	0.593455	0.68327	0	0	0	1	0	0	0	1	0	0	0	1	0	0	0	0.0005	0.9995	0	0	0	1	0	0	0	1	0	0	1	0	0	0	1	0	0	0	0.0015	0.9985	0	0	0	1	0	0	1	0	0	0	1	0	0	0	1	0	0	0	1	0	0	0	1	0	0	0.001	0.999	0	0	0	1	0	0	0.008	0.992	0	0	0	0.0005	0.9995	0	0	0.0025	0.9975	0	0	1	0	0	0	1	0	0	0	0.988	0.012	0	0.0025	0.9975	0	0	0	1	0	0	0	1	0	0	0	1	0	0	0	1	0	0	0.003	0.997	0	0	0.013	0.987	0	0	0.254	0.746	0
15	3.83918	0.312949	0.591174	0.700442	0	0	0.0005	0.9995	0	0	0.0015	0.9985	0	0	0.002	0.998	0	0	0	0	1	0	0	0	1	0	0	0.0005	0.9995	0	0	1	0	0	0	1	0	0	0	0	1	0	0	0	1	0	0	1	0	0	0	1	0	0	0	1	0	0	0	1	0	0	0	1	0	0	0	1	0	0	0.003	0.997	0	0	0.011	0.989	0	0	0	0	1	0	0	0.948	0.052	0	0	1	0	0	0	1	0	0	0	0	1	0	0	1	0	0	0	1	0	0	0	1	0	0	0	1	0	0	0	1	0	0	0	1	0	0	0.004	0.996	0	0	0.2555	0.7445	0
9	2.48763	0.141859	0.591448	0.789581	0	0	0	1	0	0	0	1	0	0	0	1	0	0	0	0	1	0	0	0	1	0	0	0	1	0	0	1	0	0	0	1	0	0	0	0	1	0	0	0	1	0	0	1	0	0	0	1	0	0	0	1	0	0	0	1	0	0	0	1	0	0	0	1	0	0	0	1	0	0	0.0035	0.9965	0	0	0	0	1	0	0	0	1	0	0	1	0	0	0	1	0	0	0	0.001	0.999	0	0	1	0	0	0	1	0	0	0	1	0	0	0	1	0	0	0	1	0	0	0	1	0	0	0.001	0.999	0	0	0.273	0.727	0
2	1.66179	0.395294	0.547443	0.759734	0	0	0.075	0.925	0	0	0.044	0.956	0	0	0.006	0.994	0	0	0.0225	0.0155	0.962	0	0.022	0.019	0.959	0	0.024	0.08	0.896	0	0.0095	0.9905	0	0	0.0115	0.9885	0	0	0.033	0.024	0.943	0	0.039	0.0125	0.9485	0	0.0485	0.9515	0	0	0.0505	0.9495	0	0	0.051	0.949	0	0	0.05	0.95	0	0	0.05	0.95	0	0	0.032	0.968	0	0	0.099	0.901	0	0	0.122	0.878	0	0	0.027	0.018	0.955	0	0.0275	0.1245	0.848	0	0.016	0.984	0	0	0.028	0.972	0	0	0.041	0.027	0.932	0	0.041	0.959	0	0	0.0505	0.9495	0	0	0.051	0.949	0	0	0.051	0.949	0	0	0.054	0.946	0	0	0.055	0.945	0	0	0.087	0.913	0	0	0.3655	0.6345	0
16	1.55932	0.179295	0.596908	0.782455	0	0	0	1	0	0	0.0005	0.9995	0	0	0	1	0	0	0	0	1	0	0	0.003	0.997	0	0	0	1	0	0	1	0	0	0	1	0	0	0.001	0.0065	0.9925	0	0.001	0.0145	0.9845	0	0	1	0	0	0	1	0	0	0	1	0	0	0	1	0	0	0.0015	0.9985	0	0	0	1	0	0	0.0005	0.9995	0	0	0.007	0.993	0	0	0	0.006	0.994	0	0	0.017	0.983	0	0	1	0	0	0	1	0	0	0.0015	0.0235	0.975	0	0.0015	0.9985	0	0	0	1	0	0	0	1	0	0	0	1	0	0	0.0025	0.9975	0	0	0.003	0.997	0	0	0.0075	0.9925	0	0	0.251	0.749	0
10	2.13111	0.164628	0.608358	0.723406	0	0	0	1	0	0	0	1	0	0	0	1	0	0	0	0.0055	0.9945	0	0	0.0065	0.9935	0	0	0	1	0	0	1	0	0	0	1	0	0	0	0.0005	0.9995	0	0	0	1	0	0	1	0	0	0	1	0	0	0	1	0	0	0	1	0	0	0	1	0	0	0	1	0	0	0.0005	0.9995	0	0	0.0285	0.9715	0	0	0	0.008	0.992	0	0	0.616	0.384	0	0	1	0	0	0	1	0	0	0	0.069	0.931	0	0	1	0	0	0	1	0	0	0	1	0	0	0	1	0	0	0	1	0	0	0.0045	0.9955	0	0	0.0265	0.9735	0	0	0.299	0.701	0
20	4.7887	0.377479	0.594455	0.626954	0	0	0.015	0.985	0	0	0.013	0.987	0	0	0.0045	0.9955	0	0	0	0	1	0	0	0	1	0	0	0.1825	0.8175	0	0.0005	0.9995	0	0	0.0005	0.9995	0	0	0	0	1	0	0	0	1	0	0	1	0	0	0	1	0	0	0.001	0.999	0	0	0	1	0	0	0.0055	0.9945	0	0	0.0055	0.9945	0	0	0.0215	0.9785	0	0	0.053	0.947	0	0	0	0	1	0	0	0.7335	0.2665	0	0.001	0.999	0	0	0.004	0.996	0	0	0	0.97	0.03	0	0.011	0.989	0	0	0	1	0	0	0.001	0.999	0	0	0.001	0.999	0	0	0.0065	0.9935	0	0	0.022	0.978	0	0	0.0625	0.9375	0	0	0.33	0.67	0
3	2.72913	0.14252	0.591266	0.787704	0	0	0	1	0	0	0.0015	0.9985	0	0	0	1	0	0	0	0	1	0	0	0	1	0	0	0	1	0	0	1	0	0	0	1	0	0	0	0	1	0	0	0	1	0	0	1	0	0	0	1	0	0	0	1	0	0	0	1	0	0	0	1	0	0	0.0025	0.9975	0	0	0.0015	0.9985	0	0	0.029	0.971	0	0	0	0	1	0	0	0	1	0	0	1	0	0	0	1	0	0	0	0	1	0	0	1	0	0	0	1	0	0	0	1	0	0	0	1	0	0	0	1	0	0	0.005	0.995	0	0	0.036	0.964	0	0	0.29	0.71	0
17	2.37882	0.118632	0.57903	0.742862	0	0	0	1	0	0	0	1	0	0	0	1	0	0	0	0	1	0	0	0	1	0	0	0.0005	0.9995	0	0	1	0	0	0	1	0	0	0	0.0005	0.9995	0	0	0	1	0	0	1	0	0	0	1	0	0	0	1	0	0	0	1	0	0	0	1	0	0	0	1	0	0	0	1	0	0	0.0095	0.9905	0	0	0	0	1	0	0	0.3735	0.6265	0	0	1	0	0	0	1	0	0	0	0.0005	0.9995	0	0	1	0	0	0	1	0	0	0	1	0	0	0	1	0	0	0	1	0	0	0	1	0	0	0.0065	0.9935	0	0	0.249	0.751	0
21	1.60844	0.269449	0.590743	0.613675	0	0	0.0005	0.9995	0	0	0.008	0.992	0	0	0	1	0	0	0	0.0755	0.9245	0	0	0.0255	0.9745	0	0	0.0635	0.9365	0	0	1	0	0	0	1	0	0	0.0005	0.038	0.9615	0	0	0.4035	0.5965	0	0	1	0	0	0	1	0	0	0	1	0	0	0	1	0	0	0	1	0	0	0.003	0.997	0	0	0.011	0.989	0	0	0.0285	0.9715	0	0	0	0.1145	0.8855	0	0	0.228	0.772	0	0	1	0	0	0	1	0	0	0.0005	0.644	0.3555	0	0.001	0.999	0	0	0	1	0	0	0	1	0	0	0	1	0	0	0	1	0	0	0.004	0.996	0	0	0.02	0.98	0	0	0.2775	0.7225	0
11	3.15106	0.368256	0.576132	0.658093	0	0	0.039	0.961	0	0	0.03	0.97	0	0	0.0005	0.9995	0	0	0	0	1	0	0	0	1	0	0	0.1915	0.8085	0	0	1	0	0	0	1	0	0	0	0	1	0	0	0	1	0	0.008	0.992	0	0	0.001	0.999	0	0	0.0005	0.9995	0	0	0.0005	0.9995	0	0	0.004	0.996	0	0	0.019	0.981	0	0	0.0405	0.9595	0	0	0.0595	0.9405	0	0	0	0.025	0.975	0	0	0.9185	0.0815	0	0	1	0	0	0	1	0	0	0	0.0445	0.9555	0	0	1	0	0	0.008	0.992	0	0	0.001	0.999	0	0	0.0085	0.9915	0	0	0.0095	0.9905	0	0	0.0145	0.9855	0	0	0.059	0.941	0	0	0.3295	0.6705	0
4	2.22808	0.113165	0.627791	0.700571	0	0	0	1	0	0	0.0005	0.9995	0	0	0.0005	0.9995	0	0	0	0	1	0	0	0	1	0	0	0	1	0	0	1	0	0	0	1	0	0	0	0	1	0	0	0	1	0	0	1	0	0	0	1	0	0	0	1	0	0	0	1	0	0	0	1	0	0	0.0005	0.9995	0	0	0.0005	0.9995	0	0	0.027	0.973	0	0	0	0	1	0	0	0.9315	0.0685	0	0	1	0	0	0	1	0	0	0	0.0005	0.9995	0	0	1	0	0	0	1	0	0	0	1	0	0	0	1	0	0	0	1	0	0	0.0015	0.9985	0	0	0.0265	0.9735	0	0	0.2895	0.7105	0
24	2.4195	0.252644	0.628282	0.761485	0	0	0.0015	0.9985	0	0	0.0005	0.9995	0	0	0.052	0.948	0	0	0	0.004	0.996	0	0	0.014	0.986	0	0	0.0005	0.9995	0	0	1	0	0	0	1	0	0	0	0	1	0	0	0	1	0	0	1	0	0	0	1	0	0	0	1	0	0	0	1	0	0	0	1	0	0	0.0035	0.9965	0	0	0.007	0.993	0	0	0.2475	0.7525	0	0	0	0.028	0.972	0	0	0.2565	0.7435	0	0	1	0	0	0	1	0	0	0	0	1	0	0	1	0	0	0	1	0	0	0	1	0	0	0	1	0	0	0.0005	0.9995	0	0	0.014	0.986	0	0	0.208	0.792	0	0	0.5745	0.4255	0
22	2.92808	0.150656	0.582458	0.694793	0	0	0	1	0	0	0	1	0	0	0	1	0	0	0	0	1	0	0	0	1	0	0	0	1	0	0	1	0	0	0	1	0	0	0	0	1	0	0	0	1	0	0	1	0	0	0	1	0	0	0	1	0	0	0	1	0	0	0	1	0	0	0	1	0	0	0	1	0	0	0.0045	0.9955	0	0	0	0	1	0	0	0.8305	0.1695	0	0	1	0	0	0	1	0	0	0	0.003	0.997	0	0	1	0	0	0	1	0	0	0	1	0	0	0	1	0	0	0	1	0	0	0.001	0.999	0	0	0.0055	0.9945	0	0	0.254	0.746	0
12	1.90803	0.12123	0.610218	0.695735	0	0	0	1	0	0	0	1	0	0	0.0005	0.9995	0	0	0	0.017	0.983	0	0	0.001	0.999	0	0	0.001	0.999	0	0.0005	0.9995	0	0	0	1	0	0	0	0.002	0.998	0	0.001	0.001	0.998	0	0	1	0	0	0	1	0	0	0	1	0	0	0	1	0	0	0	1	0	0	0	1	0	0	0.0005	0.9995	0	0	0.027	0.973	0	0	0	0.037	0.963	0	0	0.926	0.074	0	0.0005	0.9995	0	0	0.001	0.999	0	0	0.002	0	0.998	0	0.002	0.998	0	0	0	1	0	0	0	1	0	0	0	1	0	0	0	1	0	0	0.0035	0.9965	0	0	0.0265	0.9735	0	0	0.2785	0.7215	0
5	5.08294	0.320874	0.603891	0.641743	0	0	0	1	0	0	0	1	0	0	0.001	0.999	0	0	0	0	1	0	0	0	1	0	0	0.002	0.998	0	0.0055	0.9945	0	0	0.0055	0.9945	0	0	0	0	1	0	0	0	1	0	0	1	0	0	0	1	0	0	0	1	0	0	0	1	0	0	0.002	0.998	0	0	0.0125	0.9875	0	0	0.0025	0.9975	0	0	0.031	0.969	0	0	0	0.0005	0.9995	0	0	0.999	0.001	0	0.0065	0.9935	0	0	0.009	0.991	0	0	0	1	0	0	0.012	0.988	0	0	0	1	0	0	0	1	0	0	0	1	0	0	0.0035	0.9965	0	0	0.014	0.986	0	0	0.039	0.961	0	0	0.3015	0.6985	0
13	2.39997	0.342964	0.509545	0.779008	0	0	0.001	0.999	0	0	0	1	0	0	0	1	0	0	0	0	1	0	0	0	1	0	0	0	1	0	0	1	0	0	0	1	0	0	0.0025	0.0005	0.997	0	0.0025	0.0005	0.997	0	0.1275	0.8725	0	0	0.13	0.87	0	0	0.1295	0.8705	0	0	0.1215	0.8785	0	0	0.119	0.881	0	0	0.0385	0.9615	0	0	0.001	0.999	0	0	0.006	0.994	0	0	0	0	1	0	0	0.001	0.999	0	0	1	0	0	0	1	0	0	0.003	0	0.997	0	0.003	0.997	0	0	0.13	0.87	0	0	0.13	0.87	0	0	0.13	0.87	0	0	0.13	0.87	0	0	0.13	0.87	0	0	0.1345	0.8655	0	0	0.3545	0.6455	0
25	1.68315	0.303371	0.547116	0.760295	0	0	0.001	0.999	0	0	0.0035	0.9965	0	0	0.0005	0.9995	0	0	0.0105	0.047	0.9425	0	0.0115	0.047	0.9415	0	0.024	0.0275	0.9485	0	0.0065	0.9935	0	0	0.0035	0.9965	0	0	0.04	0.026	0.934	0	0.045	0.002	0.953	0	0.0025	0.9975	0	0	0	1	0	0	0.0075	0.9925	0	0	0.0005	0.9995	0	0	0.1645	0.8355	0	0	0.2245	0.7755	0	0	0.004	0.996	0	0	0.0325	0.9675	0	0	0.0155	0.066	0.9185	0	0.027	0.087	0.886	0	0.0065	0.9935	0	0	0.027	0.973	0	0	0.046	0.1025	0.8515	0	0.0535	0.9465	0	0	0.007	0.993	0	0	0.008	0.992	0	0	0.021	0.979	0	0	0.1655	0.8345	0	0	0.1805	0.8195	0	0	0.2585	0.7415	0	0	0.461	0.539	0
23	2.19933	0.223999	0.60902	0.787143	0	0	0	1	0	0	0.001	0.999	0	0	0	1	0	0	0	0.0055	0.9945	0	0	0	1	0	0.0005	0.006	0.9935	0	0	1	0	0	0.0005	0.9995	0	0	0	0.0005	0.9995	0	0.0005	0	0.9995	0	0	1	0	0	0	1	0	0	0	1	0	0	0	1	0	0	0	1	0	0	0.0085	0.9915	0	0	0.0015	0.9985	0	0	0.0155	0.9845	0	0	0	0.021	0.979	0	0.0005	0.051	0.9485	0	0.0005	0.9995	0	0	0.0005	0.9995	0	0	0.0005	0.001	0.9985	0	0.0005	0.9995	0	0	0	1	0	0	0	1	0	0	0	1	0	0	0.0005	0.9995	0	0	0.0185	0.9815	0	0	0.0365	0.9635	0	0	0.291	0.709	0
6	2.01069	0.278022	0.587305	0.783941	0	0	0	1	0	0	0	1	0	0	0	1	0	0	0	0	1	0	0	0	1	0	0	0.002	0.998	0	0	1	0	0	0	1	0	0	0	0	1	0	0	0	1	0	0	1	0	0	0	1	0	0	0	1	0	0	0	1	0	0	0	1	0	0	0.021	0.979	0	0	0	1	0	0	0.002	0.998	0	0	0	0	1	0	0	0.042	0.958	0	0	1	0	0	0	1	0	0	0	0	1	0	0	1	0	0	0	1	0	0	0	1	0	0	0	1	0	0	0	1	0	0	0.0015	0.9985	0	0	0.022	0.978	0	0	0.2535	0.7465	0
28	5.37773	0.197573	0.602282	0.686661	0	0	0	1	0	0	0	1	0	0	0	1	0	0	0	0	1	0	0	0	1	0	0	0	1	0	0	1	0	0	0	1	0	0	0	0	1	0	0	0	1	0	0	1	0	0	0	1	0	0	0	1	0	0	0	1	0	0	0	1	0	0	0.005	0.995	0	0	0	1	0	0	0.0065	0.9935	0	0	0	0.153	0.847	0	0	0.5655	0.4345	0	0	1	0	0	0	1	0	0	0	0.503	0.497	0	0.0005	0.9995	0	0	0	1	0	0	0	1	0	0	0	1	0	0	0	1	0	0	0.002	0.998	0	0	0.014	0.986	0	0	0.2705	0.7295	0
27	3.18203	0.237909	0.599357	0.678697	0	0	0	1	0	0	0.0005	0.9995	0	0	0	1	0	0	0	0	1	0	0	0	1	0	0	0.0005	0.9995	0	0	1	0	0	0	1	0	0	0	0	1	0	0	0.017	0.983	0	0	1	0	0	0	1	0	0	0	1	0	0	0	1	0	0	0	1	0	0	0.0005	0.9995	0	0	0.0005	0.9995	0	0	0.0195	0.9805	0	0	0	0	1	0	0	0.1605	0.8395	0	0	1	0	0	0	1	0	0	0	0.938	0.062	0	0.0005	0.9995	0	0	0	1	0	0	0	1	0	0	0	1	0	0	0	1	0	0	0.0035	0.9965	0	0	0.019	0.981	0	0	0.269	0.731	0
26	1.73606	0.149849	0.63673	0.784218	0	0	0.0005	0.9995	0	0	0	1	0	0	0.0015	0.9985	0	0	0	0	1	0	0	0	1	0	0	0	1	0	0	1	0	0	0	1	0	0	0.001	0	0.999	0	0.001	0	0.999	0	0	1	0	0	0	1	0	0	0	1	0	0	0	1	0	0	0	1	0	0	0.004	0.996	0	0	0.0005	0.9995	0	0	0.094	0.906	0	0	0	0	1	0	0	0.002	0.998	0	0	1	0	0	0	1	0	0	0.001	0	0.999	0	0.001	0.999	0	0	0	1	0	0	0	1	0	0	0	1	0	0	0.0005	0.9995	0	0	0.009	0.991	0	0	0.1055	0.8945	0	0	0.415	0.585	0
7	2.88429	0.141083	0.617416	0.786541	0	0	0.0005	0.9995	0	0	0.01	0.99	0	0	0	1	0	0	0	0	1	0	0	0	1	0	0	0	1	0	0	1	0	0	0	1	0	0	0	0	1	0	0	0	1	0	0	1	0	0	0	1	0	0	0	1	0	0	0	1	0	0	0	1	0	0	0.0005	0.9995	0	0	0.0125	0.9875	0	0	0.055	0.945	0	0	0	0	1	0	0	0	1	0	0	1	0	0	0	1	0	0	0	0	1	0	0	1	0	0	0	1	0	0	0	1	0	0	0	1	0	0	0	1	0	0	0.0025	0.9975	0	0	0.04	0.96	0	0	0.3255	0.6745	0
29	2.43796	0.249862	0.615531	0.79962	0	0	0	1	0	0	0.001	0.999	0	0	0.0005	0.9995	0	0	0	0	1	0	0	0	1	0	0	0	1	0	0	1	0	0	0	1	0	0	0	0	1	0	0	0	1	0	0.0005	0.9995	0	0	0	1	0	0	0	1	0	0	0.001	0.999	0	0	0.0015	0.9985	0	0	0.0015	0.9985	0	0	0.0035	0.9965	0	0	0.04	0.96	0	0	0	0	1	0	0	0.0005	0.9995	0	0	1	0	0	0	1	0	0	0	0	1	0	0	1	0	0	0.001	0.999	0	0	0.001	0.999	0	0	0.002	0.998	0	0	0.0025	0.9975	0	0	0.0045	0.9955	0	0	0.042	0.958	0	0	0.3155	0.6845	0
71	3.71252	0.483124	0.543745	0.658495	0	0	0.0625	0.9375	0	0	0.056	0.944	0	0	0.0895	0.9105	0	0	0	0.0005	0.9995	0	0	0.0005	0.9995	0	0	0.0005	0.9995	0	0.076	0.924	0	0	0.077	0.923	0	0	0.0415	0.004	0.9545	0	0.0405	0.0315	0.928	0	0.0765	0.9235	0	0	0.085	0.915	0	0	0.029	0.971	0	0	0.03	0.97	0	0	0.094	0.906	0	0	0.0495	0.9505	0	0	0.0795	0.9205	0	0	0.1685	0.8315	0	0	0	0.0015	0.9985	0	0	0.992	0.008	0	0.0975	0.9025	0	0	0.1285	0.8715	0	0	0.0415	0.9035	0.055	0	0.151	0.849	0	0	0.091	0.909	0	0	0.044	0.956	0	0	0.102	0.898	0	0	0.132	0.868	0	0	0.1705	0.8295	0	0	0.2105	0.7895	0	0	0.468	0.532	0
48	2.04699	0.280982	0.611586	0.789354	0	0	0.0005	0.9995	0	0	0.0025	0.9975	0	0	0	1	0	0	0	0.0025	0.9975	0	0	0.003	0.997	0	0	0.005	0.995	0	0	1	0	0	0	1	0	0	0.0005	0	0.9995	0	0.0005	0	0.9995	0	0.0005	0.9995	0	0	0	1	0	0	0.0075	0.9925	0	0	0.0005	0.9995	0	0	0.0055	0.9945	0	0	0.0035	0.9965	0	0	0.006	0.994	0	0	0.034	0.966	0	0	0	0.0065	0.9935	0	0	0.049	0.951	0	0	1	0	0	0	1	0	0	0.0005	0.0025	0.997	0	0.0005	0.9995	0	0	0.002	0.998	0	0	0.0075	0.9925	0	0	0.0085	0.9915	0	0	0.014	0.986	0	0	0.0155	0.9845	0	0	0.0465	0.9535	0	0	0.2895	0.7105	0
30	2.46406	0.330922	0.600916	0.7029	0	0	0.0025	0.9975	0	0	0.005	0.995	0	0	0.003	0.997	0	0	0	0	1	0	0	0	1	0	0	0	1	0	0	1	0	0	0	1	0	0	0.002	0.0315	0.9665	0	0.002	0.1315	0.8665	0	0	1	0	0	0	1	0	0	0	1	0	0	0	1	0	0	0	1	0	0	0.017	0.983	0	0	0.006	0.994	0	0	0.019	0.981	0	0	0	0	1	0	0	0	1	0	0	1	0	0	0	1	0	0	0.002	0.558	0.44	0	0.0035	0.9965	0	0	0	1	0	0	0	1	0	0	0	1	0	0	0	1	0	0	0.0065	0.9935	0	0	0.03	0.97	0	0	0.293	0.707	0
61	2.60998	0.0637217	0.579799	0.792221	0	0	0	1	0	0	0	1	0	0	0	1	0	0	0	0	1	0	0	0	1	0	0	0	1	0	0	1	0	0	0	1	0	0	0	0	1	0	0	0	1	0	0	1	0	0	0	1	0	0	0	1	0	0	0	1	0	0	0	1	0	0	0	1	0	0	0	1	0	0	0	1	0	0	0	0	1	0	0	0	1	0	0	1	0	0	0	1	0	0	0	0	1	0	0	1	0	0	0	1	0	0	0	1	0	0	0	1	0	0	0	1	0	0	0	1	0	0	0.0015	0.9985	0	0	0.254	0.746	0
72	2.79479	0.266904	0.500612	0.795352	0	0	0.269	0.731	0	0	0.336	0.664	0	0	0.003	0.997	0	0	0	0	1	0	0	0.0015	0.9985	0	0	0	1	0	0	1	0	0	0	1	0	0	0	0	1	0	0	0	1	0	0	1	0	0	0	1	0	0	0	1	0	0	0	1	0	0	0	1	0	0	0.005	0.995	0	0	0.3475	0.6525	0	0	0.363	0.637	0	0	0	0.0035	0.9965	0	0	0.009	0.991	0	0	1	0	0	0	1	0	0	0	0.001	0.999	0	0	1	0	0	0	1	0	0	0	1	0	0	0	1	0	0	0.0005	0.9995	0	0	0.001	0.999	0	0	0.034	0.966	0	0	0.529	0.471	0
31	1.7798	0.175843	0.631809	0.77976	0	0	0.0005	0.9995	0	0	0.0005	0.9995	0	0	0	1	0	0	0	0	1	0	0	0	1	0	0	0	1	0	0	1	0	0	0	1	0	0	0	0	1	0	0	0.0015	0.9985	0	0	1	0	0	0	1	0	0	0	1	0	0	0	1	0	0	0	1	0	0	0	1	0	0	0.0015	0.9985	0	0	0.0025	0.9975	0	0	0	0.0005	0.9995	0	0	0.003	0.997	0	0	1	0	0	0	1	0	0	0	0.0075	0.9925	0	0	1	0	0	0	1	0	0	0	1	0	0	0	1	0	0	0	1	0	0	0	1	0	0	0.002	0.998	0	0	0.2875	0.7125	0
62	1.71116	0.261584	0.602229	0.781261	0	0	0.0075	0.9925	0	0	0.002	0.998	0	0	0.006	0.994	0	0	0	0.0005	0.9995	0	0	0.0005	0.9995	0	0	0.0015	0.9985	0	0	1	0	0	0	1	0	0	0	0.013	0.987	0	0	0.013	0.987	0	0	1	0	0	0	1	0	0	0	1	0	0	0	1	0	0	0	1	0	0	0.0005	0.9995	0	0	0.009	0.991	0	0	0.016	0.984	0	0	0	0.002	0.998	0	0	0.0055	0.9945	0	0	1	0	0	0	1	0	0	0	0.0185	0.9815	0	0	1	0	0	0	1	0	0	0	1	0	0	0	1	0	0	0	1	0	0	0.001	0.999	0	0	0.0105	0.9895	0	0	0.2745	0.7255	0
49	5.77567	0.138221	0.609242	0.641343	0	0	0	1	0	0	0	1	0	0	0	1	0	0	0	0	1	0	0	0	1	0	0	0.021	0.979	0	0	1	0	0	0	1	0	0	0	0	1	0	0	0	1	0	0	1	0	0	0	1	0	0	0	1	0	0	0	1	0	0	0	1	0	0	0	1	0	0	0	1	0	0	0.0005	0.9995	0	0	0	0.001	0.999	0	0	0.986	0.014	0	0	1	0	0	0	1	0	0	0	0.996	0.004	0	0	1	0	0	0	1	0	0	0	1	0	0	0	1	0	0	0	1	0	0	0	1	0	0	0.0015	0.9985	0	0	0.2675	0.7325	0
73	2.27081	0.175219	0.582197	0.786806	0	0	0	1	0	0	0	1	0	0	0	1	0	0	0	0	1	0	0	0	1	0	0	0	1	0	0	1	0	0	0	1	0	0	0	0	1	0	0	0	1	0	0	1	0	0	0	1	0	0	0	1	0	0	0	1	0	0	0	1	0	0	0.0005	0.9995	0	0	0	1	0	0	0.0145	0.9855	0	0	0	0	1	0	0	0	1	0	0	1	0	0	0	1	0	0	0	0.0005	0.9995	0	0	1	0	0	0	1	0	0	0	1	0	0	0	1	0	0	0	1	0	0	0.0015	0.9985	0	0	0.027	0.973	0	0	0.2755	0.7245	0
32	1.82453	0.194217	0.589295	0.710178	0	0	0	1	0	0	0	1	0	0	0	1	0	0	0	0	1	0	0	0.0005	0.9995	0	0	0.0015	0.9985	0	0	1	0	0	0	1	0	0	0	0.081	0.919	0	0.0005	0.089	0.9105	0	0	1	0	0	0	1	0	0	0	1	0	0	0	1	0	0	0.0005	0.9995	0	0	0.001	0.999	0	0	0	1	0	0	0.0015	0.9985	0	0	0	0.0025	0.9975	0	0	0.0085	0.9915	0	0	1	0	0	0	1	0	0	0.0005	0.6365	0.363	0	0.0005	0.9995	0	0	0	1	0	0	0	1	0	0	0	1	0	0	0.0005	0.9995	0	0	0.001	0.999	0	0	0.005	0.995	0	0	0.2555	0.7445	0
50	2.84758	0.19957	0.594774	0.664263	0	0	0	1	0	0	0	1	0	0	0	1	0	0	0	0	1	0	0	0.0045	0.9955	0	0	0.1645	0.8355	0	0	1	0	0	0	1	0	0	0	0	1	0	0	0.0015	0.9985	0	0	1	0	0	0	1	0	0	0	1	0	0	0	1	0	0	0	1	0	0	0.003	0.997	0	0	0	1	0	0	0.0025	0.9975	0	0	0	0.234	0.766	0	0	0.8235	0.1765	0	0	1	0	0	0	1	0	0	0	0.029	0.971	0	0.0005	0.9995	0	0	0	1	0	0	0	1	0	0	0	1	0	0	0	1	0	0	0.001	0.999	0	0	0.0055	0.9945	0	0	0.256	0.744	0
63	2.70185	0.201893	0.593393	0.729368	0	0	0	1	0	0	0	1	0	0	0	1	0	0	0	0	1	0	0	0.012	0.988	0	0	0.058	0.942	0	0	1	0	0	0	1	0	0	0	0	1	0	0	0	1	0	0	1	0	0	0	1	0	0	0	1	0	0	0	1	0	0	0	1	0	0	0.0015	0.9985	0	0	0.0015	0.9985	0	0	0.0275	0.9725	0	0	0	0.1335	0.8665	0	0	0.4805	0.5195	0	0	1	0	0	0	1	0	0	0	0.002	0.998	0	0	1	0	0	0	1	0	0	0	1	0	0	0	1	0	0	0	1	0	0	0.003	0.997	0	0	0.029	0.971	0	0	0.282	0.718	0
74	2.2336	0.40465	0.595808	0.7853	0	0	0.0085	0.9915	0	0	0.0105	0.9895	0	0	0.0005	0.9995	0	0	0	0	1	0	0	0	1	0	0	0.003	0.997	0	0	1	0	0	0	1	0	0	0.0005	0	0.9995	0	0.0005	0.0005	0.999	0	0.0045	0.9955	0	0	0.004	0.996	0	0	0.001	0.999	0	0	0.0115	0.9885	0	0	0.0045	0.9955	0	0	0.0305	0.9695	0	0	0.015	0.985	0	0	0.0255	0.9745	0	0	0	0	1	0	0	0.0055	0.9945	0	0	1	0	0	0	1	0	0	0.0005	0.001	0.9985	0	0.001	0.999	0	0	0.0115	0.9885	0	0	0.0115	0.9885	0	0	0.012	0.988	0	0	0.0125	0.9875	0	0	0.016	0.984	0	0	0.0405	0.9595	0	0	0.2865	0.7135	0
33	1.84199	0.359353	0.577449	0.787972	0	0	0	1	0	0	0	1	0	0	0	1	0	0	0.003	0.0015	0.9955	0	0.0025	0.0005	0.997	0	0.004	0.002	0.994	0	0.004	0.996	0	0	0.0015	0.9985	0	0	0.003	0.001	0.996	0	0.0025	0.0015	0.996	0	0	1	0	0	0.001	0.999	0	0	0.005	0.995	0	0	0.007	0.993	0	0	0.0065	0.9935	0	0	0.0065	0.9935	0	0	0	1	0	0	0.0045	0.9955	0	0	0.003	0.003	0.994	0	0.004	0.006	0.99	0	0.004	0.996	0	0	0.004	0.996	0	0	0.004	0.0005	0.9955	0	0.004	0.996	0	0	0.0015	0.9985	0	0	0.007	0.993	0	0	0.007	0.993	0	0	0.0075	0.9925	0	0	0.008	0.992	0	0	0.013	0.987	0	0	0.245	0.755	0
51	2.95723	0.107547	0.600529	0.697195	0	0	0	1	0	0	0	1	0	0	0	1	0	0	0	0	1	0	0	0	1	0	0	0	1	0	0	1	0	0	0	1	0	0	0	0	1	0	0	0	1	0	0	1	0	0	0	1	0	0	0	1	0	0	0	1	0	0	0	1	0	0	0	1	0	0	0	1	0	0	0.0005	0.9995	0	0	0	0	1	0	0	0.766	0.234	0	0	1	0	0	0	1	0	0	0	0.101	0.899	0	0	1	0	0	0	1	0	0	0	1	0	0	0	1	0	0	0	1	0	0	0	1	0	0	0.0015	0.9985	0	0	0.2555	0.7445	0
64	2.86526	0.192973	0.598288	0.554463	0	0	0	1	0	0	0	1	0	0	0	1	0	0	0	0.0405	0.9595	0	0	0.01	0.99	0	0	0.0005	0.9995	0	0	1	0	0	0	1	0	0	0	0	1	0	0	0.579	0.421	0	0	1	0	0	0	1	0	0	0	1	0	0	0	1	0	0	0	1	0	0	0	1	0	0	0	1	0	0	0.002	0.998	0	0	0	0.07	0.93	0	0	0.733	0.267	0	0	1	0	0	0	1	0	0	0	0.982	0.018	0	0.0005	0.9995	0	0	0	1	0	0	0	1	0	0	0	1	0	0	0	1	0	0	0.0005	0.9995	0	0	0.0025	0.9975	0	0	0.2585	0.7415	0
75	2.43115	0.141375	0.605978	0.788532	0	0	0	1	0	0	0	1	0	0	0	1	0	0	0	0	1	0	0	0	1	0	0	0	1	0	0	1	0	0	0	1	0	0	0	0	1	0	0	0	1	0	0	1	0	0	0	1	0	0	0	1	0	0	0	1	0	0	0	1	0	0	0	1	0	0	0.001	0.999	0	0	0.0085	0.9915	0	0	0	0	1	0	0	0	1	0	0	1	0	0	0	1	0	0	0	0	1	0	0	1	0	0	0	1	0	0	0	1	0	0	0	1	0	0	0	1	0	0	0	1	0	0	0.0065	0.9935	0	0	0.259	0.741	0
34	3.59617	0.241043	0.610488	0.695558	0	0	0	1	0	0	0	1	0	0	0	1	0	0	0	0	1	0	0	0	1	0	0	0	1	0	0	1	0	0	0	1	0	0	0	0	1	0	0	0.0005	0.9995	0	0	1	0	0	0	1	0	0	0	1	0	0	0	1	0	0	0	1	0	0	0.0005	0.9995	0	0	0.0005	0.9995	0	0	0.0015	0.9985	0	0	0	0	1	0	0	0	1	0	0	1	0	0	0	1	0	0	0	0.94	0.06	0	0	1	0	0	0	1	0	0	0	1	0	0	0	1	0	0	0	1	0	0	0.0005	0.9995	0	0	0.0045	0.9955	0	0	0.2615	0.7385	0
52	2.9858	0.267548	0.590691	0.785076	0	0	0	1	0	0	0.0005	0.9995	0	0	0.0245	0.9755	0	0	0	0	1	0	0	0	1	0	0	0	1	0	0	1	0	0	0	1	0	0	0	0	1	0	0	0	1	0	0	1	0	0	0	1	0	0	0	1	0	0	0	1	0	0	0	1	0	0	0.0005	0.9995	0	0	0.0065	0.9935	0	0	0.033	0.967	0	0	0	0	1	0	0	0	1	0	0	1	0	0	0	1	0	0	0	0	1	0	0	1	0	0	0	1	0	0	0	1	0	0	0	1	0	0	0	1	0	0	0	1	0	0	0.0055	0.9945	0	0	0.2785	0.7215	0
65	2.66374	0.310086	0.603156	0.634552	0	0	0	1	0	0	0.001	0.999	0	0	0.021	0.979	0	0	0	0.1035	0.8965	0	0	0.1125	0.8875	0	0	0.0005	0.9995	0	0.0005	0.9995	0	0	0.001	0.999	0	0	0	0	1	0	0	0.019	0.981	0	0	1	0	0	0	1	0	0	0	1	0	0	0	1	0	0	0	1	0	0	0.0255	0.9745	0	0	0.0025	0.9975	0	0	0.0785	0.9215	0	0	0	0.1785	0.8215	0	0	0.897	0.103	0	0.001	0.999	0	0	0.004	0.996	0	0	0	0.61	0.39	0	0.0065	0.9935	0	0	0	1	0	0	0	1	0	0	0	1	0	0	0.0005	0.9995	0	0	0.0135	0.9865	0	0	0.098	0.902	0	0	0.343	0.657	0
76	2.4109	0.246372	0.591638	0.705381	0	0	0	1	0	0	0	1	0	0	0	1	0	0	0	0.009	0.991	0	0	0.026	0.974	0	0	0.001	0.999	0	0	1	0	0	0	1	0	0	0	0	1	0	0	0	1	0	0	1	0	0	0	1	0	0	0	1	0	0	0	1	0	0	0	1	0	0	0	1	0	0	0	1	0	0	0.0055	0.9945	0	0	0	0.056	0.944	0	0	0.68	0.32	0	0	1	0	0	0	1	0	0	0	0.0005	0.9995	0	0	1	0	0	0	1	0	0	0	1	0	0	0	1	0	0	0	1	0	0	0.0005	0.9995	0	0	0.0055	0.9945	0	0	0.273	0.727	0
35	2.9402	0.127888	0.583511	0.696076	0	0	0	1	0	0	0	1	0	0	0	1	0	0	0	0	1	0	0	0	1	0	0	0	1	0	0	1	0	0	0	1	0	0	0	0	1	0	0	0	1	0	0	1	0	0	0	1	0	0	0	1	0	0	0	1	0	0	0	1	0	0	0	1	0	0	0	1	0	0	0.0025	0.9975	0	0	0	0	1	0	0	0.9825	0.0175	0	0	1	0	0	0	1	0	0	0	0	1	0	0	1	0	0	0	1	0	0	0	1	0	0	0	1	0	0	0	1	0	0	0	1	0	0	0.001	0.999	0	0	0.241	0.759	0
53	1.95579	0.173	0.572245	0.668183	0	0	0	1	0	0	0	1	0	0	0	1	0	0	0	0.0015	0.9985	0	0	0.002	0.998	0	0	0.001	0.999	0	0.001	0.999	0	0	0.001	0.999	0	0	0.0025	0.019	0.9785	0	0.004	0.02	0.976	0	0	1	0	0	0	1	0	0	0	1	0	0	0	1	0	0	0.001	0.999	0	0	0.001	0.999	0	0	0	1	0	0	0.006	0.994	0	0	0	0.2365	0.7635	0	0	0.922	0.078	0	0.001	0.999	0	0	0.0035	0.9965	0	0	0.0065	0.0225	0.971	0	0.0065	0.9935	0	0	0	1	0	0	0	1	0	0	0	1	0	0	0.001	0.999	0	0	0.0075	0.9925	0	0	0.0165	0.9835	0	0	0.2545	0.7455	0
66	2.02163	0.133098	0.614759	0.786448	0	0	0.0005	0.9995	0	0	0	1	0	0	0	1	0	0	0	0	1	0	0	0	1	0	0	0.0025	0.9975	0	0	1	0	0	0	1	0	0	0	0	1	0	0	0	1	0	0	1	0	0	0	1	0	0	0	1	0	0	0	1	0	0	0	1	0	0	0.0025	0.9975	0	0	0.003	0.997	0	0	0.012	0.988	0	0	0	0	1	0	0	0.005	0.995	0	0	1	0	0	0	1	0	0	0	0	1	0	0	1	0	0	0	1	0	0	0	1	0	0	0	1	0	0	0	1	0	0	0.0005	0.9995	0	0	0.0115	0.9885	0	0	0.271	0.729	0
77	1.76924	0.185339	0.593844	0.786982	0	0	0	1	0	0	0.0005	0.9995	0	0	0	1	0	0	0	0	1	0	0	0	1	0	0	0	1	0	0	1	0	0	0	1	0	0	0	0	1	0	0	0	1	0	0	1	0	0	0	1	0	0	0	1	0	0	0	1	0	0	0	1	0	0	0	1	0	0	0.001	0.999	0	0	0.0075	0.9925	0	0	0	0.0005	0.9995	0	0	0.001	0.999	0	0	1	0	0	0	1	0	0	0	0.0045	0.9955	0	0	1	0	0	0.0005	0.9995	0	0	0	1	0	0	0.0005	0.9995	0	0	0.0005	0.9995	0	0	0.004	0.996	0	0	0.013	0.987	0	0	0.262	0.738	0
36	1.72141	0.341067	0.593841	0.692191	0	0	0	1	0	0	0.005	0.995	0	0	0	1	0	0	0	0.0725	0.9275	0	0	0.044	0.956	0	0	0.1605	0.8395	0	0	1	0	0	0	1	0	0	0.0015	0.003	0.9955	0	0.0015	0.033	0.9655	0	0.001	0.999	0	0	0.0005	0.9995	0	0	0	1	0	0	0.001	0.999	0	0	0.0005	0.9995	0	0	0.0025	0.9975	0	0	0.0065	0.9935	0	0	0.0335	0.9665	0	0	0	0.1575	0.8425	0	0	0.3645	0.6355	0	0	1	0	0	0.0015	0.9985	0	0	0.0015	0.12	0.8785	0	0.002	0.998	0	0	0.001	0.999	0	0	0.001	0.999	0	0	0.001	0.999	0	0	0.0015	0.9985	0	0	0.004	0.996	0	0	0.0335	0.9665	0	0	0.2895	0.7105	0
54	2.4562	0.181483	0.406622	0.76925	0	0	0.001	0.999	0	0	0.008	0.992	0	0	0	1	0	0	0	0.037	0.963	0	0.0005	0.0085	0.991	0	0.0015	0.02	0.9785	0	0.0005	0.9995	0	0	0.0005	0.9995	0	0	0	0	1	0	0	0	1	0	0.616	0.384	0	0	0.08	0.92	0	0	0.8435	0.1565	0	0	0.6145	0.3855	0	0	0.038	0.962	0	0	0.0305	0.9695	0	0	0.016	0.984	0	0	0.159	0.841	0	0	0.0005	0.0615	0.938	0	0.0015	0.113	0.8855	0	0.001	0.999	0	0	0.0025	0.9975	0	0	0	0.011	0.989	0	0.004	0.996	0	0	0.648	0.352	0	0	0.8435	0.1565	0	0	0.8435	0.1565	0	0	0.8435	0.1565	0	0	0.844	0.156	0	0	0.8545	0.1455	0	0	0.901	0.099	0
67	1.87088	0.320168	0.582088	0.63453	0	0	0	1	0	0	0	1	0	0	0.001	0.999	0	0	0.0015	0.0025	0.996	0	0.0015	0	0.9985	0	0.002	0.0015	0.9965	0	0.0005	0.9995	0	0	0.001	0.999	0	0	0.003	0.355	0.642	0	0.0045	0.166	0.8295	0	0	1	0	0	0	1	0	0	0	1	0	0	0	1	0	0	0.0005	0.9995	0	0	0.0065	0.9935	0	0	0.0005	0.9995	0	0	0.0355	0.9645	0	0	0.0015	0.003	0.9955	0	0.002	0.005	0.993	0	0.001	0.999	0	0	0.002	0.998	0	0	0.0045	0.5365	0.459	0	0.0065	0.9935	0	0	0	1	0	0	0	1	0	0	0	1	0	0	0.0015	0.9985	0	0	0.0085	0.9915	0	0	0.048	0.952	0	0	0.296	0.704	0
78	4.17206	0.105289	0.599928	0.653066	0	0	0	1	0	0	0	1	0	0	0	1	0	0	0	0	1	0	0	0	1	0	0	0.0225	0.9775	0	0	1	0	0	0	1	0	0	0	0	1	0	0	0	1	0	0	1	0	0	0	1	0	0	0	1	0	0	0	1	0	0	0	1	0	0	0	1	0	0	0	1	0	0	0.0035	0.9965	0	0	0	0	1	0	0	0.6235	0.3765	0	0.0005	0.9995	0	0	0.0005	0.9995	0	0	0	1	0	0	0.0005	0.9995	0	0	0	1	0	0	0	1	0	0	0	1	0	0	0	1	0	0	0.0015	0.9985	0	0	0.0065	0.9935	0	0	0.2575	0.7425	0
37	2.65909	0.313592	0.618719	0.744358	0	0	0.0195	0.9805	0	0	0.001	0.999	0	0	0.0275	0.9725	0	0	0	0	1	0	0	0	1	0	0	0	1	0	0	1	0	0	0	1	0	0	0	0.066	0.934	0	0	0.0005	0.9995	0	0	1	0	0	0	1	0	0	0	1	0	0	0	1	0	0	0.0005	0.9995	0	0	0.002	0.998	0	0	0.061	0.939	0	0	0.11	0.89	0	0	0	0	1	0	0	0	1	0	0	1	0	0	0	1	0	0	0	0.4065	0.5935	0	0.0005	0.9995	0	0	0	1	0	0	0	1	0	0	0	1	0	0	0.001	0.999	0	0	0.0035	0.9965	0	0	0.051	0.949	0	0	0.3655	0.6345	0
55	4.28623	0.332058	0.591064	0.636395	0	0	0.0015	0.9985	0	0	0.001	0.999	0	0	0.003	0.997	0	0	0	0	1	0	0	0.0025	0.9975	0	0.001	0.0395	0.9595	0	0	1	0	0	0.0005	0.9995	0	0	0	0	1	0	0	0	1	0	0	1	0	0	0	1	0	0	0	1	0	0	0	1	0	0	0	1	0	0	0.0035	0.9965	0	0	0.0045	0.9955	0	0	0.0245	0.9755	0	0	0	0.319	0.681	0	0.001	0.76	0.239	0	0.001	0.999	0	0	0.003	0.997	0	0	0	0.9895	0.0105	0	0.004	0.996	0	0	0	1	0	0	0	1	0	0	0	1	0	0	0	1	0	0	0.006	0.994	0	0	0.0225	0.9775	0	0	0.2835	0.7165	0
68	2.27615	0.298248	0.614821	0.788745	0	0	0.0025	0.9975	0	0	0.003	0.997	0	0	0.001	0.999	0	0	0	0.001	0.999	0	0	0.002	0.998	0	0	0.0035	0.9965	0	0	1	0	0	0	1	0	0	0	0	1	0	0	0	1	0	0	1	0	0	0	1	0	0	0	1	0	0	0	1	0	0	0.0005	0.9995	0	0	0.0155	0.9845	0	0	0.0335	0.9665	0	0	0.0495	0.9505	0	0	0	0.002	0.998	0	0	0.036	0.964	0	0	1	0	0	0	1	0	0	0	0	1	0	0	1	0	0	0	1	0	0	0	1	0	0	0	1	0	0	0.0005	0.9995	0	0	0.0025	0.9975	0	0	0.032	0.968	0	0	0.3005	0.6995	0
79	2.35678	0.0956818	0.60682	0.793383	0	0	0.0005	0.9995	0	0	0	1	0	0	0	1	0	0	0	0	1	0	0	0	1	0	0	0	1	0	0	1	0	0	0	1	0	0	0	0	1	0	0	0	1	0	0	1	0	0	0	1	0	0	0	1	0	0	0	1	0	0	0	1	0	0	0	1	0	0	0.0005	0.9995	0	0	0.0035	0.9965	0	0	0	0	1	0	0	0	1	0	0	1	0	0	0	1	0	0	0	0	1	0	0	1	0	0	0	1	0	0	0	1	0	0	0	1	0	0	0	1	0	0	0.0005	0.9995	0	0	0.003	0.997	0	0	0.2555	0.7445	0
38	1.9741	0.226613	0.605102	0.803476	0	0	0	1	0	0	0	1	0	0	0	1	0	0	0	0	1	0	0	0	1	0	0	0.0015	0.9985	0	0	1	0	0	0	1	0	0	0	0	1	0	0	0	1	0	0	1	0	0	0	1	0	0	0	1	0	0	0	1	0	0	0	1	0	0	0.002	0.998	0	0	0	1	0	0	0.0105	0.9895	0	0	0	0.0005	0.9995	0	0	0.014	0.986	0	0	1	0	0	0	1	0	0	0	0	1	0	0	1	0	0	0	1	0	0	0	1	0	0	0	1	0	0	0	1	0	0	0.002	0.998	0	0	0.0145	0.9855	0	0	0.2575	0.7425	0
56	2.22745	0.487535	0.325482	0.712007	0	0	0.405	0.595	0	0	0.3255	0.6745	0	0	0.537	0.463	0	0	0.1635	0.0215	0.815	0	0.1595	0.0285	0.812	0	0.1755	0.0055	0.819	0	0.1885	0.8115	0	0	0.19	0.81	0	0	0.2015	0.0015	0.797	0	0.196	0.0075	0.7965	0	0.147	0.853	0	0	0.1515	0.8485	0	0	0.1695	0.8305	0	0	0.1235	0.8765	0	0	0.5185	0.4815	0	0	0.5785	0.4215	0	0	0.4425	0.5575	0	0	0.647	0.353	0	0	0.1735	0.0265	0.8	0	0.176	0.286	0.538	0	0.1945	0.8055	0	0	0.202	0.798	0	0	0.2025	0.0055	0.792	0	0.2055	0.7945	0	0	0.1755	0.8245	0	0	0.1925	0.8075	0	0	0.2525	0.7475	0	0	0.5415	0.4585	0	0	0.567	0.433	0	0	0.6965	0.3035	0	0	0.822	0.178	0
69	1.32171	0.190142	0.613383	0.732751	0	0	0	1	0	0	0	1	0	0	0	1	0	0	0.001	0.056	0.943	0	0.0015	0.073	0.9255	0	0.0025	0.052	0.9455	0	0.0005	0.9995	0	0	0.0005	0.9995	0	0	0.0015	0.079	0.9195	0	0.0015	0.094	0.9045	0	0	1	0	0	0	1	0	0	0	1	0	0	0	1	0	0	0	1	0	0	0.001	0.999	0	0	0	1	0	0	0.008	0.992	0	0	0.002	0.1025	0.8955	0	0.0025	0.1765	0.821	0	0.0005	0.9995	0	0	0.0025	0.9975	0	0	0.003	0.1485	0.8485	0	0.003	0.997	0	0	0	1	0	0	0	1	0	0	0	1	0	0	0	1	0	0	0.0035	0.9965	0	0	0.011	0.989	0	0	0.2635	0.7365	0
80	2.40059	0.303735	0.43524	0.69725	0	0	0.4945	0.5055	0	0	0.372	0.628	0	0	0.2575	0.7425	0	0	0	0.004	0.996	0	0	0.001	0.999	0	0	0	1	0	0	1	0	0	0	1	0	0	0.0025	0.0015	0.996	0	0.0025	0.0215	0.976	0	0	1	0	0	0	1	0	0	0	1	0	0	0	1	0	0	0.0035	0.9965	0	0	0.0055	0.9945	0	0	0.503	0.497	0	0	0.5585	0.4415	0	0	0	0.007	0.993	0	0	0.759	0.241	0	0	1	0	0	0.0005	0.9995	0	0	0.0025	0.103	0.8945	0	0.0025	0.9975	0	0	0	1	0	0	0	1	0	0	0	1	0	0	0.005	0.995	0	0	0.0175	0.9825	0	0	0.1325	0.8675	0	0	0.711	0.289	0
39	1.66394	0.10616	0.599985	0.771391	0	0	0	1	0	0	0	1	0	0	0	1	0	0	0	0	1	0	0	0	1	0	0	0	1	0	0	1	0	0	0	1	0	0	0.0005	0	0.9995	0	0.0005	0.001	0.9985	0	0	1	0	0	0	1	0	0	0	1	0	0	0	1	0	0	0	1	0	0	0	1	0	0	0	1	0	0	0	1	0	0	0	0	1	0	0	0	1	0	0	1	0	0	0	1	0	0	0.0005	0.2185	0.781	0	0.001	0.999	0	0	0	1	0	0	0	1	0	0	0	1	0	0	0	1	0	0	0.001	0.999	0	0	0.002	0.998	0	0	0.2475	0.7525	0
57	2.57933	0.15106	0.614928	0.624409	0	0	0	1	0	0	0	1	0	0	0	1	0	0	0	0.032	0.968	0	0	0.0265	0.9735	0	0	0.005	0.995	0	0	1	0	0	0	1	0	0	0.0005	0.005	0.9945	0	0.0005	0.01	0.9895	0	0	1	0	0	0	1	0	0	0	1	0	0	0	1	0	0	0	1	0	0	0.0005	0.9995	0	0	0	1	0	0	0.027	0.973	0	0	0	0.049	0.951	0	0	0.973	0.027	0	0	1	0	0	0.003	0.997	0	0	0.0005	0.985	0.0145	0	0.004	0.996	0	0	0	1	0	0	0	1	0	0	0	1	0	0	0.0005	0.9995	0	0	0.005	0.995	0	0	0.022	0.978	0	0	0.301	0.699	0
70	2.26357	0.110564	0.6611	0.789406	0	0	0	1	0	0	0.002	0.998	0	0	0	1	0	0	0	0	1	0	0	0	1	0	0.0005	0	0.9995	0	0	1	0	0	0	1	0	0	0.0015	0	0.9985	0	0.0015	0	0.9985	0	0	1	0	0	0	1	0	0	0	1	0	0	0	1	0	0	0	1	0	0	0.0025	0.9975	0	0	0.0195	0.9805	0	0	0.333	0.667	0	0	0	0.0005	0.9995	0	0.0005	0	0.9995	0	0	1	0	0	0.0005	0.9995	0	0	0.0015	0.0015	0.997	0	0.0015	0.9985	0	0	0	1	0	0	0	1	0	0	0	1	0	0	0	1	0	0	0.073	0.927	0	0	0.347	0.653	0	0	0.744	0.256	0
81	1.85113	0.315858	0.589575	0.740946	0	0	0	1	0	0	0	1	0	0	0.006	0.994	0	0	0	0.0345	0.9655	0	0	0.0385	0.9615	0	0	0.1095	0.8905	0	0	1	0	0	0	1	0	0	0	0.0065	0.9935	0	0	0.002	0.998	0	0	1	0	0	0	1	0	0	0	1	0	0	0	1	0	0	0	1	0	0	0.0015	0.9985	0	0	0	1	0	0	0.0085	0.9915	0	0	0	0.054	0.946	0	0	0.177	0.823	0	0	1	0	0	0	1	0	0	0	0.0875	0.9125	0	0	1	0	0	0	1	0	0	0	1	0	0	0	1	0	0	0	1	0	0	0.0005	0.9995	0	0	0.004	0.996	0	0	0.2605	0.7395	0
40	1.86165	0.368727	0.62046	0.693833	0	0	0.0015	0.9985	0	0	0	1	0	0	0	1	0	0	0.0005	0.102	0.8975	0	0.001	0.0495	0.9495	0	0.0005	0.176	0.8235	0	0	1	0	0	0	1	0	0	0.0005	0.0085	0.991	0	0.0005	0	0.9995	0	0	1	0	0	0	1	0	0	0.0005	0.9995	0	0	0.0005	0.9995	0	0	0.0065	0.9935	0	0	0.004	0.996	0	0	0.0065	0.9935	0	0	0.023	0.977	0	0	0.001	0.162	0.837	0	0.001	0.331	0.668	0	0	1	0	0	0.001	0.999	0	0	0.0005	0.0285	0.971	0	0.001	0.999	0	0	0	1	0	0	0.0005	0.9995	0	0	0.0005	0.9995	0	0	0.0095	0.9905	0	0	0.0115	0.9885	0	0	0.0295	0.9705	0	0	0.3025	0.6975	0
58	3.67702	0.250205	0.606174	0.685057	0	0	0	1	0	0	0	1	0	0	0	1	0	0	0	0	1	0	0	0.001	0.999	0	0.004	0.008	0.988	0	0.005	0.995	0	0	0.001	0.999	0	0	0	0	1	0	0	0	1	0	0	1	0	0	0	1	0	0	0	1	0	0	0	1	0	0	0	1	0	0	0.003	0.997	0	0	0	1	0	0	0.008	0.992	0	0	0	0.023	0.977	0	0.0055	0.045	0.9495	0	0.005	0.995	0	0	0.0055	0.9945	0	0	0	1	0	0	0.0055	0.9945	0	0	0	1	0	0	0	1	0	0	0	1	0	0	0.0015	0.9985	0	0	0.0065	0.9935	0	0	0.016	0.984	0	0	0.2875	0.7125	0
85	1.6534	0.171196	0.600546	0.717089	0	0	0.001	0.999	0	0	0.0075	0.9925	0	0	0	1	0	0	0	0.1165	0.8835	0	0	0.114	0.886	0	0	0.057	0.943	0	0	1	0	0	0	1	0	0	0.0005	0.0005	0.999	0	0.0005	0	0.9995	0	0	1	0	0	0	1	0	0	0	1	0	0	0	1	0	0	0	1	0	0	0.0175	0.9825	0	0	0.015	0.985	0	0	0.034	0.966	0	0	0	0.1915	0.8085	0	0	0.321	0.679	0	0	1	0	0	0	1	0	0	0.0005	0.0005	0.999	0	0.0005	0.9995	0	0	0	1	0	0	0	1	0	0	0	1	0	0	0	1	0	0	0.006	0.994	0	0	0.043	0.957	0	0	0.31	0.69	0
41	3.23286	0.18103	0.606718	0.808781	0	0	0	1	0	0	0	1	0	0	0	1	0	0	0	0	1	0	0	0	1	0	0	0	1	0	0	1	0	0	0	1	0	0	0	0	1	0	0	0	1	0	0	1	0	0	0	1	0	0	0	1	0	0	0	1	0	0	0	1	0	0	0.0005	0.9995	0	0	0	1	0	0	0.001	0.999	0	0	0	0	1	0	0	0	1	0	0	1	0	0	0	1	0	0	0	0.0005	0.9995	0	0	1	0	0	0	1	0	0	0	1	0	0	0	1	0	0	0	1	0	0	0.0005	0.9995	0	0	0.0035	0.9965	0	0	0.268	0.732	0
82	2.71274	0.240932	0.584032	0.704519	0	0	0	1	0	0	0.0015	0.9985	0	0	0	1	0	0	0	0.0015	0.9985	0	0	0.0045	0.9955	0	0	0.0625	0.9375	0	0	1	0	0	0	1	0	0	0	0	1	0	0	0	1	0	0	1	0	0	0	1	0	0	0	1	0	0	0	1	0	0	0	1	0	0	0.1225	0.8775	0	0	0.0025	0.9975	0	0	0.04	0.96	0	0	0	0.0065	0.9935	0	0	0.6155	0.3845	0	0	1	0	0	0	1	0	0	0	0	1	0	0	1	0	0	0	1	0	0	0	1	0	0	0.0005	0.9995	0	0	0.002	0.998	0	0	0.015	0.985	0	0	0.1615	0.8385	0	0	0.3935	0.6065	0
59	5.30652	0.341399	0.617882	0.598285	0	0	0.0045	0.9955	0	0	0.008	0.992	0	0	0.019	0.981	0	0	0	0.149	0.851	0	0	0.0915	0.9085	0	0	0.0005	0.9995	0	0.0055	0.9945	0	0	0.0025	0.9975	0	0	0	0	1	0	0	0	1	0	0	1	0	0	0	1	0	0	0	1	0	0	0	1	0	0	0	1	0	0	0.014	0.986	0	0	0.015	0.985	0	0	0.2745	0.7255	0	0	0	0.2175	0.7825	0	0	0.9965	0.0035	0	0.008	0.992	0	0	0.0225	0.9775	0	0	0	0.9985	0.0015	0	0.035	0.965	0	0	0	1	0	0	0	1	0	0	0	1	0	0	0.0025	0.9975	0	0	0.053	0.947	0	0	0.269	0.731	0	0	0.6065	0.3935	0
86	3.57433	0.23225	0.629815	0.688983	0	0	0	1	0	0	0	1	0	0	0.003	0.997	0	0	0	0.0005	0.9995	0	0	0	1	0	0	0	1	0	0	1	0	0	0	1	0	0	0	0	1	0	0	0	1	0	0	1	0	0	0	1	0	0	0	1	0	0	0	1	0	0	0	1	0	0	0.001	0.999	0	0	0.0035	0.9965	0	0	0.145	0.855	0	0	0	0.0005	0.9995	0	0	0.9375	0.0625	0	0	1	0	0	0	1	0	0	0	0	1	0	0	1	0	0	0	1	0	0	0	1	0	0	0	1	0	0	0.0005	0.9995	0	0	0.0075	0.9925	0	0	0.129	0.871	0	0	0.437	0.563	0
42	1.77713	0.314288	0.609271	0.431751	0	0	0	1	0	0	0	1	0	0	0	1	0	0	0	0.39	0.61	0	0	0.4015	0.5985	0	0.0005	0.0995	0.9	0	0	1	0	0	0.0015	0.9985	0	0	0.0015	0.5445	0.454	0	0.002	0.3255	0.6725	0	0	1	0	0	0	1	0	0	0	1	0	0	0	1	0	0	0.001	0.999	0	0	0.0005	0.9995	0	0	0	1	0	0	0.007	0.993	0	0	0	0.5525	0.4475	0	0.0005	0.749	0.2505	0	0.0015	0.9985	0	0	0.0025	0.9975	0	0	0.002	0.744	0.254	0	0.003	0.997	0	0	0	1	0	0	0	1	0	0	0	1	0	0	0.001	0.999	0	0	0.0035	0.9965	0	0	0.013	0.987	0	0	0.2595	0.7405	0
83	3.74176	0.123116	0.582884	0.691665	0	0	0	1	0	0	0	1	0	0	0	1	0	0	0	0	1	0	0	0	1	0	0	0	1	0	0	1	0	0	0	1	0	0	0	0	1	0	0	0	1	0	0	1	0	0	0	1	0	0	0	1	0	0	0	1	0	0	0	1	0	0	0.0015	0.9985	0	0	0	1	0	0	0.009	0.991	0	0	0	0	1	0	0	0.011	0.989	0	0	1	0	0	0	1	0	0	0	1	0	0	0.001	0.999	0	0	0	1	0	0	0	1	0	0	0	1	0	0	0.0005	0.9995	0	0	0.003	0.997	0	0	0.011	0.989	0	0	0.2565	0.7435	0
60	2.72391	0.254829	0.593116	0.678972	0	0	0.0045	0.9955	0	0	0.0105	0.9895	0	0	0	1	0	0	0	0.0015	0.9985	0	0	0.0005	0.9995	0	0.001	0.0035	0.9955	0	0	1	0	0	0	1	0	0	0	0.0025	0.9975	0	0	0.001	0.999	0	0	1	0	0	0.0005	0.9995	0	0	0	1	0	0	0	1	0	0	0.0065	0.9935	0	0	0.0045	0.9955	0	0	0.0115	0.9885	0	0	0.062	0.938	0	0	0	0.0255	0.9745	0	0.001	0.066	0.933	0	0	1	0	0	0.001	0.999	0	0	0	0.9955	0.0045	0	0.0125	0.9875	0	0	0.001	0.999	0	0	0.0005	0.9995	0	0	0.0055	0.9945	0	0	0.009	0.991	0	0	0.023	0.977	0	0	0.0665	0.9335	0	0	0.33	0.67	0
87	2.62482	0.157325	0.581944	0.790611	0	0	0	1	0	0	0	1	0	0	0	1	0	0	0	0	1	0	0	0	1	0	0	0	1	0	0	1	0	0	0	1	0	0	0	0	1	0	0	0	1	0	0	1	0	0	0	1	0	0	0	1	0	0	0	1	0	0	0	1	0	0	0	1	0	0	0	1	0	0	0.001	0.999	0	0	0	0	1	0	0	0	1	0	0	1	0	0	0	1	0	0	0	0	1	0	0	1	0	0	0	1	0	0	0	1	0	0	0	1	0	0	0	1	0	0	0	1	0	0	0.001	0.999	0	0	0.2565	0.7435	0
43	3.68346	0.218753	0.602167	0.597376	0	0	0.002	0.998	0	0	0.0055	0.9945	0	0	0	1	0	0	0	0.1495	0.8505	0	0.0005	0.132	0.8675	0	0	0.088	0.912	0	0	1	0	0	0	1	0	0	0	0	1	0	0	0	1	0	0	1	0	0	0	1	0	0	0	1	0	0	0	1	0	0	0	1	0	0	0.0095	0.9905	0	0	0.0055	0.9945	0	0	0.049	0.951	0	0	0.0005	0.2115	0.788	0	0.0005	0.8925	0.107	0	0	1	0	0	0.001	0.999	0	0	0	0.747	0.253	0	0.002	0.998	0	0	0	1	0	0	0	1	0	0	0	1	0	0	0	1	0	0	0.007	0.993	0	0	0.0525	0.9475	0	0	0.329	0.671	0
84	2.52197	0.369891	0.570598	0.801839	0	0	0	1	0	0	0.0005	0.9995	0	0	0.0025	0.9975	0	0	0	0	1	0	0	0	1	0	0	0	1	0	0	1	0	0	0	1	0	0	0	0.001	0.999	0	0	0	1	0	0.0015	0.9985	0	0	0.0015	0.9985	0	0	0.0015	0.9985	0	0	0.0005	0.9995	0	0	0	1	0	0	0	1	0	0	0.001	0.999	0	0	0.009	0.991	0	0	0	0	1	0	0	0	1	0	0	1	0	0	0	1	0	0	0	0.0015	0.9985	0	0	1	0	0	0.0015	0.9985	0	0	0.0015	0.9985	0	0	0.0015	0.9985	0	0	0.0015	0.9985	0	0	0.002	0.998	0	0	0.006	0.994	0	0	0.2485	0.7515	0
89	2.61587	0.224015	0.626361	0.793761	0	0	0	1	0	0	0	1	0	0	0	1	0	0	0	0	1	0	0	0	1	0	0	0	1	0	0	1	0	0	0	1	0	0	0	0	1	0	0	0	1	0	0	1	0	0	0	1	0	0	0	1	0	0	0	1	0	0	0	1	0	0	0	1	0	0	0	1	0	0	0.0055	0.9945	0	0	0	0	1	0	0	0	1	0	0	1	0	0	0	1	0	0	0	0	1	0	0	1	0	0	0	1	0	0	0	1	0	0	0	1	0	0	0	1	0	0	0	1	0	0	0.004	0.996	0	0	0.256	0.744	0
88	1.5216	0.183185	0.599331	0.782102	0	0	0	1	0	0	0	1	0	0	0	1	0	0	0	0.0065	0.9935	0	0	0.001	0.999	0	0	0.0005	0.9995	0	0	1	0	0	0	1	0	0	0	0.008	0.992	0	0	0.0075	0.9925	0	0	1	0	0	0	1	0	0	0	1	0	0	0	1	0	0	0	1	0	0	0	1	0	0	0	1	0	0	0.002	0.998	0	0	0	0.0135	0.9865	0	0	0.025	0.975	0	0	1	0	0	0	1	0	0	0	0.059	0.941	0	0	1	0	0	0	1	0	0	0	1	0	0	0	1	0	0	0	1	0	0	0	1	0	0	0	1	0	0	0.249	0.751	0
44	2.49096	0.262486	0.572349	0.666789	0	0	0.0025	0.9975	0	0	0	1	0	0	0	1	0	0	0	0	1	0	0	0	1	0	0.007	0.001	0.992	0	0.0005	0.9995	0	0	0.001	0.999	0	0	0.062	0.319	0.619	0	0.0635	0.33	0.6065	0	0	1	0	0	0.0005	0.9995	0	0	0.007	0.993	0	0	0.002	0.998	0	0	0.025	0.975	0	0	0.065	0.935	0	0	0.0055	0.9945	0	0	0.077	0.923	0	0	0	0.0115	0.9885	0	0.007	0.0155	0.9775	0	0.002	0.998	0	0	0.0075	0.9925	0	0	0.1325	0.3185	0.549	0	0.1345	0.8655	0	0	0.001	0.999	0	0	0.0075	0.9925	0	0	0.008	0.992	0	0	0.0345	0.9655	0	0	0.145	0.855	0	0	0.2085	0.7915	0	0	0.4515	0.5485	0
92	2.33649	0.136716	0.616108	0.788932	0	0	0.0005	0.9995	0	0	0	1	0	0	0.0005	0.9995	0	0	0	0.008	0.992	0	0	0.0015	0.9985	0	0	0.014	0.986	0	0	1	0	0	0	1	0	0	0	0	1	0	0	0	1	0	0	1	0	0	0	1	0	0	0	1	0	0	0	1	0	0	0	1	0	0	0.008	0.992	0	0	0.0005	0.9995	0	0	0.031	0.969	0	0	0	0.0135	0.9865	0	0	0.021	0.979	0	0	1	0	0	0	1	0	0	0	0	1	0	0	1	0	0	0	1	0	0	0	1	0	0	0	1	0	0	0	1	0	0	0.0025	0.9975	0	0	0.038	0.962	0	0	0.3015	0.6985	0
90	1.56955	0.225399	0.582478	0.789166	0	0	0.0005	0.9995	0	0	0	1	0	0	0.007	0.993	0	0	0	0.0005	0.9995	0	0	0.0005	0.9995	0	0	0.001	0.999	0	0	1	0	0	0	1	0	0	0	0.0125	0.9875	0	0	0.0025	0.9975	0	0	1	0	0	0	1	0	0	0	1	0	0	0	1	0	0	0	1	0	0	0	1	0	0	0.0005	0.9995	0	0	0.015	0.985	0	0	0	0.0005	0.9995	0	0	0.0035	0.9965	0	0	1	0	0	0	1	0	0	0	0.0535	0.9465	0	0	1	0	0	0	1	0	0	0	1	0	0	0	1	0	0	0	1	0	0	0.0015	0.9985	0	0	0.0075	0.9925	0	0	0.2585	0.7415	0
94	5.02294	0.24461	0.623435	0.637551	0	0	0	1	0	0	0.0045	0.9955	0	0	0	1	0	0	0	0	1	0	0	0	1	0	0	0	1	0	0	1	0	0	0	1	0	0	0	0	1	0	0	0	1	0	0	1	0	0	0	1	0	0	0	1	0	0	0	1	0	0	0	1	0	0	0	1	0	0	0.006	0.994	0	0	0.008	0.992	0	0	0	0	1	0	0	0.925	0.075	0	0	1	0	0	0	1	0	0	0	0.994	0.006	0	0	1	0	0	0	1	0	0	0	1	0	0	0	1	0	0	0	1	0	0	0.0005	0.9995	0	0	0.0025	0.9975	0	0	0.2705	0.7295	0
45	4.13603	0.264129	0.614899	0.696239	0	0	0.002	0.998	0	0	0.011	0.989	0	0	0.001	0.999	0	0	0	0	1	0	0	0	1	0	0	0	1	0	0	1	0	0	0	1	0	0	0	0	1	0	0	0	1	0	0	1	0	0	0	1	0	0	0	1	0	0	0	1	0	0	0	1	0	0	0.0035	0.9965	0	0	0.013	0.987	0	0	0.096	0.904	0	0	0	0	1	0	0	0	1	0	0	1	0	0	0	1	0	0	0	0.914	0.086	0	0.0095	0.9905	0	0	0	1	0	0	0	1	0	0	0	1	0	0	0.001	0.999	0	0	0.016	0.984	0	0	0.102	0.898	0	0	0.398	0.602	0
93	3.23725	0.124572	0.615218	0.799059	0	0	0	1	0	0	0	1	0	0	0	1	0	0	0	0	1	0	0	0	1	0	0	0	1	0	0	1	0	0	0	1	0	0	0	0	1	0	0	0	1	0	0	1	0	0	0	1	0	0	0	1	0	0	0	1	0	0	0	1	0	0	0.0005	0.9995	0	0	0	1	0	0	0.0385	0.9615	0	0	0	0	1	0	0	0	1	0	0	1	0	0	0	1	0	0	0	0	1	0	0	1	0	0	0	1	0	0	0	1	0	0	0	1	0	0	0	1	0	0	0.0005	0.9995	0	0	0.0365	0.9635	0	0	0.3105	0.6895	0
91	2.40055	0.349671	0.589342	0.681266	0	0	0.006	0.994	0	0	0.0005	0.9995	0	0	0.001	0.999	0	0	0	0.0005	0.9995	0	0	0.0005	0.9995	0	0.006	0.001	0.993	0	0.002	0.998	0	0	0.0055	0.9945	0	0	0.0005	0.3135	0.686	0	0.002	0.005	0.993	0	0.0095	0.9905	0	0	0.0005	0.9995	0	0	0.02	0.98	0	0	0.0215	0.9785	0	0	0.01	0.99	0	0	0.0025	0.9975	0	0	0.0075	0.9925	0	0	0.0425	0.9575	0	0	0	0.016	0.984	0	0.006	0.037	0.957	0	0.006	0.994	0	0	0.0065	0.9935	0	0	0.002	0.5135	0.4845	0	0.029	0.971	0	0	0.01	0.99	0	0	0.022	0.978	0	0	0.022	0.978	0	0	0.047	0.953	0	0	0.051	0.949	0	0	0.082	0.918	0	0	0.3305	0.6695	0
95	3.82193	0.298071	0.605523	0.681025	0	0	0.0015	0.9985	0	0	0.0005	0.9995	0	0	0	1	0	0	0	0	1	0	0	0	1	0	0	0.0005	0.9995	0	0	1	0	0	0	1	0	0	0	0	1	0	0	0	1	0	0	1	0	0	0	1	0	0	0	1	0	0	0	1	0	0	0	1	0	0	0.0025	0.9975	0	0	0.0015	0.9985	0	0	0.006	0.994	0	0	0	0.0485	0.9515	0	0	0.951	0.049	0	0	1	0	0	0	1	0	0	0	0.152	0.848	0	0	1	0	0	0	1	0	0	0	1	0	0	0	1	0	0	0	1	0	0	0.002	0.998	0	0	0.0125	0.9875	0	0	0.277	0.723	0
46	2.48154	0.138888	0.581617	0.698951	0	0	0.007	0.993	0	0	0.02	0.98	0	0	0	1	0	0	0	0.0015	0.9985	0	0	0	1	0	0	0	1	0	0	1	0	0	0	1	0	0	0	0	1	0	0	0	1	0	0	1	0	0	0	1	0	0	0	1	0	0	0	1	0	0	0	1	0	0	0.001	0.999	0	0	0.0205	0.9795	0	0	0.027	0.973	0	0	0	0.206	0.794	0	0	0.739	0.261	0	0	1	0	0	0	1	0	0	0	0	1	0	0	1	0	0	0	1	0	0	0	1	0	0	0	1	0	0	0	1	0	0	0.0025	0.9975	0	0	0.011	0.989	0	0	0.2625	0.7375	0
96	3.5424	0.285105	0.605326	0.643594	0	0	0	1	0	0	0	1	0	0	0.0005	0.9995	0	0	0	0.0005	0.9995	0	0	0.0025	0.9975	0	0	0.002	0.998	0	0	1	0	0	0	1	0	0	0	0	1	0	0	0.005	0.995	0	0	1	0	0	0	1	0	0	0	1	0	0	0	1	0	0	0	1	0	0	0.002	0.998	0	0	0.0005	0.9995	0	0	0.0065	0.9935	0	0	0	0.006	0.994	0	0	0.844	0.156	0	0	1	0	0	0	1	0	0	0	0.9885	0.0115	0	0	1	0	0	0	1	0	0	0	1	0	0	0	1	0	0	0	1	0	0	0.001	0.999	0	0	0.0105	0.9895	0	0	0.2695	0.7305	0
97	1.67369	0.145219	0.594849	0.784643	0	0	0	1	0	0	0	1	0	0	0	1	0	0	0	0	1	0	0	0.005	0.995	0	0	0.014	0.986	0	0	1	0	0	0	1	0	0	0.0005	0.0005	0.999	0	0.001	0	0.999	0	0	1	0	0	0	1	0	0	0	1	0	0	0	1	0	0	0	1	0	0	0	1	0	0	0	1	0	0	0.0075	0.9925	0	0	0	0.0105	0.9895	0	0	0.024	0.976	0	0	1	0	0	0	1	0	0	0.001	0	0.999	0	0.001	0.999	0	0	0	1	0	0	0	1	0	0	0	1	0	0	0.0025	0.9975	0	0	0.005	0.995	0	0	0.0145	0.9855	0	0	0.251	0.749	0
98	1.61986	0.135082	0.589233	0.693842	0	0	0	1	0	0	0	1	0	0	0	1	0	0	0	0.1675	0.8325	0	0	0.164	0.836	0	0	0.2275	0.7725	0	0	1	0	0	0	1	0	0	0	0	1	0	0	0	1	0	0	1	0	0	0	1	0	0	0	1	0	0	0	1	0	0	0	1	0	0	0	1	0	0	0	1	0	0	0.002	0.998	0	0	0	0.239	0.761	0	0	0.321	0.679	0	0	1	0	0	0	1	0	0	0	0	1	0	0	1	0	0	0	1	0	0	0	1	0	0	0	1	0	0	0	1	0	0	0	1	0	0	0.0015	0.9985	0	0	0.254	0.746	0
47	2.17342	0.182053	0.586003	0.789612	0	0	0	1	0	0	0	1	0	0	0	1	0	0	0	0	1	0	0	0	1	0	0	0	1	0	0	1	0	0	0	1	0	0	0	0	1	0	0	0	1	0	0	1	0	0	0	1	0	0	0	1	0	0	0	1	0	0	0	1	0	0	0.0135	0.9865	0	0	0	1	0	0	0.0095	0.9905	0	0	0	0	1	0	0	0.001	0.999	0	0	1	0	0	0	1	0	0	0	0.001	0.999	0	0	1	0	0	0	1	0	0	0	1	0	0	0	1	0	0	0	1	0	0	0.0025	0.9975	0	0	0.018	0.982	0	0	0.255	0.745	0
99	3.41257	0.273846	0.613486	0.677395	0	0	0	1	0	0	0	1	0	0	0	1	0	0	0.002	0.034	0.964	0	0.0015	0.007	0.9915	0	0.0055	0.0035	0.991	0	0.0015	0.9985	0	0	0.002	0.998	0	0	0	0	1	0	0	0	1	0	0	1	0	0	0	1	0	0	0	1	0	0	0	1	0	0	0	1	0	0	0.007	0.993	0	0	0.0015	0.9985	0	0	0.04	0.96	0	0	0.0025	0.0545	0.943	0	0.006	0.0795	0.9145	0	0.005	0.995	0	0	0.0065	0.9935	0	0	0	0.991	0.009	0	0.01	0.99	0	0	0	1	0	0	0	1	0	0	0	1	0	0	0.0045	0.9955	0	0	0.015	0.985	0	0	0.06	0.94	0	0	0.3345	0.6655	0
