No.	halLeu	nipNip	galGal	aptHaa	aptOwe	aptRow	casCas	droNov	rheAme	rhePen	cryCin	tinGut	eudEle	notPer	anoDid	strCam	taeGut-aptFor	taeGut-galGal	aptHaa-aptOwe	aptHaa-aptRow	casCas-droNov	aptHaa-casCas	rheAme-rhePen	aptHaa-rheAme	cryCin-tinGut	eudEle-notPer	cryCin-eudEle	cryCin-anoDid	aptHaa-cryCin	aptHaa-strCam	taeGut-aptHaa
0	1	1	1	2	2	2	2	1	2	2	1	1	1	1	2	0	1	1	2	1	1	1	1	1	1	1	1	1	1	0	0
1	1	1	1	2	2	2	2	2	2	2	0	1	1	1	0	0	1	1	2	1	1	1	1	1	0	0	0	0	0	0	0
2	1	1	1	2	2	1	2	2	2	2	1	1	1	1	2	2	1	1	1	1	1	1	1	1	1	1	1	1	1	1	1
3	1	1	1	2	2	2	2	2	2	2	1	1	1	1	2	0	1	1	1	1	1	1	1	1	1	1	1	1	1	0	0
4	1	1	1	2	2	2	2	2	2	2	1	1	1	1	2	2	1	1	2	1	1	1	1	1	1	1	1	1	1	1	1
5	1	1	1	2	2	2	2	2	2	2	1	1	1	1	0	0	1	1	1	1	1	1	1	1	1	1	1	0	0	0	0
6	1	1	1	2	2	2	2	2	2	2	1	2	1	1	2	2	1	1	1	1	2	1	2	1	1	1	1	1	1	1	1
7	1	1	1	2	2	2	2	2	2	2	1	1	1	1	2	2	1	1	2	2	2	1	1	1	1	1	1	1	1	1	1
8	1	1	1	2	2	2	2	2	2	2	1	1	1	1	2	2	0	0	2	2	2	1	1	1	1	1	1	1	1	1	0
9	1	1	1	2	2	2	2	2	2	2	1	1	2	1	2	2	1	0	2	2	1	1	2	1	1	1	1	1	1	1	0
10	1	1	1	2	2	2	0	0	2	2	1	1	1	1	0	0	1	1	2	1	0	0	1	0	0	1	0	0	0	0	0
11	1	1	1	2	2	2	2	2	2	2	1	1	1	1	0	0	1	1	1	1	1	1	1	1	1	1	1	0	0	0	0
12	1	1	1	2	2	2	2	2	2	2	1	1	1	1	2	2	1	1	2	2	1	1	2	1	1	1	1	1	1	1	0
13	0	1	1	2	2	2	1	1	2	2	0	0	1	1	0	0	0	0	2	1	0	0	1	0	0	1	0	0	0	0	0
14	1	1	1	2	2	2	2	2	2	2	1	1	1	1	0	0	1	1	2	2	1	1	1	1	1	1	1	0	0	0	0
15	1	1	1	2	2	2	2	2	2	2	1	1	1	1	2	0	1	1	2	1	2	1	1	1	1	1	1	1	1	0	0
16	1	1	1	2	2	2	2	2	2	2	1	1	1	1	2	2	1	1	2	2	2	1	1	1	1	1	1	1	1	1	1
17	1	1	1	2	2	2	2	2	2	2	1	1	1	1	0	0	1	1	1	1	1	0	1	0	1	1	1	0	0	0	0
18	1	1	1	2	2	2	2	2	2	2	1	1	1	1	0	0	1	1	2	1	1	1	1	1	0	0	0	0	0	0	0
19	1	1	1	2	2	2	2	2	2	2	1	1	1	1	0	0	1	1	2	2	1	1	1	1	1	1	1	0	0	0	0
20	1	1	1	2	2	2	2	2	2	2	1	1	1	1	0	0	1	0	2	1	1	1	2	1	0	1	0	0	0	0	0
21	1	1	1	2	2	2	2	2	2	2	1	1	1	1	0	0	1	1	2	1	1	1	1	1	1	1	1	0	0	0	0
22	1	1	1	2	1	0	2	2	2	2	0	0	1	1	0	0	1	1	1	0	1	0	1	0	0	1	0	0	0	0	0
23	1	1	1	2	2	2	2	2	1	2	1	2	1	1	1	2	1	1	2	1	1	1	1	1	1	1	1	1	1	1	1
24	1	1	1	2	2	2	2	2	2	2	1	1	1	1	0	0	1	1	1	1	1	1	1	1	1	1	1	0	0	0	0
25	1	1	1	2	2	2	2	2	2	2	1	1	1	1	2	2	1	1	2	2	2	1	2	1	1	1	1	1	1	1	0
26	0	0	1	2	2	2	1	2	2	2	2	1	1	1	2	2	0	0	2	1	1	1	2	1	1	1	1	1	1	1	0
27	1	1	0	2	2	2	2	1	0	0	1	1	0	0	0	0	1	0	1	1	1	1	0	0	0	0	0	0	0	0	0
28	1	0	1	2	2	2	2	2	2	2	1	1	1	1	0	0	0	0	1	1	1	1	1	1	1	1	1	0	0	0	0
29	1	1	1	2	2	2	2	2	2	2	1	1	1	1	2	2	1	1	2	1	1	1	1	1	1	1	1	1	1	1	1
30	1	1	1	2	2	2	2	2	2	2	1	1	1	1	2	2	1	1	2	1	1	1	1	1	1	1	1	1	1	1	1
31	1	1	1	2	2	2	2	1	2	2	1	1	1	1	1	2	1	1	2	2	1	1	2	1	1	1	1	1	1	1	1
32	1	1	1	2	2	2	2	2	2	2	1	1	1	1	1	2	1	1	1	1	1	1	1	1	1	1	1	1	1	1	1
33	1	1	1	2	2	2	2	2	2	2	1	1	1	1	2	2	1	0	2	1	2	1	1	1	1	1	1	1	1	1	0
34	1	1	1	2	2	2	2	2	2	2	1	1	1	1	1	0	1	1	2	1	1	1	1	1	1	1	1	1	1	0	0
35	1	1	0	2	2	2	2	2	2	2	1	1	1	1	2	0	0	0	2	2	1	1	2	1	1	1	1	1	1	0	0
36	1	1	1	2	2	2	2	2	2	2	1	1	1	1	2	2	1	1	1	1	2	1	1	1	1	1	1	1	1	1	1
37	1	0	0	2	2	2	2	2	2	2	1	1	1	1	2	2	0	0	2	2	2	1	2	1	1	1	1	1	1	1	0
38	1	1	1	2	2	2	2	2	2	2	1	1	1	1	2	2	1	0	2	2	2	1	1	1	1	1	1	1	1	1	0
39	1	1	1	2	2	2	2	2	2	2	1	1	1	1	2	2	1	0	2	2	1	1	2	1	1	1	1	1	1	1	0
40	0	0	1	2	2	2	2	2	2	2	1	1	0	1	0	0	0	0	2	1	1	1	1	1	0	0	0	0	0	0	0
41	0	1	0	2	2	2	2	2	2	2	1	1	1	1	2	2	0	0	2	2	1	1	2	1	1	1	1	1	1	1	0
42	1	1	1	2	2	2	2	2	2	2	1	1	1	1	2	2	1	1	2	2	2	1	2	1	1	1	1	1	1	1	1
43	1	1	1	2	2	2	0	0	2	2	1	1	1	1	0	0	1	1	2	1	0	0	1	0	1	1	1	0	0	0	0
44	1	1	1	2	2	2	2	2	2	2	1	1	1	1	0	0	1	1	2	1	1	0	1	0	1	1	1	0	0	0	0
45	1	1	1	2	2	2	0	0	2	2	1	1	1	1	0	0	1	1	2	1	0	0	1	0	1	1	1	0	0	0	0
46	1	1	1	2	2	2	2	2	2	2	1	1	1	1	0	0	1	1	1	1	1	1	1	0	1	1	1	0	0	0	0
47	1	1	1	2	2	2	2	2	2	2	1	1	1	1	2	0	1	1	2	1	1	1	1	1	1	1	1	1	1	0	0
48	0	1	1	2	2	2	2	2	2	2	1	1	1	1	2	2	0	0	2	2	1	1	1	1	1	1	1	1	1	1	0
49	0	1	1	2	2	2	2	2	2	2	1	2	1	1	2	0	0	0	2	2	1	1	1	1	1	1	1	1	1	0	0
50	1	1	1	2	2	2	2	2	2	2	2	1	1	1	2	2	1	1	2	2	2	1	2	1	1	1	1	1	1	1	1
51	1	1	1	2	2	1	2	2	2	2	1	1	1	1	0	0	1	1	2	1	1	1	1	1	0	0	0	0	0	0	0
52	1	1	1	2	2	2	2	2	2	2	1	1	1	1	0	0	1	1	1	1	1	1	1	1	1	1	1	0	0	0	0
53	1	1	1	2	2	2	2	2	2	2	1	1	1	1	2	2	0	0	2	1	2	1	2	1	1	1	1	1	1	1	0
54	1	1	1	2	1	2	2	2	2	2	1	1	1	1	2	2	1	1	1	1	2	1	2	1	1	1	1	1	1	1	1
55	1	1	1	2	2	2	2	2	2	2	1	1	1	1	2	0	1	1	2	1	1	1	1	1	1	1	1	1	1	0	0
56	1	1	1	2	2	2	2	2	2	2	1	1	1	1	2	0	1	1	2	1	1	1	2	1	1	1	1	1	1	0	0
57	0	0	0	2	2	2	2	2	2	2	2	2	2	2	2	2	0	0	2	2	2	2	2	2	1	1	1	1	1	1	0
58	1	1	1	2	2	2	2	2	2	2	1	1	1	1	0	0	0	0	1	1	1	1	1	1	1	1	1	0	0	0	0
59	1	1	1	2	2	0	0	0	2	2	1	1	1	1	0	0	1	1	1	0	0	0	1	0	1	1	1	0	0	0	0
60	1	1	1	2	2	2	2	2	2	2	1	1	0	1	0	0	0	0	2	2	1	1	2	1	0	0	0	0	0	0	0
61	1	1	0	2	2	2	0	0	2	2	1	1	1	1	0	0	1	0	2	1	0	0	1	0	1	1	1	0	0	0	0
62	1	1	1	2	2	2	2	2	2	2	1	1	1	1	2	2	1	1	2	2	1	1	2	1	1	1	1	1	1	1	1
63	1	1	1	2	2	2	2	2	2	2	1	1	1	1	2	2	1	1	2	2	2	1	2	1	1	1	1	1	1	1	1
64	1	1	1	2	2	2	2	2	2	2	1	2	1	1	2	2	1	1	2	2	1	1	2	1	1	1	1	1	1	1	1
65	1	1	1	2	2	2	2	2	2	2	1	1	1	1	2	2	1	0	2	2	1	1	2	1	1	1	1	1	1	1	0
66	1	1	1	2	2	2	2	2	2	2	1	2	1	1	2	2	1	1	2	2	2	1	2	1	1	1	1	1	1	1	1
67	1	1	1	2	2	2	2	2	2	2	1	1	1	1	2	2	1	1	2	1	1	1	1	1	1	1	1	1	1	1	1
68	1	1	1	2	2	2	2	2	2	2	0	1	1	0	0	0	1	1	2	1	1	0	1	0	0	0	0	0	0	0	0
69	1	0	1	2	2	2	2	2	2	2	1	1	1	1	0	0	0	0	1	1	1	1	2	1	1	1	1	0	0	0	0
70	1	1	1	2	2	2	2	2	2	2	1	1	1	1	2	2	1	1	2	2	1	1	2	1	1	1	1	1	1	1	1
71	0	0	0	2	2	2	0	0	2	2	0	0	0	1	0	0	0	0	1	1	0	0	1	0	0	0	0	0	0	0	0
72	1	1	1	2	2	2	2	2	2	2	1	1	1	1	1	0	1	1	2	1	1	1	1	1	1	1	1	1	1	0	0
73	1	1	1	2	2	2	2	2	2	2	1	1	1	1	0	0	0	0	1	1	1	1	1	1	1	1	1	0	0	0	0
74	1	1	1	2	2	2	2	2	2	2	1	1	1	1	2	2	1	1	2	1	1	1	2	1	1	1	1	1	1	1	1
75	1	1	1	2	2	2	2	2	2	2	0	0	1	1	0	0	1	1	1	1	1	1	1	0	0	0	0	0	0	0	0
76	0	1	1	2	2	2	2	2	2	2	1	1	1	1	1	1	0	0	2	1	1	1	1	1	1	1	1	1	1	1	0
77	1	1	1	2	2	2	2	2	2	2	1	1	1	1	2	0	1	1	2	2	1	1	1	1	1	1	1	1	0	0	0
78	1	1	1	2	2	2	0	0	1	1	1	1	1	1	2	0	1	1	2	1	0	0	0	0	1	1	1	1	0	0	0
79	1	1	1	2	2	2	2	2	2	2	1	2	1	2	2	2	1	1	2	1	1	1	1	1	1	1	1	1	1	1	0
80	1	1	1	2	2	2	2	2	1	0	1	1	1	1	2	0	1	1	2	1	1	1	0	0	1	1	1	1	0	0	0
81	0	1	1	2	2	2	2	2	0	1	1	1	1	1	0	0	0	0	1	1	1	0	0	0	1	1	1	0	0	0	0
82	0	0	1	2	2	2	2	1	2	2	1	0	1	0	0	1	0	0	1	1	1	1	1	1	0	0	0	0	0	0	0
83	1	1	1	2	2	2	2	2	2	2	1	1	1	1	0	0	1	1	2	1	1	1	1	1	1	1	1	0	0	0	0
84	1	1	1	2	2	2	2	2	2	2	1	1	1	1	2	0	1	1	2	1	1	1	1	1	1	1	1	1	1	0	0
85	1	1	1	2	2	1	2	2	0	1	1	1	1	1	2	1	1	1	2	1	1	0	0	0	1	1	1	1	0	0	0
86	0	0	1	2	2	2	0	0	2	2	1	2	1	1	2	0	0	0	2	1	0	0	1	0	1	1	1	1	0	0	0
87	1	1	1	2	2	2	2	2	2	2	2	2	2	1	1	1	1	0	2	2	1	1	1	1	1	1	1	1	1	0	0
88	1	1	1	2	2	2	2	2	2	2	1	1	1	1	2	2	1	1	2	2	2	1	1	1	1	1	1	1	1	1	1
89	1	1	1	2	2	2	2	2	2	2	1	1	1	1	2	2	1	1	2	2	1	1	2	1	1	1	1	1	1	1	0
90	0	0	1	2	2	2	2	2	2	2	1	1	1	1	0	0	0	0	2	1	1	1	1	1	1	1	1	0	0	0	0
91	1	1	1	2	2	2	2	2	0	0	1	1	1	1	0	0	1	1	1	1	1	1	0	0	1	1	1	0	0	0	0
92	1	1	1	2	2	2	2	2	2	2	2	1	1	1	2	2	1	1	2	1	2	1	1	1	1	1	1	1	1	1	1
93	1	1	1	2	2	2	2	2	2	2	1	1	1	1	2	0	1	1	1	1	1	1	1	1	1	1	1	1	1	0	0
94	1	1	1	2	2	2	2	2	1	0	1	0	0	0	0	0	1	1	1	1	1	0	0	0	0	0	0	0	0	0	0
95	1	0	1	2	2	2	2	2	2	2	1	1	1	1	2	2	0	0	2	2	1	1	2	1	1	1	1	1	1	1	0
96	1	1	1	2	2	2	2	2	2	2	1	1	1	1	1	0	1	1	2	1	1	1	1	1	1	1	1	1	1	0	0
97	1	1	1	2	2	2	2	2	2	2	1	1	1	1	2	0	1	1	2	2	1	1	2	1	1	1	1	1	1	0	0
98	1	1	1	2	2	2	2	2	2	2	1	1	1	1	2	2	1	1	2	2	1	1	2	1	1	1	1	1	1	1	1
99	1	1	1	2	2	1	0	0	2	2	0	0	0	0	0	0	1	1	2	1	0	0	1	0	0	0	0	0	0	0	0
