No.	ID	loglik_Null	loglik_Acc	loglik_Full	logBF1	logBF2	loglik_Max_M0	loglik_Max_M1	loglik_Max_M2
0	0	-315.19204	-315.59339	-315.98965	-0.40134867	0.39626583	-312.056	-310.65632	-310.68825
1	1	-280.44533	-280.92416	-281.43683	-0.47883133	0.51266295	-277.64824	-276.07586	-276.15149
2	2	-310.19404	-310.75995	-311.09256	-0.56590994	0.33261069	-306.57177	-305.86842	-305.58821
3	3	-228.60699	-229.27977	-229.8031	-0.67277966	0.52332898	-224.54367	-224.98968	-224.97677
4	4	-264.01763	-264.76588	-265.03423	-0.74824948	0.26835152	-261.08879	-261.45944	-261.47811
5	5	-339.32752	-339.97032	-339.40631	-0.64280529	-0.56401372	-336.93434	-336.19373	-331.80393
6	6	-202.34269	-202.15608	-203.04877	0.18661138	0.89269485	-199.02613	-195.98022	-195.97699
7	7	-263.83497	-264.60569	-265.16606	-0.77072345	0.56036218	-260.9247	-261.34276	-261.34299
8	8	-248.92431	-249.67611	-250.06804	-0.75180096	0.3919266	-246.05767	-246.47661	-246.47514
9	9	-297.32325	-287.51558	-289.3388	9.8076702	1.8232212	-294.56692	-275.39898	-275.40033
10	10	-324.17617	-324.85914	-325.1494	-0.68296859	0.2902659	-321.21156	-321.65558	-318.61556
11	11	-281.05652	-278.60359	-279.4848	2.4529304	0.88120157	-274.4175	-271.16605	-271.16379
12	12	-350.98676	-350.44319	-351.08243	0.5435756	0.63924285	-348.54919	-345.5573	-345.54994
13	13	-335.93222	-336.69857	-336.88542	-0.76634675	0.18684561	-333.4153	-333.83336	-332.18898
14	14	-352.5568	-353.20522	-352.89593	-0.64841736	-0.30929102	-348.05128	-346.89333	-341.97185
15	15	-226.35211	-227.61819	-227.15009	-1.2660772	-0.46809599	-222.3282	-219.65494	-219.81371
16	16	-343.998	-342.94752	-343.76807	1.0504809	0.8205524	-341.59208	-336.17022	-336.17919
17	17	-253.31962	-253.60162	-254.08351	-0.28200259	0.48188911	-248.79288	-246.83063	-247.24142
18	18	-371.03213	-368.03517	-369.01496	2.9969546	0.9797904	-365.33539	-357.74311	-356.5158
19	19	-281.49944	-281.97415	-282.35959	-0.47470779	0.38544543	-278.82083	-276.77131	-276.76582
20	20	-264.646	-265.15535	-265.69192	-0.50935461	0.53657105	-261.76991	-260.76104	-260.75965
21	21	-419.25506	-418.54723	-415.726	0.70782753	-2.8212296	-412.23953	-406.67901	-403.45859
22	22	-268.84979	-269.317	-269.91992	-0.46721576	0.60291091	-266.0082	-264.30543	-264.20234
23	23	-319.50271	-319.47331	-320.0942	0.029402161	0.6208923	-316.88875	-314.25812	-314.25806
24	24	-209.61419	-211.13696	-210.36094	-1.5227618	-0.77601757	-206.0503	-204.32632	-204.33248
25	25	-465.8319	-464.4229	-464.97359	1.4089966	0.55068738	-463.78409	-457.35168	-455.14161
26	26	-316.67331	-317.3451	-317.76336	-0.67179836	0.41825597	-313.69756	-312.76313	-312.77073
27	27	-179.20943	-180.14681	-180.26936	-0.9373771	0.12255545	-175.78726	-176.20469	-176.20496
28	28	-276.85409	-277.11145	-277.58756	-0.25736802	0.4761086	-273.9857	-272.36536	-271.83984
29	29	-273.5667	-273.88228	-274.0877	-0.31557822	0.20542472	-267.66759	-266.09836	-262.14689
30	30	-327.61281	-328.24462	-325.25585	-0.63180751	-2.9887659	-322.69074	-323.40278	-316.8163
31	31	-421.90491	-418.54896	-419.5502	3.3559447	1.0012371	-405.13813	-402.03143	-401.87938
32	32	-306.45428	-307.01077	-307.26325	-0.55648954	0.25248125	-303.74325	-303.47889	-301.18405
33	33	-276.61343	-277.13136	-277.77097	-0.51792747	0.63960801	-273.88124	-272.91993	-272.92353
34	34	-328.8374	-328.31485	-329.04763	0.52254715	0.73277174	-325.16662	-321.3624	-318.58098
35	35	-260.08261	-259.93917	-260.54303	0.14343892	0.60385061	-257.29421	-253.0711	-253.08599
36	36	-289.57631	-289.92362	-290.32274	-0.34731256	0.39912162	-286.82987	-284.42343	-283.85658
37	37	-278.31955	-278.85243	-278.92617	-0.53287733	0.073748365	-275.71829	-273.70327	-269.29107
38	38	-374.87328	-374.498	-374.0252	0.37528744	-0.4727977	-372.51558	-368.66358	-363.86027
39	39	-476.79015	-476.31972	-473.34161	0.47043546	-2.9781104	-467.08601	-457.64659	-456.66117
40	40	-356.79674	-356.53236	-356.88386	0.26438577	0.35150335	-354.3517	-350.10875	-348.44434
41	41	-325.88136	-326.05773	-326.42868	-0.1763732	0.37095321	-318.65822	-317.68655	-316.1576
42	42	-303.55262	-304.41796	-302.71852	-0.86533741	-1.6994376	-300.98494	-301.27191	-295.88974
43	43	-173.34272	-173.83586	-174.12807	-0.49313841	0.29221726	-169.59982	-170.01815	-170.01733
44	44	-324.98171	-325.24862	-325.78574	-0.26691222	0.5371177	-319.15056	-317.68589	-317.69555
45	45	-289.56045	-290.22869	-290.66575	-0.66824413	0.43706079	-287.03296	-286.23513	-286.2295
46	46	-304.89264	-305.17988	-304.59313	-0.28723809	-0.58674622	-302.30299	-300.22837	-293.20722
47	47	-326.41746	-323.08007	-323.94951	3.3373886	0.86943918	-319.22231	-315.36428	-315.53749
48	48	-226.99586	-227.08639	-228.0711	-0.090526126	0.98471483	-223.807	-221.18047	-221.17892
49	49	-284.24995	-282.16487	-283.26706	2.0850863	1.1021929	-277.1938	-272.1741	-272.15465
50	50	-305.29133	-305.14322	-305.34276	0.14810977	0.19954174	-299.36041	-298.3408	-297.53114
51	51	-294.26943	-294.62788	-295.10601	-0.35844876	0.47813087	-289.42425	-289.95662	-288.77093
52	52	-272.06052	-270.40523	-271.37402	1.655281	0.9687811	-269.33371	-263.10483	-263.11029
53	53	-215.47275	-216.05498	-216.56396	-0.5822302	0.50897952	-211.379	-210.91123	-211.91652
54	54	-374.30689	-372.02373	-372.80883	2.2831596	0.7851004	-370.91774	-361.22365	-359.53397
55	55	-296.27881	-296.77648	-297.36773	-0.49766392	0.59124893	-293.6312	-292.03203	-292.04266
56	56	-496.78523	-491.39263	-490.44034	5.3926037	-0.95228988	-488.21816	-480.20974	-478.36022
57	57	-214.75243	-215.51963	-215.73304	-0.76720384	0.21340372	-211.39063	-211.80809	-211.80807
58	58	-336.51416	-332.8958	-334.03471	3.618361	1.1389046	-330.26294	-324.22495	-324.23089
59	59	-255.40927	-254.94023	-255.31629	0.4690376	0.37605929	-252.53163	-248.89939	-247.11952
60	60	-291.3838	-291.8995	-292.22101	-0.51569213	0.32151676	-288.53204	-287.57602	-287.57231
61	61	-283.61312	-283.99909	-284.52429	-0.38596495	0.5252033	-281.0141	-278.74413	-278.7502
62	62	-321.70939	-320.57818	-321.21356	1.1312119	0.63538397	-319.16352	-312.83888	-312.55829
63	63	-224.7668	-224.90132	-225.43814	-0.13451871	0.53681946	-221.81171	-218.86391	-218.86488
64	64	-380.86848	-380.63616	-381.16993	0.2323169	0.5337641	-376.65581	-373.39464	-373.31528
65	65	-324.34611	-324.12884	-324.63977	0.21727177	0.51092435	-320.48061	-317.2385	-317.13085
66	66	-310.5535	-310.7627	-311.3126	-0.20920172	0.54989889	-307.90602	-304.7194	-304.73344
67	67	-282.04259	-281.95438	-282.47908	0.088209158	0.52470094	-279.43817	-275.85454	-275.75421
68	68	-297.81598	-298.16786	-298.72013	-0.35187976	0.55227093	-293.38826	-291.66064	-291.28815
69	69	-234.35201	-234.51257	-235.1739	-0.1605513	0.6613358	-231.33206	-228.26528	-228.25875
70	70	-320.08065	-320.16638	-320.72254	-0.085730276	0.55615063	-314.45477	-311.25807	-311.32753
71	71	-300.45693	-300.95478	-301.37415	-0.49784682	0.41936742	-296.36107	-296.9673	-296.82216
72	72	-385.53285	-385.91595	-383.77936	-0.38309999	-2.1365864	-382.81296	-380.66333	-373.94522
73	73	-299.4472	-298.15704	-298.66854	1.290162	0.51150626	-296.71269	-292.20779	-292.20568
74	74	-236.79724	-237.51822	-237.93187	-0.72097895	0.41365172	-233.79323	-234.21097	-234.21211
75	75	-352.24025	-350.49859	-351.22745	1.7416609	0.72885746	-349.79663	-343.64933	-343.71961
76	76	-258.15837	-258.61526	-259.07984	-0.4568835	0.46458603	-255.31676	-252.6443	-252.63389
77	77	-306.02942	-305.8721	-306.43123	0.15732049	0.5591255	-301.96394	-298.1798	-297.53496
78	78	-223.36585	-223.25995	-223.78462	0.10589617	0.52466644	-218.69278	-219.11214	-219.11046
79	79	-280.63438	-280.9274	-281.04625	-0.29301882	0.11884968	-277.91851	-276.12641	-273.92862
80	80	-327.2255	-327.88788	-328.28673	-0.66237731	0.39885535	-324.51363	-323.91257	-323.94197
81	81	-416.61741	-412.32032	-413.21139	4.2970942	0.89106758	-404.59411	-403.8121	-401.12872
82	82	-311.62677	-311.5551	-312.19294	0.071668326	0.63783671	-308.93046	-305.08602	-305.07606
83	83	-421.27668	-416.87718	-417.6706	4.3994988	0.79341818	-415.08105	-405.55705	-402.88155
84	84	-309.77747	-309.81919	-310.46658	-0.041725839	0.64739078	-305.7085	-303.17239	-303.44378
85	85	-261.35243	-261.63631	-262.09059	-0.28388636	0.45427881	-258.53319	-255.86513	-254.96646
86	86	-402.17341	-402.67925	-401.44202	-0.50584461	-1.2372275	-396.93909	-396.70273	-390.18286
87	87	-203.73565	-204.35207	-204.7721	-0.61641911	0.4200287	-200.59509	-198.82075	-198.81474
88	88	-240.92663	-241.32243	-241.92662	-0.39580784	0.60418123	-236.1507	-235.31507	-235.8404
89	89	-289.74283	-290.39632	-290.8697	-0.65348709	0.47337955	-287.13497	-286.22036	-286.22341
90	90	-421.11339	-421.56719	-422.02413	-0.45380949	0.45693057	-418.97402	-417.14861	-417.28194
91	91	-295.60685	-296.30097	-296.6787	-0.6941193	0.37772361	-292.97361	-293.39341	-293.39104
92	92	-287.0299	-287.42547	-287.6862	-0.39556625	0.26073705	-284.37593	-282.92452	-281.67309
93	93	-244.64798	-245.54794	-245.78625	-0.89995647	0.23830489	-241.84601	-242.26409	-242.26386
94	94	-212.9584	-212.67167	-213.25479	0.28673222	0.58312	-209.55776	-206.4561	-206.44735
95	95	-262.23908	-259.78907	-260.58551	2.4500087	0.79643969	-259.26975	-250.5875	-250.08143
96	96	-201.33945	-201.75005	-202.15464	-0.41060047	0.40458956	-197.94156	-197.4647	-197.4863
97	97	-318.93288	-319.60271	-319.38114	-0.66982972	-0.22156533	-316.6004	-316.00602	-311.75727
98	98	-218.47671	-219.30664	-219.5645	-0.82992505	0.25786226	-215.34257	-215.76003	-215.7612
99	99	-394.64851	-392.96877	-385.96941	1.6797408	-6.999358	-382.42461	-377.71945	-373.6354
