No.	ID	loglik_Null_W	loglik_Acc_W	loglik_Full_W	logBF1	logBF2
0	0	-545.17703	-542.71073	-531.26177	2.4663037	-11.448961
1	1	-383.592	-383.10379	-373.82213	0.48821033	-9.2816579
2	2	-459.71469	-461.80277	-463.60921	-2.088088	1.8064361
3	3	-338.27337	-334.34734	-336.21613	3.9260314	1.8687851
4	4	-407.10846	-403.44644	-401.82231	3.6620188	-1.6241297
5	5	-409.77888	-410.2849	-410.7669	-0.50602681	0.48199788
6	6	-403.22348	-396.34233	-386.9552	6.8811519	-9.387127
7	7	-550.67746	-547.80561	-536.26794	2.8718525	-11.537669
8	8	-528.33315	-528.93283	-519.75007	-0.59967913	-9.1827589
9	9	-506.22957	-505.50922	-482.15522	0.72035409	-23.353996
10	10	-565.81006	-567.27344	-556.66004	-1.4633805	-10.613401
11	11	-448.8498	-448.72712	-444.74477	0.12267801	-3.9823454
12	12	-386.79618	-384.31437	-383.06706	2.4818103	-1.2473111
13	13	-497.4931	-495.56107	-479.72472	1.9320375	-15.836349
14	14	-353.73348	-352.21902	-346.09028	1.5144601	-6.1287362
15	15	-556.5277	-553.72331	-555.29276	2.8043891	1.5694474
16	16	-301.66678	-303.04637	-303.06939	-1.3795849	0.023020868
17	17	-431.57338	-427.38158	-432.74534	4.1917977	5.3637656
18	18	-406.30436	-406.65215	-395.22278	-0.3477945	-11.429372
19	19	-389.53363	-388.22853	-377.88234	1.3050999	-10.346191
20	20	-420.75133	-420.89291	-409.67321	-0.14157385	-11.219697
21	21	-440.53815	-440.4663	-437.3933	0.071850007	-3.0729984
22	22	-375.58924	-374.31465	-374.47952	1.2745977	0.16487791
23	23	-531.72562	-528.16624	-517.11041	3.5593825	-11.055832
24	24	-440.48553	-437.97945	-425.25187	2.5060854	-12.727579
25	25	-522.56537	-518.69963	-494.2231	3.8657414	-24.476521
26	26	-504.7208	-504.65953	-497.60762	0.061269958	-7.0519081
27	27	-449.53865	-448.48385	-443.59403	1.0547983	-4.8898173
28	28	-412.68425	-411.61586	-406.72117	1.0683908	-4.8946837
29	29	-489.93709	-488.29344	-476.48837	1.643657	-11.805061
30	30	-595.34325	-593.90531	-591.81954	1.437942	-2.0857704
31	31	-462.61418	-461.57353	-464.1109	1.0406486	2.5373647
32	32	-482.83876	-483.0933	-473.47635	-0.2545343	-9.6169408
33	33	-518.17713	-515.62906	-513.12992	2.548065	-2.4991487
34	34	-451.34354	-452.12428	-443.79981	-0.7807458	-8.324468
35	35	-448.3645	-446.72095	-433.30859	1.6435548	-13.412356
36	36	-420.88444	-420.53996	-408.20062	0.34447582	-12.33934
37	37	-411.12749	-406.58311	-403.73639	4.5443829	-2.8467153
38	38	-515.49293	-514.34532	-506.91362	1.1476106	-7.4317017
39	39	-484.24451	-481.86024	-479.43806	2.3842673	-2.422184
40	40	-519.1785	-514.90499	-513.06836	4.2735108	-1.8366261
41	41	-487.42261	-487.17428	-482.41023	0.24833356	-4.76405
42	42	-438.09122	-437.52267	-433.91118	0.56855193	-3.6114965
43	43	-397.9034	-399.4045	-389.64255	-1.5011041	-9.7619555
44	44	-428.33234	-429.93864	-424.82768	-1.6062974	-5.1109603
45	45	-344.17028	-344.51799	-340.75024	-0.34770273	-3.7677461
46	46	-606.47628	-603.84674	-603.98377	2.6295377	0.13703467
47	47	-442.28494	-440.45628	-437.39098	1.8286654	-3.0652912
48	48	-413.27637	-412.62462	-411.39844	0.65174914	-1.2261768
49	49	-474.07816	-476.28388	-471.84893	-2.2057194	-4.4349567
50	50	-417.738	-416.96574	-408.673	0.77225904	-8.2927412
51	51	-281.2427	-281.1492	-281.55465	0.093498735	0.40544788
52	52	-511.97902	-510.83552	-491.58343	1.1435053	-19.252088
53	53	-369.86282	-368.17979	-361.68622	1.6830296	-6.4935681
54	54	-578.61307	-578.9358	-561.10291	-0.32273526	-17.832891
55	55	-351.94883	-352.22262	-342.5283	-0.27379286	-9.6943215
56	56	-388.75189	-383.06611	-383.35598	5.6857775	0.28986784
57	57	-429.83637	-417.41477	-416.54729	12.421599	-0.86747484
58	58	-449.07936	-446.94969	-435.8346	2.1296682	-11.115095
59	59	-408.78794	-409.38555	-405.03505	-0.59761192	-4.3504977
60	60	-461.08411	-453.5885	-452.75189	7.4956047	-0.83660847
61	61	-637.77908	-638.59405	-630.52345	-0.81496784	-8.0706064
62	62	-391.78181	-389.30616	-386.23218	2.4756552	-3.0739781
63	63	-265.81292	-262.05204	-265.00725	3.7608754	2.9552032
64	64	-521.36161	-521.92557	-522.66234	-0.56396158	0.73677089
65	65	-351.71691	-350.00428	-347.69542	1.7126242	-2.3088628
66	66	-306.54742	-306.91841	-300.80925	-0.37099497	-6.1091591
67	67	-354.51178	-357.51037	-346.38211	-2.9985947	-11.128256
68	68	-454.65965	-455.86022	-438.68879	-1.2005712	-17.171435
69	69	-391.61573	-389.66176	-385.78288	1.9539676	-3.8788831
70	70	-440.30962	-439.87862	-433.18114	0.43099767	-6.6974783
71	71	-525.04178	-525.01521	-510.23084	0.026567649	-14.784374
72	72	-433.30354	-433.02235	-425.7204	0.28119553	-7.3019483
73	73	-474.68425	-471.00277	-464.76588	3.6814828	-6.2368901
74	74	-421.58816	-421.11051	-410.40776	0.47764905	-10.702744
75	75	-548.69366	-546.78439	-539.65488	1.9092696	-7.129514
76	76	-401.90949	-401.55785	-391.00898	0.35164124	-10.548871
77	77	-332.44509	-333.17307	-326.53168	-0.72797583	-6.6413876
78	78	-627.87539	-625.94787	-619.67478	1.9275222	-6.2730906
79	79	-347.22949	-346.51559	-338.82324	0.71390792	-7.6923453
80	80	-324.78923	-311.63991	-317.13298	13.149327	5.4930765
81	81	-454.77996	-453.39549	-437.30453	1.384474	-16.090958
82	82	-496.06688	-495.75102	-487.58631	0.31585551	-8.1647096
83	83	-456.54054	-456.58736	-448.22911	-0.04682116	-8.3582462
84	84	-424.15863	-425.4507	-413.63932	-1.2920703	-11.811379
85	85	-509.06861	-508.9016	-507.35527	0.16701039	-1.5463269
86	86	-378.158	-373.5387	-371.07849	4.6192982	-2.4602134
87	87	-340.51993	-339.72552	-329.33774	0.79441178	-10.387779
88	88	-314.09912	-312.82055	-311.9285	1.2785662	-0.8920479
89	89	-380.2965	-380.04999	-380.77591	0.24651931	0.72592372
90	90	-435.84105	-435.92644	-429.71269	-0.085386224	-6.2137462
91	91	-345.79351	-343.68892	-338.53454	2.1045967	-5.1543809
92	92	-458.85298	-459.83875	-456.65435	-0.98577253	-3.1844086
93	93	-425.3759	-422.62221	-424.27906	2.7536975	1.6568561
94	94	-357.98586	-355.0177	-356.99581	2.9681628	1.9781118
95	95	-447.96675	-447.7662	-436.91825	0.20054257	-10.847954
96	96	-608.01402	-604.99387	-582.99931	3.020149	-21.994563
97	97	-382.72761	-379.32987	-377.67102	3.3977436	-1.6588469
98	98	-504.30269	-503.20114	-494.31595	1.1015546	-8.8851926
99	99	-392.83381	-392.22293	-387.76856	0.61087691	-4.4543675
