No.	ID	loglik_Null_W	loglik_Acc_W	loglik_Full_W	logBF1	logBF2
0	0	-600.40135	-592.63862	-592.67338	7.762727	0.034757243
1	1	-387.95897	-392.59486	-393.42479	-4.6358896	0.829931
2	2	-623.49476	-624.08338	-621.22357	-0.58861351	-2.859805
3	3	-362.78995	-363.47765	-364.11813	-0.6877062	0.64047328
4	4	-562.01437	-563.05758	-565.6045	-1.0432053	2.5469265
5	5	-545.33546	-540.94679	-543.77723	4.3886667	2.8304372
6	6	-453.22306	-447.53252	-453.74667	5.6905338	6.2141454
7	7	-335.59345	-335.61152	-338.54509	-0.018067896	2.9335661
8	8	-478.76425	-476.98536	-477.35264	1.7788956	0.3672814
9	9	-489.87179	-478.3657	-475.3475	11.506089	-3.0182045
10	10	-581.03544	-566.2383	-554.67577	14.797146	-11.562526
11	11	-447.6475	-444.38546	-444.1252	3.2620389	-0.26025491
12	12	-379.53834	-380.16676	-378.29862	-0.6284205	-1.8681462
13	13	-374.59567	-372.16569	-370.69092	2.4299832	-1.4747673
14	14	-378.84558	-378.08909	-373.28864	0.75649204	-4.8004507
15	15	-646.68463	-649.72752	-646.41184	-3.0428937	-3.3156812
16	16	-581.52613	-582.23136	-573.94895	-0.70522945	-8.2824072
17	17	-508.85155	-507.52223	-507.09105	1.3293171	-0.43118355
18	18	-626.83397	-621.08368	-620.77374	5.7502815	-0.30994829
19	19	-558.90731	-562.27612	-554.89031	-3.3688059	-7.3858094
20	20	-413.29278	-415.78152	-418.44634	-2.4887431	2.6648162
21	21	-279.04943	-280.40321	-282.26354	-1.3537747	1.8603289
22	22	-569.20601	-558.66984	-560.41101	10.536163	1.7411629
23	23	-354.94435	-355.34489	-356.26887	-0.40053873	0.92397573
24	24	-360.55428	-362.91165	-365.28115	-2.3573751	2.3694985
25	25	-326.72503	-319.51195	-322.8523	7.2130841	3.3403536
26	26	-581.16737	-581.28843	-574.95594	-0.12105552	-6.3324887
27	27	-384.92079	-384.21405	-389.21512	0.70673737	5.0010674
28	28	-596.51581	-598.52732	-594.81266	-2.011508	-3.7146599
29	29	-393.37428	-391.02001	-396.22882	2.3542747	5.208813
30	30	-463.76453	-458.40297	-455.60118	5.3615681	-2.8017905
31	31	-510.17967	-509.21759	-511.0127	0.96208679	1.7951183
32	32	-654.83783	-655.78069	-653.5677	-0.94286605	-2.2129887
33	33	-750.20564	-747.38655	-749.34556	2.8190937	1.9590074
34	34	-457.07231	-458.60758	-455.36976	-1.5352751	-3.2378161
35	35	-808.26163	-805.81013	-799.78708	2.4514933	-6.023051
36	36	-225.37221	-225.31912	-228.19238	0.053090743	2.8732537
37	37	-424.15972	-421.34216	-422.15107	2.8175684	0.80891268
38	38	-343.93935	-341.3814	-348.9198	2.5579456	7.5383994
39	39	-416.33621	-415.7301	-417.98755	0.60611585	2.2574555
40	40	-474.68394	-471.87971	-469.08601	2.8042259	-2.7937009
41	41	-596.92162	-597.71729	-572.71129	-0.79567894	-25.006005
42	42	-211.88753	-213.04811	-215.49679	-1.1605841	2.4486751
43	43	-325.72926	-326.04309	-333.3119	-0.31383339	7.2688103
44	44	-726.40038	-730.39023	-722.5053	-3.9898442	-7.8849244
45	45	-451.35644	-448.42936	-450.83646	2.9270844	2.4070964
46	46	-514.01595	-515.98704	-520.53677	-1.9710959	4.5497293
47	47	-436.65149	-434.45283	-436.3583	2.1986644	1.9054714
48	48	-607.38796	-609.63456	-611.1705	-2.2466032	1.5359361
49	49	-492.57682	-488.10253	-488.13615	4.4742868	0.033615107
50	50	-369.38603	-369.76802	-372.97138	-0.38198772	3.2033646
51	51	-412.6641	-411.90359	-415.92445	0.76051181	4.0208589
52	52	-296.97556	-290.05244	-293.74389	6.9231196	3.6914517
53	53	-631.49276	-625.29351	-624.03789	6.1992468	-1.2556183
54	54	-351.16168	-347.98529	-348.51709	3.1763852	0.53179355
55	55	-257.57299	-259.39859	-261.29968	-1.8256007	1.9010836
56	56	-518.15533	-519.36116	-517.94229	-1.2058329	-1.4188716
57	57	-402.86795	-398.60482	-402.37608	4.263131	3.7712654
58	58	-523.45515	-523.80118	-524.0261	-0.3460303	0.2249246
59	59	-302.39132	-302.46065	-304.70637	-0.06932847	2.2457158
60	60	-373.96638	-376.96794	-377.47256	-3.0015667	0.50461465
61	61	-373.53034	-373.82696	-377.21102	-0.2966174	3.3840597
62	62	-256.0171	-255.52623	-259.25571	0.49086517	3.7294768
63	63	-398.85716	-397.70464	-393.37153	1.1525171	-4.3331144
64	64	-326.77115	-328.51869	-329.18606	-1.7475384	0.66737147
65	65	-550.13717	-547.3101	-545.11322	2.827069	-2.1968797
66	66	-345.9657	-347.20584	-349.28944	-1.2401363	2.0835997
67	67	-387.38797	-383.81622	-384.36833	3.5717492	0.55210707
68	68	-304.37869	-305.45147	-308.84423	-1.0727784	3.3927596
69	69	-468.6316	-467.73861	-471.39292	0.89299238	3.6543149
70	70	-350.46882	-352.19378	-354.07303	-1.7249587	1.8792494
71	71	-546.82624	-545.45734	-547.44881	1.3689091	1.9914755
72	72	-399.73851	-403.20833	-403.22862	-3.4698178	0.020291148
73	73	-555.43232	-552.96397	-553.56049	2.4683594	0.59652775
74	74	-605.26075	-602.93344	-603.55308	2.3273074	0.61963792
75	75	-598.48024	-598.69303	-590.69732	-0.21279305	-7.9957103
76	76	-566.06577	-567.13718	-562.81629	-1.0714114	-4.3208952
77	77	-560.90825	-563.3789	-564.39418	-2.4706542	1.015275
78	78	-447.45931	-446.28442	-446.68944	1.1748899	0.40502139
79	79	-526.33275	-524.48991	-522.30774	1.8428381	-2.1821729
80	80	-318.19225	-317.8109	-320.47916	0.3813499	2.6682562
81	81	-417.20129	-414.07001	-416.6389	3.1312815	2.5688921
82	82	-669.3387	-667.01198	-645.89943	2.326726	-21.112544
83	83	-591.14383	-591.80803	-583.04141	-0.66419562	-8.766615
84	84	-677.82225	-670.65446	-670.80148	7.1677855	0.14701926
85	85	-364.27327	-367.28264	-365.18204	-3.0093728	-2.100602
86	86	-545.61983	-543.2722	-537.29414	2.3476295	-5.9780605
87	87	-354.09508	-349.83032	-353.6207	4.264764	3.7903834
88	88	-459.96436	-462.47012	-462.82827	-2.5057598	0.35814932
89	89	-464.16684	-464.44715	-466.81486	-0.28030446	2.3677079
90	90	-481.65812	-482.94703	-481.59022	-1.2889097	-1.3568079
91	91	-504.76983	-506.66864	-502.23954	-1.8988037	-4.4290941
92	92	-569.81002	-566.11907	-570.79617	3.6909521	4.6771006
93	93	-633.18821	-633.44873	-632.00648	-0.26052418	-1.4422527
94	94	-480.48396	-477.35788	-477.33518	3.1260732	-0.022701175
95	95	-635.92889	-630.32805	-627.35313	5.6008383	-2.974918
96	96	-644.66187	-643.04744	-638.38752	1.6144326	-4.6599134
97	97	-457.68297	-460.03649	-460.79157	-2.3535216	0.75508371
98	98	-734.18944	-726.64483	-720.38566	7.5446111	-6.2591714
99	99	-576.75734	-575.25379	-567.86712	1.5035531	-7.3866652
100	100	-534.70466	-535.01527	-529.1524	-0.31060922	-5.8628754
101	101	-502.10219	-501.9761	-502.83065	0.12609476	0.85455291
102	102	-436.56193	-437.8313	-439.80461	-1.269362	1.9733157
103	103	-675.43111	-671.22342	-667.08472	4.2076904	-4.1386995
104	104	-706.43404	-709.52187	-689.20749	-3.0878285	-20.314372
105	105	-268.17308	-270.36043	-274.70504	-2.1873465	4.3446073
106	106	-417.9214	-418.59971	-418.15214	-0.67830815	-0.44757404
107	107	-301.91262	-302.14457	-301.57425	-0.2319547	-0.57032424
108	108	-449.9477	-453.44115	-446.75062	-3.493444	-6.6905316
109	109	-595.89724	-583.26981	-578.21107	12.627433	-5.0587387
110	110	-422.29886	-419.26017	-416.14051	3.0386931	-3.1196658
111	111	-440.54155	-441.25812	-436.59433	-0.7165719	-4.663792
112	112	-263.07227	-262.79098	-263.59752	0.28129075	0.80654023
113	113	-259.24967	-259.53992	-265.59758	-0.29025213	6.0576615
114	114	-338.95043	-339.4436	-342.08752	-0.49317568	2.6439199
115	115	-641.6867	-640.65288	-637.61688	1.0338233	-3.0359937
116	116	-530.66079	-529.5971	-529.50447	1.0636908	-0.092622159
117	117	-508.10845	-504.59126	-501.65546	3.5171833	-2.9358033
118	118	-490.15481	-489.53165	-488.53003	0.62316549	-1.0016174
119	119	-838.03428	-832.03718	-815.3496	5.9971021	-16.687577
120	120	-503.79435	-502.02357	-502.63942	1.7707806	0.61585359
121	121	-403.35701	-400.74732	-402.51209	2.6096915	1.7647699
122	122	-485.97367	-485.94842	-488.17962	0.025257993	2.2312044
123	123	-326.45477	-325.62103	-329.65466	0.83373839	4.0336312
124	124	-444.94842	-448.19368	-444.56959	-3.2452597	-3.6240877
125	125	-557.64131	-564.44318	-564.92772	-6.8018693	0.48454343
126	126	-420.13359	-418.5901	-417.8987	1.5434855	-0.69140446
127	127	-471.29765	-466.05183	-469.81354	5.2458128	3.7617105
128	128	-503.25451	-502.78697	-502.19888	0.46754129	-0.58809674
129	129	-406.16729	-406.68285	-405.85489	-0.51556429	-0.82796047
130	130	-527.51548	-530.50183	-525.85486	-2.9863588	-4.6469766
131	131	-337.51213	-338.6512	-338.1833	-1.1390745	-0.46789817
132	132	-399.68641	-399.85948	-402.5955	-0.17306913	2.7360202
133	133	-499.22267	-495.8898	-489.92772	3.3328675	-5.9620851
134	134	-619.32926	-611.78199	-615.93596	7.5472728	4.1539672
135	135	-575.27882	-575.73516	-575.90887	-0.45633453	0.17370988
136	136	-331.20298	-331.91768	-333.62084	-0.7147042	1.7031625
137	137	-349.04016	-347.98033	-352.69269	1.0598342	4.7123643
138	138	-530.5525	-528.32014	-528.45768	2.2323623	0.13754267
139	139	-450.41313	-450.42333	-452.45357	-0.010195531	2.0302373
140	140	-489.62761	-484.1821	-490.34182	5.4455109	6.1597184
141	141	-687.84715	-689.67541	-685.64166	-1.8282665	-4.0337522
142	142	-417.75302	-420.81702	-420.80504	-3.0640031	-0.011983716
143	143	-529.15439	-531.07771	-530.1097	-1.9233209	-0.96801399
144	144	-647.38253	-648.21551	-643.53073	-0.83297853	-4.6847776
145	145	-614.65435	-610.84622	-611.14014	3.8081306	0.29392462
146	146	-462.29794	-459.79317	-459.11364	2.5047707	-0.67952849
147	147	-730.98951	-722.32266	-719.32158	8.6668438	-3.0010802
148	148	-602.82032	-604.69832	-598.92335	-1.878002	-5.7749756
149	149	-647.02972	-655.63181	-662.949	-8.6020935	7.3171859
150	150	-481.43416	-482.9279	-484.77003	-1.493743	1.8421259
151	151	-461.32008	-457.17444	-461.3714	4.1456388	4.1969583
152	152	-476.30744	-473.8147	-474.63252	2.4927353	0.81782029
153	153	-547.65779	-550.27198	-550.93477	-2.6141856	0.66279649
154	154	-371.94125	-372.16696	-374.92876	-0.22570732	2.761796
155	155	-518.74004	-509.18349	-513.27675	9.556548	4.0932611
156	156	-403.97423	-401.23846	-399.39501	2.7357748	-1.843451
157	157	-606.17174	-609.44008	-604.93787	-3.2683402	-4.5022087
158	158	-459.20803	-460.43309	-461.17252	-1.2250605	0.73942551
159	159	-503.02151	-506.57732	-502.27997	-3.5558094	-4.2973435
160	160	-256.90748	-258.52029	-261.33374	-1.6128082	2.8134498
161	161	-441.40387	-445.2185	-444.4464	-3.8146232	-0.77209061
162	162	-563.09278	-565.95017	-566.96131	-2.8573946	1.0111358
163	163	-681.52876	-684.25207	-674.83272	-2.7233123	-9.4193532
164	164	-289.58992	-291.39447	-291.38012	-1.8045546	-0.014356154
165	165	-507.60544	-504.35759	-504.68838	3.2478442	0.33078491
166	166	-466.75624	-463.14492	-463.5813	3.6113194	0.43638261
167	167	-714.67536	-710.55765	-704.50964	4.1177107	-6.0480098
168	168	-345.47038	-344.79342	-348.52678	0.67696521	3.7333659
169	169	-479.73581	-479.08536	-476.99264	0.65045533	-2.0927183
170	170	-572.18382	-578.71781	-573.66157	-6.5339867	-5.056236
171	171	-407.13965	-407.30627	-406.01762	-0.16662177	-1.2886538
172	172	-775.35009	-776.25634	-770.62149	-0.90624352	-5.6348494
173	173	-424.26597	-422.16266	-423.95991	2.1033086	1.7972498
174	174	-629.83755	-630.32696	-629.1303	-0.48940409	-1.1966567
175	175	-687.57525	-688.2276	-680.81153	-0.65235066	-7.4160717
176	176	-390.21604	-393.22847	-395.89471	-3.0124215	2.666241
177	177	-479.646	-479.84601	-480.92268	-0.20000815	1.0766731
178	178	-377.95078	-377.5017	-377.38279	0.44908058	-0.11890631
179	179	-529.5712	-528.27915	-523.76641	1.2920501	-4.5127427
180	180	-548.24634	-543.6651	-539.08257	4.5812447	-4.5825279
181	181	-478.44041	-489.16081	-480.96476	-10.720402	-8.1960501
182	182	-352.77834	-354.28722	-356.34852	-1.5088741	2.0613027
183	183	-572.13861	-570.82642	-569.98147	1.3121829	-0.84495693
184	184	-419.237	-418.05115	-419.84342	1.1858425	1.7922692
185	185	-410.25057	-407.6327	-408.74025	2.6178666	1.1075488
186	186	-422.36346	-425.37838	-421.55629	-3.0149207	-3.8220913
187	187	-525.52168	-520.22494	-527.82769	5.2967335	7.602741
188	188	-263.25198	-265.28924	-269.57472	-2.0372569	4.2854784
189	189	-589.02674	-591.32288	-583.76403	-2.2961447	-7.5588559
190	190	-333.16057	-333.82468	-341.20101	-0.66410895	7.3763337
191	191	-619.27484	-620.00883	-621.88244	-0.73398495	1.8736108
192	192	-416.63219	-414.3697	-414.77246	2.2624846	0.40276056
193	193	-424.16482	-434.61498	-433.829	-10.450166	-0.78598673
194	194	-569.25943	-573.25179	-568.07781	-3.9923604	-5.1739817
195	195	-399.57509	-393.87674	-394.32076	5.6983467	0.44402026
196	196	-744.34535	-741.83005	-738.49385	2.5152993	-3.3361986
197	197	-470.08976	-468.65939	-466.00521	1.4303655	-2.6541843
198	198	-632.07901	-631.81048	-626.03858	0.26853269	-5.7718974
199	199	-354.54645	-344.5328	-350.08935	10.013649	5.5565527
