No.	ID	loglik_Null	loglik_Acc	loglik_Full	logBF1	logBF2	loglik_Max_M0	loglik_Max_M1	loglik_Max_M2
0	0	-848.74847	-820.3719	-806.18817	28.376564	-14.18373	-834.32199	-804.09832	-783.46103
1	1	-405.10615	-404.72594	-401.85513	0.38020667	-2.8708108	-402.69968	-400.21022	-390.36393
2	2	-541.24467	-534.04387	-534.18888	7.2007998	0.14501227	-532.13636	-520.07981	-512.28178
3	3	-384.09594	-374.48274	-371.28435	9.6131961	-3.1983914	-370.37864	-360.40223	-350.95788
4	4	-368.30676	-365.96321	-367.20753	2.3435464	1.2443193	-365.79514	-359.48401	-357.69315
5	5	-535.38064	-530.31003	-527.17288	5.070601	-3.1371529	-525.39953	-522.13818	-509.3988
6	6	-460.7104	-436.08158	-431.32414	24.628822	-4.757442	-445.86559	-427.33167	-416.67844
7	7	-723.04404	-697.91798	-697.78911	25.126068	-0.12886529	-708.64877	-676.82915	-676.85859
8	8	-599.46011	-596.09309	-592.78763	3.3670251	-3.3054548	-586.55292	-575.18826	-566.23902
9	9	-334.05061	-324.30636	-316.38618	9.7442482	-7.9201723	-321.33917	-317.11375	-302.72804
10	10	-653.26459	-640.39826	-601.59753	12.866331	-38.800727	-637.18775	-620.80875	-582.30159
11	11	-413.95738	-413.74181	-411.59441	0.21556603	-2.1474044	-411.71276	-409.59353	-396.04529
12	12	-536.58452	-531.44897	-531.8902	5.135553	0.44122484	-525.69385	-521.69626	-510.19859
13	13	-311.74286	-310.49373	-311.4978	1.2491272	1.0040615	-308.78613	-305.05635	-301.78447
14	14	-359.32454	-358.9286	-359.93238	0.39593415	1.0037758	-356.84619	-352.85324	-352.96886
15	15	-652.42004	-636.27106	-634.68717	16.148982	-1.5838873	-638.26053	-616.81796	-613.99019
16	16	-343.40035	-341.77773	-340.74005	1.6226198	-1.0376815	-340.7828	-335.14758	-327.62889
17	17	-1040.8652	-989.81658	-907.27625	51.048613	-82.540327	-1024.8223	-972.8319	-892.61343
18	18	-615.33392	-603.85064	-600.0646	11.483274	-3.7860464	-601.70858	-588.1707	-578.12703
19	19	-235.07063	-234.94486	-235.84878	0.1257678	0.90391851	-231.93933	-229.68766	-229.69117
20	20	-451.83807	-443.0376	-444.45892	8.8004687	1.4213127	-443.04016	-436.49622	-435.88133
21	21	-350.33214	-346.2054	-347.03466	4.1267399	0.82926208	-346.275	-340.10062	-337.75888
22	22	-554.23742	-542.87822	-547.62137	11.359203	4.743157	-541.89568	-528.83687	-525.07854
23	23	-405.40058	-405.84886	-403.16951	-0.44828249	-2.6793496	-396.72017	-396.92914	-388.96011
24	24	-668.85024	-663.0759	-647.30629	5.7743393	-15.769608	-651.31729	-642.17244	-624.33396
25	25	-623.92597	-615.92346	-600.08263	8.0025057	-15.840828	-611.05893	-598.06585	-579.80147
26	26	-307.46027	-304.8385	-296.35641	2.6217726	-8.4820895	-293.23369	-289.64602	-284.96494
27	27	-828.24705	-819.71494	-777.56986	8.532111	-42.145077	-815.76982	-801.91701	-755.11822
28	28	-317.2694	-317.46575	-317.28374	-0.19635009	-0.1820064	-314.49045	-313.46623	-309.06729
29	29	-443.44277	-428.29583	-429.97806	15.146935	1.6822255	-430.55956	-416.48326	-415.41555
30	30	-494.51196	-484.55095	-475.13856	9.9610094	-9.4123917	-485.13359	-476.37408	-459.03096
31	31	-605.06983	-586.50772	-559.17628	18.562116	-27.331443	-589.11239	-569.29132	-543.08407
32	32	-361.22411	-360.15957	-360.60292	1.0645376	0.44335178	-354.73583	-350.65168	-348.11803
33	33	-253.07153	-252.90814	-253.05529	0.16338602	0.14715247	-243.74054	-244.15882	-244.15809
34	34	-600.36743	-599.71685	-577.70223	0.65057295	-22.014622	-583.92141	-580.73123	-557.6748
35	35	-342.9621	-336.92753	-338.71148	6.0345614	1.783946	-340.43823	-330.392	-330.86652
36	36	-496.19615	-491.58645	-489.03618	4.6097025	-2.5502691	-484.77857	-479.65971	-469.70419
37	37	-529.30642	-525.29665	-508.79552	4.0097674	-16.501129	-512.48263	-509.67414	-488.48722
38	38	-387.32893	-386.76552	-387.85485	0.56340821	1.0893232	-381.4534	-378.01934	-374.64937
39	39	-429.10633	-429.26881	-429.18328	-0.16247526	-0.085529401	-426.83104	-426.02567	-420.10398
40	40	-318.83804	-316.47574	-316.05705	2.3622948	-0.41869248	-316.24558	-311.0823	-305.27122
41	41	-498.77493	-498.4198	-474.42115	0.35512665	-23.998656	-483.22022	-481.32713	-456.25378
42	42	-401.48048	-401.4054	-401.42391	0.075076536	0.018508773	-396.18843	-395.20622	-391.46712
43	43	-568.83503	-560.55628	-545.68569	8.2787486	-14.870584	-551.05996	-541.97359	-525.52138
44	44	-366.72321	-360.04741	-358.96882	6.6757981	-1.0785884	-357.92773	-353.81441	-346.88157
45	45	-339.14745	-338.7294	-339.62198	0.41804965	0.89258408	-336.48018	-333.36426	-332.57283
46	46	-464.22745	-455.64732	-451.9142	8.5801298	-3.7331149	-458.65705	-446.66591	-437.58
47	47	-265.04616	-265.76654	-264.703	-0.72038289	-1.0635448	-261.94454	-262.36283	-256.42507
48	48	-216.74526	-217.15373	-217.37492	-0.40846975	0.2211854	-213.25318	-212.69511	-210.63234
49	49	-346.48521	-339.47403	-341.36953	7.0111839	1.8955069	-336.90643	-331.74193	-331.46453
50	50	-259.48886	-259.89606	-260.59286	-0.40719978	0.69680135	-256.52896	-256.8028	-255.26468
51	51	-442.89441	-443.26925	-443.29196	-0.37483593	0.02271518	-435.63106	-435.95354	-430.50437
52	52	-420.48303	-417.7387	-418.59561	2.7443257	0.85690856	-413.21461	-409.87593	-407.99891
53	53	-301.26104	-296.87266	-297.42043	4.3883844	0.54777579	-298.25113	-289.26929	-285.66005
54	54	-432.50686	-432.25079	-423.04094	0.25606971	-9.2098533	-418.4139	-413.41309	-406.81985
55	55	-401.10151	-395.94454	-396.55133	5.1569705	0.60679144	-397.51325	-387.97268	-383.7973
56	56	-819.60224	-796.38102	-757.54758	23.221223	-38.833446	-804.97857	-778.2209	-737.64523
57	57	-290.50356	-290.59276	-288.76729	-0.089193824	-1.8254663	-287.58266	-286.40295	-278.56425
58	58	-777.15482	-738.02519	-679.28275	39.129632	-58.742435	-762.24328	-720.12003	-661.51377
59	59	-358.59601	-357.76575	-355.613	0.83025624	-2.1527545	-353.14751	-350.22192	-342.94639
60	60	-505.35248	-505.20563	-498.68087	0.14685286	-6.5247597	-495.71198	-494.19862	-479.71894
61	61	-468.6367	-463.65988	-463.76103	4.9768205	0.10114894	-454.86166	-451.08003	-451.49198
62	62	-409.23648	-399.05287	-398.64464	10.183614	-0.40823254	-394.76894	-386.74663	-381.41225
63	63	-254.53916	-254.29477	-255.08583	0.24438365	0.79105624	-248.63907	-246.0977	-246.77138
64	64	-881.86367	-857.93611	-817.50673	23.927562	-40.429374	-866.14649	-838.15461	-794.74586
65	65	-500.00085	-498.91637	-495.84062	1.0844871	-3.0757483	-492.38136	-488.2101	-474.16238
66	66	-651.31185	-648.57	-636.72563	2.741854	-11.84437	-636.53746	-630.09181	-613.97415
67	67	-512.94379	-511.85513	-499.19367	1.0886557	-12.661465	-496.77549	-495.04512	-479.81749
68	68	-511.69295	-512.26448	-505.23419	-0.57153187	-7.0302886	-503.03689	-503.32555	-492.08811
69	69	-291.36087	-291.20341	-292.25194	0.15746131	1.0485303	-288.44654	-286.73858	-286.16568
70	70	-542.29655	-542.09183	-534.4539	0.20472203	-7.6379257	-531.59991	-530.29089	-517.04341
71	71	-688.49948	-672.38211	-659.30663	16.117371	-13.075472	-670.45631	-654.89124	-637.98479
72	72	-220.5465	-220.96798	-221.6242	-0.42147546	0.65621935	-217.34445	-215.64093	-215.63932
73	73	-379.05499	-377.02528	-370.173	2.0297063	-6.8522812	-369.12519	-370.31121	-355.42755
74	74	-305.02924	-303.61595	-304.22522	1.4132989	0.60927205	-302.26615	-297.50272	-294.99044
75	75	-508.04861	-495.14708	-496.04409	12.901532	0.89701171	-494.54865	-483.02979	-479.48568
76	76	-437.79482	-424.19616	-417.25187	13.598665	-6.9442854	-427.62324	-415.15273	-402.55994
77	77	-330.17775	-329.15763	-329.47432	1.0201198	0.31668855	-327.53852	-322.75897	-319.26392
78	78	-412.94854	-410.70505	-408.43858	2.2434922	-2.2664663	-408.66154	-404.14711	-395.62376
79	79	-507.47199	-498.01696	-493.09002	9.4550326	-4.9269403	-498.55873	-490.65959	-482.06491
80	80	-352.2302	-349.53775	-349.23294	2.6924558	-0.30480305	-345.56128	-343.80124	-337.93837
81	81	-504.36612	-495.37556	-497.34044	8.9905623	1.9648833	-489.06296	-479.73172	-480.14826
82	82	-488.51126	-485.91105	-479.42083	2.6002121	-6.4902192	-480.46331	-477.29158	-460.93394
83	83	-376.71832	-365.91225	-359.20078	10.806067	-6.7114709	-363.32674	-352.61007	-343.17265
84	84	-466.18918	-466.19649	-455.60389	-0.0073068591	-10.592592	-453.90724	-452.82237	-446.99111
85	85	-359.9106	-359.94928	-353.65064	-0.03867381	-6.2986411	-357.27664	-355.98094	-340.13266
86	86	-509.29361	-505.24372	-498.68335	4.049893	-6.5603637	-498.2695	-492.16596	-477.16359
87	87	-382.2132	-377.91919	-379.4578	4.2940139	1.5386084	-379.41528	-371.51887	-370.56214
88	88	-354.79526	-354.75937	-351.36411	0.035894019	-3.3952522	-352.22634	-349.36161	-338.1125
89	89	-402.5214	-401.12884	-396.65313	1.3925643	-4.4757067	-400.20946	-393.91561	-381.38035
90	90	-392.73857	-391.14052	-390.60843	1.5980467	-0.53208846	-386.15828	-380.54633	-373.61943
91	91	-566.30409	-560.25357	-557.33178	6.050521	-2.9217896	-555.5271	-548.70179	-541.21912
92	92	-514.19985	-513.83619	-509.84211	0.36365285	-3.9940822	-504.61945	-498.85642	-486.12902
93	93	-468.511	-465.38804	-462.24512	3.1229631	-3.1429138	-457.22623	-449.65279	-443.94055
94	94	-401.97406	-395.88282	-387.10909	6.091241	-8.7737343	-390.59583	-388.25098	-373.86191
95	95	-328.38689	-315.82272	-317.29777	12.564173	1.4750465	-317.98408	-310.23133	-308.69283
96	96	-460.72303	-460.94671	-447.74855	-0.22368503	-13.198165	-455.57166	-454.75631	-434.87672
97	97	-362.24982	-362.12177	-359.63624	0.12805379	-2.4855251	-359.26413	-356.57753	-346.85063
98	98	-597.34571	-590.80327	-589.4369	6.5424386	-1.3663733	-584.03958	-577.04489	-569.24973
99	99	-409.45983	-402.00527	-399.47496	7.4545597	-2.5303104	-401.26513	-392.82908	-383.55566
100	100	-420.61428	-415.52881	-412.8058	5.0854672	-2.7230149	-412.16514	-407.21593	-402.99097
101	101	-340.20847	-337.81702	-339.27711	2.3914482	1.4600831	-337.45767	-330.45008	-330.88835
102	102	-451.29018	-451.29618	-451.03736	-0.0060020552	-0.25881984	-444.66979	-442.04235	-435.6739
103	103	-273.51934	-272.83233	-274.03185	0.68701329	1.1995221	-265.96799	-259.92253	-259.92295
104	104	-372.7449	-371.35448	-371.21086	1.3904154	-0.14361624	-370.3385	-365.71782	-362.09286
105	105	-901.17213	-899.06093	-798.42244	2.1112042	-100.63849	-886.58415	-877.54445	-778.6749
106	106	-386.41629	-381.21025	-382.77007	5.2060406	1.5598206	-379.04862	-372.96688	-370.40105
107	107	-401.90565	-401.7491	-398.74715	0.1565575	-3.0019494	-399.2166	-397.02895	-387.27237
108	108	-428.787	-427.39763	-422.97009	1.389369	-4.4275394	-423.46134	-420.69795	-411.02606
109	109	-332.66066	-331.25949	-332.0503	1.4011674	0.79080481	-327.06712	-321.10892	-319.73097
110	110	-327.92342	-328.32616	-327.27765	-0.40273944	-1.0485113	-324.95936	-325.70842	-318.90947
111	111	-235.74634	-235.68113	-236.40474	0.065212439	0.72361706	-232.36208	-231.17193	-230.74257
112	112	-515.52247	-507.82546	-502.03166	7.6970078	-5.793801	-501.20084	-492.91205	-485.81175
113	113	-689.07641	-677.5567	-672.98517	11.519711	-4.5715305	-677.51324	-659.63674	-652.09503
114	114	-531.63747	-531.0606	-526.92552	0.57686248	-4.1350874	-522.82663	-519.05898	-506.24716
115	115	-381.70093	-380.29524	-380.90999	1.4056865	0.61474368	-375.09813	-371.57852	-369.22548
116	116	-544.92676	-537.28192	-538.25304	7.6448435	0.97112573	-535.32432	-528.11072	-525.94308
117	117	-668.31748	-658.80974	-657.04712	9.507737	-1.7626201	-655.06101	-639.13557	-630.91548
118	118	-289.81203	-289.81288	-290.40296	-0.00084804906	0.59007895	-287.05457	-285.19692	-282.72716
119	119	-375.02313	-372.75898	-370.26538	2.264153	-2.4936031	-372.36592	-367.13932	-357.92592
120	120	-355.21407	-355.64919	-353.97433	-0.43511887	-1.6748572	-351.1448	-351.89717	-345.40383
121	121	-523.29838	-523.0938	-518.40607	0.20458571	-4.6877297	-514.27467	-510.15835	-500.08678
122	122	-572.67181	-562.27414	-555.8425	10.39767	-6.4316386	-556.221	-542.96083	-534.91655
123	123	-559.95136	-550.21223	-548.17455	9.739131	-2.0376867	-546.90344	-535.17784	-531.75907
124	124	-294.32684	-294.0851	-291.96978	0.24173681	-2.1153155	-291.54084	-289.98379	-283.46791
125	125	-537.53866	-525.85049	-526.45095	11.688169	0.60046248	-525.52404	-514.46636	-513.58818
126	126	-448.95898	-448.81113	-435.59041	0.14784702	-13.220718	-443.55261	-437.44953	-419.4419
127	127	-570.44322	-568.55922	-539.81913	1.8840084	-28.740083	-556.35489	-549.95579	-525.88879
128	128	-323.23586	-317.49008	-318.98205	5.7457813	1.4919678	-320.68384	-312.38081	-312.38382
129	129	-807.52408	-793.74071	-784.86064	13.783371	-8.8800687	-796.0612	-775.74352	-760.29139
130	130	-900.42797	-880.34733	-860.57494	20.080641	-19.772389	-885.23988	-861.11248	-836.6285
131	131	-257.44349	-257.69858	-258.59864	-0.25508845	0.90006749	-250.83373	-250.44602	-250.45277
132	132	-467.92935	-459.8947	-460.22844	8.0346519	0.3337405	-451.2272	-443.54794	-440.88252
133	133	-557.43808	-554.14613	-553.7467	3.2919475	-0.3994376	-555.35668	-546.8945	-534.15177
134	134	-910.38755	-882.16243	-842.60608	28.225119	-39.556349	-893.72477	-860.73651	-819.56235
135	135	-296.89057	-297.05682	-296.13656	-0.16624986	-0.9202575	-294.07586	-292.51725	-286.99116
136	136	-325.96181	-324.44947	-325.26672	1.5123447	0.81724979	-323.33956	-315.27251	-314.87546
137	137	-266.41952	-266.53792	-265.5543	-0.11839854	-0.98361555	-263.36271	-261.49592	-255.17996
138	138	-573.029	-559.36012	-558.71616	13.66888	-0.64395943	-558.45033	-545.46735	-539.34564
139	139	-465.29045	-465.28578	-446.91199	0.0046668765	-18.373792	-449.53597	-445.8272	-426.06251
140	140	-544.76689	-544.54548	-537.48258	0.2214168	-7.0628998	-532.19064	-525.69868	-518.71749
141	141	-740.27111	-737.49596	-708.38439	2.775153	-29.111569	-723.67002	-724.05925	-688.31622
142	142	-321.28882	-318.56575	-314.23054	2.7230681	-4.3352113	-318.47785	-312.96185	-302.16968
143	143	-247.82153	-247.80444	-248.42668	0.017088292	0.62224053	-244.66746	-242.64393	-240.81251
144	144	-347.10922	-345.13421	-346.50585	1.9750103	1.37164	-341.57184	-336.9041	-335.47973
145	145	-493.2469	-484.01783	-479.82837	9.229067	-4.18946	-484.18768	-477.43352	-466.35739
146	146	-564.65496	-563.35936	-550.41439	1.2955942	-12.944977	-549.04983	-545.00455	-528.83615
147	147	-435.80247	-432.52893	-430.40208	3.2735408	-2.1268465	-427.80406	-424.12234	-416.82898
148	148	-387.12243	-384.35414	-384.45479	2.7682939	0.10065467	-381.49359	-377.70332	-371.57348
149	149	-374.51357	-373.67787	-367.1531	0.83569966	-6.5247671	-365.19925	-363.2724	-354.43504
150	150	-606.08986	-605.18377	-594.75649	0.90608931	-10.427285	-592.60183	-589.98306	-571.48429
151	151	-471.4478	-462.94081	-462.39599	8.5069881	-0.54481494	-461.12169	-456.12415	-451.22298
152	152	-454.89816	-455.4097	-447.34524	-0.51153802	-8.0644538	-442.11443	-440.70191	-432.51622
153	153	-341.01024	-339.34658	-337.9136	1.6636589	-1.4329777	-338.28489	-333.01775	-325.59528
154	154	-346.23184	-345.92611	-344.49964	0.30573351	-1.4264712	-343.60498	-341.54896	-329.32615
155	155	-426.42659	-425.39756	-426.39911	1.0290346	1.0015537	-423.30531	-417.62277	-414.68035
156	156	-532.41986	-531.92402	-511.03087	0.49584342	-20.893146	-520.53513	-518.38471	-497.1123
157	157	-407.25374	-406.65604	-404.96339	0.59769894	-1.6926488	-404.96344	-402.24217	-394.31586
158	158	-420.25615	-418.94086	-420.26196	1.3152946	1.3211058	-413.78465	-408.07935	-401.50305
159	159	-720.4962	-708.59898	-708.56651	11.897223	-0.032466825	-705.79378	-689.76289	-689.7915
160	160	-460.11973	-449.33115	-450.62578	10.788581	1.2946258	-447.97051	-438.88537	-435.96912
161	161	-280.67472	-280.61895	-280.9339	0.05576286	0.31494517	-277.69501	-275.5864	-272.4688
162	162	-521.42786	-509.86695	-506.03437	11.560908	-3.8325763	-502.13072	-491.73139	-485.55983
163	163	-796.65066	-775.34422	-768.54048	21.306438	-6.8037375	-783.09041	-756.31393	-744.79324
164	164	-854.3348	-837.33206	-805.02964	17.002733	-32.302426	-840.52399	-818.85851	-787.12205
165	165	-292.20011	-291.35499	-292.0884	0.84512097	0.73341051	-287.30154	-283.9172	-281.67944
166	166	-623.03054	-612.23562	-599.5641	10.794918	-12.671526	-608.11749	-595.60344	-577.12644
167	167	-435.52683	-420.68619	-421.51633	14.840639	0.83014005	-422.49122	-410.62338	-409.51767
168	168	-316.56782	-316.67089	-316.48846	-0.10307772	-0.18243505	-313.81531	-312.3668	-306.26149
169	169	-427.58717	-425.34261	-425.01003	2.2445628	-0.33257603	-423.44503	-416.37115	-409.20192
170	170	-424.70766	-424.90642	-424.34437	-0.19875175	-0.56204148	-416.21106	-415.65369	-409.05437
171	171	-401.26646	-388.24633	-390.0142	13.020125	1.7678741	-389.14734	-379.96072	-377.16823
172	172	-617.26262	-616.38016	-605.40955	0.88246405	-10.970609	-602.63766	-598.5989	-584.25489
173	173	-404.04766	-398.91363	-398.18549	5.1340321	-0.72813232	-397.20622	-392.85808	-379.64754
174	174	-343.77597	-342.18272	-343.378	1.5932501	1.1952726	-340.22975	-335.17231	-334.30195
175	175	-467.85384	-468.06568	-454.91595	-0.21183849	-13.149727	-453.73648	-454.15798	-437.36469
176	176	-490.92303	-485.26679	-470.47548	5.6562383	-14.79131	-471.99591	-466.02693	-451.45376
177	177	-368.92926	-362.71697	-364.10921	6.2122909	1.39224	-359.96181	-351.54993	-349.97893
178	178	-433.87486	-432.13314	-430.68125	1.741716	-1.4518844	-425.16399	-423.32123	-416.28535
179	179	-723.90935	-719.76791	-715.63965	4.1414421	-4.1282625	-711.8174	-702.69298	-694.34407
180	180	-418.50687	-414.36977	-410.93928	4.1371038	-3.4304891	-404.51762	-398.11109	-392.55315
181	181	-629.07863	-627.99454	-605.25941	1.0840937	-22.735125	-613.10778	-608.66016	-584.67053
182	182	-339.82795	-340.01022	-340.05457	-0.18226977	0.044350318	-337.41883	-336.37251	-332.54988
183	183	-415.62923	-413.05193	-411.02943	2.577295	-2.0225003	-408.25541	-400.81787	-392.88508
184	184	-299.56939	-300.07373	-299.49467	-0.50433807	-0.57905733	-296.64806	-297.12791	-288.84255
185	185	-330.01512	-329.57637	-330.6036	0.43875315	1.0272365	-324.4423	-320.46426	-320.51801
186	186	-401.55416	-393.07303	-393.15605	8.4811306	0.083017853	-381.35852	-373.52268	-373.52429
187	187	-668.70211	-657.64406	-656.26445	11.058042	-1.3796142	-653.22392	-638.30995	-634.37132
188	188	-596.80324	-578.77303	-571.77571	18.030216	-6.9973164	-583.47517	-571.02842	-555.17878
189	189	-425.12317	-424.73423	-422.41021	0.3889465	-2.3240113	-422.7906	-419.16347	-410.23366
190	190	-696.92843	-659.09493	-660.34201	37.833501	1.2470814	-680.14677	-647.23504	-645.57875
191	191	-384.95713	-384.97106	-384.98495	-0.013922684	0.013895463	-382.51599	-381.23313	-375.01654
192	192	-283.36362	-275.46694	-276.79228	7.8966762	1.3253401	-275.35464	-266.56087	-264.70005
193	193	-457.12697	-454.42533	-454.55582	2.7016407	0.13049457	-452.02845	-447.58171	-441.41543
194	194	-243.70176	-241.82544	-242.84581	1.8763228	1.0203737	-240.81205	-236.1486	-236.173
195	195	-538.19506	-538.08281	-536.12148	0.11224475	-1.9613365	-529.96772	-527.04363	-518.6981
196	196	-416.65704	-415.91291	-415.20752	0.74413325	-0.70538326	-406.91617	-402.15838	-398.49119
197	197	-524.73861	-518.85879	-512.5884	5.8798176	-6.2703935	-513.57099	-506.85927	-495.23382
198	198	-221.9789	-222.10661	-222.93535	-0.12771905	0.82874031	-218.72618	-217.08382	-217.0841
199	199	-619.06974	-618.69574	-600.29193	0.37399918	-18.403804	-604.03835	-601.39952	-580.94429
