No.	ID	loglik_Null_W	loglik_Acc_W	loglik_Full_W	logBF1	logBF2
6	0	-384.51095	-386.64362	-388.5206	-2.1326719	1.8769783
6	1	-315.58503	-317.59612	-319.17166	-2.0110849	1.5755408
6	2	-398.7629	-399.08483	-399.35842	-0.32193198	0.27359349
6	3	-437.61804	-439.59826	-437.91146	-1.9802281	-1.6868061
6	4	-321.71075	-323.31233	-325.1922	-1.601579	1.8798685
6	5	-482.91454	-481.40448	-483.63921	1.5100643	2.2347286
6	6	-527.85741	-522.17233	-536.54237	5.6850826	14.37004
6	7	-331.29727	-333.24978	-334.2874	-1.9525131	1.037618
6	8	-281.67605	-286.47965	-285.27854	-4.8036017	-1.2011099
6	9	-280.6751	-283.16684	-284.08499	-2.4917481	0.91814885
6	10	-324.70918	-325.22644	-326.67749	-0.51725833	1.4510499
6	11	-262.68613	-263.66608	-265.59785	-0.97995337	1.9317657
6	12	-256.22329	-258.70239	-260.50069	-2.4790929	1.7983058
6	13	-383.53878	-384.65558	-385.28357	-1.1167986	0.62799701
6	14	-248.76108	-250.77936	-251.42294	-2.0182814	0.64357541
6	15	-393.07703	-391.86042	-391.96422	1.2166183	0.1037994
6	16	-305.02995	-307.77763	-308.30536	-2.7476807	0.5277326
6	17	-371.37636	-370.1815	-371.18178	1.1948645	1.0002865
6	18	-308.61191	-309.88303	-310.77502	-1.2711219	0.8919856
6	19	-274.24449	-276.76724	-278.64265	-2.5227542	1.8754114
6	20	-488.28549	-490.61424	-489.87194	-2.3287491	-0.7422946
6	21	-417.02109	-415.59025	-416.02402	1.430837	0.43376443
6	22	-320.80142	-322.12867	-323.36809	-1.3272486	1.2394219
6	23	-422.57619	-424.77816	-424.04817	-2.2019743	-0.72999027
6	24	-444.73257	-444.91614	-443.45679	-0.18356307	-1.4593463
6	25	-407.15539	-409.57853	-410.5112	-2.423137	0.93267366
6	26	-309.4747	-310.61859	-311.10461	-1.1438899	0.48602507
6	27	-374.03424	-375.53321	-376.18417	-1.4989706	0.65096151
6	28	-295.44077	-296.78018	-297.75662	-1.339412	0.97643698
6	29	-414.19587	-413.95243	-416.15375	0.24343674	2.2013149
6	30	-212.85966	-216.23863	-218.34901	-3.3789694	2.110382
6	31	-454.87719	-454.01652	-455.77003	0.86067061	1.7535085
6	32	-345.98121	-347.44428	-349.14407	-1.463067	1.6997842
6	33	-360.61508	-363.12452	-364.28562	-2.5094408	1.161099
6	34	-269.36487	-270.78995	-273.49704	-1.4250836	2.7070846
6	35	-341.07362	-344.14925	-343.5847	-3.0756326	-0.56455218
6	36	-384.80672	-384.53551	-385.21584	0.27121388	0.68033001
6	37	-355.29442	-356.41524	-358.76841	-1.1208174	2.3531678
6	38	-394.74964	-393.47969	-393.36675	1.2699502	-0.112947
6	39	-333.91585	-335.99894	-337.43223	-2.0830903	1.4332943
6	40	-382.32454	-383.53807	-384.37603	-1.2135363	0.83795486
6	41	-275.77297	-279.15698	-280.22498	-3.3840069	1.0679973
6	42	-316.96088	-319.27234	-319.73383	-2.3114594	0.46149375
6	43	-363.86853	-364.4628	-364.27279	-0.59426449	-0.19001029
6	44	-419.54341	-419.26422	-419.91978	0.27918881	0.65556171
6	45	-454.75399	-454.66223	-454.75966	0.091763813	0.097430685
6	46	-366.10779	-367.24415	-368.76803	-1.1363649	1.5238825
6	47	-242.31759	-242.37272	-245.31396	-0.055136938	2.9412404
6	48	-299.34556	-300.817	-304.43098	-1.4714467	3.6139724
6	49	-302.46055	-302.40612	-307.9108	0.054429595	5.5046775
6	50	-268.08482	-269.6409	-271.67325	-1.5560815	2.032351
6	51	-355.13863	-352.85867	-355.93923	2.279956	3.0805586
6	52	-396.58481	-395.95105	-396.10516	0.63376199	0.15411203
6	53	-431.09886	-433.36848	-433.45431	-2.269625	0.085823301
6	54	-284.10554	-286.07751	-287.99977	-1.9719759	1.9222555
6	55	-415.15375	-415.10528	-415.00239	0.048461175	-0.10289696
6	56	-374.59942	-374.87751	-376.516	-0.27809179	1.6384929
6	57	-493.17195	-494.36892	-490.64086	-1.1969639	-3.7280586
6	58	-540.23118	-541.07849	-541.85426	-0.84731376	0.77576869
6	59	-422.55146	-423.87809	-421.95057	-1.3266284	-1.9275252
6	60	-601.78573	-603.64107	-599.91535	-1.8553467	-3.7257289
6	61	-417.53935	-419.41702	-419.42496	-1.8776698	0.0079424089
6	62	-340.24056	-342.02699	-342.64075	-1.786436	0.61375821
6	63	-334.88193	-337.9807	-338.86259	-3.0987751	0.88188607
6	64	-355.51633	-356.83981	-359.17135	-1.3234857	2.33154
6	65	-416.71629	-417.27527	-417.96512	-0.55898565	0.68984593
6	66	-329.92308	-332.63649	-335.21158	-2.7134181	2.57509
6	67	-433.15224	-431.46626	-432.28491	1.6859836	0.81865316
6	68	-330.27162	-332.86588	-332.41703	-2.5942634	-0.44885343
6	69	-316.00349	-317.34137	-319.27218	-1.3378787	1.9308047
6	70	-249.463	-252.82874	-253.86188	-3.3657367	1.0331411
6	71	-293.65728	-295.16475	-296.68032	-1.5074698	1.5155691
6	72	-444.76893	-441.54593	-442.77009	3.2230021	1.2241547
6	73	-312.36098	-314.58436	-314.60917	-2.2233807	0.024808312
6	74	-358.7482	-360.41488	-359.04252	-1.6666713	-1.3723566
6	75	-383.10637	-386.99597	-385.40711	-3.8896025	-1.5888592
6	76	-369.09436	-371.42854	-371.47523	-2.3341805	0.046690113
6	77	-417.59193	-417.08414	-416.07975	0.50778455	-1.00439
6	78	-366.01314	-366.81108	-367.51881	-0.79794324	0.70772878
6	79	-336.66799	-337.41319	-334.9944	-0.74519562	-2.4187816
6	80	-454.46199	-453.87111	-453.54678	0.59088655	-0.32432851
6	81	-319.55459	-320.91666	-321.85108	-1.3620704	0.93442674
6	82	-454.98682	-459.11562	-458.25928	-4.1288013	-0.85634225
6	83	-280.89626	-283.36092	-284.08209	-2.464655	0.72117299
6	84	-232.95062	-234.98426	-235.60321	-2.0336455	0.6189534
6	85	-356.36242	-358.55049	-360.16135	-2.1880691	1.6108604
6	86	-293.12473	-295.95618	-295.66707	-2.8314489	-0.28911049
6	87	-492.95949	-496.29931	-493.35566	-3.3398163	-2.9436488
6	88	-338.04712	-338.20187	-340.0473	-0.15474875	1.8454312
6	89	-378.70904	-382.44298	-381.12507	-3.7339387	-1.3179136
6	90	-404.92366	-403.39844	-404.37676	1.5252236	0.97832468
6	91	-373.92854	-374.8303	-375.70422	-0.90175222	0.87391807
6	92	-445.50037	-443.70396	-444.2588	1.7964134	0.55484472
6	93	-646.37213	-634.48989	-633.23857	11.882238	-1.2513196
6	94	-315.44604	-318.02529	-319.2861	-2.5792549	1.2608065
6	95	-455.5686	-455.56867	-455.56086	-6.9326682e-05	-0.0078104429
6	96	-371.84572	-371.45132	-372.98478	0.39440504	1.5334608
6	97	-320.77636	-323.23154	-324.13962	-2.4551812	0.9080867
6	98	-311.04883	-313.03236	-314.55833	-1.9835267	1.5259719
6	99	-388.77429	-389.55704	-388.65981	-0.78274663	-0.89722755
6	100	-311.62247	-313.71249	-313.7798	-2.090016	0.067313295
6	101	-341.65078	-343.3482	-343.44717	-1.6974133	0.098969771
6	102	-357.45843	-360.84349	-362.69634	-3.3850655	1.8528444
6	103	-260.44016	-262.29144	-264.87556	-1.8512831	2.5841195
6	104	-354.3765	-356.3031	-355.64257	-1.926602	-0.66053517
6	105	-393.05955	-395.07696	-396.13828	-2.0174048	1.0613259
6	106	-312.9972	-314.96767	-315.50864	-1.9704615	0.54097012
6	107	-355.46343	-356.72471	-360.04624	-1.2612768	3.3215357
6	108	-312.05123	-314.46279	-315.50855	-2.4115653	1.0457599
6	109	-396.42133	-396.8221	-399.2426	-0.40076846	2.4205005
6	110	-392.74298	-394.32337	-395.06494	-1.5803829	0.7415765
6	111	-353.67814	-355.87379	-357.26028	-2.1956574	1.3864834
6	112	-328.83773	-328.67678	-330.53895	0.16095117	1.8621737
6	113	-397.60193	-398.79681	-400.19022	-1.194882	1.3934024
6	114	-253.75749	-256.60509	-258.17383	-2.8475969	1.5687452
6	115	-380.5873	-382.85947	-383.59662	-2.2721755	0.73714772
6	116	-453.01635	-452.48034	-454.1968	0.53601011	1.7164587
6	117	-263.79158	-265.85554	-270.08909	-2.0639616	4.2335555
6	118	-282.52587	-286.86461	-287.61811	-4.338744	0.75349209
6	119	-251.9666	-254.40616	-255.26655	-2.4395577	0.86039195
6	120	-450.80184	-450.82948	-450.14263	-0.027643881	-0.68684868
6	121	-256.31858	-259.51141	-262.73579	-3.1928262	3.2243776
6	122	-305.14266	-306.1944	-308.12491	-1.0517329	1.9305081
6	123	-275.60151	-278.29162	-278.74269	-2.6901104	0.45106262
6	124	-378.66879	-379.66677	-378.11403	-0.99798367	-1.5527404
6	125	-283.08499	-285.82382	-286.46659	-2.738828	0.64276903
6	126	-316.7499	-318.415	-319.84057	-1.6651071	1.4255686
6	127	-380.04757	-380.96356	-382.35728	-0.91599517	1.3937202
6	128	-355.95284	-357.26952	-359.21399	-1.3166768	1.9444697
6	129	-390.02511	-389.61789	-391.20635	0.40722729	1.5884594
6	130	-414.85275	-414.7512	-415.76828	0.10154863	1.0170842
6	131	-545.51657	-543.56562	-545.64391	1.9509506	2.0782946
6	132	-234.63918	-235.61143	-239.99737	-0.9722546	4.3859429
6	133	-347.14836	-347.94071	-346.18054	-0.79234815	-1.7601682
6	134	-201.75017	-206.42351	-211.04233	-4.6733343	4.6188207
6	135	-342.67251	-343.85165	-345.21816	-1.1791341	1.3665129
6	136	-404.31742	-406.77801	-407.10883	-2.4605919	0.33082373
6	137	-385.59432	-390.42147	-387.76959	-4.8271479	-2.6518795
6	138	-313.97348	-315.79548	-317.82509	-1.8220025	2.0296111
6	139	-363.57554	-362.91383	-364.18928	0.66170923	1.2754436
6	140	-403.76545	-403.90454	-401.34084	-0.1390885	-2.5637004
6	141	-324.92407	-326.3152	-328.0594	-1.3911262	1.7442014
6	142	-449.74263	-450.70851	-451.31132	-0.96587511	0.60281081
6	143	-321.36927	-324.01876	-325.20547	-2.6494901	1.1867092
6	144	-234.80809	-237.50751	-240.45166	-2.6994198	2.9441559
6	145	-326.82468	-327.19169	-328.24433	-0.36701029	1.0526434
6	146	-296.54447	-300.15099	-300.43537	-3.6065174	0.28438186
6	147	-350.68074	-351.42345	-351.48721	-0.74271449	0.063759421
6	148	-285.72814	-287.71774	-293.27753	-1.9896011	5.5597896
6	149	-452.10568	-451.05271	-450.27693	1.0529671	-0.77577549
6	150	-398.61643	-397.57709	-399.2335	1.0393391	1.6564055
6	151	-260.84626	-264.16701	-266.2299	-3.3207512	2.0628903
6	152	-361.39521	-361.84329	-363.59523	-0.44808779	1.7519317
6	153	-219.60992	-220.27032	-223.31926	-0.66039828	3.0489473
6	154	-415.44372	-417.3331	-417.19997	-1.8893763	-0.13312868
6	155	-285.39652	-287.53489	-289.74136	-2.1383706	2.2064661
6	156	-361.17589	-361.84193	-361.0117	-0.66603746	-0.83022885
6	157	-441.14788	-442.12597	-443.60764	-0.9780893	1.4816767
6	158	-256.71639	-259.47371	-262.5832	-2.7573211	3.1094825
6	159	-541.14637	-541.46415	-543.93555	-0.31777647	2.4714005
6	160	-292.12121	-294.00759	-295.82883	-1.8863763	1.8212419
6	161	-280.56734	-283.32655	-285.34938	-2.7592084	2.0228318
6	162	-390.66085	-391.95958	-393.9214	-1.2987364	1.9618174
6	163	-312.34654	-315.49201	-317.19914	-3.1454758	1.707127
6	164	-531.50936	-535.22242	-532.97769	-3.7130629	-2.2447299
6	165	-393.3756	-393.89128	-394.73408	-0.51568213	0.84279297
6	166	-428.20572	-427.85112	-429.49272	0.35460007	1.641596
6	167	-242.25222	-244.95485	-247.61486	-2.7026285	2.660013
6	168	-387.45699	-387.94379	-387.82223	-0.48679517	-0.12155278
6	169	-291.38136	-290.89525	-292.5334	0.48611377	1.6381551
6	170	-431.10284	-431.70463	-432.45974	-0.60179607	0.75510937
6	171	-368.96863	-370.88441	-371.04008	-1.915782	0.15566294
6	172	-283.99086	-285.38568	-288.05555	-1.3948185	2.6698769
6	173	-311.28735	-313.66592	-314.39467	-2.3785705	0.72875452
6	174	-429.41858	-432.2781	-431.87184	-2.8595219	-0.40626642
6	175	-380.17177	-374.33899	-377.71418	5.83278	3.3751917
6	176	-454.15991	-459.0289	-459.37838	-4.8689959	0.34947676
6	177	-271.58052	-274.58585	-276.04872	-3.0053306	1.4628726
6	178	-242.95336	-246.61421	-248.66459	-3.6608521	2.0503752
6	179	-351.98611	-356.03047	-356.67798	-4.0443692	0.64750745
6	180	-400.15213	-399.58263	-400.34837	0.56949695	0.76574252
6	181	-267.76346	-270.00435	-270.41323	-2.2408953	0.40888014
6	182	-385.93204	-386.31717	-386.9248	-0.38512282	0.60763054
6	183	-513.0986	-509.83106	-509.13769	3.2675364	-0.69336997
6	184	-384.5997	-384.1862	-385.4785	0.41349802	1.2922965
6	185	-395.96389	-399.0074	-400.90989	-3.0435023	1.9024944
6	186	-256.00457	-257.48151	-258.77718	-1.476945	1.2956687
6	187	-364.22599	-363.2269	-364.29487	0.9990874	1.0679693
6	188	-449.57347	-453.92214	-454.34467	-4.3486768	0.42252792
6	189	-369.41858	-371.85615	-373.37273	-2.4375762	1.5165755
6	190	-400.4828	-403.67098	-403.74264	-3.1881813	0.07165862
6	191	-266.15175	-268.1491	-268.08072	-1.997348	-0.068380435
6	192	-284.48053	-286.42474	-288.88943	-1.9442097	2.4646849
6	193	-297.86094	-300.38492	-299.96504	-2.5239887	-0.41988808
6	194	-335.06586	-337.06928	-338.4602	-2.0034196	1.3909264
6	195	-303.06717	-304.33381	-305.65258	-1.2666362	1.3187729
6	196	-431.54479	-432.02893	-433.37665	-0.48414433	1.3477209
6	197	-454.49097	-455.21222	-454.80973	-0.72124501	-0.40248091
6	198	-298.49028	-299.85135	-300.94523	-1.3610702	1.0938881
6	199	-383.52534	-384.29843	-386.23028	-0.77308779	1.9318491
6	200	-305.07429	-308.20413	-308.99536	-3.129838	0.79122504
6	201	-278.33521	-279.95908	-280.53962	-1.6238628	0.58054367
6	202	-294.82605	-295.97006	-297.26707	-1.1440079	1.2970095
6	203	-328.78608	-331.19127	-332.21513	-2.4051874	1.0238597
6	204	-266.39032	-267.63103	-270.74425	-1.2407103	3.113223
6	205	-338.8069	-338.83279	-338.43252	-0.02589128	-0.40027631
6	206	-365.9681	-361.47058	-361.2058	4.4975162	-0.26477808
6	207	-335.9672	-335.75512	-337.7447	0.21207631	1.9895787
6	208	-305.63025	-306.70589	-308.73551	-1.0756369	2.0296275
6	209	-361.48116	-363.4916	-364.85778	-2.0104433	1.3661772
6	210	-318.18752	-319.35054	-320.86831	-1.1630286	1.5177681
6	211	-519.32178	-519.80398	-519.66302	-0.48220232	-0.14096847
6	212	-349.83657	-348.55694	-349.50574	1.2796325	0.94880168
6	213	-337.84745	-340.86476	-334.34195	-3.0173084	-6.5228057
6	214	-365.70334	-368.48397	-368.57677	-2.7806321	0.092799317
6	215	-460.20038	-461.5441	-460.15183	-1.3437164	-1.3922702
6	216	-445.90256	-446.45183	-448.26291	-0.54927124	1.8110819
6	217	-304.31965	-304.20396	-305.66142	0.11569373	1.4574575
6	218	-267.30721	-268.584	-271.75999	-1.2767879	3.1759925
6	219	-360.37647	-365.92664	-365.41299	-5.5501748	-0.51365579
6	220	-436.39171	-436.7517	-438.74599	-0.3599862	1.9942966
6	221	-509.20021	-508.72896	-508.90744	0.47124908	0.17847086
6	222	-184.22884	-186.81338	-190.81753	-2.5845473	4.0041515
6	223	-311.94011	-312.31925	-313.89909	-0.37913836	1.5798341
6	224	-310.47719	-311.12858	-312.4594	-0.65138631	1.3308203
6	225	-372.28403	-374.1448	-375.31803	-1.8607699	1.1732253
6	226	-423.93284	-420.87398	-420.96843	3.058861	0.094458229
6	227	-342.8256	-344.95815	-344.77374	-2.132547	-0.18441181
6	228	-281.24509	-281.25307	-282.19799	-0.007980895	0.94492092
6	229	-401.52745	-401.65209	-401.75364	-0.12464287	0.10155065
6	230	-288.71564	-291.12758	-290.75875	-2.4119437	-0.36883377
6	231	-250.64274	-252.98071	-255.56952	-2.3379704	2.5888115
6	232	-399.16378	-400.78272	-397.80265	-1.6189466	-2.9800697
6	233	-332.39824	-335.14212	-335.21562	-2.7438829	0.073497548
6	234	-232.45698	-234.66728	-237.27371	-2.2103072	2.6064269
6	235	-419.70737	-420.55423	-418.9187	-0.84685952	-1.6355293
6	236	-280.25945	-281.71702	-283.26628	-1.4575625	1.5492654
6	237	-419.68269	-416.80014	-419.31382	2.8825484	2.5136845
6	238	-396.76464	-398.36795	-399.50294	-1.6033093	1.13499
6	239	-481.81576	-484.25623	-483.16146	-2.4404736	-1.0947696
6	240	-279.88914	-280.76204	-284.82006	-0.87289602	4.0580239
6	241	-232.38173	-233.2995	-234.0538	-0.91776663	0.75430192
6	242	-295.62677	-297.86437	-301.57734	-2.2375966	3.7129677
6	243	-533.09126	-534.0424	-534.34743	-0.95113705	0.30503239
6	244	-429.03295	-429.8491	-431.26649	-0.81614706	1.417385
6	245	-304.98122	-307.14574	-308.97265	-2.1645134	1.8269113
6	246	-379.71895	-381.65553	-382.68339	-1.9365788	1.0278645
6	247	-308.74483	-311.59615	-312.09166	-2.8513173	0.49551588
6	248	-427.66632	-424.87748	-424.3646	2.7888343	-0.51288506
6	249	-278.41787	-280.66726	-281.22111	-2.2493847	0.55384738
6	250	-349.1855	-350.77602	-350.78228	-1.5905164	0.0062626992
6	251	-335.95735	-338.67659	-339.57431	-2.7192339	0.89772353
6	252	-287.79595	-290.17503	-290.7566	-2.3790761	0.58157299
6	253	-346.22069	-346.59016	-347.97271	-0.36947177	1.3825497
6	254	-447.60504	-448.43168	-450.08794	-0.82663998	1.6562609
6	255	-443.54861	-443.5983	-446.10329	-0.049698225	2.5049845
6	256	-357.1789	-357.25477	-359.33138	-0.075870315	2.0766034
6	257	-419.02912	-420.29609	-421.01136	-1.266964	0.71527378
6	258	-257.59558	-258.40027	-260.35951	-0.80468682	1.9592424
6	259	-261.87404	-263.73857	-265.47151	-1.8645265	1.7329363
6	260	-288.09774	-290.72372	-291.53434	-2.625973	0.81062256
6	261	-316.40939	-317.9416	-319.2426	-1.5322128	1.3009979
6	262	-237.24321	-239.66907	-240.37262	-2.4258567	0.70354963
6	263	-360.70473	-362.93613	-365.1676	-2.2314024	2.2314696
6	264	-471.848	-473.32821	-471.54172	-1.4802016	-1.7864826
6	265	-290.62129	-292.44588	-294.22322	-1.8245892	1.7773465
6	266	-333.84472	-334.65015	-336.69966	-0.80543079	2.0495104
6	267	-320.38822	-319.51583	-321.8781	0.87238644	2.3622714
6	268	-374.36739	-377.46902	-377.21705	-3.1016299	-0.25197238
6	269	-313.9941	-315.6085	-319.18091	-1.614397	3.5724111
6	270	-278.14016	-280.09828	-281.27125	-1.9581175	1.1729644
6	271	-408.95629	-410.88695	-411.72671	-1.9306617	0.83975671
6	272	-490.12048	-490.33619	-489.87247	-0.21571115	-0.46372004
6	273	-346.45069	-346.19116	-352.51723	0.25952956	6.3260762
6	274	-279.89267	-278.69475	-283.21039	1.1979178	4.5156328
6	275	-385.83273	-387.25252	-388.32268	-1.4197872	1.0701679
6	276	-367.99972	-367.74754	-370.99857	0.25217964	3.2510265
6	277	-362.19852	-363.65216	-363.2794	-1.453635	-0.37276053
6	278	-244.81868	-247.14024	-249.09009	-2.3215609	1.9498476
6	279	-448.4404	-450.16573	-449.33817	-1.7253283	-0.82756586
6	280	-284.97519	-285.9992	-286.40901	-1.0240106	0.40981299
6	281	-283.42508	-284.45139	-285.74237	-1.0263045	1.2909881
6	282	-322.73902	-325.66017	-325.36426	-2.9211482	-0.2959123
6	283	-278.7205	-281.42477	-284.04865	-2.704274	2.6238763
6	284	-287.17766	-287.81629	-289.98881	-0.63863554	2.1725179
6	285	-303.81075	-303.5837	-302.8692	0.22704971	-0.71450596
6	286	-315.71475	-317.14902	-321.15647	-1.4342747	4.0074446
6	287	-295.18546	-296.64398	-298.94151	-1.4585177	2.2975314
6	288	-387.98224	-391.07243	-386.58213	-3.0901928	-4.4903014
6	289	-446.32837	-447.18304	-447.74752	-0.85466147	0.56448146
6	290	-257.08091	-259.63243	-261.6145	-2.5515167	1.9820781
6	291	-279.88697	-280.76427	-282.91603	-0.87730373	2.1517595
6	292	-321.97994	-325.21298	-325.63667	-3.2330347	0.42369295
6	293	-407.1822	-407.55638	-409.23096	-0.37417488	1.6745814
6	294	-581.41437	-581.14003	-582.0531	0.27433586	0.91306726
6	295	-272.9414	-275.99951	-279.20263	-3.058106	3.2031179
6	296	-275.83833	-277.80577	-278.46293	-1.9674362	0.65715736
6	297	-434.24953	-432.81338	-435.52874	1.4361461	2.7153593
6	298	-301.0454	-302.56317	-304.50052	-1.5177745	1.9373487
6	299	-312.4112	-314.64033	-315.15232	-2.2291217	0.51198974
6	300	-291.17274	-293.81858	-293.5182	-2.6458384	-0.30037604
6	301	-390.2346	-390.7851	-391.72297	-0.55049456	0.93787172
6	302	-414.94661	-417.29943	-415.27571	-2.3528158	-2.0237183
6	303	-312.63959	-314.67805	-316.42839	-2.038461	1.750339
6	304	-333.95837	-334.3512	-336.55724	-0.39282085	2.2060397
6	305	-301.60594	-303.57979	-304.60002	-1.9738476	1.0202355
6	306	-542.82337	-541.67056	-543.20173	1.152812	1.5311711
6	307	-382.39717	-384.90441	-384.74788	-2.5072458	-0.1565318
6	308	-276.00657	-279.74022	-282.31484	-3.733648	2.5746186
6	309	-272.05204	-275.07511	-276.2933	-3.0230627	1.2181887
6	310	-355.53598	-355.04523	-356.4203	0.49075002	1.375076
6	311	-397.98361	-398.90488	-398.914	-0.92127481	0.0091159676
6	312	-394.97953	-395.61845	-398.78664	-0.63892285	3.1681887
6	313	-283.6734	-287.47331	-287.06689	-3.7999122	-0.4064226
6	314	-349.03921	-347.33839	-346.725	1.7008171	-0.61339029
6	315	-418.31276	-417.35702	-418.76099	0.95574078	1.4039732
6	316	-306.59219	-307.79255	-309.1028	-1.2003564	1.3102538
6	317	-285.47642	-287.03249	-288.83067	-1.556065	1.7981795
6	318	-369.03883	-371.71709	-371.25581	-2.6782621	-0.46127892
6	319	-300.1582	-302.67087	-303.56987	-2.5126658	0.8990017
6	320	-247.37102	-249.92566	-252.81009	-2.5546404	2.8844318
6	321	-430.14653	-431.2248	-430.05789	-1.0782756	-1.1669168
6	322	-411.3271	-414.4351	-414.30128	-3.1079987	-0.13381953
6	323	-437.26079	-436.67771	-437.72566	0.58308143	1.0479455
6	324	-210.25021	-213.55154	-215.02927	-3.3013323	1.4777355
6	325	-406.65399	-407.48499	-407.65451	-0.8309915	0.16952661
6	326	-338.64739	-341.85963	-342.14177	-3.2122391	0.28214489
6	327	-382.96101	-386.10247	-386.60576	-3.1414566	0.50329531
6	328	-509.83753	-510.60691	-511.64588	-0.76938203	1.0389731
6	329	-332.85046	-337.89793	-336.05778	-5.0474682	-1.8401444
6	330	-375.37419	-376.24723	-377.83049	-0.87303488	1.5832655
6	331	-293.4413	-295.18771	-297.62227	-1.7464072	2.4345561
6	332	-295.16431	-296.85023	-298.43552	-1.6859276	1.585286
6	333	-327.10302	-323.72756	-327.02232	3.3754549	3.2947561
6	334	-280.80405	-282.86339	-281.95098	-2.0593387	-0.91241302
6	335	-346.63157	-349.13058	-350.37385	-2.499017	1.2432641
6	336	-263.8214	-265.01227	-267.52227	-1.1908684	2.5100002
6	337	-254.66496	-257.15523	-258.45733	-2.4902666	1.302097
6	338	-302.38279	-303.33334	-304.45166	-0.95055251	1.1183204
6	339	-424.51102	-427.53751	-429.34132	-3.026488	1.8038135
6	340	-226.65258	-227.69138	-228.62288	-1.0387987	0.93150025
6	341	-352.40465	-355.83213	-356.3989	-3.4274776	0.56677726
6	342	-276.43486	-279.24389	-283.19095	-2.8090324	3.9470635
6	343	-439.31641	-439.26456	-439.37779	0.051856257	0.1132392
6	344	-378.03131	-378.23666	-377.00313	-0.20534853	-1.2335288
6	345	-305.05506	-307.23576	-307.09641	-2.1806996	-0.13934707
6	346	-223.66043	-226.70706	-229.16201	-3.0466342	2.4549507
6	347	-373.45118	-375.24692	-376.06372	-1.7957339	0.81680347
6	348	-463.34508	-464.12152	-463.82537	-0.77644567	-0.29615525
6	349	-420.23813	-417.99375	-422.12401	2.2443802	4.1302565
6	350	-420.10185	-419.47765	-419.94647	0.6241954	0.46881776
6	351	-351.09377	-353.14567	-355.61228	-2.0519018	2.4666093
6	352	-522.3383	-524.26531	-523.68745	-1.9270106	-0.57786722
6	353	-282.03927	-283.62243	-279.88134	-1.5831551	-3.7410838
6	354	-270.41014	-272.46199	-273.73515	-2.0518504	1.2731647
6	355	-308.98666	-310.49749	-310.97734	-1.5108326	0.47984948
6	356	-442.32836	-443.24572	-444.62867	-0.91735302	1.3829586
6	357	-262.29629	-266.09333	-268.81033	-3.7970381	2.7170048
6	358	-394.32458	-395.32452	-396.20432	-0.99993578	0.87979955
6	359	-394.46229	-394.70535	-394.50023	-0.24306222	-0.2051278
6	360	-276.73917	-281.27893	-281.33351	-4.5397639	0.054580136
6	361	-322.72616	-324.74613	-327.20526	-2.0199711	2.4591275
6	362	-406.35755	-408.04721	-405.03932	-1.6896636	-3.0078961
6	363	-557.21771	-556.92727	-557.1552	0.29043934	0.22793041
6	364	-289.28518	-291.71679	-293.07182	-2.4316108	1.3550331
6	365	-335.15913	-336.64723	-334.46764	-1.4880995	-2.1795904
6	366	-329.77532	-331.41785	-334.24019	-1.6425274	2.822345
6	367	-299.17432	-301.6798	-304.23259	-2.5054775	2.552788
6	368	-409.29372	-409.3592	-410.32924	-0.065481195	0.97004202
6	369	-423.71986	-424.96276	-425.14589	-1.2428975	0.18313863
6	370	-371.87478	-374.16245	-374.36051	-2.287672	0.19805434
6	371	-366.50408	-369.3889	-369.4411	-2.8848152	0.05219967
6	372	-427.98934	-426.54612	-427.90354	1.4432214	1.3574215
6	373	-243.0594	-242.92499	-245.73391	0.13440919	2.8089152
6	374	-265.94811	-269.33731	-271.33197	-3.3891976	1.9946612
6	375	-303.22958	-300.3245	-300.87797	2.9050848	0.55347361
6	376	-448.45388	-450.06513	-449.45572	-1.6112487	-0.60941202
6	377	-404.13999	-405.65597	-406.04783	-1.515984	0.39185426
6	378	-287.9705	-289.14226	-291.44346	-1.1717612	2.3011999
6	379	-339.04603	-338.09831	-336.60585	0.94771705	-1.4924572
6	380	-472.91336	-471.01821	-470.82725	1.895154	-0.19096361
6	381	-403.34573	-403.25286	-404.93741	0.092871744	1.6845534
6	382	-262.16629	-263.80195	-264.74477	-1.6356591	0.94281971
6	383	-372.37129	-373.80427	-374.98938	-1.4329786	1.1851097
6	384	-335.60947	-337.55292	-338.50276	-1.9434448	0.94983851
6	385	-300.24224	-301.10414	-301.77082	-0.86190493	0.6666827
6	386	-322.64638	-323.82622	-325.88164	-1.1798405	2.0554266
6	387	-322.65592	-323.57557	-326.75614	-0.91965602	3.180569
6	388	-375.92992	-375.67203	-378.27858	0.25789515	2.6065526
6	389	-313.67418	-315.03986	-315.95125	-1.3656726	0.91139017
6	390	-320.33668	-321.51038	-322.68536	-1.1737003	1.1749807
6	391	-265.87968	-266.97743	-269.36092	-1.0977434	2.3834949
6	392	-349.77827	-350.59106	-353.5623	-0.8127874	2.9712394
6	393	-326.6461	-329.30206	-329.50621	-2.6559554	0.20414925
6	394	-203.35939	-205.22038	-206.819	-1.8609894	1.5986193
6	395	-316.55529	-318.96891	-319.78714	-2.4136261	0.81822775
6	396	-363.56806	-364.57661	-366.74631	-1.0085561	2.1696986
6	397	-289.15756	-292.96758	-293.08914	-3.8100147	0.12156514
6	398	-391.04314	-390.83759	-389.50663	0.20555052	-1.3309519
6	399	-326.09719	-329.08654	-329.69143	-2.9893542	0.60488364
6	400	-410.66257	-412.6379	-412.65206	-1.9753271	0.014164544
6	401	-306.97274	-307.91275	-309.49879	-0.94001325	1.5860415
6	402	-373.10569	-373.69186	-375.44232	-0.58617361	1.7504639
6	403	-362.11463	-363.55849	-364.99734	-1.4438562	1.4388483
6	404	-377.32547	-374.99891	-375.40494	2.3265562	0.40602983
6	405	-378.21493	-378.63092	-378.93172	-0.4159838	0.30080375
6	406	-208.65553	-212.31718	-216.06492	-3.6616443	3.7477452
6	407	-448.90799	-447.90971	-447.92552	0.99828946	0.01581204
6	408	-562.23381	-563.91349	-562.73418	-1.6796812	-1.1793073
6	409	-353.14672	-352.00999	-352.75728	1.1367344	0.74728713
6	410	-347.3924	-346.95165	-350.1103	0.44075018	3.1586475
6	411	-306.90437	-307.99643	-310.38056	-1.0920652	2.3841294
6	412	-376.56908	-377.57063	-378.37758	-1.0015454	0.80695253
6	413	-402.60469	-402.73396	-402.56251	-0.12927218	-0.17145351
6	414	-537.40335	-538.86121	-537.27522	-1.4578609	-1.585992
6	415	-280.6539	-284.392	-284.85454	-3.7381008	0.46253749
6	416	-372.05963	-373.22395	-374.75074	-1.1643181	1.5267873
6	417	-341.79618	-342.86846	-343.55822	-1.0722837	0.68975373
6	418	-288.9633	-293.93213	-294.45495	-4.9688326	0.52281612
6	419	-300.43942	-303.44981	-304.91995	-3.0103884	1.4701421
6	420	-403.73897	-404.14628	-407.22	-0.40731094	3.0737175
6	421	-341.7641	-343.12742	-344.1767	-1.3633236	1.0492838
6	422	-347.74232	-349.24668	-348.01002	-1.5043614	-1.2366561
6	423	-468.40599	-465.63948	-466.66395	2.7665017	1.0244681
6	424	-429.11881	-431.41429	-431.97949	-2.2954808	0.56520029
6	425	-418.84453	-417.15705	-417.15335	1.6874803	-0.0037068099
6	426	-324.14643	-325.68396	-326.68078	-1.5375354	0.99681518
6	427	-295.31894	-297.95201	-301.34405	-2.633075	3.3920337
6	428	-253.96804	-255.7788	-258.09696	-1.8107664	2.3181581
6	429	-349.79991	-351.91713	-350.88997	-2.1172171	-1.0271538
6	430	-312.48305	-315.17653	-316.73509	-2.6934791	1.5585549
6	431	-368.7634	-373.04079	-372.99249	-4.2773955	-0.048303029
6	432	-337.09296	-337.81716	-340.00762	-0.72419892	2.1904587
6	433	-309.53974	-311.01548	-313.61679	-1.4757471	2.6013054
6	434	-496.48709	-495.89293	-494.21121	0.59416544	-1.681723
6	435	-272.86027	-273.40892	-277.48082	-0.54865273	4.0718947
6	436	-377.76849	-377.13128	-377.49412	0.63721735	0.36284626
6	437	-327.90599	-327.81818	-333.04537	0.087811873	5.227194
6	438	-390.06011	-388.42538	-389.27025	1.6347243	0.84486498
6	439	-315.10654	-316.6606	-316.46941	-1.5540654	-0.19119522
6	440	-425.77837	-428.51073	-427.11116	-2.7323619	-1.3995752
6	441	-474.33629	-474.25632	-473.11417	0.079976325	-1.1421485
6	442	-484.74746	-487.72902	-487.85582	-2.9815671	0.1267982
6	443	-515.35	-518.77173	-519.01327	-3.4217371	0.24153885
6	444	-334.91339	-336.8009	-336.73564	-1.8875077	-0.065263461
6	445	-290.46226	-291.74406	-293.52228	-1.2818067	1.7782181
6	446	-363.42464	-365.21162	-366.58911	-1.7869807	1.3774822
6	447	-321.7256	-323.90145	-324.59873	-2.1758495	0.69728329
6	448	-446.93974	-449.9219	-447.15713	-2.9821562	-2.7647699
6	449	-370.399	-370.9051	-370.10673	-0.50610647	-0.79837758
6	450	-331.78412	-332.17581	-335.01413	-0.39168875	2.8383212
6	451	-391.37511	-389.34768	-389.1212	2.0274297	-0.2264771
6	452	-333.94109	-336.05495	-336.45026	-2.1138565	0.39530853
6	453	-515.17186	-514.9072	-514.90973	0.26466568	0.0025309562
6	454	-242.03351	-244.0363	-245.63478	-2.0027822	1.5984811
6	455	-397.26934	-398.33417	-400.37643	-1.0648311	2.0422569
6	456	-246.14218	-247.61055	-250.44064	-1.468366	2.8300895
6	457	-238.65938	-241.81294	-244.21213	-3.1535632	2.3991868
6	458	-308.36543	-308.99066	-309.72839	-0.6252288	0.73772721
6	459	-363.20043	-363.99226	-363.97292	-0.79182982	-0.019332218
6	460	-242.8096	-244.7898	-246.79921	-1.9801975	2.0094106
6	461	-382.76341	-385.59687	-388.14694	-2.8334625	2.5500654
6	462	-387.4849	-389.22972	-389.78931	-1.7448135	0.55959772
6	463	-398.15403	-399.24901	-402.01159	-1.0949797	2.7625788
6	464	-401.93397	-402.61975	-403.3982	-0.6857723	0.7784573
6	465	-284.34816	-286.82526	-287.39576	-2.4770999	0.5704954
6	466	-481.40195	-483.62402	-482.16543	-2.2220787	-1.4585909
6	467	-249.94948	-251.87924	-252.63741	-1.9297581	0.75817229
6	468	-308.89372	-312.42745	-314.33123	-3.5337299	1.9037876
6	469	-208.2055	-209.28396	-211.53451	-1.0784618	2.2505546
6	470	-324.42858	-325.41409	-329.80789	-0.98551466	4.3937953
6	471	-280.78895	-282.74202	-284.58413	-1.9530692	1.8421173
6	472	-268.22468	-270.56239	-273.55803	-2.3377053	2.9956386
6	473	-433.37412	-435.54454	-435.51898	-2.1704184	-0.025566023
6	474	-238.20871	-240.36667	-241.98454	-2.1579615	1.6178706
6	475	-311.78594	-314.09114	-316.17246	-2.3052014	2.0813145
6	476	-384.65384	-385.64239	-385.65778	-0.98854513	0.015392034
6	477	-322.68104	-324.48784	-327.25884	-1.806806	2.7709956
6	478	-413.08992	-415.6208	-414.22502	-2.5308745	-1.3957726
6	479	-365.19569	-365.25929	-364.44969	-0.063602245	-0.80959876
6	480	-334.22743	-335.8879	-338.1153	-1.6604668	2.2274018
6	481	-449.19159	-449.10706	-446.44269	0.084536292	-2.6643643
6	482	-466.42105	-468.0553	-470.37734	-1.6342472	2.3220388
6	483	-296.76914	-299.43628	-299.76834	-2.6671374	0.33206448
6	484	-375.59268	-376.70379	-377.51133	-1.1111097	0.80753606
6	485	-329.16159	-330.58381	-330.39463	-1.4222207	-0.18918673
6	486	-303.64515	-306.34773	-306.61974	-2.7025844	0.272004
6	487	-249.74739	-252.24706	-253.99387	-2.4996716	1.7468172
6	488	-409.57066	-410.63962	-411.65693	-1.0689552	1.0173149
6	489	-358.21996	-362.94022	-361.57184	-4.7202673	-1.3683811
6	490	-284.78167	-285.63046	-291.31633	-0.84879045	5.6858742
6	491	-458.83336	-456.4974	-456.53206	2.3359601	0.034664447
6	492	-335.27254	-335.38025	-337.75973	-0.10771015	2.3794894
6	493	-389.35455	-389.0199	-394.06052	0.33465364	5.0406199
6	494	-291.52843	-293.52858	-294.02581	-2.0001533	0.49722675
6	495	-260.19789	-261.90191	-266.14976	-1.7040232	4.2478431
6	496	-399.38664	-400.02657	-401.21666	-0.63992772	1.1900923
6	497	-409.30348	-407.95832	-410.84759	1.345155	2.889264
6	498	-594.26671	-595.22555	-593.39196	-0.95884564	-1.8335953
6	499	-343.37091	-345.2205	-347.61122	-1.8495883	2.3907255
6	500	-447.42459	-449.86574	-450.27728	-2.4411499	0.41153216
6	501	-442.50325	-441.00239	-444.16709	1.5008587	3.1647073
6	502	-367.85688	-367.77527	-365.03864	0.081607486	-2.7366242
6	503	-331.14823	-333.32476	-330.96696	-2.1765326	-2.3578032
6	504	-289.82191	-291.44897	-292.50024	-1.6270597	1.0512745
6	505	-419.47693	-418.98167	-420.01674	0.49525464	1.0350638
6	506	-273.17098	-276.95166	-279.3636	-3.780684	2.4119337
6	507	-379.4056	-383.22543	-382.64406	-3.8198302	-0.58137753
6	508	-304.74321	-305.67326	-307.02455	-0.93005253	1.3512911
6	509	-441.71184	-444.94456	-444.60151	-3.2327201	-0.34305515
6	510	-511.95015	-513.83333	-513.75875	-1.883184	-0.074586561
6	511	-373.08908	-375.65686	-376.2139	-2.5677727	0.55704707
6	512	-536.42393	-537.20483	-533.84703	-0.78089514	-3.3577934
6	513	-212.52609	-213.89499	-217.8497	-1.3688969	3.9547144
6	514	-434.39759	-435.2902	-435.97539	-0.89260761	0.68519243
6	515	-298.00969	-300.06711	-301.13363	-2.0574219	1.0665214
6	516	-273.7248	-273.68711	-276.66139	0.037693606	2.9742821
6	517	-263.17091	-265.72017	-269.21272	-2.5492516	3.4925523
6	518	-452.63978	-448.2009	-454.36033	4.4388812	6.1594238
6	519	-385.81679	-387.69445	-388.99125	-1.8776656	1.2967941
6	520	-399.04695	-398.92366	-399.10611	0.12328896	0.18244998
6	521	-302.82567	-305.03958	-306.15774	-2.2139117	1.1181577
6	522	-322.26698	-319.93856	-320.49821	2.3284242	0.55965138
6	523	-287.37533	-288.43033	-290.11384	-1.0550008	1.6835121
6	524	-472.54129	-474.41784	-472.76154	-1.8765504	-1.6562984
6	525	-378.75195	-384.64367	-383.51253	-5.8917203	-1.131137
6	526	-416.97875	-418.00531	-419.52276	-1.0265572	1.517453
6	527	-302.26569	-304.1699	-305.23342	-1.9042076	1.0635211
6	528	-244.72254	-247.76252	-250.13429	-3.0399719	2.3717757
6	529	-310.60646	-313.45101	-313.30935	-2.8445504	-0.14166565
6	530	-281.19805	-284.3981	-287.2998	-3.2000449	2.9016993
6	531	-308.96528	-312.18313	-313.16236	-3.2178532	0.97922677
6	532	-481.13362	-478.48132	-480.08623	2.6523039	1.6049133
6	533	-376.9188	-376.08513	-378.04638	0.83367358	1.9612533
6	534	-266.38927	-267.98603	-269.61886	-1.5967616	1.6328332
6	535	-310.04122	-311.32596	-311.8559	-1.2847373	0.52993401
6	536	-464.4801	-465.09546	-466.81189	-0.61535846	1.7164305
6	537	-385.86807	-385.95415	-389.17305	-0.08608148	3.2189068
6	538	-355.43875	-356.4771	-358.43409	-1.0383517	1.9569908
6	539	-272.882	-274.33153	-277.05548	-1.4495317	2.7239543
6	540	-291.65079	-294.35053	-296.19842	-2.699738	1.8478933
6	541	-490.90503	-490.81886	-489.16919	0.086169378	-1.6496704
6	542	-278.7915	-280.40743	-281.43406	-1.6159356	1.0266216
6	543	-301.13043	-303.66205	-306.46831	-2.5316226	2.8062602
6	544	-459.7019	-458.91583	-459.90193	0.78606963	0.98609375
6	545	-336.4665	-341.78091	-340.90001	-5.314409	-0.88090289
6	546	-384.02628	-383.08591	-384.12429	0.94036961	1.0383786
6	547	-257.92322	-260.20686	-263.2792	-2.283637	3.0723419
6	548	-305.33679	-306.57729	-307.64347	-1.2404986	1.0661824
6	549	-386.50685	-388.20339	-387.14993	-1.6965427	-1.0534607
6	550	-284.66134	-286.47629	-288.41095	-1.8149495	1.9346609
6	551	-302.2962	-304.23588	-306.1224	-1.93968	1.886522
6	552	-299.91575	-301.26758	-303.87894	-1.3518259	2.6113544
6	553	-349.83931	-349.46847	-349.11249	0.3708477	-0.35597456
6	554	-385.9459	-387.81439	-389.53076	-1.8684894	1.7163655
6	555	-354.81176	-355.81284	-355.48526	-1.001079	-0.32757569
6	556	-258.35531	-260.76659	-259.71886	-2.411283	-1.0477268
6	557	-343.09426	-345.59442	-346.58458	-2.5001642	0.99015782
6	558	-368.87115	-369.52571	-371.36557	-0.65456446	1.8398588
6	559	-325.67426	-328.05357	-330.76985	-2.379305	2.7162867
6	560	-268.11561	-272.17544	-274.1858	-4.0598225	2.0103596
6	561	-255.96793	-258.59496	-261.14487	-2.6270299	2.5499118
6	562	-385.63571	-387.26502	-388.98492	-1.6293162	1.7198981
6	563	-472.59613	-471.75636	-471.57455	0.83977292	-0.18180924
6	564	-319.09278	-320.72154	-323.17089	-1.6287621	2.4493539
6	565	-318.94812	-320.08412	-320.23161	-1.1359994	0.14748868
6	566	-391.63718	-392.87532	-394.18398	-1.2381405	1.3086634
6	567	-394.84023	-396.10806	-395.26463	-1.2678277	-0.84343158
6	568	-218.10073	-220.80932	-225.54646	-2.7085919	4.737144
6	569	-467.8876	-468.51623	-468.32293	-0.62862502	-0.19329411
6	570	-597.1716	-597.1658	-593.0861	0.0057994269	-4.0796961
6	571	-226.46292	-228.65898	-231.01681	-2.1960587	2.3578234
6	572	-261.20097	-264.43208	-265.14543	-3.2311151	0.71334599
6	573	-252.62418	-256.05516	-259.1814	-3.4309847	3.1262387
6	574	-275.83392	-278.12002	-279.303	-2.2860979	1.1829838
6	575	-312.42823	-315.03686	-316.18179	-2.608623	1.1449357
6	576	-217.83431	-220.72091	-221.9021	-2.8865985	1.1811974
6	577	-423.08626	-425.89849	-426.44239	-2.8122303	0.54389958
6	578	-248.59808	-250.18092	-251.71846	-1.5828406	1.5375335
6	579	-298.31086	-300.90794	-302.26758	-2.5970777	1.3596397
6	580	-531.34263	-532.08173	-532.82559	-0.73909357	0.74386259
6	581	-328.01839	-333.75602	-329.7332	-5.7376274	-4.0228245
6	582	-339.51296	-342.0011	-342.55191	-2.4881366	0.55080965
6	583	-233.85299	-235.94506	-238.27601	-2.0920654	2.3309522
6	584	-336.40785	-337.22048	-339.2585	-0.81263239	2.0380146
6	585	-353.64133	-355.88063	-356.04291	-2.2392986	0.16227891
6	586	-368.56211	-368.56114	-371.86508	0.00097068199	3.3039376
6	587	-301.9866	-304.71467	-306.6652	-2.7280672	1.9505361
6	588	-416.08659	-415.67502	-417.68993	0.41157378	2.0149078
6	589	-403.02156	-404.87868	-404.45537	-1.8571222	-0.42331092
6	590	-318.59878	-319.78375	-318.17696	-1.1849771	-1.6067902
6	591	-413.87406	-414.85258	-416.84131	-0.97851192	1.9887377
6	592	-445.68769	-445.272	-446.68102	0.41568914	1.4090181
6	593	-387.35629	-389.13429	-387.03127	-1.7780049	-2.1030275
6	594	-335.45785	-337.12318	-337.86064	-1.6653343	0.73745646
6	595	-305.62098	-307.75358	-307.79274	-2.1325963	0.039165766
6	596	-508.19994	-507.18604	-505.20598	1.0138993	-1.9800593
6	597	-397.85725	-398.40643	-398.77078	-0.54917452	0.364349
6	598	-270.81456	-272.88906	-274.97606	-2.0745074	2.0869922
6	599	-297.60179	-301.21724	-302.34713	-3.6154545	1.1298892
6	600	-650.15075	-650.56565	-649.84326	-0.41489877	-0.7223846
6	601	-431.52666	-434.39391	-431.40307	-2.8672478	-2.9908333
6	602	-358.14288	-356.61054	-358.82534	1.5323335	2.2147925
6	603	-268.37132	-269.83835	-270.045	-1.4670329	0.20665208
6	604	-407.61037	-404.88685	-407.31308	2.7235269	2.4262377
6	605	-354.24217	-355.79108	-357.68218	-1.5489063	1.8910999
6	606	-221.50147	-223.93219	-224.98426	-2.430722	1.0520727
6	607	-392.38653	-395.81148	-396.04157	-3.4249489	0.23009101
6	608	-292.66201	-295.18366	-297.67153	-2.5216445	2.4878714
6	609	-383.0328	-385.02518	-386.84681	-1.9923803	1.8216261
6	610	-252.90937	-254.3016	-254.4834	-1.3922243	0.18180335
6	611	-264.47453	-267.04499	-268.49109	-2.5704632	1.4461
6	612	-375.0272	-374.47841	-375.4188	0.54878627	0.94039001
6	613	-401.78666	-403.6225	-403.97637	-1.8358365	0.3538686
6	614	-452.3528	-444.49741	-445.66983	7.8553888	1.1724182
6	615	-363.98297	-367.00787	-367.17946	-3.024904	0.17158373
6	616	-405.40395	-403.54922	-405.70881	1.8547282	2.1595888
6	617	-336.76374	-337.16446	-338.69017	-0.40071762	1.5257053
6	618	-428.92596	-430.5371	-429.91617	-1.6111476	-0.62093204
6	619	-259.90147	-261.95269	-263.60804	-2.0512206	1.6553463
6	620	-263.34081	-265.17978	-266.99807	-1.8389708	1.8182854
6	621	-305.0414	-304.5307	-306.38339	0.51070198	1.852691
6	622	-310.95033	-311.4998	-314.11748	-0.54946967	2.6176749
6	623	-469.84171	-464.99494	-465.34894	4.8467737	0.35400587
6	624	-263.88928	-264.88093	-268.48368	-0.9916441	3.6027511
6	625	-378.75633	-379.83939	-378.91575	-1.0830596	-0.92364588
6	626	-346.22524	-347.78166	-346.6272	-1.5564192	-1.1544625
6	627	-219.68258	-223.21912	-224.60742	-3.5365377	1.388298
6	628	-311.44916	-312.50571	-314.48143	-1.0565549	1.9757204
6	629	-512.05558	-512.63945	-513.75286	-0.58387597	1.1134088
6	630	-404.84027	-404.98394	-405.77088	-0.14367784	0.78693522
6	631	-622.79093	-622.73465	-621.78675	0.056286786	-0.9478934
6	632	-440.84185	-440.48181	-441.98963	0.36004589	1.5078195
6	633	-470.33595	-468.29353	-468.77864	2.0424208	0.48510737
6	634	-311.12146	-313.35619	-315.20549	-2.2347212	1.8493066
6	635	-278.6139	-280.44793	-279.86052	-1.8340312	-0.58741052
6	636	-401.3675	-402.85574	-403.65878	-1.4882391	0.80304764
6	637	-304.85982	-305.12586	-305.79603	-0.26604015	0.6701701
6	638	-382.69099	-384.49687	-384.4551	-1.8058859	-0.041773846
6	639	-241.34785	-244.62769	-245.16607	-3.2798358	0.53837914
6	640	-342.32977	-341.66872	-341.89412	0.66104694	0.22540186
6	641	-322.6673	-323.53201	-326.61154	-0.86471874	3.0795242
6	642	-313.74077	-312.1151	-313.49351	1.6256616	1.3784082
6	643	-390.31777	-392.34286	-391.53864	-2.0250877	-0.80421796
6	644	-427.58714	-426.48421	-427.35133	1.1029233	0.86712131
6	645	-403.71613	-403.13414	-404.02709	0.58199192	0.89294604
6	646	-269.79417	-271.91199	-273.17422	-2.1178221	1.2622339
6	647	-284.44032	-288.0687	-290.62921	-3.628381	2.5605129
6	648	-324.54232	-327.45414	-328.79781	-2.9118104	1.3436788
6	649	-290.12317	-291.91752	-292.98271	-1.7943459	1.0651925
6	650	-315.03788	-316.83435	-318.05095	-1.7964637	1.2166029
6	651	-383.76206	-385.7012	-386.55889	-1.9391396	0.85768991
6	652	-413.13349	-416.0243	-415.78839	-2.8908137	-0.23591151
6	653	-321.93407	-323.24076	-323.95764	-1.3066908	0.7168777
6	654	-427.80017	-424.02718	-428.07515	3.7729819	4.0479687
6	655	-276.40605	-278.21735	-279.06336	-1.8113015	0.84601399
6	656	-369.87951	-372.77123	-371.50523	-2.8917158	-1.2660037
6	657	-216.80265	-219.23733	-221.29063	-2.4346741	2.053301
6	658	-436.52811	-438.05531	-439.63637	-1.5272062	1.581054
6	659	-324.2052	-326.97622	-326.52782	-2.7710245	-0.44840122
6	660	-473.94435	-476.0119	-477.29089	-2.0675572	1.2789829
6	661	-282.23082	-283.36634	-285.57664	-1.1355135	2.210301
6	662	-459.37445	-462.22967	-462.31569	-2.8552142	0.086020448
6	663	-370.27406	-371.97279	-372.32608	-1.6987295	0.35329161
6	664	-439.40168	-440.72057	-440.78287	-1.3188944	0.062298219
6	665	-404.31161	-403.96683	-404.99902	0.34477591	1.032187
6	666	-395.47395	-394.89294	-395.02151	0.58101479	0.12856807
6	667	-341.1298	-342.56417	-344.09441	-1.4343763	1.5302416
6	668	-377.45397	-377.70519	-380.55359	-0.25121998	2.8483999
6	669	-441.22695	-441.0847	-442.20734	0.14224496	1.1226417
6	670	-406.16453	-408.84723	-407.9681	-2.6826977	-0.87912459
6	671	-388.27072	-389.97585	-390.51824	-1.7051265	0.54238596
6	672	-320.94571	-321.90512	-322.97862	-0.95941492	1.073494
6	673	-385.93101	-386.71612	-385.18328	-0.78511548	-1.5328395
6	674	-388.28236	-390.34804	-388.75102	-2.0656795	-1.5970242
6	675	-262.24506	-263.75632	-265.04122	-1.5112652	1.2848988
6	676	-547.03861	-550.1025	-548.18596	-3.0638818	-1.9165318
6	677	-340.03164	-341.0931	-342.44151	-1.0614622	1.3484117
6	678	-219.91578	-223.13546	-225.55742	-3.2196849	2.4219557
6	679	-316.58793	-318.3445	-318.88691	-1.75657	0.54240635
6	680	-259.7298	-262.22985	-264.48407	-2.500048	2.2542235
6	681	-354.79265	-355.40886	-358.33725	-0.61621319	2.9283959
6	682	-511.26709	-511.58927	-508.25016	-0.3221768	-3.3391114
6	683	-359.47301	-361.35257	-363.21629	-1.8795675	1.8637128
6	684	-241.5657	-243.60326	-244.91778	-2.0375573	1.3145177
6	685	-444.53588	-444.68272	-442.6539	-0.14684353	-2.0288288
6	686	-218.94284	-222.7646	-224.55662	-3.8217642	1.7920177
6	687	-305.69784	-307.38745	-308.74425	-1.6896182	1.3567954
6	688	-314.67313	-316.84685	-320.68261	-2.1737278	3.8357542
6	689	-410.30051	-412.91795	-414.25739	-2.617442	1.3394391
6	690	-354.10396	-355.13892	-355.78803	-1.0349609	0.64911033
6	691	-443.10805	-435.58627	-438.15821	7.5217819	2.5719388
6	692	-415.91637	-417.99206	-419.32154	-2.0756939	1.3294799
6	693	-369.82996	-371.70709	-375.96794	-1.8771249	4.2608485
6	694	-438.58632	-439.11037	-439.90021	-0.52405341	0.78984443
6	695	-316.73285	-317.09104	-319.39046	-0.35818851	2.2994167
6	696	-386.1334	-388.82033	-389.00951	-2.6869277	0.18918153
6	697	-244.43367	-243.87205	-245.42783	0.56161366	1.5557734
6	698	-395.87787	-397.49852	-398.21833	-1.6206536	0.71980274
6	699	-232.27347	-234.17149	-236.04386	-1.898023	1.8723736
6	700	-270.57499	-273.60765	-274.8149	-3.0326637	1.2072524
6	701	-364.47916	-367.1175	-367.28633	-2.6383329	0.16883518
6	702	-522.98351	-524.53453	-525.38097	-1.5510253	0.84643617
6	703	-264.28194	-265.73415	-268.59829	-1.4522111	2.8641378
6	704	-352.17934	-355.19042	-356.02415	-3.0110791	0.83372149
6	705	-317.52143	-322.58403	-322.3424	-5.0626037	-0.24163126
6	706	-250.62174	-251.70322	-255.30076	-1.0814806	3.5975425
6	707	-351.9473	-354.67759	-354.32984	-2.730296	-0.34775391
6	708	-376.48677	-375.58143	-375.56794	0.90533363	-0.013493918
6	709	-377.04866	-377.79805	-377.29658	-0.7493996	-0.50147505
6	710	-300.81398	-303.57369	-303.0351	-2.7597153	-0.53859524
6	711	-324.52826	-324.98406	-327.13495	-0.45579698	2.1508922
6	712	-295.79583	-297.23759	-300.9889	-1.4417526	3.7513146
6	713	-276.3165	-277.89738	-281.58691	-1.5808847	3.689523
6	714	-321.52216	-324.31267	-326.61323	-2.7905062	2.3005656
6	715	-323.9535	-325.62304	-327.10982	-1.6695416	1.4867801
6	716	-333.09912	-334.54639	-336.58777	-1.4472667	2.0413857
6	717	-424.93941	-425.49434	-424.01247	-0.55493152	-1.4818654
6	718	-317.47796	-318.93446	-319.59371	-1.4565022	0.6592488
6	719	-398.80734	-400.37441	-402.31054	-1.5670703	1.9361248
6	720	-292.30681	-294.56709	-296.14437	-2.2602752	1.5772819
6	721	-265.80751	-269.00291	-268.94035	-3.1954023	-0.062563582
6	722	-282.37349	-283.25703	-285.3491	-0.88353992	2.092065
6	723	-290.26583	-292.7386	-296.2882	-2.4727684	3.5496024
6	724	-431.68859	-430.89064	-427.65236	0.7979537	-3.2382842
6	725	-366.70351	-365.46829	-368.74126	1.2352211	3.272968
6	726	-350.51713	-349.95727	-353.35239	0.55986153	3.3951217
6	727	-293.5489	-296.50155	-297.82501	-2.9526525	1.3234593
6	728	-300.37435	-302.84084	-306.02634	-2.4664925	3.1854934
6	729	-274.0921	-276.43788	-278.83027	-2.3457792	2.3923848
6	730	-465.71985	-466.75493	-465.32557	-1.0350872	-1.4293645
6	731	-335.03208	-336.66912	-337.10045	-1.637045	0.43133119
6	732	-368.03717	-369.01149	-372.53242	-0.97431516	3.5209291
6	733	-276.86646	-277.19746	-278.5338	-0.33100405	1.3363374
6	734	-484.36387	-484.94742	-484.71991	-0.58354986	-0.22751166
6	735	-361.80318	-363.57877	-364.79944	-1.7755978	1.2206691
6	736	-220.28234	-222.1512	-224.77855	-1.8688617	2.6273489
6	737	-261.39342	-260.64702	-264.63048	0.74639762	3.9834593
6	738	-281.05281	-281.08838	-284.11429	-0.035576101	3.0259065
6	739	-309.37596	-311.35624	-312.48704	-1.980273	1.1308056
6	740	-353.96845	-356.55987	-358.26795	-2.591424	1.7080773
6	741	-347.25697	-345.81784	-350.18298	1.4391279	4.3651395
6	742	-487.20365	-488.19578	-485.77861	-0.99213132	-2.4171661
6	743	-299.76136	-302.91689	-306.74426	-3.1555303	3.8273622
6	744	-339.44362	-343.13991	-342.77115	-3.6962904	-0.36875551
6	745	-356.84448	-358.128	-358.23852	-1.2835129	0.11052608
6	746	-444.85405	-448.67068	-449.07971	-3.8166286	0.4090307
6	747	-326.35474	-328.12238	-330.72836	-1.7676319	2.6059877
6	748	-297.40852	-299.36895	-300.59483	-1.9604277	1.2258827
6	749	-284.08526	-286.04714	-283.30047	-1.9618802	-2.7466683
6	750	-313.86295	-315.72737	-315.99265	-1.8644227	0.26528161
6	751	-285.79187	-285.95037	-289.66199	-0.15849831	3.7116146
6	752	-274.48629	-275.43537	-279.09432	-0.94908098	3.6589461
6	753	-344.25821	-341.55887	-344.28399	2.699345	2.7251162
6	754	-384.4221	-386.13452	-387.5408	-1.7124252	1.4062731
6	755	-338.12761	-340.49492	-342.54819	-2.3673091	2.0532694
6	756	-317.18241	-315.64242	-316.81689	1.5399932	1.1744736
6	757	-316.29979	-317.54319	-319.73539	-1.2433972	2.1922029
6	758	-332.78697	-335.70904	-336.96805	-2.9220773	1.2590057
6	759	-311.97694	-312.88325	-313.27862	-0.90631461	0.39536555
6	760	-289.23832	-292.27175	-294.48239	-3.0334238	2.2106442
6	761	-357.61441	-359.07878	-360.39784	-1.4643715	1.3190557
6	762	-340.11653	-342.18228	-341.92093	-2.0657584	-0.26135056
6	763	-376.0663	-378.91949	-378.05539	-2.8531892	-0.86410319
6	764	-248.38789	-251.54019	-254.61249	-3.1522957	3.0723013
6	765	-418.77716	-417.07993	-414.33736	1.6972327	-2.7425703
6	766	-332.3447	-331.70873	-331.47644	0.63596865	-0.23229201
6	767	-377.47132	-377.5706	-378.76668	-0.099284488	1.196075
6	768	-532.07967	-534.22203	-534.27487	-2.1423605	0.052837926
6	769	-256.68773	-257.75601	-261.46144	-1.0682819	3.7054336
6	770	-489.92131	-489.99299	-491.65441	-0.071679582	1.6614166
6	771	-342.21829	-344.64321	-345.07123	-2.4249139	0.42802311
6	772	-323.95477	-323.22202	-325.39027	0.73274954	2.1682531
6	773	-259.88207	-260.06963	-261.82863	-0.18755825	1.7589996
6	774	-432.48735	-432.30735	-432.99964	0.18000747	0.69228993
6	775	-315.28423	-316.23831	-320.52591	-0.95408088	4.2876043
6	776	-320.7042	-322.93959	-324.77354	-2.2353865	1.8339556
6	777	-292.21562	-293.69022	-294.83658	-1.4746071	1.146358
6	778	-380.40775	-380.39836	-381.58182	0.0093866554	1.1834506
6	779	-432.4291	-433.58397	-434.65618	-1.1548627	1.0722123
6	780	-523.80227	-523.40661	-519.78353	0.39566846	-3.6230734
6	781	-300.17992	-302.95152	-304.57593	-2.7715952	1.6244103
6	782	-334.27666	-335.51406	-337.48842	-1.2374055	1.9743629
6	783	-294.49891	-296.68774	-299.38778	-2.1888379	2.7000357
6	784	-352.41052	-354.36145	-356.55393	-1.9509333	2.1924779
6	785	-330.89029	-331.63694	-332.56553	-0.7466519	0.92859078
6	786	-286.16106	-288.28292	-289.36172	-2.1218607	1.0788005
6	787	-392.51444	-396.52078	-396.71029	-4.0063433	0.18950668
6	788	-325.4361	-327.23865	-326.07279	-1.8025593	-1.1658623
6	789	-266.07096	-266.13361	-267.4519	-0.062647285	1.3182894
6	790	-304.12343	-305.27347	-306.34988	-1.1500456	1.0764081
6	791	-409.45286	-411.06257	-410.1635	-1.6097157	-0.89907244
6	792	-218.93712	-219.82519	-221.41328	-0.88807013	1.5880905
6	793	-301.69858	-304.36254	-308.14228	-2.6639558	3.7797459
6	794	-454.97533	-457.05276	-456.8593	-2.0774314	-0.19345905
6	795	-309.06595	-312.07525	-314.75986	-3.0093002	2.6846106
6	796	-241.68126	-243.64931	-246.6273	-1.9680478	2.9779896
6	797	-432.36083	-430.66299	-430.10676	1.6978404	-0.5562289
6	798	-394.75492	-397.81349	-397.31532	-3.0585678	-0.49816764
6	799	-372.03359	-373.86139	-376.18949	-1.8277928	2.3281042
6	800	-264.60867	-266.52909	-268.38439	-1.9204251	1.8552948
6	801	-458.07317	-459.00413	-458.16086	-0.93095386	-0.84326854
6	802	-391.39355	-391.31527	-391.6088	0.078278042	0.29353024
6	803	-427.3492	-429.20487	-427.89198	-1.8556755	-1.3128998
6	804	-340.3525	-342.63288	-343.27122	-2.2803831	0.63834054
6	805	-267.08568	-269.90082	-270.20273	-2.815139	0.30191125
6	806	-275.1229	-276.89732	-278.49622	-1.7744213	1.5989029
6	807	-271.85839	-274.15846	-275.52913	-2.3000676	1.3706719
6	808	-469.1697	-469.98951	-470.39066	-0.81981602	0.40114547
6	809	-383.55395	-383.65514	-384.67028	-0.10118598	1.0151382
6	810	-233.07814	-235.79684	-237.6624	-2.7187002	1.8655543
6	811	-267.88358	-271.10602	-272.48821	-3.2224459	1.3821875
6	812	-275.62086	-278.22004	-280.76368	-2.5991826	2.5436356
6	813	-367.63354	-368.99381	-370.5722	-1.3602751	1.5783856
6	814	-348.59789	-348.41591	-347.73291	0.18198303	-0.6829982
6	815	-516.86478	-520.73585	-521.72421	-3.8710645	0.98836535
6	816	-369.41639	-371.39864	-372.48769	-1.9822594	1.0890482
6	817	-282.66656	-283.84211	-285.98159	-1.1755585	2.1394804
6	818	-341.79418	-343.35723	-343.95486	-1.5630536	0.59763125
6	819	-278.07991	-277.95204	-282.67355	0.1278728	4.7215048
6	820	-384.49541	-387.11312	-388.08786	-2.6177169	0.97473551
6	821	-281.50601	-280.70492	-284.4574	0.80109358	3.7524774
6	822	-329.96108	-330.02798	-331.34649	-0.066895604	1.3185105
6	823	-393.32864	-395.13464	-395.32945	-1.8060003	0.19481444
6	824	-289.59368	-291.91939	-293.99153	-2.3257112	2.0721431
6	825	-266.08184	-268.95673	-268.36388	-2.8748854	-0.59285083
6	826	-428.54092	-429.30485	-426.41458	-0.76393154	-2.8902711
6	827	-406.98447	-409.38916	-407.27034	-2.4046906	-2.1188152
6	828	-326.00421	-327.47005	-328.64363	-1.4658427	1.1735766
6	829	-415.00547	-415.97069	-414.59354	-0.9652251	-1.377151
6	830	-379.46919	-381.19021	-381.11271	-1.7210261	-0.077499172
6	831	-489.3947	-490.64395	-489.12801	-1.2492442	-1.5159357
6	832	-230.80733	-233.12618	-234.60274	-2.3188534	1.4765634
6	833	-313.99622	-316.85304	-317.98412	-2.8568193	1.1310809
6	834	-213.46804	-216.52403	-218.13897	-3.055983	1.6149449
6	835	-289.5857	-291.14427	-292.31266	-1.558573	1.1683893
6	836	-392.25193	-393.40818	-394.76106	-1.1562536	1.35288
6	837	-368.46519	-370.84435	-370.45126	-2.3791658	-0.39309124
6	838	-330.59217	-332.88037	-334.05496	-2.2881987	1.1745889
6	839	-363.60212	-365.46488	-366.17638	-1.86276	0.7114962
6	840	-530.6525	-530.59241	-531.91747	0.060095127	1.325068
6	841	-339.22425	-340.31005	-342.85157	-1.0857936	2.5415219
6	842	-513.04179	-512.76063	-511.56693	0.28115742	-1.1937061
6	843	-287.22372	-288.55273	-291.60314	-1.3290146	3.0504035
6	844	-411.18727	-412.13926	-412.06844	-0.95198549	-0.0708118
6	845	-326.7403	-327.50071	-328.98662	-0.76041118	1.4859082
6	846	-294.89407	-295.69407	-300.37344	-0.7999943	4.6793751
6	847	-421.75183	-423.64989	-422.00615	-1.8980551	-1.6437322
6	848	-451.04026	-451.80801	-453.75715	-0.76774105	1.9491411
6	849	-321.77521	-323.19393	-325.83868	-1.4187276	2.6447463
6	850	-343.84694	-346.18763	-345.13204	-2.3406913	-1.0555914
6	851	-350.51832	-353.55517	-353.0497	-3.036858	-0.50547296
6	852	-437.3517	-437.15336	-437.82734	0.19834458	0.67397944
6	853	-377.38602	-379.52427	-380.56842	-2.1382457	1.0441526
6	854	-337.94121	-339.22882	-340.51952	-1.2876111	1.2906971
6	855	-279.08868	-280.58309	-281.41804	-1.4944197	0.83494857
6	856	-271.22882	-272.99589	-275.30641	-1.7670705	2.3105216
6	857	-335.85065	-335.22432	-337.36399	0.62633289	2.1396745
6	858	-345.03034	-345.41248	-346.78315	-0.38213782	1.37067
6	859	-392.05314	-392.46936	-394.90695	-0.41622735	2.4375911
6	860	-282.70062	-283.62839	-285.33088	-0.9277707	1.7024886
6	861	-321.54303	-323.87962	-325.17933	-2.3365859	1.2997152
6	862	-275.74089	-279.1865	-281.40272	-3.4456087	2.2162283
6	863	-300.65082	-302.39269	-303.53489	-1.7418672	1.142197
6	864	-328.9978	-328.95057	-331.25352	0.047223668	2.3029419
6	865	-320.81202	-322.63291	-321.38811	-1.8208838	-1.2447923
6	866	-475.36935	-475.11068	-476.30432	0.25867163	1.1936415
6	867	-277.01299	-278.05464	-280.2998	-1.0416562	2.2451569
6	868	-374.07823	-377.30114	-372.28458	-3.2229128	-5.0165555
6	869	-304.46696	-305.43911	-306.95328	-0.97215503	1.5141641
6	870	-283.70343	-287.22478	-288.9245	-3.5213517	1.6997235
6	871	-335.07863	-337.592	-338.02436	-2.5133672	0.43236137
6	872	-244.58879	-247.2973	-249.38663	-2.7085139	2.0893327
6	873	-324.88631	-325.47163	-326.30663	-0.58532436	0.8349973
6	874	-412.26307	-414.802	-415.95924	-2.5389382	1.1572356
6	875	-265.61555	-268.18915	-271.15202	-2.5735983	2.9628657
6	876	-369.37382	-371.03677	-371.60844	-1.6629547	0.57166692
6	877	-443.34194	-445.48167	-442.45678	-2.1397329	-3.0248865
6	878	-321.43899	-323.03114	-324.38383	-1.5921518	1.3526882
6	879	-333.83822	-333.07641	-334.73826	0.76181572	1.6618536
6	880	-388.70686	-383.36524	-385.14595	5.3416246	1.7807132
6	881	-597.54353	-591.06765	-587.65979	6.4758805	-3.4078603
6	882	-293.80258	-291.12542	-293.17684	2.6771678	2.0514283
6	883	-375.33019	-375.80598	-377.85187	-0.47579172	2.0458876
6	884	-239.19095	-240.49761	-242.37015	-1.3066509	1.8725422
6	885	-247.74067	-251.15553	-253.33069	-3.4148585	2.1751538
6	886	-352.43257	-353.23789	-353.66973	-0.80531963	0.43184194
6	887	-343.92414	-344.71332	-345.87264	-0.78917957	1.1593184
6	888	-429.31741	-429.21056	-434.09642	0.1068551	4.8858591
6	889	-421.11692	-423.08687	-422.83383	-1.9699448	-0.25303445
6	890	-247.55239	-248.38111	-251.9058	-0.8287205	3.524689
6	891	-466.10428	-467.44425	-466.23706	-1.3399696	-1.2071948
6	892	-367.38732	-368.43094	-368.99791	-1.043624	0.56696229
6	893	-411.0633	-410.01191	-410.72147	1.051393	0.70956005
6	894	-359.24444	-361.6509	-363.08992	-2.4064605	1.4390262
6	895	-248.03229	-248.31312	-250.81784	-0.28082917	2.5047284
6	896	-266.20417	-265.36674	-267.12981	0.83742648	1.763063
6	897	-383.71179	-385.04003	-386.8356	-1.328232	1.7955695
6	898	-316.2635	-318.49996	-318.48236	-2.2364688	-0.017600819
6	899	-265.53285	-267.75815	-270.99445	-2.225293	3.2363049
6	900	-314.53181	-316.34018	-318.44543	-1.8083764	2.1052434
6	901	-276.4113	-278.37982	-280.37533	-1.9685269	1.9955098
6	902	-287.95675	-289.34481	-292.26624	-1.3880562	2.9214365
6	903	-513.42694	-516.05238	-516.23428	-2.625432	0.18190313
6	904	-293.21548	-294.82449	-295.08321	-1.6090035	0.25872278
6	905	-432.65354	-433.52478	-435.51063	-0.8712361	1.9858478
6	906	-346.1645	-348.37648	-348.6199	-2.2119784	0.24341799
6	907	-358.43724	-357.16475	-359.23654	1.2724955	2.0717917
6	908	-408.10133	-408.35651	-408.47361	-0.25518845	0.11709765
6	909	-361.89278	-362.09734	-363.60927	-0.20455497	1.5119328
6	910	-313.17522	-314.79787	-313.87849	-1.6226471	-0.91937895
6	911	-274.80139	-276.46185	-278.47209	-1.6604582	2.0102458
6	912	-451.72338	-450.8912	-451.78802	0.83217918	0.89681954
6	913	-280.4554	-281.97161	-284.84308	-1.5162097	2.8714634
6	914	-267.39979	-268.51268	-271.5097	-1.1128927	2.9970192
6	915	-449.10742	-449.28223	-449.38559	-0.17480203	0.10336256
6	916	-338.40131	-338.88446	-338.31634	-0.48315107	-0.56811804
6	917	-462.28612	-463.31152	-464.28266	-1.0254048	0.97113407
6	918	-322.41855	-324.47924	-324.86146	-2.0606849	0.38222706
6	919	-334.94032	-335.70801	-336.62601	-0.76769341	0.91799844
6	920	-385.48702	-386.59511	-387.8544	-1.1080911	1.2592939
6	921	-284.97436	-287.54754	-288.36867	-2.5731776	0.82113485
6	922	-342.95103	-343.83125	-345.71851	-0.88022464	1.887255
6	923	-349.57776	-351.02319	-351.688	-1.4454302	0.66481294
6	924	-300.42321	-302.29737	-302.34123	-1.874156	0.043862839
6	925	-310.00445	-313.97623	-316.11135	-3.9717761	2.1351179
6	926	-330.5935	-332.50912	-333.28465	-1.9156122	0.77553473
6	927	-366.93079	-367.98754	-369.45854	-1.0567457	1.4710058
6	928	-304.63089	-306.53395	-307.49384	-1.9030556	0.95989922
6	929	-292.13539	-293.12582	-294.55767	-0.99042621	1.4318492
6	930	-367.93539	-368.83261	-367.81479	-0.89722026	-1.0178114
6	931	-432.99839	-435.23944	-435.60588	-2.2410466	0.36643878
6	932	-366.43639	-367.96058	-368.87083	-1.5241854	0.91025575
6	933	-348.4818	-348.80504	-346.53486	-0.32323956	-2.2701723
6	934	-383.73658	-382.68616	-386.38592	1.0504247	3.6997583
6	935	-449.69437	-445.93679	-449.59348	3.7575796	3.6566884
6	936	-353.31578	-353.99194	-355.36241	-0.67616077	1.3704663
6	937	-361.60973	-363.00276	-364.31386	-1.3930323	1.3110958
6	938	-480.5702	-480.43529	-477.18206	0.13491199	-3.2532223
6	939	-455.32922	-455.22825	-453.5675	0.10097163	-1.6607424
6	940	-345.0545	-347.76568	-348.75349	-2.7111731	0.98781305
6	941	-349.00157	-350.08957	-352.33936	-1.0880082	2.2497849
6	942	-485.03947	-485.01753	-484.70668	0.021939906	-0.31085595
6	943	-245.01955	-247.07893	-247.8078	-2.0593742	0.7288721
6	944	-296.24144	-298.75768	-299.60591	-2.5162347	0.84823186
6	945	-275.71936	-277.90759	-281.45866	-2.188225	3.5510749
6	946	-544.74673	-546.26402	-544.89865	-1.5172907	-1.365372
6	947	-366.23767	-366.9535	-370.06863	-0.71583772	3.1151258
6	948	-348.46976	-347.9369	-348.40468	0.53285402	0.46777546
6	949	-333.58864	-337.15176	-337.09183	-3.5631215	-0.059934833
6	950	-421.61473	-422.52919	-422.93914	-0.91445582	0.40995247
6	951	-429.28554	-431.90742	-431.79194	-2.6218881	-0.11548819
6	952	-254.65306	-254.55135	-256.54654	0.10170487	1.9951914
6	953	-316.22543	-317.94448	-319.02573	-1.7190517	1.0812439
6	954	-428.80039	-424.60821	-426.04101	4.1921786	1.4327913
6	955	-345.25894	-346.58754	-348.05976	-1.328607	1.4722156
6	956	-353.8653	-355.9627	-357.07262	-2.0973995	1.109916
6	957	-246.49359	-247.85366	-249.63846	-1.3600736	1.7847911
6	958	-380.70785	-382.37918	-383.47277	-1.6713347	1.0935915
6	959	-406.91759	-408.71281	-409.54339	-1.7952259	0.83057519
6	960	-366.27735	-365.22581	-368.58158	1.0515335	3.3557716
6	961	-385.36159	-388.16344	-386.37672	-2.8018556	-1.7867232
6	962	-347.26432	-350.23957	-350.31778	-2.9752492	0.078212063
6	963	-527.13473	-528.09999	-527.56076	-0.96525892	-0.53923764
6	964	-323.52111	-325.47014	-328.06521	-1.9490318	2.5950676
6	965	-477.03936	-477.9134	-475.68596	-0.87404498	-2.2274443
6	966	-245.09181	-242.08404	-246.20922	3.0077759	4.1251854
6	967	-293.34597	-293.44225	-297.09443	-0.096278485	3.6521847
6	968	-192.99435	-197.27284	-200.06117	-4.2784924	2.7883235
6	969	-364.20668	-365.90916	-367.67693	-1.7024775	1.7677709
6	970	-231.72706	-233.13704	-234.33404	-1.4099764	1.1970026
6	971	-387.91363	-392.52865	-390.84502	-4.6150202	-1.6836326
6	972	-479.67137	-480.30603	-480.40403	-0.63466085	0.097995861
6	973	-281.43205	-282.16742	-284.69623	-0.73536991	2.5288103
6	974	-276.6995	-280.22247	-279.4873	-3.5229745	-0.73517354
6	975	-321.47599	-322.21292	-323.83109	-0.73693168	1.618172
6	976	-291.17837	-293.17712	-294.66842	-1.99875	1.4912973
6	977	-272.36806	-273.93362	-274.59035	-1.5655599	0.65673571
6	978	-279.32107	-281.58645	-282.27064	-2.2653853	0.68418819
6	979	-509.00249	-511.4733	-508.96885	-2.4708143	-2.5044526
6	980	-276.42848	-279.30877	-279.94844	-2.8802893	0.63967006
6	981	-387.38849	-386.53156	-382.9351	0.85693438	-3.5964556
6	982	-402.58439	-403.05333	-404.55099	-0.46894057	1.4976622
6	983	-409.82442	-411.80328	-412.66438	-1.9788595	0.86110075
6	984	-404.71325	-402.37287	-403.6038	2.3403748	1.2309298
6	985	-271.00998	-273.61305	-274.39449	-2.6030679	0.78144283
6	986	-225.90274	-228.43885	-229.53473	-2.5361101	1.0958849
6	987	-358.48976	-356.79396	-359.44744	1.6957951	2.6534807
6	988	-369.94878	-370.61613	-372.72584	-0.66734935	2.1097122
6	989	-457.17505	-456.10635	-456.74183	1.0686988	0.63548057
6	990	-317.23485	-317.70159	-318.58936	-0.46673444	0.88777676
6	991	-282.75742	-281.63328	-284.49916	1.1241387	2.8658744
6	992	-325.25415	-328.88031	-329.4212	-3.6261514	0.540894
6	993	-213.32614	-216.5366	-219.02404	-3.2104588	2.4874422
6	994	-283.18109	-285.26946	-285.52325	-2.0883699	0.25379006
6	995	-611.67408	-614.04046	-614.34896	-2.3663727	0.30850445
6	996	-355.80303	-356.25655	-358.74702	-0.45352055	2.4904756
6	997	-419.47189	-419.64997	-419.8279	-0.17808648	0.17792337
6	998	-335.59345	-334.69735	-334.77744	0.89610155	0.080090114
6	999	-321.89864	-324.03943	-325.92294	-2.1407908	1.8835033
