No.	ID	loglik_Null	loglik_Acc	loglik_Full	logBF1	logBF2	loglik_Max_M0	loglik_Max_M1	loglik_Max_M2
6	0	-374.06625	-373.55098	-374.09901	0.51526728	0.54802809	-371.66477	-366.61325	-366.62084
6	1	-316.59618	-316.26112	-316.96817	0.33506103	0.70704614	-313.91194	-307.88197	-308.04097
6	2	-483.45422	-477.33037	-475.19502	6.1238487	-2.1353509	-470.04836	-464.95723	-458.52724
6	3	-464.69378	-462.00087	-461.25536	2.6929119	-0.74550792	-462.4732	-452.15429	-448.00111
6	4	-316.93103	-317.65321	-318.06657	-0.72217931	0.41335719	-314.37737	-313.54858	-313.4959
6	5	-542.66147	-530.96973	-531.70864	11.691745	0.73891016	-527.18179	-514.65538	-514.69403
6	6	-865.36022	-803.14979	-788.38321	62.210422	-14.76658	-849.04753	-783.2204	-770.87319
6	7	-330.73402	-328.54045	-328.55012	2.1935677	0.0096637062	-328.21351	-318.43805	-315.96068
6	8	-279.48714	-280.1351	-280.48111	-0.64796418	0.34601056	-275.435	-274.42397	-274.42047
6	9	-260.87852	-261.66669	-262.02454	-0.78816738	0.35785488	-257.85208	-258.2699	-256.16773
6	10	-317.1209	-317.05367	-317.34862	0.067227254	0.2949423	-314.43031	-311.456	-310.91663
6	11	-259.52639	-258.48852	-259.13223	1.037873	0.64370736	-256.20926	-249.52607	-249.5475
6	12	-261.027	-261.54456	-261.906	-0.51756345	0.36143656	-257.4207	-256.8151	-257.03923
6	13	-399.7783	-399.83278	-394.64738	-0.054479573	-5.1853946	-397.43851	-394.69551	-382.43582
6	14	-245.91153	-246.46501	-247.01576	-0.55348372	0.55074436	-242.86168	-240.88815	-240.90582
6	15	-408.09624	-407.87949	-406.79312	0.21675349	-1.086366	-405.72959	-402.39912	-397.37492
6	16	-294.90431	-295.52714	-295.87081	-0.62282998	0.34366619	-291.35492	-291.42542	-291.51283
6	17	-378.21617	-376.19621	-376.65652	2.0199639	0.46030848	-370.90863	-365.01739	-361.88055
6	18	-302.90591	-301.70045	-302.50105	1.2054548	0.80060075	-300.10105	-294.78294	-294.83091
6	19	-274.78994	-275.20061	-275.40556	-0.41067614	0.20495038	-270.47574	-267.57454	-262.144
6	20	-518.40414	-509.31081	-510.95833	9.0933274	1.6475203	-508.57024	-492.34168	-491.28344
6	21	-459.30214	-456.54298	-457.01311	2.7591653	0.47013764	-453.33216	-447.12497	-444.53949
6	22	-319.55669	-316.22651	-317.11182	3.3301844	0.88531128	-316.85754	-307.77106	-307.76257
6	23	-436.90168	-431.64966	-428.26517	5.2520197	-3.3844857	-434.6125	-421.52772	-412.51545
6	24	-461.14735	-455.13233	-455.95253	6.0150249	0.82019887	-457.6323	-446.20603	-446.40126
6	25	-439.87316	-434.87278	-435.18311	5.0003774	0.31032686	-435.73367	-423.21544	-419.33847
6	26	-306.95655	-306.77022	-306.87243	0.18632387	0.10221113	-304.21314	-301.40306	-297.9416
6	27	-435.89086	-431.60661	-426.88513	4.2842511	-4.7214824	-433.55495	-421.0789	-410.66246
6	28	-313.27446	-313.82528	-313.87289	-0.5508135	0.047607921	-310.47188	-309.54401	-305.40507
6	29	-425.79323	-421.92684	-422.62977	3.8663859	0.70292795	-417.99966	-409.80668	-409.80485
6	30	-193.11808	-193.50115	-193.7898	-0.38306964	0.28865034	-189.46044	-187.85809	-187.84739
6	31	-470.36142	-470.64498	-470.53285	-0.28356841	-0.1121349	-468.24149	-466.83549	-463.26876
6	32	-343.66599	-343.02369	-342.93217	0.64229825	-0.09151581	-338.09799	-334.40599	-330.45625
6	33	-433.29582	-431.97922	-418.91104	1.3166027	-13.068183	-418.37103	-414.65905	-404.26643
6	34	-267.86687	-265.41965	-266.08766	2.44722	0.66800641	-264.83314	-256.92702	-256.92791
6	35	-391.32085	-390.84431	-391.58667	0.47653768	0.74235651	-388.78548	-383.23905	-382.20614
6	36	-409.0182	-408.66067	-408.44504	0.35752882	-0.21562606	-406.6252	-401.98755	-398.40453
6	37	-368.86213	-364.22227	-365.1574	4.6398591	0.93512667	-362.53943	-352.99634	-352.98169
6	38	-600.11738	-591.42989	-579.20026	8.6874934	-12.229628	-583.98862	-572.65032	-563.27283
6	39	-344.57209	-344.16809	-344.14506	0.40400136	-0.023022119	-340.04299	-335.789	-333.60446
6	40	-417.0865	-416.99821	-414.43699	0.088290323	-2.5612159	-414.65256	-410.37714	-401.97881
6	41	-257.02809	-257.51727	-257.88156	-0.48918154	0.36428522	-253.4774	-253.95082	-253.88605
6	42	-315.75645	-315.07212	-315.35073	0.68433529	0.27861696	-311.54957	-308.11055	-307.79575
6	43	-378.20939	-377.76091	-376.16759	0.44848724	-1.5933128	-375.79856	-370.92747	-365.61806
6	44	-433.80116	-430.79852	-431.78639	3.0026404	0.98786446	-429.68255	-422.68062	-422.70655
6	45	-537.52211	-522.47106	-520.68011	15.051053	-1.7909483	-525.37997	-509.7007	-505.31512
6	46	-359.47766	-359.16073	-359.73357	0.31692875	0.5728386	-352.5198	-348.97316	-348.17873
6	47	-229.4329	-228.69951	-229.04632	0.73339186	0.34681318	-225.83222	-219.57122	-219.59337
6	48	-300.03646	-297.75309	-298.70679	2.2833648	0.9537038	-294.28711	-289.58529	-289.43563
6	49	-317.3789	-308.00903	-309.30595	9.3698687	1.2969213	-314.63871	-295.3353	-293.70209
6	50	-269.54824	-270.29694	-270.61131	-0.74869184	0.31437328	-266.5635	-266.52661	-266.56028
6	51	-359.52625	-354.42968	-355.43242	5.0965652	1.0027387	-356.95754	-346.44092	-345.80877
6	52	-416.86907	-412.90861	-414.165	3.9604609	1.2563876	-414.52853	-403.4423	-402.8382
6	53	-458.89284	-459.32807	-457.33866	-0.43522424	-1.989411	-456.08442	-453.69525	-449.14455
6	54	-283.19683	-281.87148	-282.54096	1.3253537	0.66947951	-280.30688	-274.53336	-274.53276
6	55	-465.97437	-459.63606	-460.51579	6.3383011	0.87972966	-459.27513	-451.52991	-449.75856
6	56	-382.86064	-380.51943	-381.25531	2.341204	0.73588278	-380.47132	-372.58168	-370.98346
6	57	-498.96794	-501.65782	-497.16625	-2.6898769	-4.4915605	-485.82898	-482.16133	-477.72622
6	58	-612.27358	-611.18346	-611.35062	1.0901212	0.16715154	-598.27477	-590.62793	-590.15563
6	59	-457.77827	-452.06316	-451.81898	5.7151147	-0.2441787	-455.53551	-441.52976	-435.90882
6	60	-620.72455	-618.7273	-617.3536	1.9972513	-1.3737005	-608.97443	-604.68414	-596.27027
6	61	-422.57781	-421.68738	-422.50615	0.89042348	0.81876211	-420.0145	-414.34364	-414.33831
6	62	-371.46245	-370.238	-370.65044	1.2244471	0.41244018	-369.06451	-361.97399	-357.11655
6	63	-334.32667	-334.63247	-334.71286	-0.30580176	0.08038857	-331.00489	-328.96371	-323.66271
6	64	-358.70019	-356.46667	-357.47569	2.2335227	1.0090262	-356.17669	-346.6348	-346.43648
6	65	-452.37989	-445.95674	-447.12067	6.4231476	1.1639301	-444.18326	-435.24989	-435.13475
6	66	-321.51199	-322.02459	-322.43971	-0.51259215	0.41512624	-317.60566	-315.17041	-316.04275
6	67	-465.94454	-458.52441	-459.13994	7.420134	0.61553591	-458.60274	-448.81298	-443.04589
6	68	-345.0177	-344.82383	-345.32534	0.19387008	0.50151703	-337.32638	-333.58672	-333.59126
6	69	-330.36006	-330.2037	-330.92366	0.15636072	0.71996494	-327.71729	-322.46874	-322.49757
6	70	-233.0007	-233.81261	-234.4795	-0.81191007	0.66688758	-229.97717	-228.79559	-228.80094
6	71	-285.97142	-282.44953	-283.26148	3.5218934	0.81195725	-283.09963	-276.2181	-276.22891
6	72	-582.74012	-558.00372	-555.9039	24.736402	-2.0998232	-567.58998	-543.49152	-538.76668
6	73	-314.77652	-313.26521	-313.86593	1.5113112	0.60071995	-312.02332	-303.60069	-303.08444
6	74	-376.01603	-372.03205	-372.71949	3.9839836	0.68744519	-373.49473	-363.71891	-363.06671
6	75	-411.60498	-406.32782	-404.73349	5.2771537	-1.594337	-406.83758	-401.00669	-395.64019
6	76	-399.003	-399.54763	-398.55975	-0.54463126	-0.98788642	-396.63105	-395.22721	-387.83901
6	77	-417.69953	-417.82366	-415.15885	-0.12412706	-2.6648025	-410.34316	-406.86198	-398.1909
6	78	-371.0279	-369.85616	-370.50618	1.1717404	0.6500162	-365.15072	-358.80495	-358.83548
6	79	-340.95946	-340.36126	-340.22491	0.5982029	-0.13634461	-338.34605	-332.49986	-324.94531
6	80	-522.36759	-515.3349	-516.02662	7.0326903	0.69171694	-512.30981	-503.06355	-502.92598
6	81	-342.07052	-341.5056	-342.21552	0.56492062	0.70991343	-339.42971	-334.73053	-331.27442
6	82	-467.42254	-467.34725	-466.69934	0.075289	-0.64791546	-459.32101	-456.79311	-452.90779
6	83	-271.10188	-271.46176	-271.96305	-0.35988085	0.50128812	-268.18972	-266.17058	-266.17095
6	84	-246.33825	-246.27642	-246.80366	0.061827064	0.52723453	-242.98287	-239.25641	-239.28382
6	85	-363.20875	-363.25403	-359.89244	-0.045279178	-3.3615879	-360.24109	-357.33142	-349.22049
6	86	-303.36108	-304.04439	-304.13209	-0.6833108	0.087700753	-300.67034	-301.088	-297.14041
6	87	-538.62224	-530.04744	-530.02378	8.5748075	-0.023657179	-527.67844	-513.74129	-510.31585
6	88	-337.00015	-331.97459	-332.91822	5.0255611	0.94362867	-334.39291	-320.44918	-318.28974
6	89	-393.75251	-393.71239	-393.98854	0.040121063	0.27614741	-388.40645	-388.32698	-382.32817
6	90	-452.27985	-442.16042	-443.21488	10.119437	1.0544644	-444.56875	-433.45441	-433.57907
6	91	-388.45256	-387.04061	-387.80989	1.411951	0.76928615	-382.3089	-374.42541	-374.54505
6	92	-466.7851	-460.59719	-461.44817	6.1879125	0.85097771	-457.45835	-450.96094	-450.29076
6	93	-852.01398	-785.81895	-787.34302	66.195032	1.5240699	-836.07229	-769.51638	-767.61938
6	94	-340.1215	-331.55479	-333.23423	8.5667085	1.6794396	-332.87753	-316.83097	-316.84241
6	95	-458.66176	-459.01472	-458.71065	-0.35295661	-0.304072	-456.37525	-451.17293	-448.23749
6	96	-377.81608	-377.23482	-377.8051	0.58125944	0.57027955	-370.87885	-365.6056	-363.4737
6	97	-314.39042	-314.6311	-314.77548	-0.2406801	0.14437419	-311.7955	-308.75751	-306.80091
6	98	-307.0289	-307.4784	-307.94685	-0.44949873	0.4684467	-304.38213	-302.54668	-302.65018
6	99	-439.94122	-436.74908	-432.58317	3.1921376	-4.1659194	-424.88898	-417.93999	-414.96799
6	100	-316.62694	-313.15634	-314.12672	3.4705934	0.97037305	-313.98802	-304.93199	-304.29435
6	101	-330.17231	-326.10368	-325.82259	4.068628	-0.28109213	-327.53267	-318.96656	-314.69329
6	102	-353.53349	-350.49525	-351.49051	3.0382372	0.9952561	-350.96778	-343.29214	-343.27821
6	103	-255.19508	-254.49399	-255.12039	0.70108867	0.62640059	-249.51556	-243.12828	-243.10261
6	104	-353.5281	-354.02697	-352.92379	-0.49887113	-1.1031796	-350.33497	-349.01169	-342.07648
6	105	-402.45646	-402.75426	-399.11073	-0.29779671	-3.6435325	-396.55107	-396.97888	-384.99264
6	106	-313.80265	-314.08448	-314.56409	-0.28183243	0.47961127	-311.06228	-309.04914	-307.40312
6	107	-357.55944	-355.91252	-356.81619	1.6469204	0.9036753	-355.08487	-347.3376	-347.4983
6	108	-300.78738	-301.0243	-301.56229	-0.23692305	0.53798678	-297.96822	-296.41332	-296.55233
6	109	-398.3166	-396.99252	-397.82911	1.3240766	0.83659408	-391.10754	-386.57578	-382.21744
6	110	-408.60229	-409.25789	-404.79508	-0.65560832	-4.4628147	-406.30196	-406.72102	-393.38839
6	111	-358.56144	-358.46925	-358.81671	0.092192164	0.34746468	-356.09389	-351.13902	-349.3798
6	112	-332.57108	-331.85755	-331.79798	0.71352837	-0.059573695	-329.92514	-326.57615	-324.2923
6	113	-404.98569	-403.15935	-404.07498	1.8263444	0.9156344	-398.11876	-391.48366	-391.76043
6	114	-244.64288	-245.45464	-245.54943	-0.81176043	0.094795062	-241.50635	-241.54587	-240.15063
6	115	-410.3996	-401.78893	-403.53666	8.6106756	1.7477355	-398.27911	-384.53853	-384.53873
6	116	-455.12286	-454.05092	-453.62266	1.0719407	-0.42826443	-452.97164	-446.6668	-443.21283
6	117	-249.50597	-249.7442	-250.0225	-0.23822832	0.27830704	-246.4017	-244.4423	-243.84302
6	118	-297.48979	-297.75381	-297.77651	-0.26401554	0.022704723	-294.85802	-291.04552	-289.04936
6	119	-257.28865	-257.459	-257.9487	-0.17034827	0.48970464	-254.01278	-250.55727	-250.55459
6	120	-473.18217	-465.82624	-466.90092	7.3559242	1.0746792	-465.31896	-453.87305	-454.53483
6	121	-249.25441	-250.09186	-250.345	-0.83744332	0.25314447	-246.32398	-246.74528	-246.74282
6	122	-303.88469	-304.49848	-304.88825	-0.61379418	0.389765	-301.14345	-299.90789	-300.25732
6	123	-271.05798	-268.0107	-268.7252	3.047274	0.71449922	-268.12873	-259.80825	-259.80648
6	124	-365.89179	-365.8702	-364.02743	0.021594964	-1.8427651	-362.73113	-359.39201	-350.61305
6	125	-278.58485	-278.86106	-279.57081	-0.27620799	0.70974242	-270.85735	-269.13847	-269.43593
6	126	-364.8846	-362.36894	-361.61254	2.51566	-0.75639607	-355.25186	-350.66684	-345.72822
6	127	-415.61676	-413.47005	-414.43023	2.1467068	0.96018102	-409.43359	-402.25967	-402.11883
6	128	-360.00548	-359.457	-359.34695	0.54847611	-0.11004563	-357.50073	-351.70917	-348.9387
6	129	-391.52461	-390.47327	-391.34507	1.0513399	0.87179508	-389.1531	-382.23567	-382.26387
6	130	-440.3091	-440.54515	-431.63542	-0.23605178	-8.9097344	-423.57733	-421.23064	-415.91375
6	131	-638.72504	-619.21509	-614.20552	19.509942	-5.0095701	-624.73831	-597.3373	-597.77748
6	132	-224.64724	-223.71527	-224.70948	0.93196969	0.99421386	-221.41602	-214.76047	-214.77079
6	133	-366.87108	-365.94196	-365.43902	0.92911958	-0.50293569	-363.48599	-359.03747	-355.20354
6	134	-185.62952	-186.1027	-186.82945	-0.47317159	0.72675026	-181.7625	-182.18156	-182.18059
6	135	-350.49963	-349.8627	-350.39429	0.63692978	0.53158714	-347.33915	-341.5935	-341.51355
6	136	-407.81134	-407.37018	-407.96729	0.441168	0.59711585	-399.79521	-397.6999	-397.75962
6	137	-418.70077	-414.14338	-404.85366	4.5573836	-9.2897174	-412.01441	-401.62716	-387.23239
6	138	-303.54831	-303.88821	-304.04195	-0.33990438	0.15373133	-300.82345	-297.99944	-296.13661
6	139	-378.3202	-370.36064	-371.8192	7.9595672	1.4585587	-371.1198	-357.96353	-356.00631
6	140	-432.23579	-431.20171	-432.85545	1.0340797	1.6537433	-430.00845	-424.04171	-420.10216
6	141	-338.01686	-335.05733	-335.30323	2.9595312	0.2458975	-335.33546	-328.24062	-325.43307
6	142	-485.41129	-474.74188	-476.5738	10.66941	1.8319172	-478.79278	-463.47516	-463.4846
6	143	-301.06381	-301.64741	-302.00733	-0.58359881	0.3599209	-298.46482	-296.18446	-296.18762
6	144	-218.33775	-219.12927	-219.36669	-0.79152329	0.23741821	-215.10327	-215.52076	-215.52269
6	145	-340.22039	-330.70949	-331.89094	9.5108985	1.1814573	-337.51007	-320.11299	-320.16065
6	146	-283.74379	-284.51929	-284.42742	-0.77549719	-0.091868226	-281.02957	-280.15745	-274.31317
6	147	-351.61546	-349.6651	-350.74529	1.9503628	1.0801906	-348.73779	-339.21724	-339.20343
6	148	-273.26701	-273.25877	-273.77737	0.0082395285	0.51860065	-270.44432	-265.67011	-265.67876
6	149	-472.39032	-470.1348	-465.38817	2.25552	-4.7466291	-468.73141	-455.39769	-444.94401
6	150	-416.46193	-408.1146	-409.40807	8.3473311	1.2934698	-414.04234	-396.18199	-394.71696
6	151	-249.34466	-249.49875	-250.34629	-0.15409057	0.84754707	-246.3972	-243.23981	-243.2003
6	152	-369.33457	-363.06302	-363.81594	6.2715505	0.75291769	-364.775	-355.45649	-354.20354
6	153	-219.05505	-218.17992	-218.30926	0.87513282	0.12933921	-214.25557	-211.91521	-211.91265
6	154	-439.50687	-439.32966	-439.81032	0.17721173	0.48065666	-433.77398	-428.72574	-421.15393
6	155	-267.01369	-267.65317	-268.20987	-0.63947811	0.55670274	-264.1501	-262.56964	-262.89937
6	156	-376.67954	-376.28094	-374.04739	0.39860028	-2.2335507	-374.07455	-368.85317	-359.28545
6	157	-503.74358	-499.42892	-500.11106	4.314657	0.68213898	-494.00011	-486.06718	-482.62048
6	158	-230.97217	-231.70625	-231.50559	-0.73408335	-0.20066442	-227.7757	-226.42488	-223.76798
6	159	-568.68035	-561.84507	-563.40002	6.8352781	1.5549482	-555.64117	-548.17233	-545.45923
6	160	-281.40834	-281.16213	-281.78432	0.24620751	0.62218894	-278.50887	-272.77711	-272.94707
6	161	-285.89354	-285.38103	-285.96517	0.51251042	0.58413813	-280.51535	-277.19793	-277.29076
6	162	-406.59931	-405.08249	-401.59953	1.5168195	-3.4829641	-400.34068	-390.64252	-388.09673
6	163	-330.97404	-329.54974	-330.18375	1.4242978	0.63400957	-328.30718	-321.87885	-320.24523
6	164	-603.06323	-600.04779	-594.81474	3.015446	-5.2330496	-588.90648	-581.47419	-576.06058
6	165	-412.75371	-409.36777	-410.63778	3.3859423	1.270009	-409.73866	-399.08078	-399.00315
6	166	-469.36459	-469.85805	-469.32252	-0.49346434	-0.53552899	-467.17338	-466.54566	-456.34975
6	167	-234.47448	-233.62131	-234.1733	0.85316267	0.55198993	-231.11231	-225.16052	-225.20853
6	168	-410.79083	-401.62772	-401.79438	9.163114	0.16665507	-403.99936	-393.21469	-389.97568
6	169	-300.77183	-297.85263	-298.95245	2.9192059	1.0998203	-297.95968	-288.26554	-288.33865
6	170	-478.31977	-474.96257	-474.81559	3.3571995	-0.14698301	-466.71245	-461.09684	-453.49415
6	171	-363.07131	-363.65159	-363.67755	-0.58027992	0.0259655	-360.64648	-359.10743	-356.3488
6	172	-291.08621	-289.2129	-290.05461	1.8733074	0.84171409	-288.1297	-280.29291	-279.33636
6	173	-299.93837	-300.51622	-301.04421	-0.57785423	0.52798607	-297.2411	-295.98399	-295.1582
6	174	-487.28105	-482.90385	-483.52872	4.3771982	0.62486653	-481.13013	-470.41732	-469.49365
6	175	-400.67856	-389.16831	-390.99353	11.510251	1.8252202	-385.84935	-373.45604	-373.44916
6	176	-555.33397	-548.90252	-546.81847	6.4314451	-2.0840533	-541.15629	-535.73066	-533.52341
6	177	-265.41487	-265.7331	-266.60923	-0.31822408	0.87613365	-262.06734	-260.30016	-260.3648
6	178	-229.20517	-230.25339	-230.0828	-1.0482243	-0.17059595	-223.83576	-222.25151	-222.25201
6	179	-357.30995	-356.45861	-353.72727	0.85134277	-2.7313393	-347.71274	-345.53337	-341.8452
6	180	-411.32192	-409.07916	-410.14869	2.2427583	1.0695337	-403.8295	-400.21086	-400.3215
6	181	-267.19048	-266.84636	-267.43613	0.34411728	0.58977258	-263.73796	-259.92449	-260.50482
6	182	-399.43916	-399.73583	-398.05652	-0.296672	-1.6793054	-395.9368	-394.65031	-387.93113
6	183	-570.17239	-562.08038	-561.52867	8.0920144	-0.55170512	-556.36826	-550.32286	-542.22679
6	184	-392.65827	-390.71206	-391.74202	1.9462072	1.029955	-390.29404	-381.99069	-382.0692
6	185	-444.15337	-442.97694	-443.50637	1.1764258	0.52942892	-441.0326	-434.5814	-432.00516
6	186	-269.66305	-260.27272	-261.66739	9.3903327	1.3946711	-264.93229	-250.88639	-250.89998
6	187	-358.70697	-358.15427	-358.58896	0.55270274	0.43469287	-356.18723	-351.71699	-351.3489
6	188	-534.95549	-528.08378	-527.69559	6.8717131	-0.38819597	-524.83307	-517.26228	-516.88079
6	189	-383.6171	-384.03711	-379.75782	-0.4200055	-4.2792884	-376.30831	-373.12205	-369.8344
6	190	-440.8635	-439.66477	-440.27142	1.1987271	0.60664258	-435.03044	-428.91976	-429.09946
6	191	-267.29699	-266.71095	-267.15064	0.58603878	0.43968428	-264.29707	-260.42301	-260.29527
6	192	-282.29197	-281.74549	-282.42727	0.54648243	0.68178206	-279.55279	-274.60108	-274.64627
6	193	-300.39245	-300.79935	-299.18125	-0.40690078	-1.6180937	-297.5833	-294.02815	-287.87208
6	194	-355.51832	-352.36305	-353.751	3.1552667	1.3879527	-347.58859	-343.44942	-341.86457
6	195	-291.07532	-291.33593	-291.76171	-0.26060676	0.42577957	-288.31301	-286.49788	-286.48256
6	196	-446.77283	-447.53204	-447.58723	-0.75921622	0.05518776	-439.0616	-438.466	-435.18711
6	197	-486.50735	-478.30504	-478.92597	8.2023099	0.62092864	-479.24946	-470.36533	-466.47091
6	198	-309.87895	-306.11309	-307.72726	3.765856	1.6141607	-306.96709	-295.88016	-295.87842
6	199	-371.97094	-371.72074	-371.00977	0.25020304	-0.71097292	-369.52386	-365.76726	-360.51421
6	200	-294.78033	-295.41136	-295.78295	-0.63103007	0.37159057	-292.12124	-290.0148	-290.07185
6	201	-267.73609	-268.27463	-268.41963	-0.5385473	0.14499301	-264.89816	-262.7853	-260.48249
6	202	-311.1533	-303.14438	-304.6463	8.0089281	1.5019214	-307.14186	-291.94052	-291.93953
6	203	-332.99571	-330.88672	-331.3847	2.1089933	0.49797704	-330.31085	-323.4939	-321.87147
6	204	-253.74256	-254.53533	-254.53482	-0.79276979	-0.00050742453	-250.84665	-249.44538	-247.28727
6	205	-356.22418	-351.42876	-352.59213	4.795423	1.1633742	-353.67259	-342.1233	-342.11152
6	206	-390.86645	-379.32732	-376.89189	11.539125	-2.4354382	-378.03243	-368.37299	-364.16988
6	207	-354.64256	-348.31293	-348.63938	6.3296351	0.32645106	-349.42933	-339.76754	-336.97318
6	208	-315.47739	-311.35672	-312.01436	4.1206747	0.65763961	-311.76073	-299.87001	-299.93739
6	209	-362.27517	-362.66032	-362.79508	-0.38514915	0.1347626	-357.84616	-355.23277	-353.28274
6	210	-314.5509	-312.51683	-313.5635	2.0340735	1.0466659	-310.3943	-303.24772	-303.28236
6	211	-549.95303	-544.11446	-543.50759	5.8385742	-0.60686817	-536.51963	-529.52571	-528.81607
6	212	-344.17946	-337.44842	-338.42049	6.7310418	0.97207325	-334.9496	-329.9585	-329.96829
6	213	-327.80163	-328.2386	-312.73512	-0.43697279	-15.503478	-319.77943	-318.94096	-300.79804
6	214	-392.82429	-392.59582	-390.06575	0.22847111	-2.5300731	-390.41339	-385.40141	-375.58816
6	215	-500.50948	-501.62342	-494.46862	-1.1139376	-7.1548016	-485.83767	-480.5094	-477.05305
6	216	-491.72089	-482.98471	-484.54739	8.7361871	1.5626842	-478.22888	-471.30659	-467.32642
6	217	-292.55193	-289.5401	-290.72602	3.0118311	1.185923	-289.8332	-279.64215	-279.6436
6	218	-263.48011	-261.84224	-262.65278	1.6378663	0.81053551	-260.26192	-255.35645	-255.3143
6	219	-370.86314	-370.70918	-369.72835	0.15396518	-0.98083058	-368.39403	-364.68302	-358.81832
6	220	-448.15462	-447.23939	-449.33896	0.91522838	2.0995632	-444.83599	-439.357	-434.64713
6	221	-538.54506	-537.68213	-537.66384	0.86293847	-0.01828975	-525.38937	-523.64566	-523.42456
6	222	-157.88616	-158.73991	-159.21659	-0.85375479	0.47667125	-154.37247	-154.79013	-154.79153
6	223	-306.79206	-304.03	-304.9537	2.762058	0.92370105	-304.04987	-294.4901	-293.3847
6	224	-305.5987	-304.83713	-305.34537	0.76156335	0.50823485	-298.89304	-291.93349	-290.66839
6	225	-391.26427	-389.48375	-390.57758	1.7805266	1.0938345	-388.06314	-378.74826	-377.85129
6	226	-447.78208	-438.2622	-438.84032	9.5198788	0.5781226	-440.47198	-426.87579	-423.88716
6	227	-335.47489	-335.82848	-336.17008	-0.35358566	0.34159735	-330.47486	-328.4906	-328.26
6	228	-273.30516	-271.53261	-271.75026	1.7725508	0.21765318	-270.22478	-264.75383	-263.17129
6	229	-422.17103	-421.97655	-421.62532	0.19447837	-0.35123448	-418.64155	-414.96138	-410.3718
6	230	-274.898	-275.60173	-275.94613	-0.70372582	0.34439959	-272.04594	-272.46414	-272.44051
6	231	-237.38169	-237.43422	-237.75539	-0.052532923	0.32117227	-233.97875	-230.92939	-230.97487
6	232	-445.32922	-444.19975	-438.83153	1.129471	-5.3682163	-433.83614	-431.03785	-421.96997
6	233	-334.0736	-334.49043	-333.13847	-0.4168347	-1.3519641	-328.13539	-325.21128	-318.7625
6	234	-221.14137	-221.75863	-222.0542	-0.61725917	0.29557676	-217.97594	-217.85276	-217.87667
6	235	-480.43646	-478.96332	-478.36321	1.4731411	-0.60010804	-476.12538	-470.8015	-463.82682
6	236	-321.42619	-312.91627	-313.91858	8.5099123	1.0023068	-311.93853	-305.73491	-305.80277
6	237	-428.83566	-427.69287	-428.98203	1.1427979	1.2891665	-416.95445	-417.94102	-416.79324
6	238	-388.43205	-387.58742	-388.37439	0.84462518	0.78696956	-386.03157	-379.79031	-379.70899
6	239	-515.87717	-511.85536	-513.17298	4.0218144	1.3176185	-513.04708	-501.95857	-500.45492
6	240	-271.87934	-271.85341	-272.57047	0.025928049	0.71705443	-268.33053	-263.18683	-263.43994
6	241	-228.06658	-228.54439	-228.98376	-0.47780727	0.43936957	-224.83859	-222.61771	-222.62089
6	242	-292.56811	-292.20687	-292.9474	0.36123637	0.7405284	-289.82414	-286.52369	-286.52257
6	243	-565.13358	-553.71386	-550.98431	11.419718	-2.7295483	-548.908	-530.29989	-527.44456
6	244	-472.57194	-468.23848	-469.32562	4.3334604	1.0871399	-466.49625	-460.38418	-460.54749
6	245	-305.70746	-305.90685	-305.92299	-0.19939433	0.016141074	-302.88504	-300.10688	-297.31261
6	246	-404.13357	-402.89119	-401.6501	1.2423711	-1.2410904	-401.74796	-396.65956	-388.70402
6	247	-301.12905	-301.02985	-300.39208	0.099199323	-0.63777434	-294.55325	-291.5686	-286.06745
6	248	-468.03824	-458.87827	-449.7751	9.1599772	-9.1031694	-453.81399	-440.83133	-433.79082
6	249	-278.33857	-278.93832	-279.22026	-0.59974588	0.28194789	-274.09999	-274.52317	-274.28203
6	250	-346.92308	-347.28993	-343.81667	-0.36684247	-3.4732538	-344.39491	-342.1697	-332.37302
6	251	-339.10329	-338.46561	-339.04	0.6376875	0.57438955	-335.95285	-330.26828	-329.85703
6	252	-277.54027	-278.06374	-278.62413	-0.52347614	0.56038719	-274.67393	-273.7325	-273.61055
6	253	-337.62572	-335.78298	-336.73869	1.842743	0.95571331	-335.09276	-327.14279	-327.00536
6	254	-453.26801	-453.32594	-453.40037	-0.057925691	0.074436161	-447.7818	-443.9118	-439.76564
6	255	-465.31348	-464.23081	-464.46538	1.082671	0.23456773	-461.38434	-456.54804	-453.73885
6	256	-375.20675	-369.4999	-366.45565	5.7068504	-3.0442477	-370.83982	-359.17256	-351.56022
6	257	-434.25727	-434.35233	-435.85634	-0.095063985	1.5040074	-423.10396	-420.21845	-420.01805
6	258	-245.49686	-245.17729	-245.94465	0.31956918	0.7673593	-242.50097	-237.04783	-237.02517
6	259	-255.41776	-255.78531	-256.2388	-0.36755693	0.45348903	-252.44735	-249.03293	-249.05767
6	260	-289.87092	-290.36804	-289.83847	-0.49712644	-0.52956966	-287.0326	-286.28889	-280.18322
6	261	-323.1669	-322.29093	-323.28791	0.8759749	0.99698228	-320.48358	-313.80451	-313.80637
6	262	-233.6969	-234.31453	-234.54024	-0.61762995	0.22570506	-230.5389	-227.11503	-227.10176
6	263	-364.16359	-363.33155	-364.2703	0.8320354	0.93875147	-361.7235	-354.34096	-354.62156
6	264	-546.91365	-531.00759	-527.48209	15.906059	-3.5254955	-532.85445	-513.80808	-509.45543
6	265	-280.63984	-280.50984	-281.03166	0.12999358	0.52181776	-277.74913	-273.97521	-272.77874
6	266	-330.3552	-328.85473	-329.61475	1.5004647	0.76001364	-327.71265	-321.16264	-319.99234
6	267	-321.77473	-315.87397	-317.24249	5.900757	1.3685185	-309.35076	-302.98136	-302.93189
6	268	-380.66048	-380.23078	-379.69011	0.42969385	-0.54066775	-376.93288	-373.27814	-363.95116
6	269	-315.43518	-311.36423	-312.40055	4.0709491	1.0363209	-308.81957	-302.34636	-302.34617
6	270	-273.43963	-273.5016	-274.06315	-0.061972001	0.5615505	-270.49657	-267.26541	-266.65949
6	271	-444.74599	-442.83451	-443.1954	1.911473	0.36088335	-440.6659	-433.68175	-431.04293
6	272	-585.83158	-582.57442	-578.01481	3.2571639	-4.5596042	-571.56198	-562.36407	-560.64278
6	273	-381.53318	-378.95056	-374.43099	2.5826175	-4.5195723	-373.07763	-371.51835	-360.95593
6	274	-264.48946	-265.18067	-265.64742	-0.69120588	0.46675489	-259.29832	-259.72026	-259.7997
6	275	-395.61918	-391.63286	-392.30124	3.9863212	0.66838432	-387.57031	-379.38241	-379.37778
6	276	-366.79804	-366.09533	-366.79428	0.70270651	0.69895313	-364.27905	-358.6964	-355.82897
6	277	-370.20255	-366.31578	-366.91953	3.886766	0.60374683	-360.17131	-355.64982	-355.54691
6	278	-244.53326	-243.97664	-244.62352	0.55661571	0.64687924	-241.25781	-235.63457	-235.63565
6	279	-472.97804	-469.27416	-469.69842	3.7038781	0.42425782	-469.27284	-453.75214	-446.05852
6	280	-286.88193	-285.75221	-285.55364	1.1297197	-0.1985675	-282.95424	-279.68732	-274.63979
6	281	-279.02222	-277.84228	-278.69032	1.17994	0.84803532	-276.16163	-270.22791	-270.29436
6	282	-333.77223	-334.5444	-334.79092	-0.77217053	0.24652161	-330.98233	-331.4804	-330.70812
6	283	-266.10102	-266.76359	-267.09881	-0.66257711	0.33521772	-263.16152	-262.05562	-262.05249
6	284	-282.48678	-278.43388	-279.43078	4.0529033	0.99690145	-279.63528	-271.12918	-271.19281
6	285	-326.60388	-323.97462	-324.94682	2.6292607	0.97219474	-321.45079	-311.43607	-311.45344
6	286	-325.38579	-319.07306	-319.48975	6.3127304	0.41669855	-314.30053	-304.74438	-304.76143
6	287	-294.89871	-295.25218	-295.48265	-0.35346389	0.2304782	-292.19632	-289.84479	-285.38442
6	288	-440.93961	-437.20552	-433.87041	3.7340898	-3.3351086	-427.00869	-422.29052	-421.5203
6	289	-490.98405	-487.54569	-486.7295	3.4383573	-0.81618494	-485.703	-480.33962	-473.1263
6	290	-244.51291	-245.18975	-245.56849	-0.67683772	0.37874302	-241.39473	-240.2866	-240.28343
6	291	-287.32072	-286.26385	-286.64933	1.0568688	0.38548485	-284.18184	-279.91174	-278.74654
6	292	-322.15462	-322.089	-322.27931	0.065619537	0.19031104	-319.5724	-315.72602	-312.70803
6	293	-430.4041	-430.14849	-426.71514	0.25560378	-3.43335	-428.08451	-424.93357	-417.50052
6	294	-638.86655	-632.21688	-634.75411	6.6496669	2.5372237	-626.6848	-615.83054	-615.83098
6	295	-281.38015	-280.01681	-280.82007	1.3633318	0.80325457	-278.33247	-273.78443	-273.78225
6	296	-265.16063	-265.84818	-266.2674	-0.68754248	0.41922516	-262.20746	-262.46205	-262.47949
6	297	-454.29288	-452.86229	-451.07241	1.4305904	-1.7898723	-451.76787	-447.36534	-442.0729
6	298	-298.05975	-297.53141	-298.25435	0.52833562	0.72293503	-295.2827	-290.19031	-290.19821
6	299	-303.48196	-304.09845	-304.41755	-0.61649147	0.31909872	-300.78617	-300.96221	-300.40849
6	300	-296.00752	-294.97657	-295.62656	1.0309478	0.64998372	-293.27415	-289.10828	-289.40115
6	301	-430.44368	-416.9024	-418.07896	13.541279	1.1765657	-415.50553	-406.90912	-406.94074
6	302	-434.16964	-433.98419	-434.35105	0.1854559	0.36686223	-428.82615	-424.49147	-423.28358
6	303	-310.13066	-307.13619	-307.99828	2.9944681	0.86209548	-302.64247	-294.00637	-293.99252
6	304	-341.01658	-337.02321	-337.87048	3.9933698	0.84726603	-335.06933	-327.08283	-327.09535
6	305	-316.36171	-314.13788	-315.26214	2.2238265	1.1242567	-313.54297	-304.16603	-304.17637
6	306	-623.58662	-621.97079	-617.21224	1.6158356	-4.7585413	-609.66721	-603.63176	-596.94256
6	307	-402.16304	-400.83368	-401.26164	1.3293633	0.42796072	-397.8034	-391.84101	-389.83893
6	308	-284.45333	-280.74408	-282.38377	3.7092448	1.6396854	-280.08322	-271.65212	-271.71966
6	309	-266.45457	-266.89032	-267.59004	-0.43575456	0.69971565	-263.66941	-261.95162	-262.04651
6	310	-375.45941	-364.18942	-365.13965	11.269993	0.95022879	-368.04449	-355.862	-355.87591
6	311	-414.55286	-412.91774	-410.58672	1.6351193	-2.3310178	-411.21244	-402.08839	-395.47364
6	312	-421.16234	-416.90438	-417.78454	4.2579518	0.88015956	-411.86031	-401.53148	-399.15939
6	313	-271.17185	-271.78655	-272.08559	-0.6146996	0.29904131	-266.74818	-264.91921	-264.97398
6	314	-391.50198	-377.7567	-379.75776	13.745273	2.0010558	-376.33808	-365.81899	-365.82416
6	315	-448.90226	-444.67091	-446.38948	4.2313538	1.7185665	-438.74128	-435.81375	-434.17262
6	316	-311.06438	-310.80958	-311.27262	0.25480087	0.46304012	-308.26363	-303.37251	-297.49565
6	317	-270.07157	-268.7259	-269.83381	1.3456776	1.1079112	-267.04333	-260.86049	-261.1309
6	318	-399.09017	-399.81052	-400.2203	-0.7203585	0.40977892	-390.93087	-390.10463	-390.09485
6	319	-289.54115	-290.03655	-290.3239	-0.49539871	0.28735473	-286.841	-285.63984	-282.55289
6	320	-232.26909	-231.86856	-232.77585	0.40053199	0.90729353	-229.02979	-224.74627	-224.71026
6	321	-450.58279	-450.94722	-451.21209	-0.36442178	0.26487208	-441.7235	-441.69089	-435.43887
6	322	-420.69979	-420.9033	-421.28028	-0.20351463	0.37697862	-415.46492	-411.46487	-410.21842
6	323	-473.88986	-465.1384	-466.86755	8.7514627	1.7291567	-462.87043	-448.41606	-448.41701
6	324	-196.97974	-197.17101	-197.3447	-0.19126438	0.17369171	-193.55253	-189.7499	-189.74401
6	325	-417.46863	-416.35015	-415.1999	1.1184861	-1.1502458	-414.80307	-409.74785	-401.56765
6	326	-358.71499	-358.1434	-358.80111	0.57159645	0.65771632	-355.47628	-349.96656	-349.945
6	327	-405.8324	-403.86855	-403.7033	1.9638522	-0.16525288	-403.61509	-395.25505	-390.78561
6	328	-596.45654	-590.41277	-592.14978	6.0437662	1.7370031	-586.11292	-578.80276	-575.80783
6	329	-363.18816	-361.98532	-363.02597	1.2028347	1.0406453	-360.60163	-353.67957	-353.68131
6	330	-393.53556	-387.27967	-388.21619	6.2558941	0.93652052	-385.30977	-378.20732	-378.76737
6	331	-291.912	-292.3114	-292.7817	-0.39939925	0.4703052	-289.05829	-287.4415	-287.44779
6	332	-287.11658	-287.43659	-287.80706	-0.32000118	0.37047012	-284.36559	-282.3834	-280.99851
6	333	-340.47692	-336.60499	-337.78705	3.8719281	1.1820539	-337.81481	-327.5306	-327.5253
6	334	-269.2303	-269.30387	-269.17424	-0.073569644	-0.12962327	-266.25919	-263.8867	-259.65782
6	335	-346.95273	-346.68238	-347.3025	0.27035523	0.62012083	-344.46096	-339.60641	-339.82079
6	336	-272.4967	-272.13532	-272.70864	0.36138867	0.57332513	-269.58582	-263.79318	-263.79406
6	337	-250.02525	-250.59293	-250.77212	-0.56768398	0.17919341	-246.75599	-246.84667	-243.90368
6	338	-299.29468	-299.32893	-299.87621	-0.034250751	0.54728239	-296.54476	-291.69308	-291.67152
6	339	-454.90144	-451.43089	-446.9672	3.4705516	-4.4636965	-445.94621	-442.83505	-433.78326
6	340	-222.03282	-221.6503	-222.27052	0.38251666	0.62021263	-218.11018	-215.81682	-215.81251
6	341	-383.97881	-382.01105	-382.87495	1.9677615	0.86389698	-381.42405	-374.40445	-374.30479
6	342	-269.72681	-270.2489	-270.59152	-0.52209146	0.3426223	-266.72121	-265.3373	-265.34397
6	343	-440.86877	-435.95893	-436.77768	4.9098403	0.81874609	-430.975	-427.02747	-427.98901
6	344	-394.09063	-391.90907	-392.76144	2.1815537	0.85236768	-388.04429	-383.51206	-383.74118
6	345	-313.2722	-313.91779	-314.40066	-0.64558501	0.48287069	-310.52455	-309.5934	-309.63466
6	346	-202.92771	-202.10587	-202.9741	0.82183718	0.86823302	-198.391	-196.75152	-196.74847
6	347	-366.09556	-364.41812	-365.29143	1.6774401	0.87330583	-363.63404	-355.90195	-355.91454
6	348	-487.28994	-484.03601	-484.19713	3.253934	0.16112444	-475.82166	-473.60028	-471.21918
6	349	-445.93589	-444.5058	-442.87361	1.430086	-1.6321908	-436.88423	-435.90214	-433.20618
6	350	-429.66984	-429.10598	-429.44936	0.56385356	0.34337706	-427.34322	-421.54051	-421.33084
6	351	-359.7767	-358.76297	-359.47351	1.0137354	0.710545	-357.21857	-352.09727	-351.29538
6	352	-591.64659	-590.44113	-581.73545	1.2054591	-8.7056887	-577.65638	-572.91152	-563.23653
6	353	-304.54885	-304.1668	-300.4308	0.38204838	-3.7359999	-301.79461	-297.36385	-289.41271
6	354	-264.6883	-264.81467	-265.22662	-0.12637355	0.41195375	-261.59759	-257.91702	-257.92923
6	355	-343.85666	-335.42754	-336.74938	8.4291237	1.3218384	-329.85371	-324.68449	-324.69164
6	356	-467.31045	-458.38929	-459.79922	8.9211657	1.4099327	-458.16149	-445.61789	-445.48159
6	357	-288.74582	-288.29879	-288.86288	0.44702854	0.56408714	-284.72183	-280.98883	-279.66015
6	358	-392.7224	-392.009	-391.42999	0.71340477	-0.57901172	-390.22104	-383.84221	-378.38438
6	359	-395.18696	-395.6287	-395.44352	-0.44174155	-0.18518482	-392.75161	-391.85292	-388.48644
6	360	-280.35083	-280.33782	-281.10687	0.013002881	0.76905174	-277.58845	-273.72924	-273.74669
6	361	-331.81176	-329.06183	-330.14176	2.7499275	1.0799255	-327.20835	-321.4646	-321.47129
6	362	-417.27668	-417.41867	-413.97088	-0.1419918	-3.447791	-411.89	-411.99302	-403.97949
6	363	-635.20959	-631.07147	-630.5125	4.1381215	-0.55897308	-619.72474	-607.89571	-608.11506
6	364	-280.71155	-280.94429	-281.30731	-0.23273376	0.36302496	-277.85154	-274.70419	-274.77159
6	365	-338.17069	-338.73106	-338.38949	-0.56037437	-0.34156996	-335.64542	-334.4328	-329.84774
6	366	-386.88489	-385.72572	-385.972	1.15917	0.2462754	-377.98855	-375.00367	-369.7702
6	367	-293.70919	-294.08027	-294.39857	-0.37107914	0.31830632	-285.26094	-285.67949	-285.68506
6	368	-436.40233	-433.33517	-433.81143	3.0671549	0.4762619	-426.03352	-421.36386	-419.02369
6	369	-423.28912	-420.69128	-421.00537	2.5978392	0.31408774	-420.70203	-409.19836	-409.6863
6	370	-395.53344	-396.07959	-396.4056	-0.54615005	0.32601136	-393.08558	-392.44174	-391.04398
6	371	-399.35401	-392.41663	-393.49507	6.9373748	1.0784359	-390.31717	-380.60346	-380.40335
6	372	-440.01249	-433.88532	-434.79039	6.1271645	0.90506892	-435.40787	-423.12971	-423.11778
6	373	-276.75992	-275.67257	-276.33597	1.0873534	0.66339768	-272.99199	-269.21419	-269.21036
6	374	-255.24309	-255.51151	-256.07894	-0.268416	0.5674301	-251.93031	-250.12839	-249.32345
6	375	-339.99931	-339.06179	-336.85483	0.93752392	-2.2069599	-333.02305	-331.94427	-322.71441
6	376	-475.64016	-472.76611	-472.95057	2.8740522	0.18446479	-470.37333	-460.43754	-455.10404
6	377	-422.64111	-422.17568	-422.79298	0.46543438	0.61729722	-416.33669	-412.34863	-412.33921
6	378	-281.67861	-282.03145	-282.63536	-0.35283541	0.60391355	-276.64183	-274.95991	-274.97004
6	379	-364.72031	-362.16866	-360.74089	2.5516468	-1.4277725	-362.18939	-352.55159	-344.97356
6	380	-489.03286	-487.31311	-488.39068	1.7197557	1.0775764	-481.05965	-476.14629	-476.20733
6	381	-460.22002	-449.79307	-451.45722	10.426954	1.6641587	-450.75905	-438.90041	-439.09331
6	382	-254.83027	-254.53558	-255.14084	0.29469264	0.60525903	-251.55468	-248.22866	-248.3124
6	383	-378.8363	-379.25521	-379.62838	-0.41891006	0.37317662	-375.56979	-373.11867	-374.18187
6	384	-335.24544	-330.42532	-331.53141	4.8201233	1.1060898	-332.64209	-322.10865	-322.10935
6	385	-302.88429	-302.3494	-302.52854	0.53488875	0.17914739	-300.11578	-295.1275	-292.58538
6	386	-321.51589	-321.71322	-322.14272	-0.19732093	0.42950907	-318.92384	-316.62892	-315.29391
6	387	-310.87505	-309.33643	-310.14454	1.5386239	0.80811806	-308.13898	-301.3106	-301.30534
6	388	-394.03032	-390.43775	-391.11264	3.5925662	0.67488637	-387.72484	-377.47775	-374.82758
6	389	-315.56618	-315.39347	-315.54249	0.17270646	0.14901281	-312.87971	-310.03402	-307.07478
6	390	-316.5873	-313.83449	-315.0431	2.7528148	1.2086103	-313.866	-303.32456	-303.09971
6	391	-253.29336	-253.31249	-254.00197	-0.019124751	0.68948087	-250.38815	-246.68704	-246.74847
6	392	-371.26883	-366.97389	-368.08153	4.2949367	1.1076442	-368.7941	-356.96607	-356.9852
6	393	-330.15127	-331.02534	-331.31026	-0.87407857	0.28491197	-326.95281	-327.37214	-327.22917
6	394	-201.10563	-201.2778	-201.71983	-0.17217353	0.44203149	-197.68155	-195.10288	-195.10182
6	395	-318.82733	-319.37223	-319.7913	-0.5449079	0.41906457	-312.66528	-311.76904	-311.82281
6	396	-374.48183	-373.3431	-372.99646	1.1387323	-0.34664123	-372.08035	-366.49227	-363.1433
6	397	-275.68335	-274.25725	-275.05441	1.4261046	0.79716444	-272.93697	-265.11093	-264.92382
6	398	-393.38642	-393.55084	-390.03267	-0.16442084	-3.5181791	-385.89075	-382.48449	-375.04073
6	399	-314.00477	-314.60436	-314.98654	-0.59959511	0.38217602	-311.46398	-310.63368	-310.63464
6	400	-439.03127	-436.42328	-436.99798	2.6079854	0.57469472	-436.78618	-430.42773	-429.8167
6	401	-337.19457	-333.98729	-335.08524	3.2072801	1.0979495	-332.65778	-322.8792	-322.87959
6	402	-413.24121	-412.425	-412.5593	0.81621127	0.13429672	-406.56437	-402.24569	-400.34691
6	403	-364.1772	-364.53224	-364.9848	-0.35504591	0.45255835	-359.66412	-357.85477	-357.36336
6	404	-388.49426	-381.92461	-381.28101	6.5696492	-0.64360587	-377.74282	-374.01345	-368.33178
6	405	-364.33751	-364.88641	-365.31433	-0.5489014	0.42791833	-358.65632	-356.47795	-356.45687
6	406	-190.60687	-190.6687	-191.06733	-0.061830433	0.3986334	-186.57488	-185.82053	-185.81738
6	407	-569.22525	-543.66106	-545.64283	25.564188	1.9817692	-555.20795	-525.83489	-525.7707
6	408	-617.18679	-615.94346	-608.88385	1.2433278	-7.0596048	-601.2357	-593.98125	-585.75713
6	409	-350.37296	-346.49334	-347.09895	3.8796206	0.60560531	-347.7763	-338.82176	-338.32079
6	410	-340.60483	-338.66878	-339.4545	1.936046	0.78572109	-335.77187	-329.0016	-328.23363
6	411	-313.68151	-308.27747	-309.0118	5.4040405	0.73432969	-309.90455	-302.40015	-302.40448
6	412	-396.75482	-393.22181	-388.72189	3.5330046	-4.4999282	-391.4605	-381.06906	-372.16003
6	413	-411.7059	-404.27221	-402.32022	7.4336995	-1.9519859	-403.77493	-393.08864	-387.16029
6	414	-568.8822	-564.74924	-559.81412	4.132965	-4.9351168	-552.73195	-543.8665	-537.68717
6	415	-265.79635	-266.80819	-266.86529	-1.0118405	0.057102992	-258.22997	-256.76851	-256.76149
6	416	-391.25767	-386.86527	-386.93637	4.3924008	0.071095797	-385.49126	-377.35185	-367.45992
6	417	-362.06783	-356.6932	-358.16742	5.3746248	1.4742165	-359.44653	-347.41657	-347.41673
6	418	-290.52242	-290.93698	-291.39087	-0.41455499	0.45389264	-286.06296	-282.90204	-282.86719
6	419	-300.41721	-300.09909	-298.92907	0.31811876	-1.1700224	-297.76824	-293.17013	-282.96753
6	420	-422.21275	-421.34941	-422.04059	0.8633323	0.69117533	-419.94583	-412.65401	-407.7263
6	421	-353.96573	-352.61525	-353.46033	1.3504746	0.84507693	-351.45907	-344.08605	-344.11346
6	422	-408.3503	-398.69215	-399.76593	9.658143	1.0737782	-400.03014	-389.91039	-389.89191
6	423	-506.37543	-505.49763	-498.86988	0.87780312	-6.627755	-491.19476	-486.45364	-477.83279
6	424	-446.55876	-443.1038	-440.06348	3.4549655	-3.0403149	-441.67336	-430.21458	-420.39051
6	425	-442.82852	-433.01768	-432.82825	9.8108419	-0.18943074	-427.07672	-410.0796	-410.11087
6	426	-311.98935	-312.47836	-312.87016	-0.4890074	0.39180339	-309.36278	-307.38556	-307.37047
6	427	-295.86958	-296.73206	-296.90824	-0.86247889	0.17617312	-293.15054	-293.25316	-293.1983
6	428	-243.78312	-244.39266	-244.55925	-0.60954627	0.16659071	-240.67143	-238.76564	-238.8654
6	429	-350.89225	-350.25109	-350.81864	0.64116264	0.56755907	-348.04486	-342.45029	-341.07076
6	430	-308.39334	-308.83203	-307.86019	-0.43868837	-0.97184705	-304.68186	-304.66651	-299.70719
6	431	-381.66234	-381.68596	-382.10247	-0.023616366	0.4165138	-379.2433	-375.66476	-375.36919
6	432	-334.39029	-332.47068	-333.43484	1.91961	0.96415944	-331.91305	-323.84304	-323.84284
6	433	-311.05438	-311.26852	-311.51141	-0.21413845	0.24288717	-307.77625	-305.22348	-302.94578
6	434	-562.69077	-562.39361	-558.98621	0.29716141	-3.4073934	-550.25224	-550.60445	-546.64575
6	435	-253.44834	-253.56415	-253.82717	-0.11580836	0.26302076	-250.51076	-246.20059	-244.35636
6	436	-387.89478	-385.93674	-385.12527	1.958033	-0.81146979	-385.43103	-376.56144	-372.6968
6	437	-342.30182	-342.45253	-342.84298	-0.15070791	0.39044985	-339.68146	-336.23294	-334.93407
6	438	-392.46876	-392.26209	-392.80204	0.20667523	0.53994965	-387.63986	-387.71837	-385.61008
6	439	-322.83882	-322.33426	-322.79141	0.50456446	0.45714453	-320.17033	-315.9498	-313.26387
6	440	-453.69419	-451.69482	-446.42081	1.9993615	-5.2740148	-441.92958	-434.83577	-429.95803
6	441	-494.38017	-493.44118	-488.66	0.93898211	-4.7811875	-479.15451	-472.78208	-467.97827
6	442	-504.31255	-504.57553	-502.89873	-0.26298373	-1.6767978	-492.51049	-491.69293	-488.28314
6	443	-569.48259	-568.60934	-568.47666	0.873251	-0.13267801	-563.89936	-561.92966	-559.24598
6	444	-352.81734	-351.93891	-352.22205	0.87842875	0.28314663	-350.35218	-345.35099	-342.64137
6	445	-276.56754	-276.31969	-277.03886	0.24785063	0.71917175	-273.74209	-269.25318	-269.2097
6	446	-380.04537	-378.85152	-379.03367	1.1938489	0.18214504	-377.32167	-371.40038	-368.82729
6	447	-308.41803	-307.64053	-308.18122	0.77749622	0.54069281	-303.56324	-299.61246	-298.01673
6	448	-506.65474	-504.69673	-500.6019	1.9580109	-4.0948333	-498.89612	-493.92608	-487.94759
6	449	-373.13518	-372.20268	-371.50054	0.93250066	-0.70213524	-366.13839	-360.9115	-358.02756
6	450	-351.70312	-349.60506	-350.79382	2.0980609	1.1887628	-347.54871	-340.78574	-340.99118
6	451	-433.53599	-430.07163	-429.53851	3.4643617	-0.53311541	-428.93901	-422.69479	-418.27347
6	452	-326.66348	-327.04012	-327.31245	-0.37663794	0.27233091	-323.83734	-321.42706	-317.32346
6	453	-555.92992	-553.38012	-553.95204	2.5498002	0.5719193	-544.79288	-538.05907	-536.27799
6	454	-235.43613	-235.63017	-236.52117	-0.19404037	0.89099409	-232.10073	-230.74078	-230.73748
6	455	-429.3528	-428.80805	-425.58015	0.54474913	-3.227896	-425.90522	-418.66939	-407.62369
6	456	-236.08284	-236.29095	-236.60082	-0.20811611	0.3098657	-232.73082	-229.43689	-229.44635
6	457	-232.02282	-232.17402	-232.69143	-0.15119982	0.51741104	-228.95677	-226.56938	-226.57306
6	458	-330.82329	-330.21545	-330.69941	0.60783906	0.48395912	-326.88555	-321.22667	-319.63695
6	459	-368.96289	-368.54587	-368.75216	0.41702092	0.20629302	-366.4467	-363.44073	-361.2761
6	460	-230.37739	-227.84005	-228.74245	2.5373386	0.90239455	-227.12872	-220.10536	-220.11369
6	461	-374.9273	-374.99021	-375.65258	-0.062919217	0.66236503	-372.55852	-370.03807	-370.10724
6	462	-407.32182	-403.81339	-404.92228	3.5084372	1.108895	-404.49474	-394.8987	-394.82749
6	463	-427.8206	-422.22138	-423.1396	5.5992233	0.91822044	-418.76189	-414.22296	-413.77176
6	464	-438.97017	-430.7819	-431.65585	8.1882737	0.87395694	-436.66645	-422.58591	-420.18161
6	465	-305.20349	-304.24852	-304.87071	0.95497194	0.62219044	-302.11647	-297.00609	-297.04208
6	466	-538.22413	-531.77811	-526.49221	6.4460131	-5.2859018	-522.9302	-513.4193	-505.03049
6	467	-248.15282	-248.83177	-249.12271	-0.67894993	0.29094527	-245.20817	-243.11351	-243.16888
6	468	-321.00317	-320.05491	-319.7725	0.94825883	-0.28240603	-318.361	-313.10875	-307.90627
6	469	-219.21931	-219.09382	-219.7858	0.12549041	0.69197859	-215.72387	-210.83018	-210.87732
6	470	-311.15485	-310.68886	-311.44253	0.46598687	0.75367132	-306.90404	-302.11637	-300.64108
6	471	-271.05735	-270.02401	-270.83876	1.0333467	0.81475741	-268.00653	-262.01601	-262.34594
6	472	-255.1097	-252.7815	-253.9737	2.3282001	1.1921953	-252.02067	-244.96555	-244.97253
6	473	-477.37036	-463.53234	-465.23186	13.838017	1.6995191	-469.67283	-453.7121	-453.68177
6	474	-226.91178	-226.93461	-227.32031	-0.022829922	0.38570014	-223.3373	-220.06194	-220.06158
6	475	-306.53643	-306.79318	-307.39995	-0.2567492	0.60677851	-303.84461	-300.45376	-300.80463
6	476	-417.70562	-417.46159	-417.70932	0.24403123	0.24773375	-415.32351	-410.69792	-403.66166
6	477	-341.73236	-340.33734	-341.22315	1.3950244	0.88581129	-337.48053	-330.21503	-330.36763
6	478	-440.09519	-439.84247	-439.67756	0.25272215	-0.16491196	-435.7897	-431.12754	-427.03122
6	479	-386.14297	-382.50608	-384.39559	3.6368841	1.8895053	-376.86784	-369.26597	-366.88076
6	480	-329.49042	-329.75394	-330.21882	-0.26352768	0.46487559	-326.90378	-324.27531	-324.39098
6	481	-501.18694	-483.47198	-485.32306	17.714958	1.8510785	-488.00491	-468.88242	-468.65516
6	482	-473.45153	-472.74789	-473.06169	0.70364563	0.31380102	-468.88198	-461.08711	-459.63153
6	483	-296.31859	-295.77445	-296.11851	0.54414512	0.34405752	-293.56958	-288.86942	-287.19171
6	484	-388.48394	-388.51201	-389.08788	-0.028066456	0.5758717	-385.17986	-382.80733	-380.3161
6	485	-328.52772	-328.7395	-325.56414	-0.21177931	-3.1753557	-325.88576	-322.99515	-314.52866
6	486	-299.60225	-299.90748	-300.41194	-0.30522903	0.50445567	-296.79085	-294.1303	-293.94459
6	487	-238.93838	-238.30958	-238.84489	0.62880046	0.53530453	-235.88326	-231.13895	-231.1359
6	488	-441.3436	-439.75822	-439.94053	1.5853821	0.18230926	-439.07482	-430.89687	-427.29788
6	489	-377.71225	-375.31576	-376.24999	2.3964884	0.93423187	-370.34111	-369.32158	-365.85135
6	490	-295.19379	-293.1744	-294.57277	2.0193914	1.3983696	-287.93579	-284.23522	-284.26652
6	491	-493.16012	-491.40406	-489.51198	1.756068	-1.8920732	-483.00316	-476.57651	-475.04134
6	492	-336.32826	-335.19078	-336.02115	1.1374798	0.83037404	-333.70862	-326.32865	-326.36699
6	493	-499.1574	-491.20037	-492.98142	7.9570365	1.7810581	-483.86695	-471.57673	-471.56023
6	494	-290.89846	-291.26091	-291.27437	-0.36245199	0.013454984	-286.47837	-284.12448	-280.29719
6	495	-247.74081	-248.66363	-248.9355	-0.92281344	0.2718741	-244.57018	-244.98795	-244.98848
6	496	-417.47316	-414.95983	-416.02209	2.5133363	1.0622613	-415.14109	-405.70574	-405.49124
6	497	-427.39816	-424.83116	-425.85348	2.5669993	1.0223203	-425.18419	-415.48718	-414.52068
6	498	-666.13132	-660.78436	-658.05375	5.3469688	-2.7306008	-652.47456	-644.28801	-635.63005
6	499	-347.73873	-347.46968	-348.22864	0.26904516	0.75895229	-343.23221	-340.41875	-340.18013
6	500	-497.57872	-495.45495	-494.42706	2.1237733	-1.0278929	-495.04044	-486.20303	-477.18806
6	501	-503.34534	-488.20747	-487.33504	15.137867	-0.87243364	-486.40051	-472.81051	-467.48566
6	502	-363.87357	-364.10529	-362.12848	-0.23172394	-1.9768133	-361.04087	-360.10406	-350.07572
6	503	-363.40401	-364.07509	-364.1824	-0.67107905	0.10730973	-354.35701	-354.80851	-351.10243
6	504	-291.82271	-290.89992	-291.99619	0.92278752	1.096265	-287.92855	-280.22438	-280.37494
6	505	-436.26706	-433.37277	-433.13358	2.8942843	-0.23919762	-426.1804	-417.25491	-417.06837
6	506	-258.76471	-258.99742	-259.30189	-0.23270799	0.3044694	-255.75369	-253.58521	-251.88746
6	507	-373.98872	-374.72867	-374.27557	-0.73994887	-0.45309719	-371.60986	-371.98992	-366.74662
6	508	-313.25365	-311.5197	-311.89739	1.7339496	0.37769068	-310.48808	-303.56537	-298.0407
6	509	-530.0099	-518.81372	-519.13305	11.196186	0.31933514	-522.23768	-507.77756	-504.30624
6	510	-549.25464	-547.85319	-548.8012	1.4014517	0.94801628	-536.32947	-533.23452	-529.67867
6	511	-428.21174	-413.47196	-415.57467	14.739777	2.1027053	-421.1443	-400.70739	-400.69255
6	512	-562.72681	-556.85439	-554.17705	5.8724174	-2.6773385	-549.27856	-538.17296	-533.78864
6	513	-200.38939	-200.21011	-200.73456	0.17928226	0.52444817	-196.99438	-193.40428	-193.40573
6	514	-452.96588	-452.30568	-453.36887	0.6602013	1.0631945	-448.55418	-444.93939	-441.8144
6	515	-300.7725	-301.10375	-301.60409	-0.33124499	0.5003425	-298.00289	-294.90478	-294.58034
6	516	-266.82855	-264.54652	-265.5055	2.2820287	0.95898044	-263.61288	-254.8407	-254.84984
6	517	-269.40131	-262.7457	-263.83306	6.6556183	1.0873631	-260.78073	-252.16177	-251.16895
6	518	-541.44774	-534.35835	-522.21258	7.0893901	-12.145775	-523.87887	-515.01341	-506.18977
6	519	-399.59596	-395.28066	-396.51948	4.3153058	1.2388229	-392.80351	-386.65747	-386.68434
6	520	-413.69989	-413.18604	-413.20962	0.51385106	0.023581912	-411.39623	-407.84997	-404.04635
6	521	-302.19918	-298.54786	-299.419	3.6513236	0.87114155	-299.52252	-290.06173	-290.05884
6	522	-331.05371	-324.64396	-324.43542	6.409755	-0.20853465	-319.66537	-315.3886	-311.25986
6	523	-291.06991	-289.27053	-289.47854	1.7993829	0.20801157	-286.60534	-281.83266	-276.86771
6	524	-481.54382	-480.89464	-481.20303	0.64917511	0.3083912	-479.42771	-473.20788	-469.87202
6	525	-394.9438	-394.54632	-394.55415	0.39748481	0.0078267033	-392.54366	-387.82392	-385.2133
6	526	-413.30562	-413.70346	-413.98124	-0.39783745	0.27778033	-408.57002	-406.72658	-403.69141
6	527	-319.0256	-319.88596	-320.26297	-0.86036048	0.37701501	-316.35167	-316.56631	-316.56429
6	528	-236.18769	-236.79038	-237.20681	-0.60269109	0.41642826	-232.97017	-232.99292	-231.43317
6	529	-330.10003	-327.43524	-328.00909	2.6647905	0.57385437	-324.17334	-317.85479	-315.2332
6	530	-270.39004	-270.94943	-271.25545	-0.55938552	0.30601909	-267.3075	-267.60254	-267.65235
6	531	-316.06816	-315.19797	-315.84356	0.8701889	0.64559435	-313.34578	-309.53598	-309.16207
6	532	-543.17487	-535.87979	-538.08377	7.2950802	2.2039757	-534.66559	-528.25813	-527.50981
6	533	-391.51335	-384.39169	-385.24679	7.1216572	0.85509806	-384.83825	-378.6028	-378.5984
6	534	-254.23898	-253.77965	-254.24092	0.45932485	0.46127162	-251.12038	-246.08569	-246.19071
6	535	-304.09573	-303.4262	-303.81751	0.66953307	0.39131481	-301.39508	-296.47351	-294.76793
6	536	-517.6278	-517.74006	-512.39368	-0.11225388	-5.346375	-504.03827	-502.22474	-491.37241
6	537	-409.0252	-400.62103	-402.4968	8.4041635	1.8757683	-401.42427	-389.22678	-389.27755
6	538	-350.93251	-350.83058	-351.51637	0.10193246	0.68578668	-347.98952	-345.57629	-345.43268
6	539	-255.61821	-254.97883	-256.23513	0.63937087	1.2562952	-252.69594	-246.08081	-246.09856
6	540	-295.20021	-294.94891	-295.45554	0.25130306	0.50663239	-292.38687	-287.21649	-286.33865
6	541	-597.84951	-592.90214	-592.35136	4.9473696	-0.55077489	-584.01553	-572.64208	-572.79558
6	542	-274.81805	-271.55153	-272.00749	3.2665218	0.45596213	-269.84603	-262.94807	-262.9478
6	543	-347.49099	-344.28731	-344.50591	3.2036752	0.21859347	-340.88117	-331.41186	-328.37807
6	544	-548.50745	-538.45199	-534.05712	10.055462	-4.3948683	-532.06001	-525.01489	-516.81639
6	545	-368.47646	-366.29945	-367.18944	2.1770177	0.88999335	-364.11328	-360.45575	-360.43081
6	546	-387.27769	-386.50649	-386.95083	0.77120463	0.44434263	-384.91507	-379.0048	-376.92684
6	547	-243.49826	-243.45026	-244.26967	0.048002001	0.81941366	-240.40267	-236.26133	-236.20047
6	548	-296.39412	-296.86386	-296.95174	-0.46974045	0.087884645	-293.51212	-293.67038	-289.62005
6	549	-430.27023	-429.85396	-424.45713	0.416268	-5.3968268	-422.12076	-419.26991	-412.79115
6	550	-277.46164	-275.11042	-276.40462	2.3512231	1.2942007	-274.64597	-264.22564	-264.2232
6	551	-291.69928	-289.85646	-290.86104	1.8428156	1.0045765	-288.24528	-281.69605	-281.69548
6	552	-300.64559	-296.38793	-297.26318	4.2576625	0.87525253	-297.92191	-286.78808	-286.74136
6	553	-349.45526	-344.53827	-345.70215	4.9169976	1.1638857	-345.79642	-334.41203	-334.40952
6	554	-398.63869	-394.29582	-395.09901	4.342866	0.80319136	-396.34965	-387.82067	-387.82156
6	555	-350.04731	-350.48409	-346.46318	-0.43678437	-4.0209095	-347.14322	-344.62913	-336.1574
6	556	-271.88674	-272.6671	-273.31176	-0.78035305	0.64465908	-269.00947	-269.42758	-269.42967
6	557	-367.86405	-368.20745	-368.06851	-0.34339177	-0.13893839	-356.14188	-356.11476	-356.42559
6	558	-370.53511	-365.43642	-366.7177	5.0986937	1.2812805	-368.0498	-355.99836	-356.02103
6	559	-320.09782	-320.54348	-320.88936	-0.44566187	0.34587611	-314.69693	-311.41373	-311.47286
6	560	-323.70224	-315.22212	-315.96842	8.4801187	0.74630297	-315.25456	-309.34753	-309.34741
6	561	-255.41405	-254.35084	-253.09481	1.0632062	-1.2560292	-252.22352	-246.07467	-240.56987
6	562	-396.26496	-392.8579	-393.78148	3.4070627	0.92358478	-393.87402	-384.99132	-385.04076
6	563	-513.30254	-508.99971	-505.44774	4.3028313	-3.5519772	-498.51676	-487.88542	-482.0962
6	564	-307.05678	-305.7741	-306.45172	1.2826777	0.67761819	-304.41368	-298.59126	-296.90054
6	565	-326.17039	-326.04678	-326.3776	0.12360851	0.33082494	-323.46777	-319.72916	-318.49448
6	566	-407.17061	-406.92792	-406.51578	0.24268484	-0.41213972	-404.74125	-400.13223	-396.29447
6	567	-398.29238	-398.78012	-399.83511	-0.48774386	1.0549907	-392.19285	-389.73403	-381.30525
6	568	-201.32315	-202.31129	-203.2865	-0.98813538	0.97521135	-198.06247	-196.3114	-196.31123
6	569	-518.69797	-515.12817	-512.09208	3.5698042	-3.0360897	-506.1533	-500.48379	-495.22037
6	570	-639.73883	-639.29406	-638.78077	0.44477021	-0.51329351	-625.13489	-625.172	-623.53021
6	571	-231.17281	-228.79772	-229.69101	2.3750896	0.89328206	-227.60856	-222.08757	-222.07719
6	572	-244.03648	-244.08652	-244.67311	-0.050046935	0.58659144	-241.0269	-238.6644	-237.48441
6	573	-231.7603	-232.58588	-233.1618	-0.82557487	0.57592536	-228.87801	-227.62443	-227.62544
6	574	-257.68861	-258.72377	-258.98251	-1.0351581	0.25874264	-254.56861	-254.99401	-254.98818
6	575	-295.65455	-296.26342	-296.68482	-0.60886398	0.42140307	-292.61202	-291.76401	-291.81473
6	576	-207.63186	-208.86134	-208.83543	-1.2294796	-0.025916668	-204.38723	-204.80762	-204.80459
6	577	-437.53303	-438.00927	-436.44661	-0.47623616	-1.5626543	-432.03419	-431.08522	-421.57985
6	578	-252.50451	-250.82626	-251.98368	1.6782499	1.1574174	-249.48505	-242.33703	-242.33969
6	579	-297.00429	-297.33584	-297.72074	-0.33154746	0.38490667	-294.25754	-292.11036	-290.81374
6	580	-564.51862	-562.79939	-558.11834	1.7192242	-4.6810491	-552.50423	-546.37205	-537.75942
6	581	-399.59927	-399.16868	-397.99675	0.43058384	-1.1719299	-397.04822	-391.81423	-380.69734
6	582	-324.65558	-325.26979	-325.75855	-0.61420583	0.48876012	-321.98374	-321.27785	-321.27684
6	583	-225.96736	-226.69037	-227.13797	-0.72301612	0.44759278	-222.89868	-222.44062	-222.47118
6	584	-342.4981	-342.23124	-342.70079	0.26685798	0.46954252	-339.88458	-334.96002	-331.95685
6	585	-356.86828	-357.34461	-355.55469	-0.47633406	-1.7899165	-354.36332	-352.86494	-345.21609
6	586	-358.39808	-356.35871	-357.21916	2.0393702	0.86045148	-355.01793	-347.16868	-347.20474
6	587	-299.10346	-299.54969	-298.59941	-0.4462365	-0.95028822	-295.37061	-293.83978	-287.91685
6	588	-441.83843	-436.21771	-436.96403	5.620722	0.74631604	-439.58659	-425.93345	-424.00699
6	589	-424.07388	-424.38004	-424.70871	-0.3061553	0.32866876	-416.19015	-413.99783	-413.93228
6	590	-315.65703	-315.96313	-316.43803	-0.30610276	0.47489599	-313.01055	-309.81802	-309.51048
6	591	-424.45905	-421.88421	-422.11404	2.5748483	0.22982916	-420.66752	-411.57126	-407.71571
6	592	-477.22856	-473.4723	-470.27805	3.7562516	-3.1942547	-474.04391	-466.25123	-457.32501
6	593	-431.35625	-431.90455	-423.26185	-0.54829431	-8.6426987	-419.07466	-414.21883	-410.58381
6	594	-352.5361	-352.02192	-352.78579	0.51417898	0.76386679	-348.02812	-344.70747	-344.70436
6	595	-311.02455	-309.32133	-309.90942	1.7032204	0.58808846	-303.49399	-299.76824	-299.76785
6	596	-581.61872	-575.35467	-577.92987	6.2640549	2.5752033	-567.34971	-559.20263	-557.78925
6	597	-413.25902	-412.44806	-412.56644	0.81095589	0.11837592	-409.40538	-404.1794	-401.04988
6	598	-275.40977	-271.99423	-272.77288	3.4155467	0.77865905	-272.50778	-263.57633	-263.83759
6	599	-287.09849	-285.75246	-287.28262	1.346025	1.5301516	-281.49221	-276.81487	-276.72647
6	600	-712.71118	-710.86246	-710.37318	1.8487174	-0.48928811	-701.63392	-692.74768	-688.87323
6	601	-424.94406	-425.15008	-423.00698	-0.20601762	-2.1431032	-416.58794	-412.67385	-409.13967
6	602	-361.37248	-357.1085	-358.19048	4.2639825	1.0819809	-352.2006	-347.49434	-347.8165
6	603	-276.82246	-277.17279	-277.42645	-0.35033156	0.25366428	-271.25927	-269.65795	-268.80133
6	604	-425.81575	-417.87201	-418.99209	7.9437364	1.1200804	-416.50025	-405.80256	-405.92454
6	605	-357.72903	-356.5819	-357.7436	1.1471319	1.1617035	-355.2012	-347.43819	-348.04902
6	606	-233.48567	-233.94189	-234.37171	-0.45622406	0.42981706	-230.39532	-227.8591	-225.83276
6	607	-404.66474	-403.092	-400.75139	1.5727493	-2.3406007	-402.14979	-393.82684	-385.78747
6	608	-285.94866	-285.88887	-286.37895	0.059790039	0.49008003	-281.25305	-279.3916	-280.61214
6	609	-404.47439	-395.3026	-396.83908	9.1717925	1.5364806	-398.15063	-381.06152	-380.77418
6	610	-259.34469	-253.5056	-255.098	5.8390885	1.5923921	-256.25442	-244.39271	-244.39214
6	611	-263.61583	-264.35996	-264.55013	-0.7441264	0.19017657	-260.63728	-258.89724	-258.90427
6	612	-386.00291	-380.2412	-381.76102	5.7617152	1.519823	-382.53798	-368.01676	-367.94771
6	613	-412.33797	-411.38065	-411.72045	0.95731175	0.33980033	-404.98621	-397.08442	-396.3765
6	614	-472.00413	-466.91338	-468.02672	5.0907515	1.1133376	-457.33293	-451.88231	-451.85364
6	615	-380.34515	-380.3313	-372.03279	0.013850886	-8.2985032	-373.16217	-371.27029	-358.29037
6	616	-414.96961	-409.32549	-409.78563	5.6441191	0.46013934	-406.7706	-403.1524	-401.4184
6	617	-341.46761	-341.69591	-342.188	-0.22830337	0.49208548	-337.02727	-334.70293	-334.65958
6	618	-448.35048	-445.22558	-446.14944	3.124891	0.92385255	-446.18873	-435.5816	-435.60928
6	619	-252.17478	-252.94439	-253.09131	-0.76961381	0.14691628	-248.99895	-249.19166	-249.18102
6	620	-268.16397	-268.64249	-268.96789	-0.47851683	0.32539802	-265.15523	-263.83856	-262.53932
6	621	-306.90759	-305.83861	-307.3867	1.0689808	1.5480941	-304.31392	-296.55165	-292.48492
6	622	-411.4036	-402.12629	-389.25342	9.2773075	-12.872872	-395.19507	-391.25402	-373.72204
6	623	-520.53592	-516.05186	-516.49645	4.4840608	0.44458314	-517.46943	-506.47814	-502.99497
6	624	-251.11786	-245.94813	-247.76199	5.1697256	1.8138588	-247.83773	-236.14079	-236.14915
6	625	-453.90471	-442.49697	-443.43346	11.407745	0.93649398	-443.7828	-433.29818	-432.58964
6	626	-356.61804	-354.7444	-355.78457	1.8736388	1.0401679	-353.89757	-345.37431	-345.36874
6	627	-202.91249	-203.43349	-203.76824	-0.52099148	0.33474939	-199.42831	-198.74336	-197.99905
6	628	-342.96456	-340.20069	-340.72213	2.7638694	0.52143976	-340.30548	-333.62202	-331.98277
6	629	-537.01483	-537.14074	-537.19127	-0.12591351	0.050531841	-520.32468	-520.83668	-520.80746
6	630	-430.14535	-429.61053	-429.5839	0.53481603	-0.026630086	-422.88037	-415.30204	-414.93674
6	631	-659.89201	-652.54015	-649.59744	7.3518582	-2.942713	-646.46265	-636.82928	-630.18368
6	632	-502.69363	-497.91687	-489.42236	4.7767604	-8.4945155	-490.81613	-482.86735	-473.85167
6	633	-491.60847	-482.83324	-484.59181	8.7752382	1.758575	-483.49319	-469.04803	-468.48779
6	634	-306.47995	-305.89467	-306.34056	0.58527971	0.44589259	-301.52361	-297.65821	-297.03944
6	635	-286.92534	-284.06718	-284.90141	2.8581592	0.83422409	-283.94737	-276.09321	-276.09121
6	636	-439.68402	-431.84402	-430.03839	7.8400006	-1.8056318	-429.78662	-414.93994	-411.1511
6	637	-297.9264	-296.46204	-294.81616	1.4643546	-1.6458778	-293.45917	-282.5328	-278.07966
6	638	-398.46205	-398.73098	-396.5759	-0.26893165	-2.1550868	-396.1523	-393.21751	-380.92427
6	639	-236.721	-237.09447	-237.45373	-0.37346701	0.35926422	-233.31721	-232.97131	-232.97035
6	640	-358.94572	-357.09649	-357.04837	1.8492353	-0.048120484	-356.37455	-349.14378	-346.43904
6	641	-319.10516	-317.71601	-318.61437	1.3891462	0.89835724	-312.32499	-309.61501	-309.29016
6	642	-313.21731	-312.55386	-313.08037	0.66345289	0.52651737	-310.57194	-305.4659	-305.10816
6	643	-403.33351	-402.43648	-402.731	0.89702693	0.29451335	-401.09625	-396.07518	-392.9836
6	644	-461.61591	-443.21223	-444.76006	18.403678	1.5478349	-452.11449	-432.56457	-432.26009
6	645	-413.64388	-412.01569	-410.41252	1.6281976	-1.6031658	-407.80534	-399.14958	-392.93578
6	646	-268.32643	-268.66021	-268.97176	-0.33378177	0.31154898	-263.94378	-260.88911	-259.39848
6	647	-273.64643	-273.47566	-274.30036	0.17076868	0.82470772	-267.69896	-267.90824	-267.91142
6	648	-314.08763	-314.70419	-314.21592	-0.61655309	-0.48826307	-311.45711	-309.66921	-305.29116
6	649	-283.325	-282.71276	-283.26492	0.61224535	0.55216053	-280.36396	-275.30645	-273.98126
6	650	-308.72694	-307.84352	-308.88177	0.88342035	1.0382542	-303.49893	-297.57747	-297.68344
6	651	-381.88966	-382.06734	-382.41193	-0.1776849	0.34459318	-379.4962	-375.93865	-374.63741
6	652	-432.9811	-433.01383	-432.20113	-0.032733983	-0.81270078	-429.69571	-427.1017	-417.2056
6	653	-362.45511	-360.69351	-358.20509	1.7615928	-2.4884201	-359.0512	-352.87183	-345.26055
6	654	-462.0082	-459.01771	-458.77138	2.9904846	-0.24633004	-447.50198	-445.74026	-442.68349
6	655	-287.74277	-284.45693	-283.79472	3.2858406	-0.66220963	-284.80297	-276.84965	-271.07334
6	656	-366.16838	-366.64898	-365.42182	-0.48060558	-1.2271656	-362.79698	-360.11975	-355.0069
6	657	-195.28793	-196.35653	-196.28632	-1.0686008	-0.07021255	-191.77378	-192.19136	-192.19199
6	658	-454.16152	-453.50324	-447.18321	0.65828497	-6.3200253	-445.70106	-439.22872	-433.40864
6	659	-309.81602	-309.54608	-309.66921	0.26994025	0.12312488	-307.23461	-302.54974	-295.69034
6	660	-514.64392	-514.10085	-513.4801	0.54306323	-0.62075691	-499.71614	-495.55981	-494.87136
6	661	-269.99424	-269.77705	-270.20637	0.2171944	0.42932081	-267.13309	-263.72336	-263.56125
6	662	-486.02683	-486.44253	-485.7047	-0.41569726	-0.73782461	-478.14438	-475.32214	-470.28748
6	663	-387.03913	-386.48687	-386.14901	0.55225365	-0.33786511	-384.55865	-377.5966	-375.38253
6	664	-488.29425	-486.9193	-487.68695	1.3749435	0.76764937	-486.16404	-474.26085	-467.86027
6	665	-431.32345	-430.61831	-431.42724	0.70514402	0.80892992	-425.52316	-421.78923	-422.14868
6	666	-399.13575	-393.89832	-394.72741	5.2374379	0.82909184	-389.98671	-385.72156	-385.7245
6	667	-343.24799	-341.61473	-342.19694	1.6332601	0.58221141	-336.8571	-330.13559	-330.16364
6	668	-398.43921	-393.70906	-394.94203	4.7301568	1.2329702	-391.13937	-381.76112	-380.69813
6	669	-473.45958	-470.71073	-472.37731	2.7488465	1.6665813	-464.51539	-451.9583	-451.94065
6	670	-467.7676	-467.52966	-456.51565	0.23793915	-11.014009	-455.32642	-448.69228	-437.55631
6	671	-425.77258	-424.74859	-422.38291	1.0239891	-2.3656761	-422.84754	-418.40167	-412.08303
6	672	-324.80715	-324.53715	-325.32354	0.2699976	0.78639683	-321.49782	-317.37664	-317.6455
6	673	-411.90423	-410.91139	-410.09548	0.99283954	-0.81591376	-409.59295	-403.05372	-398.74345
6	674	-418.8538	-417.44349	-418.04897	1.4103128	0.60548355	-416.56775	-407.27226	-407.3079
6	675	-257.51498	-256.42331	-257.35343	1.0916659	0.93011573	-253.96183	-246.56639	-246.49348
6	676	-605.69649	-599.88654	-600.51937	5.8099492	0.6328257	-590.01105	-578.96308	-578.89214
6	677	-335.81242	-335.14551	-335.92837	0.66690718	0.7828576	-332.57335	-325.53013	-325.84094
6	678	-207.70526	-208.97375	-209.78993	-1.2684886	0.81618389	-204.57745	-204.99649	-204.99528
6	679	-327.2265	-327.4089	-327.90689	-0.18240126	0.4979893	-324.5011	-321.90468	-321.73738
6	680	-247.16651	-247.80731	-248.53882	-0.64079534	0.73151044	-244.03628	-244.45372	-244.45376
6	681	-483.40945	-474.54655	-471.46377	8.8629038	-3.0827776	-472.11548	-466.55163	-457.42467
6	682	-581.75442	-567.52112	-568.24386	14.233301	0.72273337	-567.12517	-548.75784	-547.89553
6	683	-357.93915	-358.22523	-358.54245	-0.28607371	0.31722065	-351.17275	-347.742	-347.74537
6	684	-235.01012	-235.92068	-236.33016	-0.91055608	0.40948592	-231.97195	-232.38938	-232.39082
6	685	-472.08036	-471.43609	-472.66543	0.64427013	1.2293381	-464.11494	-459.6546	-453.3862
6	686	-205.28114	-205.88645	-206.5675	-0.60530418	0.68104835	-201.86246	-202.28022	-202.28112
6	687	-290.0087	-290.31336	-290.83401	-0.30466659	0.5206414	-287.26896	-284.88445	-284.88327
6	688	-340.31859	-330.41419	-331.70561	9.904402	1.2914217	-329.22727	-321.22149	-321.21731
6	689	-432.51061	-424.19523	-425.12598	8.31538	0.93075	-425.07057	-416.98337	-416.97507
6	690	-382.74652	-383.01429	-383.14311	-0.26777126	0.12882098	-373.7083	-373.73725	-372.63846
6	691	-669.69117	-628.04409	-629.90821	41.647085	1.86412	-654.64059	-611.94402	-611.95404
6	692	-464.2176	-462.92446	-462.72651	1.2931343	-0.19794941	-459.29842	-455.75661	-453.50117
6	693	-463.46914	-459.42346	-456.35655	4.0456803	-3.0669051	-448.89369	-449.47342	-442.46974
6	694	-487.84995	-482.83423	-483.13565	5.0157207	0.30141501	-485.68027	-474.46949	-470.6649
6	695	-307.85699	-305.28763	-306.4947	2.5693612	1.2070738	-305.20382	-294.93433	-294.73118
6	696	-379.18055	-379.72319	-380.1567	-0.54263886	0.43351067	-376.76703	-376.01517	-375.41485
6	697	-265.80251	-265.25631	-265.98087	0.54620306	0.72456256	-262.66853	-259.11821	-259.11732
6	698	-400.84373	-397.68781	-395.3683	3.1559204	-2.3195095	-398.47453	-390.34987	-382.6899
6	699	-231.10468	-230.49478	-230.29709	0.60990017	-0.19768756	-227.90063	-221.36523	-221.36125
6	700	-270.79514	-271.60071	-271.81791	-0.80556938	0.21719424	-267.89454	-268.06882	-266.03337
6	701	-403.31126	-401.17857	-401.80249	2.132692	0.62391658	-399.78941	-391.83833	-390.53652
6	702	-562.48472	-561.9577	-561.44483	0.52702599	-0.51286595	-551.18072	-549.2229	-543.20589
6	703	-257.56551	-258.18813	-258.41651	-0.62262348	0.22837408	-254.60162	-253.04207	-251.70391
6	704	-360.59879	-360.39243	-361.05197	0.20635365	0.65953537	-357.94498	-353.91554	-353.16483
6	705	-343.04848	-341.1287	-339.57693	1.91978	-1.5517669	-340.51742	-332.62415	-326.98352
6	706	-238.18405	-237.90729	-238.04325	0.27676461	0.13596594	-235.01173	-229.58985	-229.58493
6	707	-373.58021	-372.62081	-366.56825	0.95939912	-6.0525575	-370.60993	-364.73223	-352.97869
6	708	-396.05681	-390.64219	-390.96382	5.4146223	0.32163335	-387.29664	-378.93566	-375.6549
6	709	-371.41943	-364.14082	-364.96176	7.2786124	0.82094439	-369.042	-358.40741	-357.67649
6	710	-294.93285	-294.98327	-294.68695	-0.050417328	-0.29632346	-292.10315	-288.91435	-285.87643
6	711	-329.35229	-328.34846	-328.74512	1.0038301	0.39666378	-320.80266	-319.80783	-316.0515
6	712	-279.66834	-280.28347	-280.50189	-0.61512561	0.21842036	-275.52185	-275.95454	-275.30751
6	713	-260.48544	-261.1061	-261.36585	-0.62066427	0.25974305	-257.67238	-255.0298	-254.98839
6	714	-344.43338	-343.55886	-344.09368	0.87451923	0.53481644	-339.18586	-331.61175	-331.81515
6	715	-327.44367	-327.64113	-328.20378	-0.19746196	0.56265416	-323.57414	-320.86076	-320.55676
6	716	-344.94519	-341.72342	-342.64965	3.221776	0.92623421	-339.97618	-331.76189	-331.7541
6	717	-430.58457	-430.41182	-430.64149	0.17274201	0.22966986	-424.50924	-421.12165	-420.77952
6	718	-309.07664	-309.06834	-309.70628	0.008292201	0.63793308	-304.99933	-301.58727	-301.95817
6	719	-414.02933	-414.59426	-414.38705	-0.56492482	-0.2072093	-408.78527	-410.60954	-406.75866
6	720	-288.61929	-288.46811	-289.15851	0.1511843	0.69040516	-285.70178	-280.15556	-280.17653
6	721	-257.65413	-258.31588	-258.56565	-0.66175566	0.24977136	-253.0646	-253.48268	-253.48285
6	722	-270.82021	-269.5525	-269.42391	1.2677135	-0.12858464	-264.82694	-260.98112	-261.01135
6	723	-286.34108	-285.61761	-285.8227	0.72346734	0.20508589	-282.42371	-278.14522	-278.1398
6	724	-475.57736	-469.22355	-465.04079	6.3538082	-4.1827614	-469.38644	-459.81296	-451.48774
6	725	-380.77488	-380.89292	-381.50947	-0.11804035	0.61655159	-376.16336	-376.44565	-376.43567
6	726	-355.04696	-353.15879	-353.94083	1.8881763	0.78204924	-351.25703	-345.26083	-343.14819
6	727	-293.44284	-293.90265	-294.46739	-0.45980516	0.56474136	-290.71797	-289.14923	-289.14958
6	728	-321.25551	-321.76132	-322.33529	-0.50580679	0.57396934	-318.52056	-316.71353	-316.63758
6	729	-266.58763	-266.18728	-266.97789	0.40034151	0.79060973	-263.79969	-258.93764	-258.93671
6	730	-487.49765	-487.83781	-486.93872	-0.34016415	-0.89909084	-483.23191	-481.03345	-471.48707
6	731	-337.86414	-328.50156	-329.52668	9.3625825	1.0251161	-333.35071	-320.28977	-320.12138
6	732	-406.92177	-411.55321	-407.66364	-4.6314418	-3.8895712	-395.79319	-392.36666	-392.25073
6	733	-280.8406	-281.37552	-281.70846	-0.53491965	0.33293949	-277.81768	-276.37873	-276.38267
6	734	-523.45817	-518.3009	-517.0262	5.1572699	-1.2747043	-506.78211	-500.77396	-497.13608
6	735	-398.75617	-390.82632	-390.98267	7.9298473	0.15634908	-391.08748	-378.64803	-374.58191
6	736	-196.73303	-197.03399	-197.7758	-0.30096227	0.74181489	-193.54353	-191.08478	-191.08664
6	737	-257.64266	-253.51932	-254.40269	4.1233407	0.8833691	-254.70042	-243.32319	-243.32978
6	738	-266.88351	-263.78858	-264.5673	3.0949279	0.77872019	-263.94082	-253.29292	-253.32637
6	739	-299.87557	-300.32022	-300.72512	-0.44464887	0.4049069	-297.19248	-295.54633	-295.61061
6	740	-360.69405	-356.8051	-358.11428	3.8889532	1.3091779	-357.41154	-348.13219	-348.15287
6	741	-358.76335	-355.23944	-356.82253	3.5239184	1.5830909	-356.23929	-344.89822	-344.88759
6	742	-529.4532	-529.41745	-516.29649	0.035751902	-13.120954	-516.12856	-514.44167	-501.83007
6	743	-298.23216	-298.44872	-299.02241	-0.2165577	0.57369137	-295.47322	-293.96762	-293.91839
6	744	-340.08358	-340.5719	-340.7189	-0.48832797	0.14699074	-337.53011	-336.1666	-332.96142
6	745	-368.69859	-368.76992	-369.43597	-0.071326085	0.66605485	-359.6985	-360.14102	-360.29681
6	746	-462.09066	-461.86215	-460.72069	0.22850608	-1.1414569	-454.55674	-450.66913	-445.26408
6	747	-334.5558	-334.99788	-335.5249	-0.44207413	0.52701849	-331.71241	-330.2215	-330.31025
6	748	-300.10891	-299.54771	-300.35164	0.56120101	0.80393811	-294.47484	-293.09078	-293.0867
6	749	-290.63452	-290.87464	-289.89951	-0.24012317	-0.97513705	-287.87816	-284.86014	-278.3031
6	750	-308.20793	-309.02574	-306.56784	-0.81780525	-2.4578916	-305.66645	-304.8122	-297.96242
6	751	-277.01833	-276.72782	-277.22277	0.2905066	0.49494204	-274.19677	-270.36479	-269.57936
6	752	-334.89986	-329.29085	-330.58618	5.6090102	1.2953241	-327.11714	-319.52827	-319.53575
6	753	-355.79106	-349.62953	-350.86588	6.1615347	1.2363507	-349.95538	-340.30677	-340.41174
6	754	-386.16007	-382.77805	-382.80688	3.3820239	0.028838432	-383.75847	-375.64109	-372.37951
6	755	-340.45766	-340.64497	-340.95632	-0.18731193	0.31134825	-338.02811	-335.39699	-334.40656
6	756	-311.29031	-309.69111	-310.22247	1.5991992	0.53135112	-308.60261	-301.64599	-299.74935
6	757	-307.30909	-306.29239	-306.70116	1.0167016	0.40877099	-304.68806	-299.17209	-297.34824
6	758	-349.62896	-349.12622	-349.82525	0.50273614	0.6990316	-347.13157	-341.41708	-341.15345
6	759	-315.22704	-310.69043	-311.3047	4.5366093	0.61426204	-308.71903	-304.3424	-303.23352
6	760	-270.90646	-271.51381	-271.84211	-0.60734758	0.32830369	-267.66055	-266.36036	-266.35355
6	761	-373.26567	-372.8403	-373.27662	0.4253706	0.43632444	-366.89083	-363.3865	-363.39019
6	762	-340.87948	-340.23776	-340.67623	0.64171881	0.43847368	-338.26695	-333.25824	-333.27731
6	763	-391.69851	-389.54782	-388.751	2.1506905	-0.79681902	-389.36547	-380.48464	-373.92795
6	764	-238.84757	-239.57901	-239.90596	-0.73144407	0.32694817	-235.97481	-234.89653	-234.89368
6	765	-443.01168	-435.44953	-434.77756	7.5621535	-0.67197139	-433.59358	-421.30444	-416.49822
6	766	-359.60481	-355.30752	-355.94986	4.2972849	0.64234244	-355.30284	-349.02799	-348.40471
6	767	-409.46305	-408.81906	-409.27735	0.64399234	0.45828896	-406.05804	-400.49024	-400.23383
6	768	-607.523	-599.75644	-600.60398	7.7665591	0.84753542	-594.67081	-584.54823	-584.05351
6	769	-236.63412	-237.08267	-237.50331	-0.44854791	0.42063815	-233.64212	-231.72384	-231.73463
6	770	-537.78123	-537.35509	-534.92662	0.42613676	-2.4284743	-521.33604	-515.73491	-513.38007
6	771	-408.79848	-407.69746	-407.24045	1.1010156	-0.45701	-406.40028	-401.42177	-396.56353
6	772	-315.45296	-308.4579	-308.77664	6.995057	0.31874272	-308.2168	-301.00599	-297.06972
6	773	-254.20483	-254.44872	-254.81445	-0.24389541	0.36572776	-250.9977	-249.0542	-249.01899
6	774	-460.36514	-448.63049	-450.27376	11.734641	1.6432694	-454.00633	-437.99598	-437.98979
6	775	-309.3227	-309.38883	-309.9838	-0.066135375	0.59497064	-306.64243	-303.32359	-303.39563
6	776	-316.21121	-315.60303	-315.7053	0.60818611	0.10227085	-313.62228	-308.28364	-305.63754
6	777	-301.24526	-300.5519	-300.5553	0.69336208	0.0034036341	-298.4967	-294.57588	-291.8542
6	778	-401.78652	-399.88638	-400.79587	1.9001376	0.90948787	-399.40191	-390.94675	-391.47931
6	779	-471.62498	-470.28678	-470.96268	1.3381979	0.6759013	-464.47999	-461.47234	-461.53602
6	780	-540.1709	-539.16933	-537.73535	1.0015737	-1.4339789	-524.90937	-517.14568	-513.67763
6	781	-298.30417	-298.44257	-298.68261	-0.13839654	0.24004767	-295.5253	-292.69369	-290.49056
6	782	-331.39528	-328.01308	-329.51372	3.3821918	1.5006346	-325.47751	-318.96019	-318.96664
6	783	-279.94131	-279.55966	-280.09343	0.38164756	0.5337644	-277.02131	-272.17188	-272.19584
6	784	-422.84511	-414.65929	-415.19165	8.1858179	0.53235896	-412.55572	-405.98018	-404.18421
6	785	-327.15947	-327.53277	-327.27786	-0.37330099	-0.25491324	-324.61104	-322.19463	-318.824
6	786	-287.16183	-287.72156	-285.49245	-0.55972728	-2.2291055	-284.43493	-282.65667	-273.21128
6	787	-402.83916	-403.05584	-403.25181	-0.21668277	0.19596428	-400.56518	-397.98404	-394.14338
6	788	-321.53653	-321.86431	-320.8941	-0.32777756	-0.97021224	-319.05456	-317.9801	-310.85377
6	789	-250.0349	-246.2155	-247.74272	3.8193954	1.5272136	-246.46568	-236.04824	-236.01084
6	790	-323.53494	-322.20633	-322.92328	1.3286097	0.71695342	-320.81155	-315.26592	-314.89353
6	791	-429.84122	-428.60479	-428.71336	1.2364309	0.10856631	-423.56251	-417.87191	-409.87202
6	792	-206.40498	-207.52977	-207.34303	-1.1247878	-0.18674073	-202.95215	-203.37244	-203.21127
6	793	-301.90001	-302.27234	-302.7277	-0.37233525	0.45535289	-299.22589	-297.00685	-297.01039
6	794	-509.36437	-509.0915	-509.5237	0.27287374	0.43220395	-503.39387	-498.49751	-493.82021
6	795	-304.57194	-305.28432	-305.43797	-0.71238043	0.15365622	-302.00796	-301.30359	-298.84227
6	796	-231.18467	-228.72252	-229.81968	2.4621458	1.0971575	-227.5477	-219.91277	-219.95071
6	797	-478.49975	-475.32115	-473.63849	3.1785916	-1.682665	-465.989	-460.38398	-460.7957
6	798	-425.57467	-425.86083	-425.41597	-0.28615589	-0.44485735	-423.2368	-421.15337	-417.06751
6	799	-375.97732	-374.21848	-375.12507	1.7588377	0.90658519	-372.34157	-363.91811	-362.53341
6	800	-253.3559	-252.63896	-252.6592	0.71694539	0.020236488	-250.14149	-244.36298	-244.36033
6	801	-519.90671	-514.60921	-513.87123	5.2975072	-0.73797601	-510.75894	-503.49207	-499.76608
6	802	-410.29273	-401.67315	-402.10189	8.6195763	0.4287371	-401.30927	-393.21579	-389.79894
6	803	-460.90801	-458.33961	-451.13726	2.5684048	-7.2023447	-448.90439	-442.9751	-437.94597
6	804	-350.49201	-351.13993	-350.72253	-0.64792674	-0.41739921	-347.37161	-347.79846	-343.39959
6	805	-265.3738	-264.62887	-265.32098	0.74492363	0.6921039	-262.54039	-256.83909	-256.81798
6	806	-272.6136	-273.39825	-273.23576	-0.78465348	-0.16248753	-268.30902	-268.78477	-264.43584
6	807	-269.56413	-269.3799	-269.76892	0.18422314	0.3890174	-266.41228	-264.05452	-262.49943
6	808	-484.82643	-481.54279	-482.25888	3.2836416	0.71608404	-478.7806	-472.86907	-469.99214
6	809	-419.83732	-416.49625	-417.42378	3.3410732	0.92753594	-415.79958	-409.35113	-408.96491
6	810	-216.5474	-217.26303	-218.2537	-0.7156282	0.99067119	-213.3609	-213.21961	-213.20721
6	811	-267.38039	-265.80671	-266.96585	1.5736721	1.1591379	-264.45566	-259.43366	-259.28277
6	812	-288.12974	-288.2895	-288.85814	-0.15975914	0.56864803	-285.24547	-281.29117	-281.60126
6	813	-372.81736	-372.21076	-372.88578	0.60659674	0.67502032	-367.89281	-363.90995	-364.68052
6	814	-393.31181	-391.07642	-384.27796	2.2353926	-6.798458	-389.6746	-379.96698	-365.12574
6	815	-545.64133	-543.70118	-543.25898	1.9401499	-0.44220112	-531.23669	-530.26823	-529.78735
6	816	-371.0614	-371.30788	-371.81645	-0.24648514	0.5085721	-365.08723	-364.15641	-364.45386
6	817	-270.14838	-270.37758	-270.86123	-0.22919184	0.48365417	-267.28995	-264.46968	-263.05645
6	818	-345.72676	-345.34673	-345.62158	0.38002779	0.27485518	-343.22458	-337.96472	-334.39552
6	819	-287.35704	-287.7105	-287.95371	-0.35346768	0.24320535	-283.5491	-280.75981	-278.86537
6	820	-382.44163	-382.83481	-383.30179	-0.39318024	0.46697859	-374.98913	-374.26485	-374.24344
6	821	-278.95906	-278.15043	-277.917	0.80863204	-0.23343134	-276.1129	-270.21235	-266.6466
6	822	-338.68952	-337.78046	-338.5184	0.90906069	0.73794427	-335.35194	-329.42568	-329.2013
6	823	-428.13643	-427.1843	-423.45805	0.95212695	-3.7262478	-425.81783	-418.91457	-407.94338
6	824	-297.12541	-297.66243	-298.13753	-0.53701473	0.47510397	-294.23567	-293.3799	-293.46355
6	825	-292.72441	-293.09848	-293.55782	-0.37407382	0.45934004	-289.60949	-288.28772	-288.39225
6	826	-478.96408	-471.79682	-472.38935	7.1672505	0.59252046	-476.84759	-461.7382	-458.96515
6	827	-412.68105	-411.93547	-411.57035	0.74557934	-0.36511182	-406.96526	-404.7204	-398.60529
6	828	-324.537	-322.20394	-323.28263	2.3330578	1.0786871	-321.98056	-313.29728	-313.29978
6	829	-423.84052	-421.73642	-422.76292	2.1040981	1.0264921	-418.5271	-411.91076	-410.5654
6	830	-391.15536	-390.66084	-390.61598	0.49452056	-0.044859372	-384.86304	-381.48579	-376.28534
6	831	-531.71507	-523.69686	-526.64704	8.0182139	2.9501814	-522.41711	-508.48695	-507.80058
6	832	-231.28739	-231.93912	-232.03097	-0.65172312	0.091858233	-227.95306	-228.37389	-226.21869
6	833	-324.79262	-324.30377	-324.93149	0.48884965	0.62771486	-322.12629	-317.56128	-317.64838
6	834	-198.03142	-199.01148	-199.49685	-0.98006365	0.48536571	-194.77805	-195.19715	-195.19553
6	835	-305.52585	-306.2451	-305.56599	-0.71924329	-0.67911073	-302.79214	-303.21092	-295.8608
6	836	-418.91401	-419.61289	-414.79624	-0.69888552	-4.8166475	-405.22844	-405.64887	-400.67634
6	837	-372.23414	-372.78986	-366.62061	-0.5557161	-6.169249	-363.52316	-362.66627	-356.88099
6	838	-340.36729	-340.50079	-341.01057	-0.13349794	0.50977516	-334.93267	-331.74157	-331.70806
6	839	-375.2796	-373.49471	-374.18407	1.7848937	0.68935875	-370.53324	-363.72385	-361.5658
6	840	-659.54779	-657.61674	-650.29303	1.9310471	-7.3237125	-644.939	-639.68677	-628.00014
6	841	-341.16447	-339.31578	-339.59646	1.8486862	0.28067727	-338.70422	-330.62081	-327.43532
6	842	-551.46394	-547.62516	-540.24027	3.8387782	-7.3848903	-535.6731	-528.00638	-524.13631
6	843	-297.82479	-296.2515	-297.00287	1.5732858	0.75136306	-295.16494	-288.55771	-289.04225
6	844	-414.87725	-414.91754	-414.91378	-0.040288757	-0.0037595705	-407.29988	-405.928	-396.73441
6	845	-329.93089	-330.51493	-330.9978	-0.58403415	0.48286839	-327.30978	-326.9282	-326.93009
6	846	-297.26428	-297.10283	-297.5489	0.16145485	0.44606819	-294.58105	-289.19211	-289.22257
6	847	-431.31404	-430.62743	-431.35979	0.68660796	0.73236181	-429.07952	-423.23807	-423.44188
6	848	-454.39156	-454.79335	-454.70283	-0.40179376	-0.090525726	-446.41145	-445.4292	-437.33181
6	849	-320.63041	-321.11901	-321.36032	-0.48860291	0.24131154	-318.02028	-316.46235	-315.1244
6	850	-366.96041	-358.50419	-359.67789	8.4562181	1.1736999	-360.60314	-349.26664	-349.28697
6	851	-339.25607	-339.78297	-337.46819	-0.52689728	-2.3147769	-332.43956	-330.89021	-326.54389
6	852	-522.16644	-518.14418	-514.33963	4.0222546	-3.8045565	-507.51034	-503.68513	-499.72403
6	853	-404.34225	-404.24861	-404.13446	0.0936383	-0.11415404	-401.05877	-396.11918	-391.0359
6	854	-343.71118	-336.95239	-338.41929	6.7587969	1.4669076	-341.21153	-325.5275	-324.23269
6	855	-278.87046	-277.98537	-278.78247	0.88509643	0.79710261	-275.93355	-270.71665	-270.71735
6	856	-277.6692	-278.38126	-278.86828	-0.71206017	0.48701919	-274.55501	-274.82928	-273.38471
6	857	-347.03377	-346.19411	-345.75367	0.83965549	-0.44044487	-342.30414	-337.94371	-333.64731
6	858	-348.1624	-347.6357	-348.03866	0.5266966	0.40295228	-345.60334	-340.60322	-340.21467
6	859	-391.64904	-390.62038	-390.92169	1.0286569	0.30130334	-379.65725	-378.64729	-376.94582
6	860	-271.91473	-271.85575	-272.41404	0.058979053	0.558285	-268.88628	-265.19997	-265.24382
6	861	-313.15297	-313.44159	-313.92064	-0.2886128	0.47905804	-310.53051	-307.55911	-307.5023
6	862	-282.92688	-283.7549	-283.87808	-0.82802837	0.12317861	-280.13278	-280.55045	-278.0928
6	863	-324.0852	-324.62993	-324.91977	-0.54473307	0.28983412	-321.21758	-320.00285	-319.23244
6	864	-328.95162	-326.12864	-326.94422	2.8229843	0.81557691	-326.29316	-318.45696	-317.10223
6	865	-320.19559	-320.82544	-321.04301	-0.62984979	0.21757301	-317.57326	-316.61556	-313.40046
6	866	-523.8358	-523.73102	-524.02654	0.10477338	0.29551286	-518.54327	-516.88005	-510.89943
6	867	-269.62958	-269.90838	-270.50205	-0.2787973	0.593671	-266.89365	-262.67614	-262.97398
6	868	-375.93135	-376.48537	-371.51475	-0.55402016	-4.9706161	-373.5127	-372.48023	-360.36943
6	869	-288.61265	-288.68144	-289.2334	-0.068794257	0.55195854	-285.85164	-281.31143	-281.33691
6	870	-280.64364	-282.003	-280.9074	-1.3593611	-1.0956012	-273.06148	-273.48755	-267.95557
6	871	-326.16096	-325.88222	-326.68221	0.27874005	0.79999422	-323.54747	-319.5391	-319.54737
6	872	-240.48193	-239.58736	-240.34222	0.89457456	0.75486239	-237.27492	-231.36166	-231.35178
6	873	-325.75486	-325.40453	-325.32958	0.35033163	-0.074953376	-322.88087	-318.64528	-314.28537
6	874	-440.71981	-439.56074	-439.68575	1.1590714	0.12500992	-432.24342	-425.24764	-422.8231
6	875	-264.8671	-264.37317	-264.95349	0.49392087	0.58031168	-261.7038	-258.10237	-258.10277
6	876	-369.86653	-365.91138	-366.89239	3.9551504	0.98100307	-365.45429	-357.45226	-357.39663
6	877	-462.62743	-458.90297	-454.88075	3.7244604	-4.0222212	-454.54254	-450.63852	-445.45785
6	878	-341.14131	-337.59199	-336.87483	3.5493194	-0.71716016	-338.47906	-328.48713	-322.44708
6	879	-333.00861	-328.70621	-330.78872	4.3023967	2.08251	-330.3967	-316.98836	-317.00943
6	880	-506.18737	-502.67224	-502.57619	3.5151316	-0.096042167	-489.00038	-482.13689	-482.24126
6	881	-665.60716	-659.63588	-651.97916	5.9712759	-7.656726	-651.50301	-638.53165	-630.79125
6	882	-301.41573	-300.35433	-301.07707	1.061409	0.72274708	-297.63393	-294.6576	-294.81183
6	883	-427.59411	-414.38964	-411.5023	13.204466	-2.8873454	-413.40819	-404.14957	-399.07984
6	884	-229.64468	-226.46982	-227.47151	3.1748638	1.0016886	-226.4831	-219.27912	-219.27818
6	885	-242.84659	-243.30949	-243.95873	-0.46290799	0.64923926	-237.85412	-237.55054	-237.51999
6	886	-344.52301	-342.7237	-343.38198	1.7993169	0.65828423	-337.3125	-335.10517	-334.40017
6	887	-375.81234	-371.71708	-372.43186	4.0952611	0.71478224	-373.19892	-364.20912	-363.66233
6	888	-534.49887	-530.62959	-528.74297	3.8692803	-1.8866261	-519.81395	-511.88677	-511.96644
6	889	-453.85159	-453.4777	-449.66875	0.37388881	-3.8089453	-451.58241	-447.52791	-438.59532
6	890	-232.24457	-232.00401	-232.59825	0.24056071	0.5942347	-228.84042	-224.24701	-224.24827
6	891	-487.31009	-483.4553	-483.77278	3.8547957	0.31748161	-476.31555	-466.92263	-462.74722
6	892	-378.24753	-377.67544	-377.89977	0.57209808	0.22433497	-368.64685	-365.6336	-365.09489
6	893	-451.55029	-443.71685	-444.67948	7.8334435	0.96262753	-440.67529	-430.41155	-428.85005
6	894	-398.78009	-394.88095	-395.80239	3.8991401	0.92143625	-396.40438	-386.72127	-386.64249
6	895	-239.55552	-235.72856	-236.77714	3.8269649	1.04858	-236.33667	-226.31338	-226.31897
6	896	-262.53993	-256.36469	-256.95731	6.1752354	0.59261614	-259.28898	-248.95923	-248.84192
6	897	-390.84641	-390.27946	-391.06268	0.56695259	0.78322101	-387.95876	-382.45551	-383.26827
6	898	-306.60975	-306.81781	-307.37763	-0.20805274	0.55982254	-304.00566	-300.67032	-300.92055
6	899	-261.50776	-262.00611	-262.32249	-0.49834755	0.31637659	-258.63926	-256.94368	-256.94147
6	900	-307.27671	-304.70445	-305.44349	2.5722587	0.73903164	-301.41884	-290.798	-290.78578
6	901	-273.72559	-274.16428	-275.02958	-0.4386886	0.86530367	-270.94903	-268.44736	-268.558
6	902	-338.62665	-333.72046	-332.49552	4.9061925	-1.2249356	-325.51975	-320.90875	-318.72965
6	903	-572.77727	-564.55486	-564.02109	8.2224042	-0.53377234	-559.79201	-544.89157	-542.72626
6	904	-281.04974	-279.59785	-280.64195	1.4518861	1.0440972	-278.23473	-272.61275	-272.62129
6	905	-445.03379	-439.89669	-441.59337	5.1371022	1.6966823	-438.88501	-424.5242	-424.50061
6	906	-369.14994	-364.29058	-365.66982	4.8593598	1.379241	-364.61762	-354.82959	-354.83184
6	907	-365.66651	-362.39961	-363.67127	3.2668982	1.271661	-363.1932	-353.00993	-353.0154
6	908	-454.33498	-450.10905	-451.00692	4.2259344	0.89787343	-447.20543	-439.8464	-439.84631
6	909	-356.18026	-353.50072	-354.58886	2.6795386	1.0881388	-353.70261	-344.12476	-344.88599
6	910	-318.6347	-316.22004	-315.17308	2.414664	-1.0469597	-314.93056	-307.29844	-301.70881
6	911	-275.69519	-276.06451	-276.49721	-0.36931441	0.43270459	-272.78833	-269.78273	-270.13888
6	912	-476.00191	-472.01335	-471.3065	3.9885613	-0.70685246	-469.70721	-463.51636	-456.18826
6	913	-270.62073	-271.40869	-271.78266	-0.78795941	0.3739684	-267.76374	-266.05871	-265.83209
6	914	-263.62262	-262.80728	-263.36737	0.81534123	0.56009307	-260.07728	-255.62679	-255.65385
6	915	-476.3406	-476.11913	-473.02004	0.22147717	-3.0990848	-466.60127	-462.12521	-458.85544
6	916	-341.31826	-341.99285	-339.60919	-0.67458752	-2.3836613	-332.94265	-331.76498	-327.94363
6	917	-501.79239	-501.76388	-495.12943	0.028510824	-6.6344534	-488.1932	-488.61877	-481.947
6	918	-322.66568	-322.96961	-323.4088	-0.30393728	0.43918899	-317.42918	-313.55489	-313.44936
6	919	-357.78227	-353.3622	-352.44124	4.4200684	-0.92095855	-355.1676	-342.90317	-338.06434
6	920	-405.30346	-396.35499	-397.46919	8.9484737	1.114197	-400.37797	-387.90851	-387.92406
6	921	-313.85273	-312.90876	-313.61433	0.94397255	0.70557412	-311.18826	-307.57331	-307.43475
6	922	-341.41124	-339.85101	-340.74082	1.5602261	0.88980435	-338.81812	-331.14676	-331.35269
6	923	-342.98456	-343.12098	-342.37199	-0.13642014	-0.74899136	-340.49869	-338.36411	-333.15039
6	924	-295.97447	-296.25479	-296.7316	-0.28031577	0.47680754	-293.14803	-290.31817	-289.92585
6	925	-310.60376	-310.94308	-309.61734	-0.33932595	-1.3257364	-307.93219	-304.7234	-298.98862
6	926	-329.56352	-330.25013	-330.2519	-0.68661367	0.0017714165	-325.66161	-324.96336	-322.56489
6	927	-388.67708	-388.38134	-388.12543	0.29574264	-0.25590331	-386.22184	-381.07351	-377.41541
6	928	-298.35651	-298.1769	-298.73433	0.17960817	0.55743263	-292.59343	-288.87463	-288.94123
6	929	-281.88429	-282.86189	-282.8289	-0.97759888	-0.032982023	-274.91788	-273.48548	-270.07644
6	930	-392.53058	-392.5436	-389.09961	-0.013021548	-3.4439853	-383.20337	-380.98499	-373.50122
6	931	-494.57288	-489.20987	-486.25291	5.3630171	-2.9569585	-482.42625	-476.43453	-470.13525
6	932	-363.49588	-364.31637	-364.22099	-0.8204945	-0.0953754	-358.85628	-358.09047	-354.69561
6	933	-403.89781	-401.39075	-397.89898	2.507066	-3.4917699	-391.306	-382.78676	-379.59933
6	934	-379.70741	-375.96467	-377.1779	3.7427375	1.2132255	-370.11518	-363.95924	-363.98076
6	935	-459.9656	-457.79512	-458.68895	2.1704819	0.89383737	-453.84771	-449.6778	-449.92972
6	936	-357.45341	-354.73226	-355.10769	2.7211568	0.37543773	-354.94092	-345.1201	-340.62072
6	937	-385.3882	-385.73197	-386.16963	-0.34376739	0.43765446	-382.88851	-381.8699	-380.94261
6	938	-580.7215	-566.12748	-556.89966	14.594029	-9.227818	-565.09445	-545.25812	-538.80223
6	939	-476.36512	-476.1284	-470.03389	0.23671918	-6.0945136	-466.91396	-464.9269	-456.10827
6	940	-339.10798	-339.41217	-339.46888	-0.30419451	0.056705365	-334.78346	-333.33032	-328.57263
6	941	-397.03442	-388.17429	-390.03744	8.8601226	1.8631498	-393.74106	-376.60569	-376.59569
6	942	-543.93363	-529.29006	-525.3028	14.64357	-3.9872604	-526.50148	-507.81582	-506.50073
6	943	-240.9894	-241.55111	-242.11015	-0.56170513	0.55903661	-237.97286	-236.1066	-235.45043
6	944	-295.14584	-294.99708	-295.21432	0.14876768	0.21724194	-292.31792	-287.20909	-284.8663
6	945	-272.43945	-266.97015	-267.87136	5.4693034	0.90120826	-269.48134	-260.53172	-260.53279
6	946	-613.89632	-611.41953	-606.28412	2.4767852	-5.1354144	-601.9374	-594.563	-585.64671
6	947	-362.23795	-360.39759	-360.66023	1.8403538	0.26263335	-357.38898	-345.59387	-345.62441
6	948	-365.76305	-363.16141	-364.12114	2.601639	0.95973362	-363.31179	-354.56898	-354.73028
6	949	-335.2985	-335.22689	-336.01356	0.071609512	0.78666358	-328.63022	-324.94577	-324.8928
6	950	-470.57039	-470.50215	-460.31132	0.068234409	-10.190834	-457.98392	-457.40154	-447.73413
6	951	-448.82625	-450.70598	-449.08806	-1.8797328	-1.6179184	-440.90654	-438.90328	-439.09428
6	952	-251.40107	-252.45147	-251.88362	-1.0504004	-0.56784747	-248.31757	-241.23449	-240.29372
6	953	-328.03968	-327.99396	-328.57506	0.045725504	0.58110505	-325.26689	-321.97911	-322.31627
6	954	-474.02764	-468.67093	-469.95903	5.3567108	1.2880982	-463.72659	-457.14222	-456.58679
6	955	-339.49148	-339.13819	-339.12162	0.35329167	-0.016571869	-336.95101	-332.35276	-328.62867
6	956	-353.83466	-353.82606	-354.56585	0.0085969706	0.73979069	-349.66505	-345.97993	-346.49203
6	957	-255.87749	-255.94191	-256.44469	-0.064416008	0.50278787	-252.61845	-247.58491	-247.58408
6	958	-387.75759	-387.82505	-388.351	-0.067460624	0.52595364	-381.32181	-376.33404	-375.94312
6	959	-436.16405	-436.13855	-436.18326	0.025500812	0.044710558	-433.91672	-430.00439	-425.93749
6	960	-392.2609	-386.51635	-388.23119	5.7445543	1.714841	-384.61973	-372.94363	-371.12742
6	961	-405.49124	-401.60567	-399.06169	3.8855648	-2.5439797	-395.22275	-388.34911	-384.18207
6	962	-351.04819	-351.85511	-352.07575	-0.80691736	0.22063569	-343.3732	-343.80439	-343.84893
6	963	-578.53838	-570.86341	-568.39608	7.6749626	-2.467331	-569.42729	-560.2969	-555.17071
6	964	-332.42889	-332.91848	-333.30547	-0.48959291	0.38699275	-327.25994	-318.50346	-318.51199
6	965	-526.87531	-522.23985	-521.43778	4.6354637	-0.80206348	-523.5126	-513.68034	-510.08263
6	966	-244.01011	-237.76675	-239.24535	6.2433661	1.4786029	-238.21925	-225.41666	-225.41703
6	967	-321.31796	-315.89401	-317.1496	5.4239537	1.2555842	-318.40068	-306.31137	-305.08315
6	968	-175.94941	-176.70649	-177.14194	-0.75707564	0.43545196	-172.54581	-171.82235	-171.81967
6	969	-365.59146	-359.55146	-360.17564	6.040007	0.62418847	-358.53217	-351.41481	-350.24012
6	970	-227.80635	-227.76951	-228.69971	0.036836118	0.93020254	-224.51662	-220.96491	-220.95687
6	971	-396.8777	-397.54064	-397.62325	-0.66293719	0.082612261	-394.01038	-394.26943	-390.39722
6	972	-503.85695	-503.5463	-503.6089	0.31065881	0.062603571	-493.14084	-489.3899	-483.96286
6	973	-294.76072	-292.72736	-293.87122	2.0333569	1.1438516	-288.55786	-279.27466	-279.31445
6	974	-276.09098	-276.37381	-277.00045	-0.28282684	0.62664584	-273.23316	-270.32958	-270.1133
6	975	-331.6801	-324.4841	-325.37322	7.1960031	0.88912405	-323.32175	-311.35599	-311.35852
6	976	-302.14178	-302.49556	-303.01008	-0.35378198	0.51451988	-299.48486	-297.80055	-296.30537
6	977	-258.82274	-259.19746	-259.79844	-0.37472738	0.60097282	-255.42354	-253.92536	-254.20725
6	978	-276.20329	-276.47328	-277.08667	-0.26999141	0.6133844	-273.32762	-271.202	-271.17817
6	979	-533.41294	-529.95121	-528.62152	3.4617238	-1.329691	-521.18363	-513.13413	-512.55298
6	980	-274.10416	-273.00383	-273.36993	1.1003238	0.36609555	-269.91876	-265.64833	-265.32843
6	981	-387.66925	-382.77626	-379.49419	4.8929855	-3.2820739	-374.33278	-368.03459	-366.49873
6	982	-420.9707	-410.52277	-412.76671	10.447931	2.2439462	-408.39278	-391.74347	-391.76752
6	983	-429.11986	-429.51593	-428.01009	-0.39607742	-1.5058476	-426.8446	-425.28436	-419.32395
6	984	-419.28872	-405.01871	-406.83765	14.270016	1.8189478	-409.76181	-394.2983	-394.29405
6	985	-292.33429	-292.15877	-292.63078	0.17552025	0.47200526	-289.44119	-283.71969	-283.73899
6	986	-227.683	-228.65815	-229.03712	-0.97514931	0.37897184	-224.40624	-224.37469	-224.39352
6	987	-410.87311	-394.97824	-396.19592	15.894872	1.2176803	-395.37158	-382.74259	-384.0178
6	988	-390.81368	-389.92198	-390.74574	0.8917003	0.82376299	-388.34347	-382.07726	-382.07539
6	989	-532.48616	-533.55976	-530.17124	-1.0736007	-3.3885163	-520.64439	-521.42766	-522.11938
6	990	-333.40199	-332.22575	-333.22	1.1762406	0.99425627	-330.74763	-323.09089	-323.0841
6	991	-324.03005	-320.28857	-321.22673	3.741477	0.93815988	-318.7618	-313.24792	-313.26026
6	992	-326.73152	-327.1085	-327.57077	-0.37697943	0.46226803	-322.51547	-320.95452	-321.17188
6	993	-203.61492	-204.07528	-204.60402	-0.46036281	0.52873859	-200.34628	-198.39165	-198.39217
6	994	-303.17688	-303.86539	-303.89112	-0.68851469	0.025727774	-300.25056	-300.66813	-297.44119
6	995	-680.62127	-669.05354	-668.97752	11.567732	-0.076027239	-665.2871	-647.41655	-645.19441
6	996	-400.49793	-395.72819	-396.39092	4.7697372	0.6627272	-394.76305	-386.60618	-381.33982
6	997	-454.37055	-447.87918	-448.01575	6.4913753	0.1365745	-449.7402	-438.08366	-431.48122
6	998	-338.19521	-336.88182	-337.74482	1.3133898	0.86299988	-335.60182	-329.34611	-328.2706
6	999	-317.6743	-318.22296	-318.18987	-0.54866214	-0.033094391	-308.84142	-307.47978	-307.48218
