No.	ID	loglik_Null_W	loglik_Acc_W	loglik_Full_W	logBF1	logBF2
8	0	-386.36928	-388.103	-389.03032	-1.7337147	0.92732572
8	1	-315.35493	-316.58634	-319.00247	-1.2314184	2.4161246
8	2	-398.44206	-399.40996	-398.20958	-0.96790218	-1.2003787
8	3	-434.72966	-439.49192	-438.50342	-4.7622518	-0.98849606
8	4	-321.50204	-322.48623	-325.32063	-0.98418785	2.8344043
8	5	-483.82026	-480.67814	-485.49001	3.1421229	4.8118762
8	6	-528.37564	-531.21307	-535.03231	-2.8374236	3.8192416
8	7	-330.99796	-332.33674	-334.4003	-1.3387806	2.0635583
8	8	-284.29139	-286.79708	-284.58655	-2.5056868	-2.2105265
8	9	-280.67352	-282.39887	-283.59454	-1.7253532	1.1956666
8	10	-324.56133	-324.24581	-327.06441	0.31552873	2.8186037
8	11	-261.67836	-262.00248	-265.6053	-0.32411857	3.6028162
8	12	-256.35654	-257.87432	-260.3882	-1.5177777	2.5138829
8	13	-383.44896	-385.19469	-385.79599	-1.7457222	0.60130084
8	14	-248.13533	-248.69541	-250.07568	-0.56008181	1.3802669
8	15	-392.61316	-393.51429	-392.38478	-0.90113081	-1.1295137
8	16	-304.74673	-306.4425	-308.41905	-1.6957758	1.976548
8	17	-369.83293	-371.1646	-372.15133	-1.3316663	0.98673181
8	18	-308.59387	-308.31895	-310.38071	0.27491484	2.061758
8	19	-273.65562	-275.02555	-278.25972	-1.3699373	3.2341627
8	20	-487.48994	-488.22973	-492.65314	-0.73978298	4.4234168
8	21	-416.94143	-414.47826	-415.77376	2.4631699	1.2954982
8	22	-321.12866	-321.88013	-323.33857	-0.75147344	1.4584353
8	23	-422.59023	-423.24448	-424.41281	-0.65425212	1.1683281
8	24	-444.70837	-442.40496	-444.15848	2.3034067	1.7535198
8	25	-407.569	-408.54519	-410.26997	-0.97618475	1.7247786
8	26	-308.60398	-309.21136	-310.8176	-0.60737773	1.6062406
8	27	-374.26785	-374.20014	-376.43815	0.067707587	2.2380097
8	28	-294.41881	-296.75031	-298.78307	-2.3314918	2.0327688
8	29	-417.32733	-413.83123	-418.30691	3.4960998	4.4756785
8	30	-212.54502	-214.17512	-220.13192	-1.6301042	5.956801
8	31	-452.95985	-452.73439	-454.95387	0.22546485	2.2194873
8	32	-345.09924	-346.87982	-349.34426	-1.7805839	2.4644334
8	33	-366.03683	-362.99184	-364.01555	3.0449914	1.0237087
8	34	-268.85231	-271.31167	-272.68174	-2.4593569	1.370069
8	35	-349.30367	-351.31209	-354.34812	-2.0084254	3.0360229
8	36	-385.31347	-386.14431	-385.75738	-0.83084379	-0.38692776
8	37	-356.02985	-356.21416	-357.15862	-0.18430617	0.94446354
8	38	-429.47884	-430.02754	-421.03591	-0.54869745	-8.9916319
8	39	-332.28489	-334.02466	-337.09444	-1.7397667	3.0697779
8	40	-384.14595	-383.30365	-383.28354	0.84229815	-0.020106547
8	41	-276.71637	-278.00042	-280.16498	-1.2840486	2.1645598
8	42	-316.44359	-318.01343	-320.311	-1.5698446	2.2975716
8	43	-363.11562	-363.95997	-365.47647	-0.84434939	1.5164992
8	44	-417.59002	-420.4293	-420.26142	-2.8392843	-0.16788905
8	45	-447.81858	-447.95828	-447.05733	-0.13970694	-0.90095534
8	46	-367.63999	-368.74526	-369.45215	-1.1052758	0.70688957
8	47	-240.24949	-244.10895	-245.53432	-3.8594581	1.4253707
8	48	-298.56986	-300.26975	-305.01642	-1.6998918	4.7466665
8	49	-306.57467	-305.13791	-308.91633	1.4367598	3.7784169
8	50	-267.404	-269.45412	-272.48993	-2.0501156	3.0358135
8	51	-348.22896	-346.89998	-349.57508	1.3289822	2.6751051
8	52	-389.34706	-391.33333	-392.22396	-1.9862707	0.89062411
8	53	-432.57549	-434.19359	-433.50495	-1.6180942	-0.68863571
8	54	-284.84602	-285.47488	-288.07424	-0.62885922	2.5993597
8	55	-407.54864	-409.46403	-410.76023	-1.915393	1.2961995
8	56	-374.7067	-375.4961	-376.47717	-0.78939568	0.9810764
8	57	-492.15868	-493.61433	-491.18125	-1.455652	-2.4330804
8	58	-542.49429	-543.82658	-542.69019	-1.3322932	-1.1363899
8	59	-422.90699	-424.02992	-423.61228	-1.1229342	-0.41764166
8	60	-603.36469	-603.67583	-601.64789	-0.31114137	-2.0279377
8	61	-417.52571	-417.64991	-420.92291	-0.12420099	3.2729952
8	62	-341.16651	-342.46232	-343.84288	-1.2958036	1.380558
8	63	-335.32972	-336.30738	-338.42106	-0.97766218	2.1136773
8	64	-355.51942	-358.37916	-358.41992	-2.8597392	0.040759594
8	65	-415.80069	-414.16807	-414.989	1.6326142	0.82092776
8	66	-329.55369	-330.74105	-332.97086	-1.1873613	2.2298055
8	67	-432.13028	-429.66182	-431.71797	2.4684571	2.0561443
8	68	-330.29603	-331.96143	-333.55928	-1.6654015	1.5978499
8	69	-317.73513	-318.04236	-319.28187	-0.3072361	1.2395048
8	70	-248.91784	-250.36468	-255.68466	-1.4468401	5.3199837
8	71	-291.35231	-290.9466	-293.90467	0.40571189	2.9580674
8	72	-445.0519	-444.51306	-444.56013	0.5388422	0.047067051
8	73	-311.94629	-312.59152	-315.12078	-0.64523122	2.5292534
8	74	-356.20652	-356.43204	-358.95093	-0.22552342	2.5188911
8	75	-383.76481	-382.8461	-385.92811	0.9187092	3.082012
8	76	-369.24177	-370.32996	-371.59789	-1.0881916	1.2679303
8	77	-413.66542	-414.12727	-415.17169	-0.46184842	1.0444191
8	78	-364.45118	-364.6425	-365.68841	-0.19132556	1.0459117
8	79	-327.71329	-330.19468	-331.36824	-2.4813879	1.173559
8	80	-455.55472	-455.22673	-453.49108	0.32799324	-1.7356433
8	81	-323.48721	-323.98837	-324.71731	-0.50115345	0.72894632
8	82	-452.69795	-455.06919	-457.21227	-2.3712464	2.143078
8	83	-279.93768	-281.93431	-283.28916	-1.9966245	1.3548537
8	84	-233.23829	-234.72967	-236.12919	-1.4913728	1.3995258
8	85	-357.64347	-357.44187	-360.25459	0.20159623	2.8127215
8	86	-293.00437	-296.52918	-296.52722	-3.5248083	-0.0019596749
8	87	-494.29095	-493.46799	-494.45353	0.8229668	0.98554187
8	88	-338.3706	-337.3737	-339.8295	0.99690533	2.4558041
8	89	-378.74817	-380.49157	-383.14835	-1.7433994	2.6567802
8	90	-398.44476	-397.17929	-400.2886	1.2654689	3.1093095
8	91	-376.06187	-375.39075	-378.22203	0.67111493	2.8312767
8	92	-449.0212	-447.19578	-448.61925	1.8254209	1.4234721
8	93	-622.87575	-619.01986	-618.69657	3.8558945	-0.32328161
8	94	-318.69545	-318.42887	-320.07192	0.26658494	1.6430501
8	95	-454.89477	-457.11921	-456.51239	-2.2244347	-0.60681919
8	96	-371.89576	-371.03009	-372.64021	0.86566899	1.6101231
8	97	-320.0007	-321.67199	-325.43867	-1.6712929	3.7666816
8	98	-311.30063	-311.98871	-314.41669	-0.68807676	2.4279802
8	99	-391.05569	-389.92158	-390.40012	1.1341058	0.47854377
8	100	-311.74118	-312.87451	-315.16913	-1.1333239	2.2946266
8	101	-341.0312	-342.93998	-344.39739	-1.9087851	1.4574044
8	102	-358.28764	-358.35587	-362.06983	-0.068235531	3.7139525
8	103	-259.29499	-259.27571	-264.14416	0.019276601	4.8684496
8	104	-354.9547	-355.71638	-356.45162	-0.76167859	0.73524162
8	105	-394.56826	-395.61449	-396.02948	-1.0462317	0.41498894
8	106	-310.02817	-312.04647	-313.91523	-2.0182965	1.8687636
8	107	-363.17156	-361.4114	-363.93388	1.7601548	2.5224772
8	108	-311.507	-312.84283	-315.4638	-1.3358344	2.6209721
8	109	-395.4764	-395.74524	-396.88601	-0.26884717	1.140762
8	110	-392.76287	-393.79767	-394.96135	-1.0348059	1.1636762
8	111	-354.72914	-356.6931	-357.8917	-1.9639653	1.1985983
8	112	-325.45282	-326.27987	-327.79885	-0.82704611	1.5189787
8	113	-399.55409	-397.18901	-399.31254	2.3650803	2.1235343
8	114	-253.66859	-255.34815	-258.50891	-1.679565	3.1607611
8	115	-380.68751	-381.64128	-384.12732	-0.95377491	2.4860385
8	116	-452.86715	-454.1054	-455.01693	-1.2382535	0.91152839
8	117	-265.86433	-265.83986	-269.11742	0.024474344	3.2775612
8	118	-282.64532	-285.00645	-287.97265	-2.361138	2.9661972
8	119	-249.98474	-251.92291	-252.62596	-1.938178	0.70304312
8	120	-445.0672	-445.14347	-447.52104	-0.076275019	2.3775652
8	121	-258.77804	-259.97656	-264.34541	-1.1985192	4.3688524
8	122	-300.78686	-300.71996	-304.74492	0.066895538	4.0249615
8	123	-275.72399	-275.88131	-280.32869	-0.15731386	4.4473847
8	124	-378.43065	-378.77413	-377.36221	-0.3434748	-1.4119169
8	125	-283.74048	-285.1446	-287.29894	-1.4041166	2.1543445
8	126	-315.99082	-316.15301	-319.8318	-0.16218803	3.6787955
8	127	-379.78226	-380.14927	-382.37606	-0.36701024	2.2267941
8	128	-358.36379	-359.86578	-361.39163	-1.5019872	1.5258539
8	129	-387.84393	-387.94119	-389.11688	-0.097260139	1.1756812
8	130	-413.55247	-415.81709	-415.87196	-2.2646124	0.054868704
8	131	-551.85588	-551.24385	-549.38205	0.61202769	-1.8617983
8	132	-234.67431	-235.51035	-240.23196	-0.8360464	4.7216042
8	133	-347.71936	-347.32388	-347.93644	0.39548428	0.61255876
8	134	-201.77392	-204.47108	-211.33287	-2.6971626	6.8617949
8	135	-341.41468	-342.44128	-344.66519	-1.0265912	2.2239146
8	136	-403.90107	-404.85404	-404.72024	-0.95297334	-0.13380114
8	137	-389.01854	-390.60971	-389.86847	-1.5911685	-0.74124152
8	138	-313.25398	-314.76933	-317.06757	-1.5153518	2.2982408
8	139	-360.76883	-361.05598	-364.05802	-0.28714489	3.002045
8	140	-402.76268	-400.86709	-400.384	1.8955927	-0.48308986
8	141	-327.01341	-328.0706	-330.79035	-1.0571886	2.7197512
8	142	-451.1767	-448.043	-451.89647	3.1336984	3.8534698
8	143	-320.51478	-323.3167	-324.04857	-2.8019206	0.73187307
8	144	-235.00628	-235.64312	-239.9715	-0.63683893	4.3283757
8	145	-327.75967	-326.30683	-328.59872	1.4528394	2.2918924
8	146	-297.20259	-297.75639	-300.45403	-0.5538018	2.6976401
8	147	-346.9715	-347.97593	-350.42001	-1.0044314	2.44408
8	148	-283.71389	-285.3678	-289.54115	-1.6539178	4.1733502
8	149	-448.58116	-447.74563	-447.62176	0.83553105	-0.12386835
8	150	-399.11218	-395.86236	-398.50478	3.2498163	2.6424137
8	151	-262.07926	-263.28601	-266.11934	-1.2067456	2.8333371
8	152	-361.48478	-362.14322	-363.82119	-0.65843412	1.6779788
8	153	-214.92913	-217.81191	-219.2258	-2.8827816	1.4138864
8	154	-412.84654	-413.54476	-418.09163	-0.69822052	4.5468757
8	155	-284.21186	-284.99026	-287.17176	-0.77840364	2.1815038
8	156	-360.03134	-361.38176	-360.06643	-1.3504249	-1.3153374
8	157	-443.69906	-443.39045	-444.31819	0.30861216	0.92774518
8	158	-254.46475	-255.46599	-260.20026	-1.0012457	4.7342649
8	159	-537.38934	-537.83561	-538.64292	-0.44627095	0.80731077
8	160	-292.18879	-292.94048	-295.96735	-0.75169184	3.0268752
8	161	-276.045	-280.82828	-284.30251	-4.7832728	3.4742328
8	162	-390.65026	-392.43531	-393.61124	-1.7850468	1.1759359
8	163	-311.76285	-314.21738	-317.76617	-2.4545332	3.5487863
8	164	-531.31322	-534.31478	-535.04628	-3.0015666	0.73150031
8	165	-395.23598	-395.79561	-397.52161	-0.55962958	1.7259933
8	166	-429.57529	-428.99802	-429.5238	0.57727027	0.52578155
8	167	-242.57758	-243.89379	-246.84374	-1.3162133	2.94995
8	168	-387.76497	-386.90683	-387.12658	0.85813705	0.21974673
8	169	-290.7834	-291.5979	-292.47334	-0.81449502	0.87544169
8	170	-432.82406	-433.42235	-434.87817	-0.59829526	1.4558142
8	171	-370.08671	-371.51863	-370.48026	-1.4319194	-1.038366
8	172	-281.98959	-284.69263	-288.87309	-2.7030396	4.1804603
8	173	-310.85857	-312.14572	-313.98155	-1.2871411	1.8358315
8	174	-431.61903	-430.53695	-432.81371	1.0820742	2.2767564
8	175	-352.63427	-353.05979	-351.89501	-0.42551997	-1.164784
8	176	-458.76397	-457.687	-460.46789	1.0769694	2.7808891
8	177	-271.33258	-272.4269	-278.24795	-1.0943149	5.8210535
8	178	-242.0417	-243.48789	-247.70428	-1.4461906	4.216394
8	179	-352.74424	-353.96841	-356.07674	-1.2241677	2.1083306
8	180	-403.08015	-402.35051	-402.32955	0.72964201	-0.020954375
8	181	-267.95397	-268.80268	-270.57318	-0.8487131	1.7704966
8	182	-385.76768	-386.2163	-387.29195	-0.44861761	1.0756487
8	183	-514.87594	-513.16214	-511.30335	1.7137945	-1.8587986
8	184	-385.04557	-385.64493	-385.37537	-0.59936088	-0.26955576
8	185	-397.57908	-399.41586	-398.94105	-1.8367789	-0.47481195
8	186	-257.02504	-256.25015	-260.58042	0.77488886	4.3302716
8	187	-357.1374	-358.2506	-359.92645	-1.1131921	1.6758589
8	188	-458.40103	-454.71771	-456.64842	3.6833208	1.9307043
8	189	-373.30733	-373.23216	-372.88827	0.075170044	-0.34388749
8	190	-403.22621	-404.69843	-406.10599	-1.4722168	1.4075635
8	191	-265.70808	-266.40585	-268.11885	-0.69776427	1.7130028
8	192	-283.53522	-284.60587	-288.70335	-1.0706412	4.0974859
8	193	-297.66282	-300.0536	-298.93325	-2.390783	-1.1203515
8	194	-337.90318	-339.28204	-339.19531	-1.3788574	-0.08673309
8	195	-300.0335	-299.86774	-304.09366	0.16575879	4.225922
8	196	-429.01885	-429.91406	-431.72561	-0.895206	1.8115544
8	197	-454.68685	-453.67053	-454.57387	1.0163163	0.90334149
8	198	-298.45916	-299.11008	-301.34237	-0.6509262	2.2322861
8	199	-381.63736	-384.10706	-385.09103	-2.469699	0.98397322
8	200	-305.53707	-306.97041	-309.42727	-1.4333379	2.4568589
8	201	-277.82296	-278.5553	-280.61532	-0.73234948	2.0600159
8	202	-294.62298	-293.43157	-296.54918	1.1914096	3.1176113
8	203	-336.36527	-334.0489	-337.69296	2.3163647	3.6440542
8	204	-265.74022	-267.85419	-269.84115	-2.1139649	1.9869633
8	205	-333.18504	-335.61606	-338.01771	-2.4310142	2.4016579
8	206	-359.57738	-354.47023	-357.92524	5.1071448	3.4550054
8	207	-333.75689	-333.56897	-332.98925	0.18791663	-0.57972132
8	208	-305.90971	-305.86294	-309.5968	0.04677007	3.7338567
8	209	-360.81626	-362.4092	-364.32082	-1.5929326	1.911623
8	210	-317.6341	-318.44502	-322.60772	-0.81091985	4.1627061
8	211	-518.82439	-517.27209	-519.28388	1.5522988	2.0117874
8	212	-347.77322	-349.02646	-347.18787	-1.2532437	-1.838597
8	213	-337.96691	-339.59055	-334.00125	-1.6236334	-5.5892912
8	214	-365.99733	-366.42393	-366.5071	-0.42659561	0.083176607
8	215	-455.55461	-457.41395	-458.00086	-1.859339	0.58691058
8	216	-455.49544	-456.06705	-455.76117	-0.57160393	-0.30587101
8	217	-304.59476	-305.64849	-306.89597	-1.0537261	1.2474791
8	218	-268.22115	-268.23984	-271.21613	-0.018692521	2.9762894
8	219	-363.66315	-363.48085	-362.80346	0.1823005	-0.67738865
8	220	-431.60333	-430.96658	-432.73269	0.6367507	1.7661082
8	221	-506.3693	-506.80817	-507.93593	-0.43887089	1.1277672
8	222	-183.07512	-184.95087	-190.30993	-1.8757567	5.3590615
8	223	-311.41744	-311.09172	-313.35111	0.32572103	2.2593888
8	224	-309.6858	-309.40764	-312.42407	0.2781616	3.0164302
8	225	-372.55155	-372.15862	-375.89604	0.39293181	3.7374279
8	226	-419.43796	-418.12722	-418.2294	1.3107411	0.10217795
8	227	-342.73811	-344.68929	-345.79469	-1.9511779	1.1053972
8	228	-279.06928	-278.70505	-281.30617	0.36423821	2.6011268
8	229	-404.48229	-404.42998	-404.43659	0.052312351	0.0066109634
8	230	-286.73091	-289.06326	-290.4819	-2.3323419	1.4186422
8	231	-250.0326	-251.50584	-254.1961	-1.4732461	2.690259
8	232	-395.71703	-395.04818	-392.81314	0.66884851	-2.23504
8	233	-332.05478	-333.22856	-335.85773	-1.1737833	2.6291626
8	234	-231.97644	-233.63255	-236.62256	-1.6561104	2.9900126
8	235	-421.61947	-419.36567	-421.18342	2.2537945	1.8177485
8	236	-288.62895	-287.70864	-290.71956	0.9203103	3.0109179
8	237	-414.78571	-413.11166	-414.43049	1.6740574	1.3188341
8	238	-396.30847	-396.72047	-398.7432	-0.41199471	2.0227317
8	239	-480.27497	-480.68548	-482.59572	-0.41050764	1.9102455
8	240	-281.63368	-281.90564	-285.61983	-0.27196097	3.7141911
8	241	-231.2978	-232.30306	-234.2992	-1.0052589	1.9961385
8	242	-295.67447	-298.1329	-301.55116	-2.4584355	3.4182567
8	243	-535.82559	-534.99644	-534.06073	0.82914762	-0.93571133
8	244	-433.2329	-432.31413	-435.17571	0.91877208	2.8615807
8	245	-305.56554	-306.42024	-308.84618	-0.85470145	2.4259405
8	246	-381.59782	-383.236	-383.37112	-1.6381893	0.13511215
8	247	-313.21185	-314.50229	-313.74048	-1.2904466	-0.76180821
8	248	-425.15615	-426.54799	-426.82844	-1.3918477	0.28044612
8	249	-278.88278	-279.5135	-282.34817	-0.63072819	2.8346703
8	250	-345.11156	-348.18906	-349.4013	-3.0774957	1.2122408
8	251	-334.58155	-336.41048	-338.94609	-1.8289367	2.5356071
8	252	-288.047	-289.71528	-292.16697	-1.6682786	2.4516908
8	253	-346.56119	-347.19075	-349.42256	-0.62955214	2.2318162
8	254	-449.26028	-448.71975	-449.65434	0.54053077	0.93459105
8	255	-445.27884	-443.53775	-445.13887	1.74109	1.6011181
8	256	-358.67022	-356.75478	-360.25595	1.9154409	3.5011753
8	257	-418.75585	-420.33589	-421.39748	-1.5800473	1.0615891
8	258	-258.27685	-258.16501	-260.41788	0.11184008	2.2528712
8	259	-259.04843	-260.68546	-264.0665	-1.6370325	3.3810386
8	260	-287.56191	-289.24963	-291.56362	-1.6877174	2.3139864
8	261	-317.43647	-317.98015	-320.43922	-0.54367788	2.4590714
8	262	-237.47717	-238.9222	-241.4106	-1.4450306	2.4883993
8	263	-362.45914	-363.40298	-365.36622	-0.94384	1.9632416
8	264	-470.67937	-468.76464	-471.74367	1.9147236	2.9790271
8	265	-288.44374	-289.20541	-292.41147	-0.76166952	3.2060653
8	266	-334.02757	-334.07058	-335.64533	-0.043010136	1.5747418
8	267	-319.4671	-319.50025	-321.47833	-0.033156304	1.9780799
8	268	-376.28108	-378.10969	-377.22549	-1.8286113	-0.88419985
8	269	-315.93313	-314.86778	-319.85355	1.0653485	4.9857664
8	270	-279.757	-279.60049	-282.20475	0.15650781	2.6042518
8	271	-410.27834	-411.22982	-411.27357	-0.95147606	0.043756751
8	272	-486.17219	-487.30413	-489.65006	-1.1319421	2.3459305
8	273	-352.479	-348.71833	-350.56427	3.7606656	1.8459359
8	274	-276.15063	-276.75861	-278.39441	-0.60797382	1.6358023
8	275	-384.96544	-385.38096	-387.43749	-0.41551308	2.0565347
8	276	-369.20064	-370.54713	-369.1381	-1.346489	-1.4090357
8	277	-364.90259	-365.06558	-366.72272	-0.16299007	1.6571444
8	278	-247.52715	-247.2834	-249.43054	0.24374553	2.1471353
8	279	-448.11631	-448.99525	-449.22891	-0.8789433	0.23366006
8	280	-273.24662	-275.9905	-279.95918	-2.7438755	3.9686791
8	281	-284.87564	-285.15721	-287.90148	-0.28156499	2.7442761
8	282	-326.55312	-325.73459	-328.10327	0.81853613	2.3686844
8	283	-278.50663	-279.5948	-284.12204	-1.0881743	4.5272374
8	284	-284.41974	-284.40384	-286.71995	0.015897452	2.3161061
8	285	-302.99571	-300.25643	-303.80176	2.7392795	3.5453244
8	286	-314.86504	-314.38352	-317.36891	0.48151852	2.9853853
8	287	-294.92412	-295.95232	-298.8458	-1.0282013	2.8934838
8	288	-383.12411	-380.37805	-382.83149	2.7460624	2.4534422
8	289	-445.77767	-446.6647	-446.06664	-0.88702407	-0.59805154
8	290	-256.81845	-257.85278	-261.19568	-1.0343267	3.3429056
8	291	-279.99807	-281.03238	-281.41882	-1.0343139	0.38643403
8	292	-323.76418	-324.08964	-326.74968	-0.32546065	2.6600425
8	293	-406.36004	-407.74968	-407.99479	-1.3896376	0.24511441
8	294	-582.46203	-582.11739	-584.08512	0.34463286	1.9677266
8	295	-282.27874	-283.22659	-284.57338	-0.94784325	1.3467983
8	296	-275.12863	-276.90299	-277.82124	-1.774355	0.91825071
8	297	-430.48353	-430.53689	-432.8725	-0.053355539	2.3356126
8	298	-302.54721	-302.63517	-305.17419	-0.087955519	2.5390245
8	299	-309.97154	-312.48954	-313.49953	-2.5179988	1.0099953
8	300	-290.92996	-291.12629	-292.90757	-0.19633286	1.7812716
8	301	-388.91015	-394.069	-390.92681	-5.1588467	-3.1421875
8	302	-411.53334	-412.87833	-414.50325	-1.3449906	1.624917
8	303	-311.28661	-312.5301	-316.63125	-1.2434975	4.1011407
8	304	-333.71428	-334.68623	-337.83589	-0.9719501	3.1496632
8	305	-298.79082	-300.35424	-303.50663	-1.5634252	3.1523921
8	306	-539.66187	-539.98297	-540.35012	-0.3210945	0.36715119
8	307	-380.29629	-382.08306	-383.26527	-1.7867644	1.1822143
8	308	-289.85854	-285.50333	-289.40663	4.3552091	3.9032969
8	309	-273.18701	-274.30693	-275.95958	-1.1199153	1.6526496
8	310	-353.60133	-354.3171	-358.2044	-0.71577639	3.8872914
8	311	-396.74832	-397.68819	-398.29199	-0.9398707	0.60379732
8	312	-398.22134	-399.47071	-399.37502	-1.2493676	-0.09568917
8	313	-283.10147	-285.01714	-287.761	-1.9156625	2.7438629
8	314	-342.06205	-338.40921	-343.60934	3.652843	5.2001308
8	315	-413.7224	-413.15235	-415.31032	0.57004854	2.1579693
8	316	-303.96774	-304.2324	-308.21942	-0.26466078	3.9870234
8	317	-287.88975	-288.38926	-290.28132	-0.49950303	1.8920667
8	318	-369.23533	-370.41593	-372.93295	-1.1806015	2.517021
8	319	-299.23956	-300.55952	-303.63673	-1.3199607	3.0772126
8	320	-251.72583	-252.24263	-255.0632	-0.51679964	2.8205718
8	321	-430.16365	-430.83854	-429.48107	-0.67488375	-1.3574689
8	322	-412.80748	-413.7889	-415.22073	-0.98141967	1.4318363
8	323	-437.95184	-436.05177	-438.87763	1.9000786	2.8258653
8	324	-210.13714	-212.16117	-215.40651	-2.0240298	3.2453469
8	325	-406.9286	-407.12506	-408.19091	-0.19646695	1.0658453
8	326	-339.14987	-340.2069	-341.88276	-1.0570337	1.6758593
8	327	-386.09895	-390.51524	-390.97293	-4.416281	0.45769318
8	328	-518.07642	-519.98814	-518.11319	-1.9117261	-1.8749574
8	329	-333.96089	-334.48263	-339.83306	-0.52173654	5.3504317
8	330	-375.75678	-375.93692	-373.92588	-0.18013899	-2.0110343
8	331	-291.82231	-293.08909	-296.35228	-1.2667774	3.2631918
8	332	-294.72369	-295.93919	-297.23951	-1.2155035	1.3003194
8	333	-319.46058	-320.65363	-320.39035	-1.1930504	-0.26327647
8	334	-273.96472	-274.81545	-277.22059	-0.85073032	2.4051441
8	335	-349.91821	-350.76384	-353.99484	-0.84562372	3.2310039
8	336	-261.68617	-262.8401	-267.11065	-1.1539299	4.2705535
8	337	-253.09603	-254.58128	-261.43429	-1.4852475	6.8530115
8	338	-301.69773	-303.42544	-306.05122	-1.727709	2.6257818
8	339	-429.55158	-430.8766	-430.45839	-1.3250141	-0.41820848
8	340	-223.09983	-223.99492	-226.5651	-0.89509267	2.5701747
8	341	-352.5535	-354.28568	-356.44378	-1.7321729	2.1581056
8	342	-278.09829	-277.83286	-281.85167	0.2654365	4.0188115
8	343	-434.29828	-431.44767	-435.02286	2.8506128	3.5751913
8	344	-381.08724	-381.33514	-383.45335	-0.24789899	2.1182107
8	345	-305.08569	-307.3311	-308.24507	-2.2454136	0.9139706
8	346	-222.96489	-224.18875	-228.90395	-1.2238532	4.7152037
8	347	-378.63547	-379.45666	-379.20284	-0.82118885	-0.25381948
8	348	-465.30137	-465.62868	-466.50927	-0.32731385	0.88058749
8	349	-416.12431	-416.94029	-417.84798	-0.81598012	0.90768987
8	350	-416.98589	-417.83953	-419.35786	-0.85363832	1.5183349
8	351	-354.06925	-355.59291	-356.04928	-1.5236578	0.45636952
8	352	-524.89116	-530.22243	-530.72203	-5.3312632	0.49960149
8	353	-274.64758	-274.93572	-278.63482	-0.2881423	3.6990967
8	354	-269.2685	-270.5358	-273.21447	-1.2672948	2.6786754
8	355	-307.73904	-310.61255	-311.41741	-2.8735094	0.80486067
8	356	-446.91654	-446.00759	-446.40623	0.90894877	0.39863879
8	357	-261.46425	-265.94523	-266.83897	-4.4809779	0.89374178
8	358	-395.02791	-395.87879	-394.0467	-0.85087857	-1.8320848
8	359	-393.43866	-394.41948	-394.85575	-0.98081985	0.43627053
8	360	-277.34967	-277.86128	-281.06016	-0.5116073	3.1988821
8	361	-325.63074	-324.93554	-326.20627	0.69519773	1.2707276
8	362	-400.95852	-401.81614	-403.55838	-0.8576126	1.7422386
8	363	-556.62986	-555.82524	-558.38452	0.80461801	2.559278
8	364	-287.74199	-288.18737	-291.97069	-0.44538067	3.7833236
8	365	-341.63359	-342.5883	-342.13059	-0.95471339	-0.4577069
8	366	-329.72154	-330.107	-335.45384	-0.38545969	5.3468345
8	367	-304.92315	-307.43775	-308.03283	-2.5146064	0.59507551
8	368	-408.12052	-407.70142	-410.5188	0.41910074	2.8173793
8	369	-428.02239	-428.429	-430.28754	-0.40660727	1.8585398
8	370	-371.14539	-372.25697	-374.82116	-1.111579	2.5641857
8	371	-374.50638	-374.51616	-372.28065	-0.0097751049	-2.2355054
8	372	-430.91151	-430.27689	-429.53682	0.6346227	-0.74006053
8	373	-242.09864	-241.51115	-245.73358	0.5874965	4.2224313
8	374	-264.21105	-265.24697	-270.73818	-1.0359285	5.4912068
8	375	-300.12125	-299.25138	-301.13242	0.86987273	1.8810371
8	376	-446.79339	-446.61737	-448.81003	0.17601361	2.1926523
8	377	-400.48839	-402.97446	-404.61145	-2.4860737	1.6369914
8	378	-288.698	-289.61395	-290.78163	-0.91594202	1.1676851
8	379	-324.62972	-323.00802	-322.6142	1.6217006	-0.39382333
8	380	-464.69039	-464.34363	-465.23758	0.34675395	0.89395124
8	381	-406.46822	-404.67598	-407.97582	1.7922331	3.2998331
8	382	-264.05409	-265.38297	-268.37887	-1.3288819	2.9958996
8	383	-372.54289	-373.95831	-375.28929	-1.4154188	1.3309773
8	384	-332.49484	-333.80579	-336.93019	-1.3109497	3.1244075
8	385	-301.15875	-301.6521	-303.47913	-0.49334762	1.8270349
8	386	-323.1706	-325.12407	-326.96747	-1.9534686	1.8434045
8	387	-321.38235	-320.79736	-325.30203	0.58498649	4.504672
8	388	-374.61612	-376.63802	-376.86929	-2.0219011	0.23126964
8	389	-313.83542	-312.32408	-316.14359	1.5113354	3.8195046
8	390	-320.9254	-320.22502	-323.77727	0.70038202	3.5522564
8	391	-263.82579	-263.75405	-268.28564	0.071738982	4.5315933
8	392	-352.48585	-353.07935	-354.53232	-0.59349524	1.4529677
8	393	-328.51895	-329.95519	-330.02686	-1.436239	0.071669213
8	394	-205.21812	-205.04844	-207.81888	0.16967802	2.7704385
8	395	-318.99038	-320.34507	-321.1386	-1.3546807	0.79353912
8	396	-365.86826	-366.43988	-367.05348	-0.57161421	0.61360297
8	397	-288.19381	-287.90573	-292.22395	0.28808082	4.3182248
8	398	-387.65826	-387.39897	-388.4528	0.25928611	1.0538251
8	399	-326.23296	-326.6091	-327.09409	-0.37613437	0.48499548
8	400	-411.44604	-411.20288	-414.01737	0.24315104	2.8144893
8	401	-307.86907	-307.00125	-309.20877	0.8678153	2.207521
8	402	-373.1906	-374.13206	-376.11496	-0.94145277	1.9829005
8	403	-362.05557	-362.28375	-364.75437	-0.2281799	2.4706148
8	404	-376.92661	-373.98423	-375.33761	2.9423846	1.3533877
8	405	-378.20233	-376.55261	-378.89672	1.6497218	2.3441144
8	406	-209.18164	-210.75635	-216.79773	-1.5747063	6.0413862
8	407	-444.42696	-442.76122	-445.10424	1.6657387	2.343012
8	408	-559.07287	-559.23296	-560.03971	-0.16008326	0.80674953
8	409	-352.35467	-351.41043	-352.63786	0.94423967	1.2274255
8	410	-346.30301	-346.02891	-349.69928	0.27410848	3.6703768
8	411	-312.85502	-313.03359	-313.27637	-0.17857036	0.24277802
8	412	-373.53225	-372.03882	-375.92277	1.4934373	3.8839577
8	413	-401.35579	-400.2077	-402.64753	1.148087	2.4398259
8	414	-538.37447	-538.09739	-535.89188	0.27707772	-2.2055083
8	415	-280.44871	-282.32474	-285.07583	-1.8760389	2.7510895
8	416	-384.47998	-383.08388	-383.4969	1.3961023	0.41301709
8	417	-341.46887	-342.62468	-343.61951	-1.1558052	0.99483507
8	418	-289.01092	-290.4942	-294.72399	-1.4832772	4.2297957
8	419	-301.6726	-302.21523	-304.37578	-0.54262744	2.160553
8	420	-409.02776	-407.97435	-408.70838	1.053417	0.73403356
8	421	-345.83225	-344.22582	-346.57242	1.6064232	2.3465915
8	422	-350.35204	-349.75556	-350.92927	0.59648627	1.1737117
8	423	-465.54422	-466.24954	-464.71613	-0.70532573	-1.5334134
8	424	-429.83098	-431.01285	-431.54874	-1.1818739	0.53588529
8	425	-412.45955	-413.44684	-414.84132	-0.98728367	1.3944846
8	426	-322.82468	-324.51579	-326.47262	-1.6911036	1.956831
8	427	-295.52665	-297.22386	-300.41953	-1.6972082	3.1956704
8	428	-254.05023	-254.83112	-258.70887	-0.78089357	3.8777484
8	429	-348.46932	-350.06517	-351.92896	-1.5958512	1.863788
8	430	-311.85756	-314.97964	-315.36304	-3.1220787	0.38340251
8	431	-369.8421	-370.95937	-372.14001	-1.1172721	1.1806354
8	432	-336.29799	-335.51653	-339.65288	0.78146806	4.136351
8	433	-309.43642	-309.00482	-313.57562	0.43160191	4.5707997
8	434	-492.9783	-492.68724	-492.5034	0.29105989	-0.18384797
8	435	-272.70484	-272.72465	-276.57121	-0.019818148	3.8465582
8	436	-376.46472	-376.92828	-376.88829	-0.46356556	-0.039988904
8	437	-327.48569	-328.11369	-329.38241	-0.62799487	1.2687238
8	438	-388.13767	-388.42854	-390.09166	-0.29087378	1.6631178
8	439	-326.95057	-327.58103	-324.78527	-0.63046072	-2.7957613
8	440	-425.54675	-426.27722	-427.97682	-0.73046947	1.6996033
8	441	-470.6529	-471.59963	-471.73408	-0.94673079	0.13445526
8	442	-485.09331	-484.98203	-488.13291	0.11127524	3.1508754
8	443	-516.11452	-519.84134	-520.87709	-3.7268277	1.0357446
8	444	-333.6651	-335.5453	-335.48701	-1.8802004	-0.058291796
8	445	-288.81965	-290.30572	-292.60504	-1.4860633	2.2993269
8	446	-364.53392	-365.01623	-368.04464	-0.48230884	3.0284135
8	447	-323.02221	-321.48766	-326.24403	1.5345455	4.7563707
8	448	-445.69231	-447.95405	-447.23278	-2.2617448	-0.72126728
8	449	-370.12	-370.53704	-370.29646	-0.41704219	-0.24057829
8	450	-332.11339	-332.99374	-335.02916	-0.88034526	2.0354207
8	451	-390.3888	-388.92115	-389.92704	1.4676509	1.0058907
8	452	-333.83401	-335.23737	-336.5605	-1.4033604	1.3231324
8	453	-515.17131	-515.09796	-515.12549	0.073355915	0.027532223
8	454	-241.85809	-242.94759	-245.66226	-1.0894997	2.7146683
8	455	-396.44498	-397.02692	-400.10855	-0.58194081	3.0816279
8	456	-245.85387	-246.56962	-250.24421	-0.71574849	3.6745915
8	457	-238.37576	-239.30889	-242.54076	-0.93313293	3.2318728
8	458	-307.98954	-307.57946	-309.40096	0.41007617	1.8214958
8	459	-363.64133	-363.64954	-363.90008	-0.0082103806	0.25054889
8	460	-242.72596	-242.74338	-247.80522	-0.01742031	5.0618452
8	461	-383.61968	-384.54862	-388.30952	-0.92893877	3.7608994
8	462	-387.70577	-388.48462	-389.67636	-0.77884643	1.1917431
8	463	-398.48415	-400.78703	-401.06718	-2.3028868	0.28014875
8	464	-400.18358	-401.23172	-402.06579	-1.0481357	0.83407475
8	465	-283.60484	-284.54907	-286.90964	-0.94423543	2.3605658
8	466	-481.84685	-482.7551	-483.36268	-0.90824772	0.60758488
8	467	-251.12473	-251.61996	-253.15325	-0.4952207	1.5332958
8	468	-310.35814	-311.17078	-313.45193	-0.81264111	2.2811457
8	469	-207.83581	-208.88348	-212.2086	-1.0476627	3.3251233
8	470	-324.25903	-325.23337	-329.3246	-0.97433073	4.0912334
8	471	-280.78825	-281.66709	-282.96834	-0.87884823	1.3012478
8	472	-268.42883	-268.36586	-273.83938	0.062973137	5.4735223
8	473	-434.24965	-433.99964	-436.7707	0.25000542	2.7710565
8	474	-244.48582	-245.06806	-247.08404	-0.58224124	2.0159834
8	475	-313.30415	-314.20816	-318.27723	-0.90401577	4.0690634
8	476	-384.00087	-384.94638	-385.82854	-0.94551495	0.88215651
8	477	-322.63935	-324.48626	-327.67705	-1.8469037	3.1907989
8	478	-413.37451	-413.31958	-417.03593	0.05492888	3.7163552
8	479	-365.28019	-363.45527	-367.50148	1.8249122	4.0462096
8	480	-335.06547	-335.10602	-339.35554	-0.040547751	4.2495177
8	481	-447.90922	-450.49288	-448.69927	-2.5836656	-1.7936084
8	482	-466.04557	-467.88426	-469.78706	-1.838684	1.9028011
8	483	-297.30156	-298.16975	-301.11855	-0.86818794	2.9488027
8	484	-375.56331	-377.11229	-377.20733	-1.5489737	0.095046308
8	485	-325.60069	-326.5186	-327.60484	-0.91791127	1.0862419
8	486	-302.96717	-303.39801	-305.49253	-0.43083965	2.0945247
8	487	-249.78093	-251.56898	-253.62058	-1.7880554	2.0515971
8	488	-409.32452	-410.42796	-411.63617	-1.1034315	1.2082161
8	489	-358.07756	-358.94156	-359.96331	-0.86399883	1.0217512
8	490	-283.53039	-287.26124	-291.06504	-3.730853	3.8037999
8	491	-457.59231	-456.02195	-454.65145	1.5703558	-1.3704971
8	492	-332.81587	-333.15534	-336.16097	-0.33946115	3.0056296
8	493	-395.43332	-392.01043	-391.432	3.4228928	-0.57843024
8	494	-291.49905	-293.53552	-295.90129	-2.0364717	2.3657699
8	495	-259.63824	-260.66975	-263.64616	-1.0315035	2.9764097
8	496	-398.52391	-399.94505	-398.05128	-1.421134	-1.8937679
8	497	-406.65039	-409.1201	-409.84458	-2.4697164	0.72447688
8	498	-589.85439	-587.6153	-588.02002	2.2390874	0.40472374
8	499	-342.67996	-342.21708	-345.39471	0.46287854	3.17763
8	500	-447.90555	-449.20067	-451.49452	-1.2951194	2.2938445
8	501	-444.49574	-443.98108	-446.45127	0.51465736	2.470186
8	502	-363.32121	-364.03739	-367.64219	-0.71618431	3.6047962
8	503	-326.3881	-326.42953	-332.98142	-0.041423912	6.5518938
8	504	-290.51486	-290.78553	-292.2813	-0.27066854	1.4957681
8	505	-419.49445	-418.56445	-420.17378	0.92999774	1.6093302
8	506	-273.56769	-274.72395	-279.87451	-1.1562572	5.1505591
8	507	-382.50017	-384.23557	-384.69143	-1.7354035	0.45586007
8	508	-304.26931	-304.92361	-306.73697	-0.65429506	1.8133679
8	509	-440.51649	-442.40305	-441.4654	-1.886559	-0.93764565
8	510	-512.28933	-514.32918	-515.87984	-2.0398471	1.5506623
8	511	-379.62838	-377.75177	-379.05764	1.8766153	1.3058715
8	512	-536.11453	-535.84418	-533.53122	0.27035032	-2.3129609
8	513	-211.53323	-213.50078	-217.39649	-1.9675493	3.8957111
8	514	-432.28273	-434.08285	-436.0362	-1.8001241	1.9533489
8	515	-298.05773	-299.45525	-301.38484	-1.3975249	1.9295869
8	516	-272.98185	-272.17608	-278.24042	0.80577412	6.0643419
8	517	-262.28331	-265.29769	-267.41772	-3.0143814	2.12003
8	518	-451.849	-450.45667	-451.98063	1.3923292	1.5239645
8	519	-386.24147	-387.92962	-387.65033	-1.6881508	-0.27928995
8	520	-398.62217	-398.44988	-398.99332	0.1722913	0.54343296
8	521	-303.06541	-303.62843	-306.70426	-0.56301976	3.0758307
8	522	-313.48898	-313.37403	-313.98494	0.11495378	0.6109075
8	523	-288.54303	-288.3244	-289.10017	0.21862491	0.77576333
8	524	-472.28673	-472.82045	-472.61766	-0.53371499	-0.20279288
8	525	-378.85678	-381.20712	-384.18504	-2.3503432	2.977917
8	526	-416.01499	-417.29933	-419.85781	-1.2843387	2.5584824
8	527	-303.49408	-302.90928	-304.66413	0.58480352	1.7548452
8	528	-245.07699	-246.88762	-249.03289	-1.8106345	2.1452727
8	529	-310.71654	-311.92311	-313.20769	-1.2065685	1.2845752
8	530	-281.1995	-282.80678	-286.18925	-1.6072799	3.3824658
8	531	-310.18332	-310.44718	-312.92637	-0.26386006	2.4791923
8	532	-477.90258	-477.22428	-477.06174	0.67829522	-0.16254534
8	533	-375.80009	-375.98311	-377.42276	-0.18301737	1.4396494
8	534	-265.86053	-268.31584	-269.58842	-2.4553126	1.2725815
8	535	-306.90352	-307.61527	-313.03896	-0.71175745	5.4236824
8	536	-467.05014	-468.1633	-467.92043	-1.1131583	-0.24286527
8	537	-384.48472	-385.53671	-387.92624	-1.0519956	2.3895261
8	538	-355.49166	-356.54494	-359.4862	-1.0532771	2.9412625
8	539	-272.77226	-273.29167	-276.79801	-0.51941611	3.5063404
8	540	-292.00919	-292.50149	-295.66633	-0.49229906	3.1648409
8	541	-497.19561	-494.53782	-494.52105	2.6577928	-0.016766813
8	542	-278.3535	-278.55259	-282.1117	-0.1990875	3.5591131
8	543	-302.5146	-304.02536	-305.99772	-1.5107644	1.9723582
8	544	-461.87761	-460.82299	-461.35518	1.054617	0.53218879
8	545	-336.26493	-338.73082	-339.84723	-2.4658936	1.116402
8	546	-380.64306	-381.89775	-383.07309	-1.2546907	1.1753418
8	547	-259.17032	-260.28603	-264.62618	-1.1157178	4.3401465
8	548	-299.92288	-302.44347	-305.15618	-2.5205978	2.7127039
8	549	-389.91	-389.58619	-388.25427	0.32380364	-1.3319216
8	550	-286.01576	-285.96252	-288.70336	0.053235986	2.7408373
8	551	-301.35539	-301.1047	-306.26113	0.25068502	5.1564258
8	552	-300.64525	-299.26219	-303.29489	1.3830599	4.0326975
8	553	-349.3334	-350.3838	-349.22301	-1.0504068	-1.1607899
8	554	-385.04169	-386.34868	-388.95132	-1.3069851	2.602642
8	555	-354.95595	-356.97212	-355.86228	-2.01617	-1.1098309
8	556	-255.30549	-257.98841	-260.51507	-2.6829209	2.5266582
8	557	-342.88579	-343.26685	-345.94119	-0.38106307	2.6743318
8	558	-368.16645	-368.2716	-370.25359	-0.10515153	1.9819874
8	559	-327.79994	-328.1924	-331.40865	-0.39246383	3.2162483
8	560	-268.06432	-272.12757	-273.62494	-4.0632455	1.4973665
8	561	-253.87112	-254.67073	-257.99406	-0.79961034	3.3233298
8	562	-386.8822	-387.3958	-389.13026	-0.51360447	1.7344534
8	563	-470.05831	-469.94342	-468.90127	0.11489054	-1.0421461
8	564	-318.91072	-319.73569	-322.61914	-0.82497057	2.8834462
8	565	-317.1225	-318.99401	-319.7958	-1.8715143	0.80178842
8	566	-388.29338	-388.18985	-390.39492	0.10352477	2.2050739
8	567	-395.2112	-396.29868	-396.80768	-1.0874796	0.50900679
8	568	-219.31709	-220.52936	-227.98675	-1.2122756	7.4573837
8	569	-465.66209	-467.18648	-466.76987	-1.5243876	-0.41660911
8	570	-595.43012	-596.13793	-593.72099	-0.70780253	-2.4169362
8	571	-226.82915	-226.5253	-229.88848	0.3038519	3.3631744
8	572	-262.44791	-264.33285	-266.91792	-1.884937	2.5850711
8	573	-255.21825	-255.511	-261.64456	-0.29275392	6.1335579
8	574	-278.2643	-279.63537	-281.195	-1.371072	1.5596312
8	575	-313.37676	-314.93155	-316.20326	-1.554784	1.2717117
8	576	-217.18213	-218.92607	-222.24494	-1.7439428	3.3188723
8	577	-424.65703	-425.88916	-425.80294	-1.232135	-0.08622656
8	578	-247.9697	-249.18565	-252.40216	-1.215943	3.2165157
8	579	-297.67088	-299.59565	-301.7412	-1.9247711	2.1455458
8	580	-536.254	-537.34337	-534.0714	-1.0893679	-3.2719687
8	581	-327.49483	-328.65304	-330.52284	-1.158218	1.8697943
8	582	-340.67396	-340.36645	-341.79253	0.30751397	1.4260793
8	583	-234.43279	-235.69865	-239.08098	-1.2658672	3.3823236
8	584	-336.22527	-336.60677	-337.65203	-0.38150429	1.0452605
8	585	-353.50325	-357.53701	-355.77572	-4.0337675	-1.7612917
8	586	-369.80758	-367.83523	-371.26413	1.9723535	3.4289001
8	587	-301.88801	-304.76176	-308.44005	-2.8737484	3.6782888
8	588	-415.19471	-415.51262	-416.63721	-0.31791012	1.1245941
8	589	-402.31717	-404.745	-406.07153	-2.4278245	1.3265352
8	590	-323.30417	-322.53766	-321.48303	0.76651418	-1.0546294
8	591	-412.68776	-413.0087	-418.82166	-0.32094534	5.812957
8	592	-444.88772	-444.13529	-447.41346	0.75242294	3.2781695
8	593	-387.66431	-388.1873	-386.66848	-0.5229907	-1.518827
8	594	-334.43285	-337.68094	-336.89903	-3.2480867	-0.78190904
8	595	-306.75541	-306.93813	-308.6437	-0.18272187	1.7055705
8	596	-508.87565	-509.05132	-505.54529	-0.17567601	-3.5060324
8	597	-398.31962	-397.1664	-399.52632	1.1532151	2.3599151
8	598	-273.31042	-272.41323	-276.0406	0.89718981	3.6273782
8	599	-295.05286	-293.46511	-296.47775	1.5877508	3.0126416
8	600	-651.12549	-651.14131	-650.7953	-0.015816628	-0.346009
8	601	-433.36912	-433.76855	-432.51788	-0.39943574	-1.2506711
8	602	-360.09179	-358.40429	-362.47037	1.6874966	4.0660778
8	603	-268.20506	-267.92414	-271.72017	0.28092322	3.7960289
8	604	-406.81544	-404.36861	-407.72471	2.446831	3.3560941
8	605	-354.54298	-355.62013	-357.26551	-1.0771477	1.6453795
8	606	-221.43067	-223.5344	-225.20542	-2.1037327	1.6710217
8	607	-396.06159	-397.09448	-396.35247	-1.0328927	-0.742018
8	608	-294.29665	-295.42108	-299.62767	-1.1244291	4.2065897
8	609	-387.08161	-386.00281	-387.71964	1.0787978	1.7168338
8	610	-253.15419	-251.76877	-255.42793	1.3854138	3.6591633
8	611	-264.56409	-265.78924	-267.69837	-1.2251431	1.9091327
8	612	-374.60504	-372.76459	-376.32559	1.8404511	3.5610042
8	613	-399.00939	-400.08084	-402.81592	-1.0714461	2.7350896
8	614	-432.8375	-430.95193	-431.16016	1.8855625	0.20822798
8	615	-364.6717	-365.01576	-368.47435	-0.34406551	3.4585915
8	616	-405.55719	-401.48241	-406.14597	4.0747774	4.6635631
8	617	-336.21471	-336.50029	-338.98988	-0.28557809	2.4895879
8	618	-430.55683	-431.09081	-432.78367	-0.53398351	1.692864
8	619	-259.90895	-260.99248	-264.60721	-1.083536	3.6147223
8	620	-261.4033	-262.94839	-264.10576	-1.5450937	1.157366
8	621	-303.53463	-302.2272	-304.71507	1.3074327	2.4878714
8	622	-316.73694	-318.61419	-320.32356	-1.8772549	1.7093698
8	623	-463.95297	-464.50717	-470.1234	-0.55419527	5.6162348
8	624	-264.75398	-262.52646	-268.75753	2.2275207	6.2310738
8	625	-376.82189	-376.75399	-378.56752	0.067903427	1.8135366
8	626	-344.88696	-344.89213	-348.39418	-0.0051708921	3.5020542
8	627	-220.71347	-222.39425	-224.31128	-1.6807823	1.9170304
8	628	-311.41743	-311.97356	-314.37942	-0.55612682	2.4058647
8	629	-507.30991	-507.42227	-508.79671	-0.11236337	1.374435
8	630	-402.32372	-402.38895	-404.69811	-0.065230907	2.309167
8	631	-622.47274	-626.14934	-621.4923	-3.6766016	-4.6570411
8	632	-439.57941	-440.67629	-442.86093	-1.0968753	2.1846379
8	633	-463.94064	-462.57011	-464.84975	1.370532	2.2796399
8	634	-310.59363	-312.67881	-314.43197	-2.085178	1.753161
8	635	-275.42264	-277.12488	-279.53327	-1.7022431	2.4083904
8	636	-406.3711	-405.71589	-407.8022	0.65520979	2.0863082
8	637	-302.38136	-302.17767	-304.18133	0.20368488	2.003656
8	638	-381.68685	-382.01034	-383.41374	-0.32349147	1.4034007
8	639	-243.30996	-245.33315	-247.07611	-2.023188	1.7429597
8	640	-343.33298	-341.5392	-343.03121	1.7937887	1.4920184
8	641	-319.38749	-321.26318	-323.33938	-1.8756891	2.0761993
8	642	-308.83233	-310.1248	-311.09313	-1.292473	0.96833156
8	643	-390.48616	-389.09243	-392.43753	1.3937336	3.3450949
8	644	-422.31627	-422.22672	-420.07381	0.089542746	-2.1529172
8	645	-395.35223	-395.66847	-397.70321	-0.31623888	2.0347391
8	646	-270.83342	-271.85985	-272.94057	-1.0264256	1.0807287
8	647	-289.4437	-286.24774	-290.59812	3.195954	4.3503793
8	648	-325.76072	-327.38613	-326.37105	-1.6254034	-1.0150748
8	649	-288.78134	-290.1913	-292.82596	-1.4099599	2.6346633
8	650	-315.81478	-316.21593	-319.20355	-0.40114929	2.9876272
8	651	-382.84233	-385.714	-388.35199	-2.8716748	2.6379882
8	652	-418.18899	-419.6984	-416.89055	-1.5094093	-2.8078493
8	653	-320.43967	-320.66122	-322.53912	-0.22154242	1.8779017
8	654	-413.75098	-413.14055	-413.17991	0.61043288	0.039364154
8	655	-277.06666	-276.73123	-278.80102	0.33542917	2.0697863
8	656	-370.19026	-371.64377	-371.33219	-1.4535102	-0.31158086
8	657	-216.7202	-218.15523	-222.52059	-1.4350319	4.3653595
8	658	-435.21348	-437.02043	-437.29161	-1.8069502	0.27117713
8	659	-326.15882	-327.61344	-329.09154	-1.4546256	1.4780956
8	660	-473.02459	-474.57146	-475.55506	-1.5468736	0.98359599
8	661	-282.15023	-282.00695	-284.74494	0.14327352	2.7379854
8	662	-459.57476	-461.4273	-462.47935	-1.8525341	1.0520541
8	663	-370.17319	-371.15934	-372.10944	-0.98614294	0.95010068
8	664	-439.32848	-439.92151	-442.55938	-0.59302737	2.6378743
8	665	-410.87675	-411.71748	-412.45974	-0.84073023	0.74226364
8	666	-400.14985	-397.40788	-400.05484	2.741966	2.6469514
8	667	-341.94624	-342.38937	-346.29701	-0.44313268	3.9076361
8	668	-377.26845	-380.20873	-378.87285	-2.9402773	-1.3358735
8	669	-440.63336	-442.76321	-440.95334	-2.1298524	-1.8098694
8	670	-408.20089	-409.20103	-410.35905	-1.0001388	1.1580208
8	671	-388.1644	-388.61458	-390.89764	-0.45018874	2.2830588
8	672	-320.43167	-320.36709	-324.12079	0.064582679	3.7537005
8	673	-387.08894	-386.93443	-385.63919	0.15451201	-1.2952443
8	674	-388.27041	-387.99308	-389.02397	0.27732339	1.0308821
8	675	-262.27333	-263.01363	-265.7177	-0.74030584	2.7040702
8	676	-550.08218	-549.60339	-548.9019	0.47879531	-0.70148928
8	677	-340.63052	-340.01022	-342.45874	0.6202938	2.4485131
8	678	-220.85478	-222.45653	-223.72788	-1.6017474	1.2713459
8	679	-316.88108	-317.51862	-318.48728	-0.63753193	0.96866394
8	680	-260.2252	-261.63119	-264.90817	-1.4059871	3.2769787
8	681	-418.8753	-411.59002	-407.59159	7.2852807	-3.9984242
8	682	-510.05399	-510.03408	-514.83608	0.019909943	4.802007
8	683	-358.95061	-359.69817	-361.27998	-0.74756024	1.5818087
8	684	-242.4248	-244.51845	-245.71072	-2.0936443	1.1922761
8	685	-439.55882	-441.47889	-442.62999	-1.920068	1.151098
8	686	-219.18698	-221.07654	-224.27109	-1.8895616	3.1945457
8	687	-305.92383	-306.74953	-309.7952	-0.82570162	3.0456758
8	688	-313.83505	-314.48967	-317.26818	-0.6546211	2.7785051
8	689	-409.88146	-410.15374	-412.8357	-0.27228541	2.6819533
8	690	-353.22554	-355.19507	-355.58966	-1.96953	0.39459443
8	691	-443.60282	-440.38654	-439.88086	3.2162816	-0.50567737
8	692	-417.31266	-417.46004	-418.0861	-0.14738523	0.62605902
8	693	-386.14366	-388.01123	-385.59633	-1.8675745	-2.4149044
8	694	-435.17977	-437.86834	-437.59798	-2.6885689	-0.27036369
8	695	-317.19155	-315.40002	-319.83833	1.7915289	4.4383146
8	696	-386.12565	-387.15768	-389.36928	-1.0320232	2.2116051
8	697	-244.53607	-244.4691	-247.06385	0.06697398	2.5947526
8	698	-396.0803	-396.64795	-399.01064	-0.56764588	2.3626943
8	699	-231.74095	-232.03525	-236.06517	-0.29430286	4.0299137
8	700	-270.83234	-271.73098	-275.48484	-0.89863971	3.7538607
8	701	-371.37625	-369.75449	-370.79609	1.6217601	1.0416007
8	702	-523.24551	-524.19732	-525.33498	-0.95180791	1.1376643
8	703	-262.29357	-264.36138	-268.36497	-2.0678156	4.0035877
8	704	-352.11059	-352.83134	-356.15141	-0.72074424	3.3200736
8	705	-318.65508	-319.95022	-324.85239	-1.2951343	4.9021761
8	706	-250.38844	-251.07946	-254.57614	-0.6910191	3.4966878
8	707	-352.21859	-353.50822	-354.87194	-1.2896259	1.3637222
8	708	-376.24353	-377.29216	-375.45774	-1.048636	-1.8344272
8	709	-377.52061	-377.37024	-376.50355	0.15036626	-0.86669024
8	710	-301.09168	-302.70968	-304.22874	-1.6179968	1.5190603
8	711	-329.89525	-330.76431	-330.29835	-0.86906524	-0.46596051
8	712	-293.74175	-295.46509	-297.19175	-1.7233427	1.7266621
8	713	-275.56966	-277.17192	-280.70139	-1.6022543	3.5294726
8	714	-321.5904	-322.84939	-326.90632	-1.2589946	4.0569285
8	715	-323.76709	-325.86877	-327.21019	-2.1016761	1.3414195
8	716	-334.74494	-334.59209	-337.02145	0.15284167	2.429352
8	717	-424.42888	-424.08618	-425.07156	0.34269441	0.98537167
8	718	-319.39065	-321.00247	-322.46868	-1.6118155	1.4662158
8	719	-403.50815	-404.7335	-404.80348	-1.2253499	0.069983331
8	720	-292.81005	-292.99966	-295.39503	-0.18961578	2.3953675
8	721	-263.68968	-265.284	-269.39434	-1.5943189	4.110338
8	722	-282.13812	-280.25153	-284.46612	1.8865829	4.2145891
8	723	-292.44962	-293.04089	-296.3739	-0.59127596	3.3330106
8	724	-427.8485	-428.4412	-425.79119	-0.59270307	-2.6500046
8	725	-366.46209	-366.62941	-369.97067	-0.16732012	3.341255
8	726	-350.87033	-352.75951	-353.75014	-1.8891815	0.9906276
8	727	-293.00735	-294.80657	-297.48495	-1.7992188	2.6783765
8	728	-302.28348	-304.09236	-304.79978	-1.8088848	0.7074224
8	729	-273.93105	-274.21057	-279.17609	-0.27952736	4.96552
8	730	-469.08702	-468.91594	-468.71474	0.17107814	-0.20119374
8	731	-333.84943	-333.12746	-335.66897	0.72197233	2.5415104
8	732	-368.47198	-371.05408	-371.02705	-2.5821072	-0.027036339
8	733	-275.35076	-277.2475	-277.7806	-1.8967467	0.53309035
8	734	-486.16437	-484.8493	-483.78945	1.3150675	-1.0598438
8	735	-361.6818	-364.08048	-365.91204	-2.3986763	1.8315654
8	736	-220.23793	-220.76075	-223.23158	-0.52282427	2.4708227
8	737	-264.67506	-262.37337	-267.55542	2.301691	5.1820581
8	738	-277.77112	-277.60379	-282.54752	0.16733209	4.9437348
8	739	-309.40715	-310.56922	-312.29597	-1.1620727	1.7267544
8	740	-356.54118	-355.53863	-359.4763	1.0025453	3.9376687
8	741	-345.32157	-345.6937	-350.33727	-0.37212883	4.6435729
8	742	-482.26436	-483.57112	-485.5588	-1.3067627	1.9876768
8	743	-301.2643	-302.07179	-306.07536	-0.80748444	4.0035696
8	744	-337.92341	-339.26705	-342.99417	-1.3436439	3.7271234
8	745	-362.23677	-360.94858	-361.77689	1.2881897	0.82830654
8	746	-448.70245	-449.38766	-449.22553	-0.68520536	-0.16212692
8	747	-324.80743	-326.67625	-326.9086	-1.8688168	0.23234843
8	748	-297.07959	-298.42838	-300.33013	-1.3487824	1.901751
8	749	-276.32764	-277.46112	-280.04192	-1.1334798	2.5808065
8	750	-314.07243	-316.08857	-315.55247	-2.0161449	-0.53609783
8	751	-282.07134	-282.43085	-283.57385	-0.35950839	1.143
8	752	-274.8336	-276.22029	-277.43454	-1.3866839	1.2142553
8	753	-341.75651	-339.5354	-343.90691	2.2211046	4.3715023
8	754	-387.15544	-387.67126	-388.16547	-0.51582386	0.49420957
8	755	-339.10949	-340.60049	-342.94959	-1.4909932	2.3491059
8	756	-316.16582	-315.04783	-318.36927	1.1179905	3.3214453
8	757	-306.68908	-307.44297	-311.76439	-0.75389112	4.3214189
8	758	-332.78413	-334.18136	-336.97058	-1.3972298	2.7892201
8	759	-311.81188	-309.24474	-313.69934	2.5671431	4.4546012
8	760	-289.65145	-289.51598	-292.82175	0.13547089	3.3057732
8	761	-356.71922	-359.21791	-360.5243	-2.4986868	1.3063918
8	762	-337.60231	-337.51756	-339.67096	0.084751	2.1534022
8	763	-378.93575	-378.53116	-382.19195	0.40459972	3.660794
8	764	-248.96772	-250.83328	-257.82281	-1.8655557	6.9895268
8	765	-404.59633	-407.16658	-409.7156	-2.5702529	2.5490176
8	766	-319.16754	-318.56019	-322.28531	0.60735435	3.7251168
8	767	-377.87655	-377.17718	-378.76917	0.69936976	1.5919904
8	768	-539.41477	-539.0881	-540.45022	0.326679	1.3621283
8	769	-254.43913	-255.92598	-261.57018	-1.4868473	5.6442051
8	770	-495.22533	-496.69696	-498.49937	-1.4716312	1.8024162
8	771	-340.47376	-343.59081	-343.59125	-3.1170512	0.0004392536
8	772	-325.39589	-322.97668	-324.77125	2.4192021	1.7945669
8	773	-259.40692	-259.60987	-261.29309	-0.20294489	1.6832253
8	774	-424.87736	-425.3316	-427.00763	-0.45423795	1.6760319
8	775	-316.40634	-317.89152	-320.06787	-1.4851817	2.1763517
8	776	-322.13926	-323.0822	-324.63822	-0.94293344	1.5560218
8	777	-291.79951	-292.7961	-295.36669	-0.99658403	2.5705972
8	778	-379.45857	-380.59462	-382.16943	-1.1360521	1.5748116
8	779	-432.43664	-431.3639	-433.16809	1.0727346	1.8041847
8	780	-513.77995	-514.9562	-515.30082	-1.1762541	0.34461705
8	781	-303.83012	-305.48109	-307.09196	-1.6509727	1.6108625
8	782	-332.50093	-333.63948	-335.75358	-1.1385582	2.1141006
8	783	-293.20303	-293.79759	-297.4856	-0.5945579	3.6880104
8	784	-352.66729	-357.01159	-356.99156	-4.3442958	-0.020028523
8	785	-331.62199	-333.15356	-333.76386	-1.5315704	0.6103026
8	786	-288.81522	-290.09171	-290.56442	-1.2764886	0.47270683
8	787	-393.71981	-394.2769	-396.26469	-0.55709313	1.9877908
8	788	-329.37745	-331.10828	-330.41372	-1.7308378	-0.69456835
8	789	-265.5296	-265.75908	-267.59334	-0.22948283	1.8342591
8	790	-304.0861	-304.09811	-305.72261	-0.012006473	1.624503
8	791	-410.85042	-410.77562	-411.09475	0.074804547	0.31913219
8	792	-217.37397	-219.91189	-221.79802	-2.5379283	1.886125
8	793	-297.46649	-297.86653	-303.6824	-0.40004033	5.8158697
8	794	-455.09903	-456.38168	-456.33164	-1.282643	-0.050036572
8	795	-309.45006	-310.97328	-312.34319	-1.5232221	1.3699093
8	796	-244.62469	-243.54608	-247.72511	1.0786063	4.1790242
8	797	-435.23714	-431.69123	-430.48885	3.5459115	-1.2023871
8	798	-395.43393	-396.44554	-397.87438	-1.0116064	1.4288451
8	799	-372.78732	-372.49194	-376.68735	0.29538359	4.1954089
8	800	-261.07254	-262.36008	-265.68424	-1.2875357	3.3241672
8	801	-458.73612	-458.73888	-457.21546	-0.0027526856	-1.523414
8	802	-392.60482	-393.35054	-390.45765	-0.7457128	-2.8928895
8	803	-426.24793	-427.05731	-427.85447	-0.80938307	0.79716273
8	804	-340.28334	-341.81258	-343.53565	-1.5292417	1.7230639
8	805	-268.07368	-268.38495	-270.72834	-0.31127197	2.343392
8	806	-274.43269	-276.56459	-278.10261	-2.1318973	1.5380233
8	807	-271.64595	-274.19573	-275.03853	-2.549775	0.84280359
8	808	-469.99634	-469.87931	-472.19786	0.11702477	2.3185431
8	809	-389.30875	-388.29357	-389.81738	1.0151803	1.5238103
8	810	-232.79669	-234.99413	-237.53116	-2.1974401	2.5370304
8	811	-268.63096	-270.15807	-272.69662	-1.5271153	2.5385501
8	812	-276.47713	-275.92084	-280.0878	0.55628909	4.1669594
8	813	-369.71512	-368.29695	-370.11271	1.4181773	1.815767
8	814	-349.19561	-349.48674	-349.06127	-0.29112639	-0.42546691
8	815	-518.73792	-517.50989	-520.23936	1.2280284	2.7294746
8	816	-369.33912	-370.81362	-372.71363	-1.4744998	1.9000078
8	817	-282.92669	-283.4322	-285.31046	-0.50551077	1.8782581
8	818	-342.63485	-343.50207	-345.1091	-0.86721958	1.6070302
8	819	-276.65943	-279.46838	-282.56419	-2.8089515	3.0958123
8	820	-384.09508	-385.27089	-387.96265	-1.1758042	2.6917609
8	821	-281.18262	-279.83049	-284.30935	1.3521267	4.4788573
8	822	-329.58129	-330.85517	-333.26722	-1.2738779	2.4120551
8	823	-394.39966	-393.73925	-395.55203	0.66041224	1.8127854
8	824	-291.21242	-291.89613	-293.60799	-0.6837032	1.7118603
8	825	-268.10605	-271.0785	-271.75185	-2.9724448	0.6733481
8	826	-430.5097	-427.75014	-426.67215	2.7595643	-1.0779853
8	827	-404.21451	-406.71349	-407.66949	-2.4989806	0.95600672
8	828	-326.10497	-327.11883	-329.2767	-1.0138567	2.1578723
8	829	-415.6397	-414.38993	-416.35755	1.2497654	1.9676219
8	830	-379.76982	-380.50743	-381.02898	-0.73761849	0.52154158
8	831	-488.49467	-489.09415	-489.80805	-0.59947971	0.71390338
8	832	-230.39574	-232.41101	-234.57877	-2.0152652	2.1677626
8	833	-313.30006	-315.34632	-316.84062	-2.0462607	1.494299
8	834	-213.57943	-215.38063	-217.78531	-1.8011931	2.4046871
8	835	-291.88294	-292.12862	-293.34662	-0.24568136	1.2180055
8	836	-392.38092	-393.63288	-393.71112	-1.2519626	0.078237711
8	837	-363.4809	-364.01184	-365.45929	-0.53093863	1.447448
8	838	-330.62072	-331.78071	-333.77184	-1.1599862	1.9911327
8	839	-367.80471	-366.21593	-371.25475	1.5887869	5.0388194
8	840	-533.37812	-534.60122	-532.47941	-1.2231092	-2.1218136
8	841	-339.55395	-341.21621	-341.72091	-1.6622594	0.50469913
8	842	-513.24761	-512.14181	-509.72165	1.1058029	-2.4201599
8	843	-286.6666	-288.1075	-290.0141	-1.4408964	1.9065987
8	844	-411.24624	-412.32118	-412.16126	-1.0749497	-0.15992447
8	845	-326.92019	-329.52503	-331.14632	-2.6048437	1.6212921
8	846	-294.49649	-296.0071	-299.84844	-1.5106128	3.841341
8	847	-420.02437	-420.47691	-423.99725	-0.45253769	3.5203439
8	848	-450.89253	-452.99923	-451.88116	-2.1066951	-1.1180655
8	849	-320.59543	-321.9582	-324.6056	-1.3627689	2.6473965
8	850	-345.53454	-344.16509	-344.31668	1.3694447	0.15158753
8	851	-351.42514	-352.10091	-352.20047	-0.67576672	0.099558526
8	852	-438.08351	-437.6646	-436.72554	0.41890992	-0.93906254
8	853	-378.44638	-377.79947	-380.47243	0.64690964	2.6729557
8	854	-336.42898	-338.96049	-340.12466	-2.5315104	1.164171
8	855	-277.90851	-279.14703	-281.99457	-1.238527	2.8475381
8	856	-273.8684	-274.72853	-275.09832	-0.86013296	0.36979254
8	857	-335.06936	-335.21628	-335.99217	-0.14692016	0.77588896
8	858	-345.27772	-345.76681	-346.66203	-0.4890892	0.89521969
8	859	-391.57352	-390.81233	-393.77316	0.76118808	2.9608292
8	860	-281.13651	-282.55871	-285.47298	-1.4222052	2.9142646
8	861	-321.25758	-323.23684	-325.83702	-1.9792557	2.6001847
8	862	-277.54009	-279.1298	-281.11038	-1.5897153	1.9805757
8	863	-300.9361	-301.3142	-303.3953	-0.37810019	2.0810959
8	864	-328.77863	-328.52525	-332.35984	0.25338756	3.8345989
8	865	-320.45189	-321.39688	-319.76086	-0.94498885	-1.6360232
8	866	-473.41219	-473.69222	-474.62797	-0.28003151	0.93575236
8	867	-275.32882	-276.80342	-279.57204	-1.4746032	2.7686215
8	868	-374.40829	-374.94283	-372.59656	-0.53453813	-2.3462706
8	869	-301.94497	-301.98544	-306.04372	-0.040474277	4.0582821
8	870	-282.71915	-284.6018	-287.5202	-1.8826504	2.9184033
8	871	-337.52358	-337.46941	-337.7971	0.054171816	0.32768552
8	872	-244.33287	-245.04517	-249.90473	-0.7122962	4.8595589
8	873	-323.85678	-325.59926	-325.39648	-1.7424805	-0.20277774
8	874	-412.90913	-415.66202	-414.59364	-2.7528871	-1.0683754
8	875	-265.67473	-264.76609	-271.43369	0.90864248	6.6675959
8	876	-370.55607	-370.16295	-372.88799	0.39311315	2.7250393
8	877	-434.35239	-434.15834	-431.1761	0.19405248	-2.9822358
8	878	-323.3215	-321.42413	-323.41384	1.8973703	1.9897091
8	879	-333.70396	-332.13781	-335.30564	1.5661519	3.167829
8	880	-387.53811	-384.92183	-387.06974	2.6162801	2.1479109
8	881	-597.45988	-596.52043	-587.62472	0.93945368	-8.895708
8	882	-292.96959	-291.74062	-293.08756	1.2289686	1.3469393
8	883	-375.28478	-376.89382	-381.69861	-1.6090427	4.8047878
8	884	-240.72042	-240.28713	-244.20713	0.43329187	3.9200056
8	885	-247.98665	-249.53163	-252.58569	-1.5449755	3.0540587
8	886	-352.981	-352.14237	-354.07708	0.83863312	1.9347119
8	887	-343.38364	-344.41994	-345.92697	-1.0363092	1.5070249
8	888	-430.49369	-431.2728	-430.79296	-0.77911465	-0.4798378
8	889	-419.28299	-419.52531	-423.30186	-0.24231861	3.7765552
8	890	-247.60354	-248.59422	-251.77096	-0.99067733	3.1767458
8	891	-464.56047	-468.52299	-467.61313	-3.9625221	-0.90985713
8	892	-367.20629	-367.02968	-369.53306	0.17661552	2.5033786
8	893	-406.81094	-407.95098	-408.603	-1.1400428	0.6520164
8	894	-360.76325	-359.44283	-360.65397	1.3204166	1.2111345
8	895	-248.43276	-246.27075	-250.83815	2.1620136	4.5673984
8	896	-265.852	-263.80709	-266.97305	2.0449038	3.1659539
8	897	-383.59904	-385.98814	-387.18187	-2.3890985	1.1937262
8	898	-316.76553	-317.66999	-319.26716	-0.90445187	1.5971775
8	899	-265.60736	-266.50166	-269.19182	-0.89429624	2.6901629
8	900	-314.7115	-316.26913	-319.34957	-1.5576356	3.0804413
8	901	-275.42548	-276.59754	-280.62015	-1.1720597	4.0226077
8	902	-290.07579	-288.9173	-290.72078	1.1584868	1.8034839
8	903	-514.31619	-515.84925	-515.8485	-1.5330565	-0.00074264401
8	904	-293.77038	-292.73603	-294.82992	1.03435	2.0938934
8	905	-433.17915	-433.0167	-435.40486	0.1624551	2.388167
8	906	-345.22329	-345.79051	-348.72674	-0.567217	2.9362373
8	907	-358.44229	-356.40214	-359.76472	2.0401488	3.3625802
8	908	-406.83972	-407.80529	-409.9132	-0.96557565	2.1079037
8	909	-361.87606	-362.7512	-364.68405	-0.87514249	1.9328491
8	910	-314.0058	-313.1637	-313.99076	0.8421044	0.82706842
8	911	-274.08835	-275.95111	-277.62368	-1.8627621	1.6725708
8	912	-445.51633	-445.26684	-446.62457	0.24949348	1.3577355
8	913	-280.37202	-282.08641	-284.43721	-1.7143902	2.3507938
8	914	-266.84974	-267.68686	-271.64625	-0.83711872	3.959396
8	915	-448.47653	-449.85049	-449.16633	-1.373953	-0.68415949
8	916	-338.62124	-338.75816	-338.68847	-0.13691673	-0.069688746
8	917	-462.30693	-461.44962	-465.1712	0.857308	3.7215804
8	918	-321.83438	-321.45027	-325.45216	0.38411622	4.0018938
8	919	-334.80192	-334.52428	-337.17115	0.27763337	2.6468699
8	920	-384.69596	-385.92199	-389.11062	-1.2260273	3.1886372
8	921	-285.4891	-285.81392	-288.1966	-0.32482885	2.3826788
8	922	-340.74244	-341.20713	-343.8411	-0.46468916	2.6339722
8	923	-348.53188	-349.64234	-352.42151	-1.1104651	2.7791673
8	924	-298.38641	-301.24465	-302.86477	-2.8582425	1.620112
8	925	-310.89896	-312.82617	-314.00493	-1.9272046	1.1787613
8	926	-330.60717	-332.34816	-331.54778	-1.7409977	-0.80038289
8	927	-366.65139	-366.51786	-370.03547	0.13352433	3.5176063
8	928	-305.61019	-306.21537	-308.319	-0.60517808	2.1036326
8	929	-291.09671	-292.11939	-293.75177	-1.0226729	1.6323818
8	930	-364.86855	-367.66745	-367.6316	-2.798902	-0.035854753
8	931	-433.92507	-434.36734	-434.72571	-0.44227881	0.35836516
8	932	-366.80058	-367.49605	-368.84265	-0.69546178	1.3466026
8	933	-341.41108	-342.74279	-343.97378	-1.3317096	1.2309907
8	934	-383.18896	-380.90325	-385.28474	2.2857119	4.3814903
8	935	-448.2499	-447.34515	-447.78231	0.90474869	0.43715938
8	936	-351.9777	-352.09782	-355.12591	-0.12011911	3.0280954
8	937	-361.66428	-362.8298	-363.80146	-1.1655294	0.97165324
8	938	-488.62535	-487.8473	-486.61379	0.77804635	-1.2335122
8	939	-455.8729	-458.15605	-455.53311	-2.2831542	-2.6229424
8	940	-345.99955	-345.61456	-350.11001	0.38498614	4.4954496
8	941	-350.63605	-347.37586	-352.74673	3.2601858	5.3708735
8	942	-483.12953	-484.47536	-485.89467	-1.3458291	1.4193101
8	943	-245.18413	-245.91321	-247.37309	-0.72908691	1.4598756
8	944	-298.38364	-298.8046	-300.06551	-0.42095368	1.2609128
8	945	-275.99007	-275.77175	-280.70798	0.21831942	4.9362287
8	946	-545.35061	-546.5394	-544.34389	-1.1887896	-2.1955128
8	947	-366.26448	-365.32292	-367.60219	0.94155653	2.2792657
8	948	-348.20231	-348.27328	-349.07771	-0.070972829	0.80443038
8	949	-334.90405	-335.25463	-337.02322	-0.35057631	1.7685872
8	950	-421.80394	-422.7492	-420.89704	-0.94526803	-1.8521613
8	951	-429.0537	-430.12871	-433.06274	-1.0750058	2.934027
8	952	-253.31872	-254.82112	-257.1326	-1.5024006	2.3114847
8	953	-316.77292	-316.31712	-319.80375	0.45579992	3.4866342
8	954	-420.57169	-422.83611	-420.37985	-2.2644239	-2.4562691
8	955	-350.23973	-350.44008	-351.0055	-0.20035948	0.56541174
8	956	-357.23583	-358.32497	-360.91921	-1.0891367	2.5942436
8	957	-242.13397	-243.54188	-245.19563	-1.4079011	1.6537547
8	958	-381.0445	-383.07732	-382.65123	-2.0328206	-0.42608607
8	959	-409.00593	-408.4463	-409.88358	0.55962545	1.4372783
8	960	-388.84328	-383.60151	-385.09729	5.2417709	1.4957817
8	961	-384.69281	-384.38863	-387.27302	0.30417751	2.884387
8	962	-346.13551	-348.08946	-349.82183	-1.953945	1.7323704
8	963	-526.56771	-526.27467	-528.56132	0.2930463	2.2866565
8	964	-324.51019	-323.44849	-327.54364	1.0617063	4.0951574
8	965	-475.24678	-477.63482	-478.36092	-2.3880396	0.72609529
8	966	-246.85443	-246.60805	-244.65237	0.24638165	-1.9556736
8	967	-297.62775	-293.67948	-298.46963	3.9482698	4.7901545
8	968	-193.41645	-195.79865	-200.75768	-2.3822	4.9590332
8	969	-363.21172	-362.6406	-364.6658	0.57111096	2.025195
8	970	-231.67135	-231.53878	-234.07591	0.13257374	2.5371273
8	971	-387.93389	-391.36437	-391.8594	-3.4304859	0.49502398
8	972	-481.36816	-481.35115	-480.08624	0.017017916	-1.2649072
8	973	-280.34784	-280.5568	-285.91554	-0.20895917	5.3587343
8	974	-278.14572	-278.98212	-280.07849	-0.83639194	1.0963774
8	975	-320.10089	-319.85781	-323.57726	0.24308234	3.7194513
8	976	-287.71971	-289.44895	-292.9537	-1.7292436	3.5047495
8	977	-271.58756	-273.0764	-275.80227	-1.4888321	2.725878
8	978	-279.72554	-279.75428	-281.42487	-0.028733589	1.6705919
8	979	-503.07312	-503.07028	-502.15366	0.0028403717	-0.91661845
8	980	-276.49298	-277.27948	-280.54221	-0.78650399	3.2627304
8	981	-377.99147	-379.53338	-378.60774	-1.541914	-0.92564568
8	982	-403.31346	-401.59999	-406.09863	1.7134703	4.4986389
8	983	-409.5474	-412.01149	-411.59438	-2.4640944	-0.41711251
8	984	-405.79414	-400.3836	-404.27445	5.4105397	3.8908464
8	985	-271.8154	-272.60221	-274.7701	-0.78681412	2.1678877
8	986	-225.94573	-227.6233	-230.21884	-1.6775693	2.5955381
8	987	-357.50581	-356.84963	-360.11675	0.65618132	3.2671201
8	988	-370.08234	-369.82736	-373.24485	0.25498352	3.4174881
8	989	-456.03608	-456.00349	-454.97219	0.032590464	-1.0313008
8	990	-316.29487	-315.82941	-318.57715	0.46545694	2.7477451
8	991	-281.57475	-280.08712	-282.99337	1.487629	2.9062517
8	992	-326.89775	-327.45149	-329.35357	-0.55374661	1.9020744
8	993	-213.49051	-214.94322	-217.74182	-1.4527121	2.7986062
8	994	-283.00778	-285.65153	-285.03648	-2.6437496	-0.61504119
8	995	-614.73305	-612.83133	-615.2986	1.9017251	2.4672693
8	996	-357.72004	-355.83817	-358.47448	1.8818726	2.6363053
8	997	-419.89255	-417.80367	-420.07891	2.08888	2.2752349
8	998	-328.75407	-328.32469	-330.73506	0.42938617	2.4103742
8	999	-322.27417	-322.4744	-325.47708	-0.20022417	3.0026777
