No.	ID	loglik_Null	loglik_Acc	loglik_Full	logBF1	logBF2	loglik_Max_M0	loglik_Max_M1	loglik_Max_M2
5	0	-374.06625	-374.47686	-374.2851	-0.410613	-0.19175767	-371.66477	-372.08242	-366.61165
5	1	-316.59618	-315.92147	-316.84074	0.67471151	0.91926926	-313.91194	-309.26035	-307.87627
5	2	-483.45422	-478.18588	-475.18938	5.2683389	-2.9964938	-470.04836	-464.33739	-458.4577
5	3	-464.69378	-464.16758	-461.26066	0.52620162	-2.9069196	-462.4732	-460.04496	-447.98204
5	4	-316.93103	-317.26056	-317.99794	-0.32952186	0.73738804	-314.37737	-313.45759	-313.49395
5	5	-542.66147	-530.17597	-531.99319	12.485504	1.8172182	-527.18179	-514.66347	-514.67235
5	6	-865.36022	-803.14747	-788.37615	62.212744	-14.771321	-849.04753	-783.29688	-770.89148
5	7	-330.73402	-328.35581	-328.52779	2.378205	0.17197486	-328.21351	-321.08865	-315.89318
5	8	-279.48714	-280.06518	-280.40708	-0.57804144	0.34190389	-275.435	-274.46781	-274.5977
5	9	-260.87852	-261.30184	-261.85452	-0.42331796	0.55268462	-257.85208	-258.2698	-256.16264
5	10	-317.1209	-317.6609	-317.42634	-0.54000162	-0.23455876	-314.43031	-314.84952	-310.7073
5	11	-259.52639	-258.26988	-259.04961	1.256516	0.77973536	-256.20926	-251.2721	-249.53133
5	12	-261.027	-261.12397	-261.77522	-0.096972637	0.65124569	-257.4207	-257.03416	-256.80449
5	13	-399.7783	-400.1004	-394.90304	-0.32210451	-5.1973622	-397.43851	-396.93239	-382.41457
5	14	-245.91153	-245.96041	-246.87177	-0.048883744	0.91135417	-242.86168	-240.88751	-240.88662
5	15	-408.09624	-407.45737	-406.73951	0.63887336	-0.71785742	-405.72959	-403.27047	-397.1917
5	16	-294.90431	-295.31602	-295.97539	-0.41170644	0.65937058	-291.35492	-291.44806	-291.41896
5	17	-378.21617	-375.749	-376.58354	2.4671758	0.83454082	-370.90863	-365.01299	-361.79659
5	18	-302.90591	-301.36854	-302.49039	1.537368	1.1218499	-300.10105	-296.23722	-294.78576
5	19	-274.78994	-274.8818	-274.86302	-0.091866427	-0.018777537	-270.47574	-269.30035	-262.15167
5	20	-518.40414	-514.18466	-511.3312	4.2194767	-2.8534589	-508.57024	-501.91146	-491.27556
5	21	-459.30214	-458.28693	-457.13722	1.0152074	-1.1497195	-453.33216	-452.47649	-444.57047
5	22	-319.55669	-315.93935	-317.06252	3.617342	1.1231697	-316.85754	-309.18032	-307.76774
5	23	-436.90168	-434.65147	-428.59035	2.2502082	-6.0611183	-434.6125	-429.05485	-412.22442
5	24	-461.14735	-454.64157	-455.97083	6.5057848	1.3292607	-457.6323	-446.33179	-445.96991
5	25	-439.87316	-440.05486	-435.28053	-0.18170102	-4.7743348	-435.73367	-434.94324	-419.35397
5	26	-306.95655	-306.35407	-306.75791	0.60247897	0.40384234	-304.21314	-301.40387	-297.90875
5	27	-435.89086	-430.19911	-426.83929	5.6917487	-3.3598197	-433.55495	-421.0865	-410.65798
5	28	-313.27446	-313.7082	-313.79114	-0.43373472	0.082939989	-310.47188	-310.88972	-305.73855
5	29	-425.79323	-421.57754	-422.70204	4.2156885	1.1245023	-417.99966	-411.00627	-409.71763
5	30	-193.11808	-192.93075	-193.87521	0.18733191	0.94446098	-189.46044	-187.84396	-187.84912
5	31	-470.36142	-470.39438	-470.53285	-0.032966306	0.1384672	-468.24149	-466.83968	-463.26876
5	32	-343.66599	-342.42697	-344.13199	1.2390184	1.7050277	-338.09799	-334.4817	-330.53581
5	33	-433.29582	-433.27531	-418.76842	0.02051119	-14.506888	-418.37103	-416.55541	-404.27187
5	34	-267.86687	-264.89134	-266.16964	2.9755338	1.2782993	-264.83314	-256.93115	-256.93132
5	35	-391.32085	-391.25603	-391.44581	0.064821282	0.18978344	-388.78548	-386.27547	-382.31297
5	36	-409.0182	-408.37917	-408.48165	0.63903005	0.10248546	-406.6252	-402.78553	-398.33736
5	37	-368.86213	-369.14392	-365.33144	-0.28178846	-3.8124823	-362.53943	-362.29537	-352.98736
5	38	-600.11738	-591.0791	-579.13364	9.0382825	-11.945454	-583.98862	-572.712	-563.27224
5	39	-344.57209	-344.03291	-344.06172	0.53917583	0.028805898	-340.04299	-337.0889	-333.75582
5	40	-417.0865	-416.68325	-414.4048	0.40325378	-2.2784478	-414.65256	-411.37289	-402.05304
5	41	-257.02809	-257.4641	-258.01616	-0.43601123	0.55206372	-253.4774	-253.86848	-253.91456
5	42	-315.75645	-314.61307	-315.45688	1.1433781	0.84381121	-311.54957	-308.10534	-307.785
5	43	-378.20939	-377.30241	-376.22744	0.906989	-1.0749633	-375.79856	-371.6526	-365.22948
5	44	-433.80116	-429.90661	-431.62015	3.8945537	1.7135427	-429.68255	-422.6674	-422.72446
5	45	-537.52211	-528.25549	-520.61266	9.2666174	-7.6428362	-525.37997	-518.98434	-505.18828
5	46	-359.47766	-359.02196	-359.86814	0.45569834	0.84617824	-352.5198	-348.96596	-348.12964
5	47	-229.4329	-229.06772	-229.054	0.36518189	-0.013716243	-225.83222	-221.77917	-219.57786
5	48	-300.03646	-297.39082	-298.58553	2.6456307	1.1947048	-294.28711	-291.02205	-289.62468
5	49	-317.3789	-314.70592	-309.21593	2.672977	-5.4899971	-314.63871	-306.88002	-293.68949
5	50	-269.54824	-269.96598	-270.82222	-0.4177324	0.85624806	-266.5635	-266.52258	-266.53177
5	51	-359.52625	-355.36088	-355.38483	4.1653654	0.023944436	-356.95754	-350.08502	-345.83143
5	52	-416.86907	-415.15292	-413.94305	1.7161472	-1.2098692	-414.52853	-409.28718	-402.91663
5	53	-458.89284	-459.03033	-457.46216	-0.13748825	-1.5681677	-456.08442	-455.3066	-449.2062
5	54	-283.19683	-281.48906	-282.40239	1.707767	0.91332654	-280.30688	-276.15893	-274.54284
5	55	-465.97437	-458.63468	-460.51881	7.3396834	1.8841272	-459.27513	-451.42596	-449.64147
5	56	-382.86064	-382.2783	-381.16494	0.58233337	-1.1133661	-380.47132	-377.55365	-371.02649
5	57	-498.96794	-501.50041	-497.28914	-2.5324742	-4.211268	-485.82898	-482.15389	-477.76895
5	58	-612.27358	-611.85317	-610.74523	0.420411	-1.1079484	-598.27477	-594.3725	-590.02661
5	59	-457.77827	-453.48037	-452.80682	4.2979021	-0.67355534	-455.53551	-447.08919	-435.92255
5	60	-620.72455	-618.75267	-617.15036	1.9718799	-1.6023052	-608.97443	-604.96479	-596.48304
5	61	-422.57781	-422.04868	-422.44912	0.52912881	0.40044195	-420.0145	-417.11942	-414.34967
5	62	-371.46245	-371.56186	-369.6335	-0.099409325	-1.9283531	-369.06451	-367.93122	-356.96087
5	63	-334.32667	-334.26527	-334.52573	0.061399277	0.26045775	-331.00489	-327.88678	-323.69369
5	64	-358.70019	-358.24591	-357.40112	0.45427801	-0.84478956	-356.17669	-353.02731	-346.34281
5	65	-452.37989	-447.56016	-447.26593	4.8197292	-0.29422418	-444.18326	-436.98676	-435.08541
5	66	-321.51199	-321.84233	-322.5319	-0.33033337	0.68957483	-317.60566	-317.08666	-316.27048
5	67	-465.94454	-464.30257	-458.64745	1.6419653	-5.655121	-458.60274	-455.90963	-443.13477
5	68	-345.0177	-344.34326	-345.30418	0.67443375	0.96092142	-337.32638	-333.59083	-333.57915
5	69	-330.36006	-330.23171	-330.8161	0.1283437	0.58438679	-327.71729	-324.94302	-322.78198
5	70	-233.0007	-233.38996	-234.13561	-0.38926232	0.74564521	-229.97717	-228.79894	-228.79472
5	71	-285.97142	-281.65625	-283.09108	4.3151691	1.4348277	-283.09963	-276.21546	-276.21877
5	72	-582.74012	-578.93257	-555.76799	3.8075476	-23.16458	-567.58998	-562.91772	-538.7365
5	73	-314.77652	-312.81155	-314.10005	1.9649742	1.2885008	-312.02332	-304.93441	-303.46531
5	74	-376.01603	-376.18209	-372.72417	-0.1660574	-3.4579186	-373.49473	-372.05801	-363.05009
5	75	-411.60498	-405.6295	-404.70312	5.9754777	-0.92638415	-406.83758	-401.01004	-395.66612
5	76	-399.003	-399.35321	-398.5602	-0.35020183	-0.79300603	-396.63105	-396.03999	-387.4782
5	77	-417.69953	-417.6713	-415.50412	0.028225573	-2.1671789	-410.34316	-407.83249	-398.61403
5	78	-371.0279	-369.60359	-370.60895	1.4243172	1.005362	-365.15072	-361.29163	-358.89528
5	79	-340.95946	-341.06713	-340.13226	-0.10766848	-0.93486903	-338.34605	-336.97436	-324.91119
5	80	-522.36759	-522.35413	-515.66717	0.01345854	-6.6869602	-512.30981	-512.80787	-502.95851
5	81	-342.07052	-342.11395	-342.22699	-0.043424042	0.11303771	-339.42971	-338.07452	-331.98004
5	82	-467.42254	-467.10018	-466.54147	0.32236486	-0.55870741	-459.32101	-456.78902	-452.89182
5	83	-271.10188	-271.223	-272.11953	-0.12111769	0.89653034	-268.18972	-266.17057	-266.16483
5	84	-246.33825	-246.6065	-246.76618	-0.268248	0.15968541	-242.98287	-243.01618	-239.34239
5	85	-363.20875	-363.22922	-359.91325	-0.020467465	-3.3159687	-360.24109	-359.36716	-349.21653
5	86	-303.36108	-303.84944	-304.02079	-0.48836513	0.17134643	-300.67034	-301.08807	-297.13828
5	87	-538.62224	-530.67388	-529.87022	7.9483644	-0.80366237	-527.67844	-517.83712	-509.89399
5	88	-337.00015	-331.91138	-333.63934	5.088775	1.7279668	-334.39291	-323.42148	-318.30901
5	89	-393.75251	-394.1819	-393.83239	-0.42938733	-0.34950324	-388.40645	-389.60447	-382.65416
5	90	-452.27985	-442.89307	-443.10914	9.386787	0.21607445	-444.56875	-437.26258	-433.8358
5	91	-388.45256	-388.05716	-387.61312	0.39539632	-0.44404765	-382.3089	-378.93128	-374.4017
5	92	-466.7851	-460.07814	-461.67919	6.7069582	1.6010459	-457.45835	-451.92792	-450.33096
5	93	-852.01398	-831.49841	-787.48942	20.515567	-44.00899	-836.07229	-810.42337	-767.54258
5	94	-340.1215	-339.52392	-333.09018	0.59758095	-6.4337391	-332.87753	-326.49708	-316.83036
5	95	-458.66176	-458.70064	-458.79956	-0.038874217	0.098919306	-456.37525	-450.45855	-448.159
5	96	-377.81608	-377.49274	-377.69439	0.32333747	0.20165116	-370.87885	-367.78999	-364.6833
5	97	-314.39042	-314.49309	-314.9159	-0.10266344	0.42280815	-311.7955	-310.03977	-306.5095
5	98	-307.0289	-307.12492	-307.8391	-0.096016079	0.71418301	-304.38213	-302.54162	-302.56406
5	99	-439.94122	-435.34475	-432.76014	4.5964769	-2.5846029	-424.88898	-417.91356	-414.96806
5	100	-316.62694	-317.0916	-314.1097	-0.46466311	-2.9819039	-313.98802	-314.36985	-304.25709
5	101	-330.17231	-330.62072	-325.62516	-0.44841073	-4.9955597	-327.53267	-327.95068	-314.69351
5	102	-353.53349	-350.56886	-351.55084	2.9646267	0.98197562	-350.96778	-345.5835	-343.26285
5	103	-255.19508	-254.88016	-255.15119	0.31492326	0.27103486	-249.51556	-247.30309	-243.14931
5	104	-353.5281	-353.80848	-353.09853	-0.2803871	-0.70995529	-350.33497	-349.94101	-342.65111
5	105	-402.45646	-402.70359	-399.17324	-0.24713031	-3.5303519	-396.55107	-398.32739	-384.96077
5	106	-313.80265	-313.65611	-314.35661	0.14653828	0.7004987	-311.06228	-309.02953	-307.34388
5	107	-357.55944	-355.3456	-356.76075	2.2138353	1.4151424	-355.08487	-348.3933	-347.33223
5	108	-300.78738	-300.5491	-301.56229	0.23828214	1.013192	-297.96822	-296.39892	-296.55233
5	109	-398.3166	-396.82208	-398.0981	1.4945159	1.2760236	-391.10754	-386.46	-382.17887
5	110	-408.60229	-408.97749	-404.58439	-0.37519989	-4.3930933	-406.30196	-406.72069	-393.65709
5	111	-358.56144	-358.57871	-358.89193	-0.017270545	0.31322428	-356.09389	-353.50296	-349.84662
5	112	-332.57108	-331.24968	-331.84047	1.3214002	0.59079432	-329.92514	-326.57522	-323.94422
5	113	-404.98569	-402.58202	-404.05097	2.4036712	1.4689489	-398.11876	-391.61716	-391.64629
5	114	-244.64288	-244.83279	-245.80485	-0.18991782	0.97205234	-241.50635	-241.56266	-240.0634
5	115	-410.3996	-402.74143	-403.10433	7.6581687	0.36289951	-398.27911	-388.8923	-384.53733
5	116	-455.12286	-455.01281	-453.50909	0.11005175	-1.5037231	-452.97164	-451.11659	-443.00686
5	117	-249.50597	-249.2461	-250.19182	0.25986723	0.94571785	-246.4017	-244.37184	-243.79161
5	118	-297.48979	-297.80778	-297.85925	-0.31798544	0.051477743	-294.85802	-293.79526	-288.95966
5	119	-257.28865	-257.23335	-257.84336	0.055296368	0.61000532	-254.01278	-252.41453	-250.56612
5	120	-473.18217	-464.91164	-466.93204	8.2705297	2.0204017	-465.31896	-454.02298	-453.90754
5	121	-249.25441	-249.67059	-250.36461	-0.41617727	0.69401859	-246.32398	-246.74159	-246.74438
5	122	-303.88469	-304.38573	-304.87331	-0.50104399	0.48758029	-301.14345	-301.25964	-299.99228
5	123	-271.05798	-271.39076	-268.71319	-0.33278067	-2.6775646	-268.12873	-268.007	-259.82132
5	124	-365.89179	-365.44511	-364.00948	0.44668104	-1.4356333	-362.73113	-358.94686	-350.54941
5	125	-278.58485	-278.83351	-279.33953	-0.24865806	0.50601222	-270.85735	-270.78596	-269.4435
5	126	-364.8846	-362.07997	-361.5577	2.8046341	-0.52226392	-355.25186	-352.08819	-345.69345
5	127	-415.61676	-412.78596	-414.00223	2.8308	1.2162792	-409.43359	-402.27079	-402.04308
5	128	-360.00548	-360.00818	-359.33282	-0.0027069687	-0.67535827	-357.50073	-355.97876	-349.07667
5	129	-391.52461	-391.13697	-391.31811	0.38763845	0.18114084	-389.1531	-386.03075	-382.23763
5	130	-440.3091	-441.76766	-431.68306	-1.458558	-10.084597	-423.57733	-420.67812	-416.28958
5	131	-638.72504	-637.00125	-617.1935	1.7237824	-19.807754	-624.73831	-618.69869	-597.66072
5	132	-224.64724	-224.15094	-224.64793	0.49630075	0.49699458	-221.41602	-218.45906	-215.02964
5	133	-366.87108	-365.24401	-365.67214	1.6270614	0.42812382	-363.48599	-358.86751	-355.09817
5	134	-185.62952	-185.84998	-186.57311	-0.22045737	0.72312637	-181.7625	-182.18008	-182.18004
5	135	-350.49963	-350.6481	-350.54067	-0.14846614	-0.10742496	-347.33915	-346.41589	-340.69582
5	136	-407.81134	-407.06611	-408.09788	0.74523609	1.0317719	-399.79521	-398.61585	-398.50209
5	137	-418.70077	-417.96787	-404.98831	0.73289869	-12.97956	-412.01441	-411.85012	-387.28731
5	138	-303.54831	-303.68022	-303.93702	-0.13191014	0.25680307	-300.82345	-299.24015	-296.17759
5	139	-378.3202	-371.63272	-372.35752	6.6874868	0.72480113	-371.1198	-363.05582	-356.25745
5	140	-432.23579	-430.62528	-431.36767	1.610509	0.74239679	-430.00845	-424.00636	-420.00775
5	141	-338.01686	-334.77826	-335.25989	3.2386052	0.481634	-335.33546	-329.56615	-325.43275
5	142	-485.41129	-481.53552	-476.62265	3.8757699	-4.9128683	-478.79278	-475.09024	-463.47386
5	143	-301.06381	-301.51456	-302.04618	-0.4507483	0.53161681	-298.46482	-297.52568	-296.20691
5	144	-218.33775	-219.05889	-219.5589	-0.72114613	0.50000979	-215.10327	-215.52089	-215.52078
5	145	-340.22039	-334.3106	-331.94013	5.9097827	-2.3704768	-337.51007	-326.79587	-320.1904
5	146	-283.74379	-284.33657	-284.4053	-0.5927758	0.068728409	-281.02957	-281.44703	-274.31222
5	147	-351.61546	-351.37685	-350.68206	0.23861392	-0.69478744	-348.73779	-346.03721	-339.28795
5	148	-273.26701	-273.25774	-273.83525	0.0092672771	0.57750659	-270.44432	-268.7862	-265.71604
5	149	-472.39032	-471.26216	-465.07434	1.128165	-6.1878158	-468.73141	-461.96794	-444.96671
5	150	-416.46193	-415.30509	-409.30251	1.1568454	-6.0025777	-414.04234	-408.61241	-394.69834
5	151	-249.34466	-249.66731	-250.41548	-0.32265338	0.74816964	-246.3972	-246.53977	-243.23663
5	152	-369.33457	-363.08961	-363.74289	6.2449658	0.65327827	-364.775	-357.72216	-354.10267
5	153	-219.05505	-217.48802	-218.29413	1.5670359	0.80611258	-214.25557	-211.91025	-211.91065
5	154	-439.50687	-439.51741	-439.56962	-0.010532592	0.052209537	-433.77398	-431.95182	-421.42675
5	155	-267.01369	-267.38282	-267.97064	-0.36913445	0.58781779	-264.1501	-264.12056	-262.66099
5	156	-376.67954	-376.01099	-374.29564	0.66854727	-1.7153487	-374.07455	-369.76387	-359.33555
5	157	-503.74358	-499.13083	-499.91979	4.6127487	0.78896507	-494.00011	-486.77172	-483.19028
5	158	-230.97217	-231.44628	-231.91383	-0.47411041	0.46755626	-227.7757	-228.1958	-223.7684
5	159	-568.68035	-567.39327	-563.7804	1.2870816	-3.6128705	-555.64117	-552.59652	-545.46892
5	160	-281.40834	-280.75392	-281.71632	0.65442358	0.96240367	-278.50887	-274.35618	-272.84148
5	161	-285.89354	-285.31404	-286.0188	0.57950394	0.70475845	-280.51535	-278.73173	-277.33669
5	162	-406.59931	-405.7012	-401.28447	0.89810666	-4.4167385	-400.34068	-395.98634	-388.03728
5	163	-330.97404	-329.60701	-330.24557	1.3670242	0.63855435	-328.30718	-324.51741	-320.46349
5	164	-603.06323	-598.11001	-594.67645	4.9532208	-3.4335579	-588.90648	-581.47066	-575.78229
5	165	-412.75371	-411.31078	-410.80503	1.4429365	-0.50574702	-409.73866	-404.60568	-399.08852
5	166	-469.36459	-469.7423	-469.1507	-0.37771305	-0.59160091	-467.17338	-467.10324	-456.62536
5	167	-234.47448	-233.61149	-234.47636	0.8629883	0.8648704	-231.11231	-227.2969	-225.16512
5	168	-410.79083	-406.43899	-401.96452	4.3518479	-4.474468	-403.99936	-401.9238	-390.07764
5	169	-300.77183	-298.00934	-299.02341	2.7624892	1.0140648	-297.95968	-291.3337	-288.48325
5	170	-478.31977	-475.03633	-474.33082	3.2834399	-0.7055102	-466.71245	-463.45647	-453.96279
5	171	-363.07131	-363.39141	-363.77779	-0.32010123	0.38638562	-360.64648	-359.98565	-356.29278
5	172	-291.08621	-290.36154	-289.96314	0.72467082	-0.39839573	-288.1297	-284.32091	-278.92937
5	173	-299.93837	-300.17203	-300.89305	-0.23366257	0.72102341	-297.2411	-295.91659	-295.06259
5	174	-487.28105	-483.32861	-483.90202	3.9524389	0.57341115	-481.13013	-474.43749	-469.43784
5	175	-400.67856	-394.51238	-391.20654	6.1661814	-3.3058429	-385.84935	-377.69256	-373.44963
5	176	-555.33397	-554.59639	-546.72652	0.73757605	-7.8698717	-541.15629	-538.25317	-533.51331
5	177	-265.41487	-265.51989	-266.31975	-0.10501393	0.79986267	-262.06734	-260.13269	-260.14217
5	178	-229.20517	-229.9061	-230.35161	-0.7009343	0.44551038	-223.83576	-224.25359	-222.25033
5	179	-357.30995	-357.00893	-353.78814	0.30102653	-3.2207883	-347.71274	-345.87828	-341.53587
5	180	-411.32192	-409.42583	-409.98576	1.8960851	0.55992384	-403.8295	-401.07221	-400.19599
5	181	-267.19048	-267.08782	-267.32996	0.10265624	0.24213725	-263.73796	-261.80968	-259.9693
5	182	-399.43916	-399.70554	-397.94609	-0.2663851	-1.7594496	-395.9368	-395.73094	-387.9099
5	183	-570.17239	-562.11406	-564.6774	8.0583284	2.563338	-556.36826	-552.05463	-542.60179
5	184	-392.65827	-392.52993	-391.66941	0.12834174	-0.86051557	-390.29404	-387.6638	-382.03039
5	185	-444.15337	-442.54271	-443.6208	1.6106634	1.0780906	-441.0326	-434.65256	-433.1429
5	186	-269.66305	-269.85036	-261.67205	-0.18731244	-8.1783096	-264.93229	-265.42894	-250.94976
5	187	-358.70697	-357.56334	-358.62338	1.1436297	1.0600402	-356.18723	-351.72947	-351.57073
5	188	-534.95549	-527.4139	-527.78083	7.5415955	0.36693542	-524.83307	-517.57027	-517.58953
5	189	-383.6171	-383.74403	-379.76673	-0.12692441	-3.9772976	-376.30831	-373.52452	-370.115
5	190	-440.8635	-441.13537	-440.23565	-0.27187264	-0.89972796	-435.03044	-434.49075	-428.95271
5	191	-267.29699	-266.24673	-267.29068	1.0502599	1.0439521	-264.29707	-260.42402	-260.25612
5	192	-282.29197	-282.54477	-282.53295	-0.25279711	-0.011813718	-279.55279	-278.25992	-274.63548
5	193	-300.39245	-300.59773	-299.22458	-0.20528197	-1.3731461	-297.5833	-295.88407	-287.86654
5	194	-355.51832	-355.81873	-353.26053	-0.30041748	-2.5582025	-347.58859	-346.0058	-341.84828
5	195	-291.07532	-290.9943	-291.90889	0.081019773	0.91458972	-288.31301	-286.47325	-286.48069
5	196	-446.77283	-447.19004	-447.80447	-0.41721773	0.61443093	-439.0616	-438.47426	-435.30214
5	197	-486.50735	-477.64294	-478.81786	8.8644115	1.1749226	-479.24946	-471.22999	-463.61288
5	198	-309.87895	-309.34192	-307.56499	0.53702681	-1.7769342	-306.96709	-303.90539	-295.88027
5	199	-371.97094	-370.98734	-371.28254	0.98360374	0.29520115	-369.52386	-365.77119	-360.35737
5	200	-294.78033	-294.84596	-295.69606	-0.065633777	0.85009272	-292.12124	-290.0168	-290.06507
5	201	-267.73609	-268.28707	-268.58059	-0.5509843	0.29352194	-264.89816	-265.31565	-260.48016
5	202	-311.1533	-311.03515	-304.6555	0.11815294	-6.3796488	-307.14186	-304.87274	-291.94539
5	203	-332.99571	-331.5685	-331.47321	1.4272089	-0.095292698	-330.31085	-326.89995	-321.86784
5	204	-253.74256	-254.28552	-254.58103	-0.54296201	0.29550404	-250.84665	-251.04284	-246.92933
5	205	-356.22418	-356.15945	-352.40524	0.064730334	-3.7542114	-353.67259	-351.14996	-342.13554
5	206	-390.86645	-380.01139	-377.14993	10.855054	-2.8614597	-378.03243	-374.28156	-364.52943
5	207	-354.64256	-351.05206	-348.39867	3.5905058	-2.6533874	-349.42933	-345.74641	-336.99528
5	208	-315.47739	-312.48047	-312.05552	2.9969241	-0.42494819	-311.76073	-305.6254	-299.89269
5	209	-362.27517	-362.4005	-362.83306	-0.12532428	0.43256453	-357.84616	-356.13941	-352.44332
5	210	-314.5509	-315.02213	-313.11521	-0.47122273	-1.906918	-310.3943	-310.82392	-303.27121
5	211	-549.95303	-548.6977	-543.6806	1.2553338	-5.0170957	-536.51963	-531.87378	-528.77221
5	212	-344.17946	-336.49868	-338.65472	7.6807829	2.1560383	-334.9496	-329.96201	-329.9608
5	213	-327.80163	-328.13818	-312.63812	-0.33654814	-15.500062	-319.77943	-320.07924	-300.75942
5	214	-392.82429	-392.89188	-389.93772	-0.067589454	-2.9541636	-390.41339	-388.12063	-375.60443
5	215	-500.50948	-500.71709	-494.44486	-0.2076119	-6.2722297	-485.83767	-482.82552	-476.68498
5	216	-491.72089	-482.45116	-482.5248	9.2697289	0.073634197	-478.22888	-470.92058	-467.42182
5	217	-292.55193	-290.66609	-290.55818	1.8858392	-0.10790916	-289.8332	-283.74754	-279.64168
5	218	-263.48011	-261.00627	-262.76179	2.4738416	1.7555225	-260.26192	-255.30805	-255.30941
5	219	-370.86314	-371.33782	-370.33592	-0.474672	-1.0018987	-368.39403	-368.06743	-358.8503
5	220	-448.15462	-446.82743	-449.01802	1.3271879	2.1905902	-444.83599	-440.28373	-434.74243
5	221	-538.54506	-538.48412	-537.7616	0.060947079	-0.7225159	-525.38937	-523.71656	-522.94444
5	222	-157.88616	-158.73185	-159.20716	-0.84568952	0.475313	-154.37247	-154.79052	-154.78985
5	223	-306.79206	-305.51237	-304.9013	1.2796924	-0.61106444	-304.04987	-299.79576	-293.1905
5	224	-305.5987	-305.67927	-305.40105	-0.080569564	-0.27822259	-298.89304	-297.65434	-290.64295
5	225	-391.26427	-390.88704	-390.39124	0.37722848	-0.49580354	-388.06314	-384.98184	-377.72768
5	226	-447.78208	-437.76179	-438.86025	10.020291	1.0984627	-440.47198	-428.84558	-423.88203
5	227	-335.47489	-335.39139	-336.18697	0.08349852	0.79557326	-330.47486	-328.59738	-328.56161
5	228	-273.30516	-271.50863	-271.98894	1.7965315	0.48031224	-270.22478	-266.35846	-263.61777
5	229	-422.17103	-421.79152	-421.49588	0.37951544	-0.29563081	-418.64155	-415.4485	-409.83207
5	230	-274.898	-275.4078	-275.93451	-0.50979795	0.52670485	-272.04594	-272.46355	-272.44879
5	231	-237.38169	-236.94179	-237.8942	0.43989845	0.95241125	-233.97875	-231.913	-230.9309
5	232	-445.32922	-445.36596	-438.81075	-0.036736884	-6.5552051	-433.83614	-430.79401	-422.34115
5	233	-334.0736	-334.26888	-332.98627	-0.19528087	-1.2826073	-328.13539	-326.50195	-318.77452
5	234	-221.14137	-221.80297	-222.6286	-0.66160467	0.82563122	-217.97594	-217.86425	-217.84659
5	235	-480.43646	-478.18352	-478.39433	2.2529352	0.21080736	-476.12538	-470.86847	-464.73453
5	236	-321.42619	-312.3761	-313.78256	9.0500863	1.4064571	-311.93853	-305.74302	-305.80006
5	237	-428.83566	-428.55447	-429.11153	0.28119001	0.55705571	-416.95445	-417.54393	-416.7915
5	238	-388.43205	-388.14204	-388.29974	0.29000416	0.15769601	-386.03157	-383.52348	-379.50379
5	239	-515.87717	-515.2239	-513.12119	0.6532678	-2.10271	-513.04708	-510.10907	-500.4286
5	240	-271.87934	-272.26127	-272.53887	-0.38192341	0.2776083	-268.33053	-266.63678	-263.5302
5	241	-228.06658	-228.9643	-228.79813	-0.89772071	-0.16617963	-224.83859	-222.61627	-222.61564
5	242	-292.56811	-293.00966	-292.80618	-0.44155455	-0.20348423	-289.82414	-290.19678	-286.52362
5	243	-565.13358	-558.24474	-550.21502	6.8888339	-8.029723	-548.908	-536.89767	-527.44458
5	244	-472.57194	-467.96968	-469.3342	4.6022595	1.3645242	-466.49625	-462.34262	-460.39237
5	245	-305.70746	-305.69253	-305.82068	0.014925743	0.12814921	-302.88504	-301.38407	-297.30276
5	246	-404.13357	-402.51493	-401.87398	1.6186383	-0.64095173	-401.74796	-397.6549	-388.6696
5	247	-301.12905	-301.20815	-299.65954	-0.079096323	-1.5486061	-294.55325	-293.10053	-286.02761
5	248	-468.03824	-458.93073	-449.64056	9.1075129	-9.290172	-453.81399	-444.64553	-433.66995
5	249	-278.33857	-278.68341	-279.18058	-0.34483863	0.49717153	-274.09999	-274.52007	-274.08075
5	250	-346.92308	-347.05784	-343.75266	-0.13475557	-3.3051784	-344.39491	-343.17779	-332.05453
5	251	-339.10329	-339.06074	-339.17396	0.042549905	0.11322179	-335.95285	-334.00588	-329.85304
5	252	-277.54027	-277.7414	-278.57461	-0.2011373	0.83320913	-274.67393	-273.62663	-273.74681
5	253	-337.62572	-335.279	-336.66075	2.3467268	1.3817562	-335.09276	-328.33537	-326.16591
5	254	-453.26801	-453.44921	-453.45051	-0.18119279	0.0013073799	-447.7818	-446.2113	-440.14428
5	255	-465.31348	-464.0922	-464.39174	1.2212769	0.29954177	-461.38434	-458.07862	-453.67457
5	256	-375.20675	-372.61726	-366.42228	2.5894944	-6.1949721	-370.83982	-366.11174	-351.63144
5	257	-434.25727	-433.88332	-435.98924	0.37394863	2.105923	-423.10396	-420.19617	-419.99249
5	258	-245.49686	-245.5498	-246.12606	-0.052932628	0.57626397	-242.50097	-240.70012	-237.05443
5	259	-255.41776	-255.43446	-256.47019	-0.016707074	1.0357225	-252.44735	-249.50664	-249.04373
5	260	-289.87092	-289.96285	-289.64781	-0.091932316	-0.31503766	-287.0326	-286.21685	-280.17266
5	261	-323.1669	-321.59084	-323.27149	1.5760632	1.6806477	-320.48358	-313.80171	-313.80381
5	262	-233.6969	-234.38764	-234.9139	-0.69073075	0.52626763	-230.5389	-230.9563	-227.09824
5	263	-364.16359	-363.68161	-364.24954	0.48198069	0.56793481	-361.7235	-357.90766	-353.73423
5	264	-546.91365	-545.43508	-527.44613	1.4785716	-17.988942	-532.85445	-526.72474	-509.42983
5	265	-280.63984	-280.39196	-280.93287	0.24787203	0.54090679	-277.74913	-275.51837	-272.54902
5	266	-330.3552	-327.93934	-329.49037	2.4158627	1.5510305	-327.71265	-321.16319	-319.92477
5	267	-321.77473	-314.85066	-317.07514	6.9240716	2.224483	-309.35076	-302.97995	-302.83376
5	268	-380.66048	-379.96805	-379.48466	0.6924254	-0.48339183	-376.93288	-373.5616	-364.0622
5	269	-315.43518	-310.81592	-312.67534	4.6192636	1.8594246	-308.81957	-303.86098	-302.34629
5	270	-273.43963	-273.25838	-273.94044	0.18124948	0.68206308	-270.49657	-268.83132	-266.81676
5	271	-444.74599	-442.42727	-443.26791	2.3187214	0.84064623	-440.6659	-434.63229	-430.17888
5	272	-585.83158	-586.01735	-577.49399	-0.18576372	-8.5233507	-571.56198	-570.19816	-561.01982
5	273	-381.53318	-381.60668	-374.44843	-0.073503476	-7.1582568	-373.07763	-371.60926	-360.93266
5	274	-264.48946	-264.92938	-265.57924	-0.43992249	0.64986054	-259.29832	-259.7834	-259.84685
5	275	-395.61918	-392.63949	-392.39595	2.979691	-0.24354328	-387.57031	-382.99868	-379.38253
5	276	-366.79804	-365.94709	-366.80771	0.8509495	0.86061823	-364.27905	-360.82019	-355.75204
5	277	-370.20255	-365.64557	-366.88668	4.5569773	1.2411077	-360.17131	-355.65485	-355.20172
5	278	-244.53326	-244.2836	-244.82849	0.24965923	0.54488953	-241.25781	-239.37169	-235.64741
5	279	-472.97804	-470.89267	-469.74137	2.0853692	-1.1512965	-469.27284	-459.93225	-446.06412
5	280	-286.88193	-285.13498	-285.29407	1.7469406	0.15908693	-282.95424	-279.6217	-274.58256
5	281	-279.02222	-277.52834	-278.81689	1.4938836	1.2885532	-276.16163	-272.25819	-270.28482
5	282	-333.77223	-334.14699	-334.72995	-0.37476329	0.58295798	-330.98233	-331.44143	-330.29314
5	283	-266.10102	-266.51551	-267.00561	-0.41449839	0.49009683	-263.16152	-263.57918	-262.05818
5	284	-282.48678	-278.30498	-279.4496	4.1817998	1.1446131	-279.63528	-272.78331	-271.24372
5	285	-326.60388	-326.9572	-324.77734	-0.35331861	-2.1798602	-321.45079	-319.83222	-311.42788
5	286	-325.38579	-319.71023	-319.76446	5.6755555	0.054228412	-314.30053	-309.34436	-304.74556
5	287	-294.89871	-295.33892	-295.39467	-0.44020391	0.05575807	-292.19632	-292.53686	-285.39771
5	288	-440.93961	-437.14902	-433.8352	3.790584	-3.3138277	-427.00869	-422.26454	-421.2299
5	289	-490.98405	-486.98065	-486.57968	4.0033991	-0.40097066	-485.703	-481.34746	-472.76828
5	290	-244.51291	-244.78473	-245.45185	-0.27182155	0.66712308	-241.39473	-240.28694	-240.29442
5	291	-287.32072	-285.50552	-286.60885	1.8151982	1.1033302	-284.18184	-279.91008	-278.73773
5	292	-322.15462	-322.6271	-322.20328	-0.47248247	-0.42381763	-319.5724	-319.99224	-313.07935
5	293	-430.4041	-429.74928	-426.86161	0.65481411	-2.8876678	-428.08451	-425.66157	-417.4902
5	294	-638.86655	-636.81817	-635.09565	2.0483756	-1.7225212	-626.6848	-618.97886	-615.64737
5	295	-281.38015	-279.6151	-280.59565	1.76505	0.98055796	-278.33247	-273.78549	-273.7827
5	296	-265.16063	-265.47584	-266.19363	-0.31520133	0.71779578	-262.20746	-262.45582	-262.49673
5	297	-454.29288	-452.49569	-451.04449	1.7971836	-1.4512006	-451.76787	-448.03755	-442.0013
5	298	-298.05975	-298.17015	-298.26735	-0.11039859	0.097205647	-295.2827	-293.89968	-290.24681
5	299	-303.48196	-303.89643	-304.51308	-0.414465	0.61665187	-300.78617	-300.93002	-300.09352
5	300	-296.00752	-294.55281	-295.66595	1.4547134	1.1131411	-293.27415	-289.23839	-289.15541
5	301	-430.44368	-417.94776	-418.11286	12.495913	0.16509572	-415.50553	-406.67248	-406.90207
5	302	-434.16964	-433.63502	-434.36964	0.5346214	0.73461618	-428.82615	-425.2074	-422.81073
5	303	-310.13066	-307.2806	-308.08578	2.850057	0.8051838	-302.64247	-297.32478	-294.07239
5	304	-341.01658	-341.4819	-337.74378	-0.46532283	-3.7381287	-335.06933	-335.24311	-327.0496
5	305	-316.36171	-314.13563	-315.21951	2.2260791	1.0838854	-313.54297	-307.21047	-304.22866
5	306	-623.58662	-621.92508	-616.29671	1.6615402	-5.6283714	-609.66721	-603.31219	-596.84583
5	307	-402.16304	-400.86346	-401.36296	1.299586	0.49950783	-397.8034	-394.2413	-389.36577
5	308	-284.45333	-282.37185	-282.37311	2.0814793	0.0012607589	-280.08322	-276.11586	-271.67744
5	309	-266.45457	-266.95527	-267.55566	-0.50069663	0.60039923	-263.66941	-263.34968	-261.97947
5	310	-375.45941	-363.73415	-365.20802	11.725264	1.4738668	-368.04449	-357.15053	-355.86164
5	311	-414.55286	-413.89825	-410.54422	0.65461103	-3.3540325	-411.21244	-406.58625	-395.73115
5	312	-421.16234	-420.32728	-417.55361	0.83505492	-2.7736718	-411.86031	-410.37356	-399.16174
5	313	-271.17185	-271.45541	-272.32991	-0.28355727	0.87449901	-266.74818	-264.91988	-265.52921
5	314	-391.50198	-380.58242	-379.70649	10.919558	-0.87592806	-376.33808	-368.25327	-365.84609
5	315	-448.90226	-444.94608	-445.56803	3.9561799	0.6219436	-438.74128	-436.47333	-434.22153
5	316	-311.06438	-310.9369	-312.21352	0.12747588	1.2766174	-308.26363	-306.2009	-297.48398
5	317	-270.07157	-269.95292	-269.66261	0.11865341	-0.29031333	-267.04333	-265.15793	-260.90438
5	318	-399.09017	-399.65381	-400.21416	-0.56364257	0.5603554	-390.93087	-391.34974	-390.10088
5	319	-289.54115	-289.82739	-290.26791	-0.28623817	0.44052286	-286.841	-286.85226	-283.25322
5	320	-232.26909	-232.08451	-232.50544	0.18457544	0.42092928	-229.02979	-226.42579	-224.76204
5	321	-450.58279	-450.76598	-450.26018	-0.18318327	-0.50579777	-441.7235	-441.48047	-435.30415
5	322	-420.69979	-421.24143	-421.36547	-0.54164241	0.12403911	-415.46492	-415.90675	-408.7014
5	323	-473.88986	-469.92609	-466.67724	3.9637711	-3.2488463	-462.87043	-458.11742	-448.42297
5	324	-196.97974	-196.1903	-197.35599	0.78943917	1.1656825	-193.55253	-189.74572	-189.76422
5	325	-417.46863	-415.8968	-415.37591	1.5718323	-0.52089011	-414.80307	-410.10206	-401.20146
5	326	-358.71499	-358.86764	-358.61299	-0.15264181	-0.25464869	-355.47628	-354.24039	-349.83865
5	327	-405.8324	-403.52571	-403.86873	2.3066953	0.34302135	-403.61509	-397.20344	-390.12464
5	328	-596.45654	-595.67408	-592.12087	0.78245807	-3.5532121	-586.11292	-583.14091	-575.68695
5	329	-363.18816	-363.53578	-362.8656	-0.34762652	-0.67018188	-360.60163	-360.11357	-353.70784
5	330	-393.53556	-393.85623	-388.25725	-0.3206725	-5.5989816	-385.30977	-385.79847	-378.44825
5	331	-291.912	-291.81636	-292.7943	0.095638517	0.97794317	-289.05829	-287.44776	-287.44622
5	332	-287.11658	-287.15554	-287.85608	-0.038952417	0.70054628	-284.36559	-282.48845	-281.49404
5	333	-340.47692	-336.21869	-337.70624	4.2582347	1.4875528	-337.81481	-328.96006	-327.52534
5	334	-269.2303	-268.89247	-269.16405	0.33782445	0.27157622	-266.25919	-263.88554	-259.78049
5	335	-346.95273	-346.05358	-347.36212	0.89915505	1.3085391	-344.46096	-339.79519	-339.94922
5	336	-272.4967	-271.9586	-272.94845	0.53810266	0.98984382	-269.58582	-265.41535	-263.8205
5	337	-250.02525	-250.36634	-250.60056	-0.34109762	0.23421754	-246.75599	-246.76462	-243.25247
5	338	-299.29468	-298.93608	-299.77847	0.35860036	0.84239357	-296.54476	-293.07963	-291.83436
5	339	-454.90144	-450.47831	-446.47314	4.4231296	-4.0051786	-445.94621	-442.7158	-433.90961
5	340	-222.03282	-222.02468	-222.27052	0.0081394681	0.24583543	-218.11018	-215.81063	-215.81251
5	341	-383.97881	-382.39506	-383.07936	1.5837562	0.68430284	-381.42405	-377.37481	-374.26043
5	342	-269.72681	-269.97806	-270.62152	-0.25125466	0.64345652	-266.72121	-266.68425	-265.25947
5	343	-440.86877	-435.56999	-436.86029	5.2987832	1.2902997	-430.975	-428.49043	-426.55422
5	344	-394.09063	-391.21094	-392.72867	2.8796888	1.5177283	-388.04429	-383.37364	-383.38434
5	345	-313.2722	-313.64069	-314.30401	-0.36848752	0.66331941	-310.52455	-310.94424	-309.59999
5	346	-202.92771	-202.48765	-202.96285	0.44005672	0.47519793	-198.391	-198.8104	-196.75267
5	347	-366.09556	-363.57501	-365.25022	2.5205527	1.6752163	-363.63404	-355.91687	-355.93717
5	348	-487.28994	-485.48184	-484.11316	1.8081065	-1.3686753	-475.82166	-476.23121	-471.32297
5	349	-445.93589	-443.82073	-442.96616	2.1151537	-0.85456995	-436.88423	-436.81749	-433.08324
5	350	-429.66984	-429.28659	-429.59474	0.38325042	0.30815608	-427.34322	-424.13329	-421.4675
5	351	-359.7767	-358.21396	-359.47753	1.5627464	1.2635724	-357.21857	-352.08757	-351.53085
5	352	-591.64659	-589.80463	-582.11997	1.8419681	-7.6846565	-577.65638	-574.85417	-563.18277
5	353	-304.54885	-304.94621	-300.45607	-0.39736279	-4.4901432	-301.79461	-302.21331	-289.41899
5	354	-264.6883	-264.65247	-265.1971	0.03582784	0.54463532	-261.59759	-259.7237	-257.97304
5	355	-343.85666	-341.27436	-336.81397	2.5823068	-4.4603849	-329.85371	-328.38386	-324.68469
5	356	-467.31045	-457.10003	-459.97309	10.210427	2.8730636	-458.16149	-445.46568	-445.45089
5	357	-288.74582	-289.41169	-288.89172	-0.6658741	-0.51997525	-284.72183	-285.13992	-279.67343
5	358	-392.7224	-391.72267	-391.37783	0.99973397	-0.34483955	-390.22104	-386.41552	-380.20237
5	359	-395.18696	-395.39243	-395.50057	-0.20546871	0.10814385	-392.75161	-391.85622	-388.44637
5	360	-280.35083	-279.84682	-280.9651	0.50400295	1.1182748	-277.58845	-273.73136	-273.73225
5	361	-331.81176	-328.20549	-330.22388	3.606266	2.0183812	-327.20835	-321.46653	-321.46689
5	362	-417.27668	-417.58362	-413.8331	-0.30694003	-3.7505212	-411.89	-412.37581	-404.25653
5	363	-635.20959	-633.38614	-631.14581	1.823453	-2.2403306	-619.72474	-612.43903	-607.9067
5	364	-280.71155	-280.39417	-281.33565	0.31738328	0.94148495	-277.85154	-274.67221	-274.68479
5	365	-338.17069	-338.47157	-338.41122	-0.30088317	-0.060344729	-335.64542	-335.54584	-329.6479
5	366	-386.88489	-385.79645	-385.62502	1.0884414	-0.17142859	-377.98855	-377.19129	-369.55767
5	367	-293.70919	-294.13945	-294.47665	-0.4302637	0.33719824	-285.26094	-285.69834	-285.68497
5	368	-436.40233	-436.75407	-433.90289	-0.3517416	-2.8511802	-426.03352	-426.45971	-419.04298
5	369	-423.28912	-420.22922	-420.97973	3.0598994	0.75051069	-420.70203	-410.4104	-409.77189
5	370	-395.53344	-395.75275	-396.25928	-0.21931247	0.50653471	-393.08558	-392.44273	-390.70919
5	371	-399.35401	-391.53924	-393.54681	7.8147688	2.0075734	-390.31717	-382.05809	-380.80349
5	372	-440.01249	-435.62972	-434.99313	4.3827631	-0.63659727	-435.40787	-428.00156	-423.14085
5	373	-276.75992	-275.55415	-276.3537	1.2057737	0.79954674	-272.99199	-269.21595	-269.02969
5	374	-255.24309	-255.33231	-255.98386	-0.089217353	0.65155274	-251.93031	-250.14921	-249.27201
5	375	-339.99931	-338.69559	-336.87961	1.3037152	-1.8159875	-333.02305	-333.2693	-323.53535
5	376	-475.64016	-474.21427	-473.08978	1.4258884	-1.1244907	-470.37333	-465.7498	-454.97014
5	377	-422.64111	-422.06863	-422.67466	0.57248281	0.60602675	-416.33669	-413.2406	-412.31251
5	378	-281.67861	-281.62	-282.4677	0.058609018	0.84769791	-276.64183	-274.86131	-274.86347
5	379	-364.72031	-362.57485	-360.68608	2.1454664	-1.8887637	-362.18939	-351.95943	-344.97914
5	380	-489.03286	-488.74526	-488.42038	0.28760503	-0.3248817	-481.05965	-481.11293	-476.47805
5	381	-460.22002	-455.13225	-451.33153	5.0877663	-3.8007258	-450.75905	-448.36453	-438.95291
5	382	-254.83027	-254.14952	-255.30617	0.68075446	1.1566553	-251.55468	-248.25961	-248.27225
5	383	-378.8363	-378.83331	-379.71285	0.0029863875	0.87954231	-375.56979	-374.03223	-374.29264
5	384	-335.24544	-335.75993	-331.63169	-0.51448597	-4.1282393	-332.64209	-333.13692	-322.11349
5	385	-302.88429	-303.01199	-302.72644	-0.1276999	-0.28554837	-300.11578	-298.70123	-292.33229
5	386	-321.51589	-321.56078	-322.13135	-0.044888716	0.57056504	-318.92384	-317.74647	-315.40193
5	387	-310.87505	-309.4452	-310.26332	1.4298503	0.81811806	-308.13898	-304.34419	-301.39925
5	388	-394.03032	-393.65142	-391.2291	0.37890158	-2.4223164	-387.72484	-385.7846	-375.15393
5	389	-315.56618	-315.0517	-315.40248	0.51448018	0.3507767	-312.87971	-310.03643	-307.17149
5	390	-316.5873	-315.17937	-314.92027	1.4079356	-0.2590999	-313.866	-308.43572	-303.12574
5	391	-253.29336	-253.54704	-253.8649	-0.25367493	0.31786309	-250.38815	-248.38047	-246.66496
5	392	-371.26883	-367.10649	-368.18871	4.1623359	1.0822204	-368.7941	-360.196	-357.00054
5	393	-330.15127	-330.54937	-331.25464	-0.39810661	0.7052686	-326.95281	-327.38249	-327.3701
5	394	-201.10563	-201.40538	-201.6009	-0.29975398	0.19551678	-197.68155	-195.1061	-195.10362
5	395	-318.82733	-319.3379	-319.80974	-0.5105749	0.47183854	-312.66528	-313.0848	-311.76647
5	396	-374.48183	-374.92561	-372.97744	-0.44377747	-1.9481676	-372.08035	-372.49905	-363.13544
5	397	-275.68335	-273.93244	-274.95529	1.7509075	1.0228445	-272.93697	-266.73249	-264.90594
5	398	-393.38642	-393.53859	-390.22565	-0.15216246	-3.3129362	-385.89075	-384.50337	-374.85412
5	399	-314.00477	-314.50974	-315.01592	-0.50497159	0.50618745	-311.46398	-311.88156	-310.63575
5	400	-439.03127	-435.98554	-437.17886	3.0457305	1.1933217	-436.78618	-430.9968	-429.90176
5	401	-337.19457	-336.90498	-335.06044	0.28959067	-1.8445468	-332.65778	-329.22231	-322.76565
5	402	-413.24121	-412.05389	-412.64453	1.187324	0.5906354	-406.56437	-402.24102	-400.37274
5	403	-364.1772	-364.36919	-365.06332	-0.1919927	0.6941306	-359.66412	-358.79913	-357.97716
5	404	-388.49426	-381.56661	-381.41983	6.927649	-0.14678182	-377.74282	-375.11216	-368.27163
5	405	-364.33751	-364.69531	-365.24803	-0.35779976	0.55271866	-358.65632	-357.78119	-356.46763
5	406	-190.60687	-190.42376	-191.20112	0.183104	0.77735169	-186.57488	-185.80115	-185.80628
5	407	-569.22525	-543.27983	-545.60542	25.945419	2.3255888	-555.20795	-526.45431	-525.81104
5	408	-617.18679	-615.1844	-608.77645	2.0023889	-6.4079435	-601.2357	-598.52458	-585.78597
5	409	-350.37296	-350.62128	-347.12751	-0.24831537	-3.4937737	-347.7763	-347.28868	-338.17786
5	410	-340.60483	-338.43421	-339.71921	2.1706124	1.284997	-335.77187	-330.64104	-328.23572
5	411	-313.68151	-307.64282	-309.14863	6.0386879	1.505809	-309.90455	-302.42067	-302.40629
5	412	-396.75482	-396.8691	-388.95525	-0.11427879	-7.913848	-391.4605	-388.97197	-372.16323
5	413	-411.7059	-403.86468	-402.2267	7.8412279	-1.6379737	-403.77493	-395.24055	-387.43537
5	414	-568.8822	-568.37447	-559.56165	0.50773727	-8.8128147	-552.73195	-550.87601	-537.69246
5	415	-265.79635	-266.41711	-266.90399	-0.62076633	0.48687392	-258.22997	-258.65073	-256.75449
5	416	-391.25767	-386.31971	-386.88624	4.9379609	0.56652253	-385.49126	-378.24354	-367.40727
5	417	-362.06783	-362.34087	-357.97646	-0.27304627	-4.3644095	-359.44653	-358.5106	-347.42067
5	418	-290.52242	-290.67138	-291.24141	-0.14896304	0.57002621	-286.06296	-284.38138	-282.87205
5	419	-300.41721	-299.55201	-300.08259	0.8651965	0.53057147	-297.76824	-293.17479	-283.0667
5	420	-422.21275	-421.84224	-422.00523	0.37050777	0.16299121	-419.94583	-416.36315	-409.23106
5	421	-353.96573	-353.21208	-353.33499	0.75364561	0.12291357	-351.45907	-348.52499	-344.18106
5	422	-408.3503	-397.93582	-399.74415	10.414472	1.8083274	-400.03014	-390.98482	-389.80208
5	423	-506.37543	-505.72792	-498.90915	0.64751725	-6.8187695	-491.19476	-487.89803	-478.14823
5	424	-446.55876	-446.76799	-439.91289	-0.20923014	-6.8551035	-441.67336	-440.49098	-420.41658
5	425	-442.82852	-439.47744	-432.52891	3.3510858	-6.9485281	-427.07672	-419.17699	-410.06569
5	426	-311.98935	-312.49592	-312.96562	-0.50657383	0.4696977	-309.36278	-309.78025	-307.44768
5	427	-295.86958	-296.29046	-296.94013	-0.42087589	0.64966587	-293.15054	-293.19977	-293.19895
5	428	-243.78312	-244.01831	-244.63541	-0.23519821	0.61709993	-240.67143	-238.75911	-238.78729
5	429	-350.89225	-350.27028	-350.54706	0.6219713	0.27678738	-348.04486	-344.77384	-340.31969
5	430	-308.39334	-308.45768	-308.25332	-0.064330686	-0.20435846	-304.68186	-304.66217	-299.80899
5	431	-381.66234	-382.03171	-382.02901	-0.36936969	-0.00269674	-379.2433	-378.5625	-375.45206
5	432	-334.39029	-333.34617	-333.33453	1.0441195	-0.011644329	-331.91305	-328.55735	-323.84347
5	433	-311.05438	-311.10116	-311.54582	-0.046782506	0.4446593	-307.77625	-306.19272	-302.67918
5	434	-562.69077	-561.96693	-559.09168	0.72384109	-2.8752455	-550.25224	-550.83226	-546.96379
5	435	-253.44834	-253.51803	-253.79499	-0.069681065	0.27696103	-250.51076	-247.9955	-243.59442
5	436	-387.89478	-385.28579	-385.19577	2.6089831	-0.090019836	-385.43103	-377.24184	-372.98251
5	437	-342.30182	-341.88252	-342.76222	0.41930507	0.8797053	-339.68146	-336.23286	-334.93226
5	438	-392.46876	-392.97487	-392.8117	-0.50610367	-0.16316017	-387.63986	-388.05351	-385.19707
5	439	-322.83882	-323.16384	-322.8591	-0.32501072	-0.30473342	-320.17033	-319.32028	-313.77314
5	440	-453.69419	-452.21839	-446.39271	1.4757928	-5.8256785	-441.92958	-436.74506	-429.83916
5	441	-494.38017	-494.10346	-488.83431	0.27670603	-5.2691463	-479.15451	-474.14489	-467.93496
5	442	-504.31255	-504.04666	-502.84062	0.26588988	-1.206038	-492.51049	-491.37666	-488.90024
5	443	-569.48259	-568.51597	-568.54386	0.96661671	0.027887878	-563.89936	-563.79106	-559.3729
5	444	-352.81734	-351.35723	-352.09767	1.4601014	0.74044054	-350.35218	-345.34214	-342.68427
5	445	-276.56754	-275.90587	-277.05605	0.66167399	1.1501784	-273.74209	-269.18269	-269.21261
5	446	-380.04537	-378.57344	-378.84629	1.4719316	0.2728491	-377.32167	-372.13801	-368.27282
5	447	-308.41803	-308.79862	-308.16661	-0.38059545	-0.63201254	-303.56324	-303.81171	-297.59277
5	448	-506.65474	-505.70702	-500.59306	0.94771973	-5.1139569	-498.89612	-495.85799	-487.84619
5	449	-373.13518	-371.56662	-371.62223	1.5685541	0.055608469	-366.13839	-359.99972	-358.13803
5	450	-351.70312	-349.62711	-350.64995	2.0760054	1.0228431	-347.54871	-343.2404	-340.99584
5	451	-433.53599	-429.71564	-429.57074	3.8203501	-0.14489702	-428.93901	-423.35805	-418.47801
5	452	-326.66348	-326.83269	-327.20555	-0.16921085	0.3728622	-323.83734	-322.58436	-319.73104
5	453	-555.92992	-553.42246	-554.19689	2.5074626	0.77442819	-544.79288	-541.04118	-535.80389
5	454	-235.43613	-235.85237	-236.34503	-0.41623709	0.49265811	-232.10073	-232.51893	-230.74418
5	455	-429.3528	-429.25267	-425.4569	0.10012981	-3.795768	-425.90522	-425.2991	-407.34453
5	456	-236.08284	-236.04009	-236.56842	0.04274575	0.52833233	-232.73082	-231.22239	-229.45227
5	457	-232.02282	-232.25653	-232.75186	-0.23371832	0.49532353	-228.95677	-226.58991	-226.56921
5	458	-330.82329	-330.20853	-330.67261	0.61476216	0.46408716	-326.88555	-323.64205	-319.64198
5	459	-368.96289	-367.98275	-368.75616	0.98013794	0.77340562	-366.4467	-363.44335	-361.34249
5	460	-230.37739	-227.72315	-228.67434	2.6542394	0.95118839	-227.12872	-222.07528	-220.11073
5	461	-374.9273	-375.33876	-375.60224	-0.41146454	0.26347752	-372.55852	-372.90949	-369.98553
5	462	-407.32182	-407.76933	-404.94877	-0.44750661	-2.8205617	-404.49474	-404.91648	-394.94061
5	463	-427.8206	-422.52422	-423.21671	5.2963776	0.69248505	-418.76189	-417.06145	-413.73657
5	464	-438.97017	-434.83407	-431.66735	4.1360982	-3.1667203	-436.66645	-429.4816	-420.18182
5	465	-305.20349	-305.36929	-305.00938	-0.1657964	-0.35990265	-302.11647	-302.20125	-296.98163
5	466	-538.22413	-531.75603	-526.3318	6.4680982	-5.4242283	-522.9302	-514.9325	-505.03397
5	467	-248.15282	-248.62302	-249.52439	-0.47019829	0.90137631	-245.20817	-243.09387	-243.26755
5	468	-321.00317	-319.44502	-319.67099	1.5581477	0.22596671	-318.361	-313.1046	-307.83898
5	469	-219.21931	-219.14097	-219.71377	0.078345538	0.57280534	-215.72387	-213.14927	-210.92767
5	470	-311.15485	-310.3903	-311.2481	0.76454416	0.85779243	-306.90404	-302.4803	-299.6743
5	471	-271.05735	-271.34645	-270.7629	-0.28909683	-0.58354426	-268.00653	-267.71171	-262.05341
5	472	-255.1097	-252.13258	-253.9737	2.9771202	1.8411154	-252.02067	-244.94771	-244.97253
5	473	-477.37036	-470.41713	-465.15561	6.9532285	-5.2615143	-469.67283	-462.0434	-453.73838
5	474	-226.91178	-227.21123	-227.1914	-0.29945163	-0.019828797	-223.3373	-223.75544	-220.06365
5	475	-306.53643	-306.58752	-307.34144	-0.051092011	0.75391721	-303.84461	-301.71709	-300.4843
5	476	-417.70562	-418.16004	-416.56279	-0.45441348	-1.5972456	-415.32351	-415.74098	-403.66573
5	477	-341.73236	-342.05895	-341.46772	-0.3265899	-0.5912366	-337.48053	-337.8205	-330.49453
5	478	-440.09519	-439.40473	-439.6944	0.69046163	0.28967024	-435.7897	-431.55988	-426.88524
5	479	-386.14297	-382.33699	-383.08969	3.8059797	0.75270181	-376.86784	-371.94925	-366.99196
5	480	-329.49042	-329.5246	-330.24915	-0.034181462	0.72455679	-326.90378	-325.39638	-324.36583
5	481	-501.18694	-489.57499	-485.36737	11.61195	-4.2076212	-488.00491	-477.74083	-468.85595
5	482	-473.45153	-472.8684	-473.13092	0.58313809	0.26252787	-468.88198	-465.40113	-459.66298
5	483	-296.31859	-296.89485	-296.23448	-0.57625259	-0.66037135	-293.56958	-293.98839	-287.16933
5	484	-388.48394	-388.93496	-389.05472	-0.45101558	0.11976161	-385.17986	-385.60558	-382.65419
5	485	-328.52772	-328.76354	-327.16096	-0.2358227	-1.6025845	-325.88576	-325.10288	-314.47809
5	486	-299.60225	-299.85276	-300.34039	-0.2505131	0.4876217	-296.79085	-295.38487	-293.96371
5	487	-238.93838	-239.4048	-238.82435	-0.46641098	-0.58044917	-235.88326	-235.60203	-231.12229
5	488	-441.3436	-439.96619	-440.08739	1.3774163	0.12120392	-439.07482	-433.77957	-427.16891
5	489	-377.71225	-374.85418	-376.26845	2.8580633	1.4142634	-370.34111	-369.31575	-365.79433
5	490	-295.19379	-294.53586	-294.53263	0.65793268	-0.0032266633	-287.93579	-288.15505	-284.22501
5	491	-493.16012	-493.38183	-489.86707	-0.22170258	-3.5147581	-483.00316	-483.45255	-474.83966
5	492	-336.32826	-334.77318	-336.13875	1.5550792	1.3655692	-333.70862	-327.5421	-326.42716
5	493	-499.1574	-489.29424	-491.9713	9.8631613	2.6770634	-483.86695	-475.66569	-471.60113
5	494	-290.89846	-290.89187	-291.15257	0.0065923562	0.26069739	-286.47837	-284.07927	-280.11983
5	495	-247.74081	-248.15896	-248.70054	-0.41814936	0.54157839	-244.57018	-244.99167	-244.98951
5	496	-417.47316	-417.45881	-415.95001	0.014354817	-1.5088003	-415.14109	-413.17998	-405.3921
5	497	-427.39816	-427.35023	-425.95108	0.047929059	-1.3991517	-425.18419	-423.39303	-415.0963
5	498	-666.13132	-661.43444	-658.63227	4.6968862	-2.802167	-652.47456	-644.27444	-635.86708
5	499	-347.73873	-347.01686	-348.03958	0.72186417	1.0227191	-343.23221	-340.42071	-340.45756
5	500	-497.57872	-497.22757	-494.39386	0.35114774	-2.8337166	-495.04044	-492.75229	-477.58097
5	501	-503.34534	-498.44846	-488.61611	4.8968734	-9.8323572	-486.40051	-481.88996	-467.58837
5	502	-363.87357	-363.76142	-362.10873	0.11214913	-1.6526837	-361.04087	-360.11533	-350.04927
5	503	-363.40401	-363.87428	-364.1533	-0.47026856	0.27902537	-354.35701	-354.80233	-350.91912
5	504	-291.82271	-290.95588	-291.87556	0.86682688	0.9196799	-287.92855	-281.99974	-280.21208
5	505	-436.26706	-432.1152	-433.60441	4.1518565	1.489213	-426.1804	-418.53449	-417.52556
5	506	-258.76471	-258.46687	-259.30256	0.29784291	0.83568534	-255.75369	-253.57413	-251.84504
5	507	-373.98872	-374.37705	-374.02406	-0.38832562	-0.35298426	-371.60986	-371.99927	-366.98498
5	508	-313.25365	-312.42271	-311.65169	0.83093683	-0.77101526	-310.48808	-307.25463	-297.92282
5	509	-530.0099	-528.61637	-518.97067	1.3935372	-9.6456985	-522.23768	-518.32921	-504.46404
5	510	-549.25464	-547.54918	-549.85821	1.7054584	2.3090318	-536.32947	-533.14415	-529.45477
5	511	-428.21174	-419.21462	-415.48397	8.99712	-3.7306546	-421.1443	-410.2815	-400.71086
5	512	-562.72681	-556.47237	-553.97116	6.2544409	-2.5012034	-549.27856	-542.44665	-533.73757
5	513	-200.38939	-199.65225	-200.84779	0.7371449	1.1955482	-196.99438	-193.40675	-193.41634
5	514	-452.96588	-451.71593	-453.16168	1.249952	1.4457496	-448.55418	-444.98591	-441.61248
5	515	-300.7725	-300.8005	-301.5367	-0.02799943	0.73620337	-298.00289	-296.27861	-294.4709
5	516	-266.82855	-266.00817	-265.45046	0.82037973	-0.55771596	-263.61288	-259.42686	-254.82695
5	517	-269.40131	-261.24288	-263.27766	8.1584359	2.0347844	-260.78073	-252.16111	-251.25262
5	518	-541.44774	-537.90333	-522.62305	3.544414	-15.280278	-523.87887	-515.53601	-505.94487
5	519	-399.59596	-394.27239	-396.42559	5.3235757	2.153197	-392.80351	-386.65947	-386.66365
5	520	-413.69989	-412.61797	-413.17454	1.0819222	0.55656668	-411.39623	-407.7435	-403.64903
5	521	-302.19918	-302.692	-299.50733	-0.49282409	-3.1846735	-299.52252	-299.60784	-290.06161
5	522	-331.05371	-323.76888	-324.57436	7.2848286	0.80547836	-319.66537	-315.21178	-311.24749
5	523	-291.06991	-288.67198	-289.30082	2.3979332	0.62884527	-286.60534	-281.50715	-276.99055
5	524	-481.54382	-481.02028	-481.48504	0.52353952	0.46476352	-479.42771	-473.75358	-469.97011
5	525	-394.9438	-394.903	-394.71755	0.040808579	-0.18544713	-392.54366	-391.49393	-385.47205
5	526	-413.30562	-413.45755	-413.83542	-0.15193312	0.37786984	-408.57002	-407.0735	-404.8558
5	527	-319.0256	-319.45025	-320.22733	-0.4246506	0.77707927	-316.35167	-316.57572	-316.56013
5	528	-236.18769	-236.70308	-237.04526	-0.51539062	0.34217415	-232.97017	-232.98617	-231.42834
5	529	-330.10003	-330.43806	-328.02524	-0.3380328	-2.4128236	-324.17334	-324.58905	-315.18841
5	530	-270.39004	-270.66445	-271.42293	-0.27441094	0.75847233	-267.3075	-267.59378	-267.57706
5	531	-316.06816	-314.73884	-315.88918	1.3293191	1.1503481	-313.34578	-309.7588	-309.44068
5	532	-543.17487	-541.9061	-537.31549	1.2687706	-4.5906155	-534.66559	-533.62807	-527.49593
5	533	-391.51335	-391.98293	-385.06911	-0.46958419	-6.9138169	-384.83825	-385.47665	-378.59857
5	534	-254.23898	-253.37523	-254.26518	0.86374701	0.88994763	-251.12038	-246.05547	-246.10178
5	535	-304.09573	-304.13421	-303.71773	-0.038483775	-0.41648358	-301.39508	-299.95832	-294.37013
5	536	-517.6278	-516.81355	-509.30106	0.8142566	-7.5124889	-504.03827	-503.56067	-491.63591
5	537	-409.0252	-406.76751	-402.32922	2.2576901	-4.4382883	-401.42427	-399.44181	-389.24868
5	538	-350.93251	-350.50033	-351.52442	0.43218075	1.0240948	-347.98952	-345.66668	-345.68188
5	539	-255.61821	-254.60411	-255.66942	1.0140956	1.0653059	-252.69594	-247.77435	-246.06248
5	540	-295.20021	-294.77287	-295.2924	0.42734687	0.51953184	-292.38687	-288.64968	-286.29162
5	541	-597.84951	-592.85262	-592.67198	4.9968931	-0.18063306	-584.01553	-572.60862	-572.76188
5	542	-274.81805	-275.51667	-272.328	-0.69861611	-3.188666	-269.84603	-270.26366	-262.94906
5	543	-347.49099	-347.38303	-344.30552	0.10795558	-3.0775101	-340.88117	-341.96378	-328.7298
5	544	-548.50745	-538.60176	-534.41276	9.9056903	-4.1890002	-532.06001	-525.23407	-516.64665
5	545	-368.47646	-365.78975	-367.11321	2.686711	1.3234532	-364.11328	-360.40599	-360.39712
5	546	-387.27769	-385.86496	-387.02714	1.412731	1.1621745	-384.91507	-378.69833	-376.80868
5	547	-243.49826	-242.98836	-244.20581	0.50990029	1.2174541	-240.40267	-236.20404	-236.20353
5	548	-296.39412	-296.80991	-296.92566	-0.41578976	0.11574988	-293.51212	-293.92966	-289.74865
5	549	-430.27023	-429.24313	-424.3067	1.0271025	-4.9364245	-422.12076	-419.1629	-412.58301
5	550	-277.46164	-276.67785	-276.35552	0.78379371	-0.32232956	-274.64597	-270.14242	-264.23071
5	551	-291.69928	-289.23429	-290.80015	2.4649944	1.5658669	-288.24528	-281.69664	-281.69605
5	552	-300.64559	-295.85882	-297.2701	4.7867683	1.4112806	-297.92191	-288.29774	-286.78922
5	553	-349.45526	-344.12285	-345.84446	5.3324144	1.7216068	-345.79642	-335.76845	-334.42166
5	554	-398.63869	-399.14229	-394.99196	-0.50360177	-4.1503284	-396.34965	-396.76718	-387.82252
5	555	-350.04731	-350.24639	-346.52425	-0.19908877	-3.7221463	-347.14322	-344.85872	-336.10299
5	556	-271.88674	-272.62442	-273.0624	-0.737677	0.43798273	-269.00947	-269.42747	-269.42904
5	557	-367.86405	-367.98954	-368.29067	-0.12548081	0.30113703	-356.14188	-356.21767	-356.05608
5	558	-370.53511	-366.0421	-366.62681	4.4930098	0.58470332	-368.0498	-359.28395	-356.00604
5	559	-320.09782	-320.10483	-321.11568	-0.0070100838	1.0108503	-314.69693	-311.42275	-311.41601
5	560	-323.70224	-314.74346	-316.01167	8.9587799	1.2682059	-315.25456	-309.35118	-309.35102
5	561	-255.41405	-253.68946	-253.0077	1.7245869	-0.68175761	-252.22352	-246.05802	-240.57217
5	562	-396.26496	-396.36446	-393.88869	-0.09950418	-2.4757683	-393.87402	-392.48974	-385.04902
5	563	-513.30254	-513.5141	-506.45183	-0.21155612	-7.0622735	-498.51676	-496.5188	-482.08018
5	564	-307.05678	-305.13907	-306.53553	1.917713	1.3964602	-304.41368	-298.58686	-296.88443
5	565	-326.17039	-325.4702	-326.26086	0.70018729	0.79066276	-323.46777	-319.70741	-318.43002
5	566	-407.17061	-407.31544	-406.62388	-0.14482961	-0.69155515	-404.74125	-403.71235	-396.45956
5	567	-398.29238	-398.74107	-398.73838	-0.44869374	-0.0026868047	-392.19285	-391.66473	-381.30302
5	568	-201.32315	-201.94972	-202.38737	-0.62657452	0.43764672	-198.06247	-198.48235	-196.324
5	569	-518.69797	-514.90972	-512.55464	3.7882486	-2.3550838	-506.1533	-501.42109	-494.94244
5	570	-639.73883	-639.31895	-638.50616	0.41987928	-0.81279016	-625.13489	-624.82411	-622.97223
5	571	-231.17281	-227.8957	-229.57575	3.2771168	1.6800533	-227.60856	-221.76675	-222.07301
5	572	-244.03648	-244.23345	-244.83887	-0.19697982	0.60541916	-241.0269	-238.66321	-237.50283
5	573	-231.7603	-232.44868	-232.97996	-0.68837875	0.53127659	-228.87801	-229.29586	-227.62746
5	574	-257.68861	-258.2642	-258.83013	-0.57558283	0.5659375	-254.56861	-254.98732	-254.99474
5	575	-295.65455	-296.21401	-296.71854	-0.55945509	0.50452677	-292.61202	-293.04453	-291.58509
5	576	-207.63186	-208.19651	-209.01152	-0.56464651	0.81501192	-204.38723	-204.80525	-204.80679
5	577	-437.53303	-437.6898	-435.86111	-0.15677514	-1.8286912	-432.03419	-431.07845	-421.15098
5	578	-252.50451	-252.36809	-251.85394	0.13641824	-0.5141523	-249.48505	-247.00595	-242.33717
5	579	-297.00429	-296.8815	-297.66003	0.12278899	0.77852777	-294.25754	-292.09485	-290.87915
5	580	-564.51862	-563.32767	-558.27482	1.1909419	-5.0528584	-552.50423	-550.4083	-537.76126
5	581	-399.59927	-399.21278	-398.15332	0.38648764	-1.0594565	-397.04822	-393.23226	-380.91013
5	582	-324.65558	-325.1139	-325.68573	-0.45831412	0.57183696	-321.98374	-322.40213	-321.27705
5	583	-225.96736	-226.44286	-227.17911	-0.475503	0.73625225	-222.89868	-222.4482	-222.44023
5	584	-342.4981	-341.94983	-342.72219	0.54827327	0.77236762	-339.88458	-336.23324	-331.95336
5	585	-356.86828	-357.11681	-355.75651	-0.24853268	-1.3602972	-354.36332	-353.85914	-345.35441
5	586	-358.39808	-356.85413	-357.25679	1.5439428	0.4026571	-355.01793	-350.65293	-347.29431
5	587	-299.10346	-299.22369	-298.29588	-0.12023748	-0.92781065	-295.37061	-294.54532	-288.08988
5	588	-441.83843	-438.22226	-437.07134	3.6161734	-1.1509183	-439.58659	-430.89374	-424.66037
5	589	-424.07388	-424.31818	-424.73999	-0.24429483	0.42181525	-416.19015	-415.06973	-413.86723
5	590	-315.65703	-316.12637	-316.33188	-0.46933505	0.20551394	-313.01055	-313.27833	-308.88624
5	591	-424.45905	-421.63837	-422.02706	2.8206882	0.38869579	-420.66752	-413.48495	-407.70699
5	592	-477.22856	-473.05778	-470.53169	4.1707768	-2.5260938	-474.04391	-466.27996	-457.37747
5	593	-431.35625	-431.21138	-423.41881	0.14487213	-7.7925666	-419.07466	-414.25247	-411.39172
5	594	-352.5361	-351.63245	-352.81429	0.90364752	1.1818385	-348.02812	-345.93968	-344.7168
5	595	-311.02455	-308.55876	-309.90942	2.4657867	1.3506547	-303.49399	-299.77213	-299.76785
5	596	-581.61872	-579.66796	-578.67798	1.9507654	-0.9899825	-567.34971	-562.9786	-557.75459
5	597	-413.25902	-413.69136	-412.55134	-0.43234194	-1.1400149	-409.40538	-409.88132	-401.57558
5	598	-275.40977	-275.47254	-272.92707	-0.062772278	-2.5454756	-272.50778	-270.33026	-263.65843
5	599	-287.09849	-285.96219	-287.03578	1.1363014	1.0735909	-281.49221	-277.46009	-276.94484
5	600	-712.71118	-710.80303	-710.21771	1.908154	-0.58531297	-701.63392	-693.15257	-688.88918
5	601	-424.94406	-424.88473	-422.93236	0.05932996	-1.9523729	-416.58794	-414.2382	-408.78001
5	602	-361.37248	-357.5766	-358.28159	3.7958729	0.70498656	-352.2006	-348.50711	-347.9084
5	603	-276.82246	-276.99509	-277.45903	-0.17262835	0.46394569	-271.25927	-271.53858	-269.24725
5	604	-425.81575	-417.13254	-419.16859	8.683207	2.0360505	-416.50025	-405.74637	-405.93208
5	605	-357.72903	-356.6657	-357.57491	1.0633269	0.90920155	-355.2012	-350.53682	-347.48776
5	606	-233.48567	-234.04457	-234.60727	-0.55889912	0.56269966	-230.39532	-229.42679	-225.78555
5	607	-404.66474	-405.17788	-400.56442	-0.51313223	-4.6134539	-402.14979	-402.61067	-385.73136
5	608	-285.94866	-285.69271	-286.29562	0.25595845	0.60291827	-281.25305	-280.70956	-280.05088
5	609	-404.47439	-403.17071	-396.92516	1.3036761	-6.2455503	-398.15063	-394.02299	-380.84607
5	610	-259.34469	-259.87709	-254.48287	-0.53239881	-5.3942251	-256.25442	-256.67342	-244.39397
5	611	-263.61583	-263.9835	-264.63603	-0.36766584	0.65253515	-260.63728	-260.57069	-259.02307
5	612	-386.00291	-381.57115	-381.68329	4.4317627	0.11214343	-382.53798	-373.24702	-367.94253
5	613	-412.33797	-412.84384	-411.86623	-0.50587543	-0.97761511	-404.98621	-403.53592	-396.46733
5	614	-472.00413	-467.31069	-468.18242	4.6934463	0.87173844	-457.33293	-453.11688	-451.86403
5	615	-380.34515	-379.94511	-371.88887	0.40003842	-8.0562401	-373.16217	-374.06775	-358.15645
5	616	-414.96961	-408.63494	-409.64848	6.3346768	1.0135392	-406.7706	-402.62177	-401.64915
5	617	-341.46761	-341.51309	-342.19562	-0.045482515	0.68252613	-337.02727	-335.78596	-334.81115
5	618	-448.35048	-444.49265	-446.23202	3.8578206	1.7393622	-446.18873	-436.47717	-435.58149
5	619	-252.17478	-252.53757	-253.21354	-0.36278989	0.67597361	-248.99895	-249.17987	-249.18869
5	620	-268.16397	-268.30728	-268.99639	-0.14331132	0.68911254	-265.15523	-263.83858	-262.51806
5	621	-306.90759	-305.81058	-308.1293	1.0970034	2.3187146	-304.31392	-299.39632	-292.48585
5	622	-411.4036	-409.62285	-389.54465	1.7807481	-20.078197	-395.19507	-394.42416	-373.72263
5	623	-520.53592	-515.19613	-516.63539	5.3397901	1.4392558	-517.46943	-507.13413	-503.16611
5	624	-251.11786	-245.63436	-246.79177	5.4834933	1.1574038	-247.83773	-238.17996	-236.14474
5	625	-453.90471	-442.75515	-443.46154	11.149558	0.70639	-443.7828	-435.21807	-433.00576
5	626	-356.61804	-354.69825	-355.80483	1.91979	1.1065787	-353.89757	-347.837	-345.41176
5	627	-202.91249	-203.98263	-203.77525	-1.0701347	-0.20737798	-199.42831	-198.73547	-197.93161
5	628	-342.96456	-339.42691	-340.75697	3.5376434	1.3300573	-340.30548	-333.57774	-331.62967
5	629	-537.01483	-537.19126	-537.48633	-0.17643644	0.29506392	-520.32468	-520.82761	-520.75946
5	630	-430.14535	-430.12485	-429.70953	0.020502927	-0.41531104	-422.88037	-418.64909	-414.50628
5	631	-659.89201	-652.62617	-649.6916	7.2658401	-2.9345688	-646.46265	-638.41783	-630.19133
5	632	-502.69363	-498.16826	-489.39469	4.5253703	-8.7735735	-490.81613	-485.22808	-473.85582
5	633	-491.60847	-482.26664	-484.45594	9.3418304	2.1892945	-483.49319	-470.88346	-469.41041
5	634	-306.47995	-306.79235	-306.44753	-0.31240663	-0.34482475	-301.52361	-301.43937	-297.34524
5	635	-286.92534	-286.83761	-284.93718	0.08773715	-1.9004237	-283.94737	-282.27403	-276.10302
5	636	-439.68402	-435.68679	-429.69917	3.9972269	-5.9876206	-429.78662	-422.36203	-411.10529
5	637	-297.9264	-296.87695	-295.05463	1.0494465	-1.822324	-293.45917	-287.0166	-278.07621
5	638	-398.46205	-398.89059	-396.21623	-0.42854119	-2.6743632	-396.1523	-396.57087	-380.99468
5	639	-236.721	-236.92746	-237.46232	-0.20645916	0.53486032	-233.31721	-232.96221	-232.97029
5	640	-358.94572	-356.31939	-357.09274	2.6263333	0.77334955	-356.37455	-348.93356	-346.41859
5	641	-319.10516	-317.31135	-318.66776	1.7938139	1.3564086	-312.32499	-309.59589	-309.24906
5	642	-313.21731	-311.96519	-313.30939	1.2521163	1.3441925	-310.57194	-305.44855	-305.14931
5	643	-403.33351	-402.68602	-402.67398	0.64749135	-0.0120355	-401.09625	-398.7354	-392.46189
5	644	-461.61591	-450.4199	-444.73193	11.196005	-5.6879734	-452.11449	-442.77528	-432.19761
5	645	-413.64388	-411.22081	-410.82303	2.4230777	-0.39778032	-407.80534	-400.31429	-392.97063
5	646	-268.32643	-268.85385	-268.94309	-0.52741645	0.089243489	-263.94378	-264.36496	-260.01629
5	647	-273.64643	-273.47476	-274.14533	0.17166279	0.67057069	-267.69896	-267.90791	-267.62556
5	648	-314.08763	-314.41799	-314.38019	-0.33035643	-0.037801906	-311.45711	-310.83873	-305.28137
5	649	-283.325	-283.80594	-283.09758	-0.48093457	-0.70835648	-280.36396	-280.78168	-273.97023
5	650	-308.72694	-307.78497	-308.79585	0.94197515	1.0108799	-303.49893	-299.7178	-298.19984
5	651	-381.88966	-381.77475	-382.47233	0.11490578	0.6975745	-379.4962	-376.85266	-375.6623
5	652	-432.9811	-432.5547	-432.13454	0.42640253	-0.42015319	-429.69571	-426.09717	-417.44665
5	653	-362.45511	-362.86597	-358.42215	-0.41086516	-4.4438215	-359.0512	-358.57036	-345.3027
5	654	-462.0082	-461.64277	-458.7548	0.36542374	-2.8879796	-447.50198	-445.18057	-442.74041
5	655	-287.74277	-287.91102	-283.79588	-0.16824573	-4.1151358	-284.80297	-283.53487	-271.15923
5	656	-366.16838	-366.47867	-365.70907	-0.31029008	-0.76959433	-362.79698	-361.77728	-354.98783
5	657	-195.28793	-195.59336	-196.70637	-0.30543148	1.1130086	-191.77378	-192.1918	-192.19235
5	658	-454.16152	-453.33198	-447.52681	0.82953842	-5.8051756	-445.70106	-439.14011	-433.56641
5	659	-309.81602	-309.34465	-309.20622	0.47136987	-0.13842795	-307.23461	-303.71795	-295.70814
5	660	-514.64392	-513.9997	-513.6123	0.64421896	-0.38739696	-499.71614	-495.46549	-495.11656
5	661	-269.99424	-270.34819	-270.09011	-0.35394628	-0.25808044	-267.13309	-267.55403	-263.46204
5	662	-486.02683	-486.21179	-485.48255	-0.18496313	-0.72924056	-478.14438	-476.20704	-470.37593
5	663	-387.03913	-386.62942	-386.46461	0.40970481	-0.16481792	-384.55865	-380.49596	-375.37267
5	664	-488.29425	-486.6097	-487.81723	1.6845498	1.207529	-486.16404	-478.60693	-468.05327
5	665	-431.32345	-430.44772	-431.34411	0.87572696	0.89638959	-425.52316	-423.09762	-422.25442
5	666	-399.13575	-393.49648	-394.7825	5.6392748	1.2860238	-389.98671	-386.70984	-385.67541
5	667	-343.24799	-343.49998	-342.05429	-0.25199578	-1.4456875	-336.8571	-337.27522	-330.16128
5	668	-398.43921	-392.98021	-394.94421	5.4589997	1.9639999	-391.13937	-383.03232	-380.59516
5	669	-473.45958	-473.12649	-470.23193	0.33308737	-2.8945602	-464.51539	-459.91352	-451.7704
5	670	-467.7676	-467.56659	-456.77913	0.20100788	-10.787457	-455.32642	-450.07179	-437.46662
5	671	-425.77258	-424.21399	-422.39174	1.5585821	-1.822255	-422.84754	-417.30082	-412.04955
5	672	-324.80715	-324.42341	-325.30936	0.38373922	0.88595442	-321.49782	-318.71962	-317.26824
5	673	-411.90423	-412.09001	-411.86998	-0.18578127	-0.22002861	-409.59295	-408.46385	-398.79255
5	674	-418.8538	-418.1039	-418.04223	0.7499042	-0.06166968	-416.56775	-411.94418	-407.52028
5	675	-257.51498	-257.55343	-257.10012	-0.038451408	-0.45330895	-253.96183	-251.52767	-247.21763
5	676	-605.69649	-601.2311	-600.60432	4.4653872	-0.62677999	-590.01105	-578.8715	-578.8717
5	677	-335.81242	-335.58802	-335.96881	0.22439862	0.38079013	-332.57335	-329.35856	-326.36212
5	678	-207.70526	-208.56598	-209.78993	-0.86072762	1.2239449	-204.57745	-204.99565	-204.99528
5	679	-327.2265	-327.18318	-327.86136	0.043316569	0.67817466	-324.5011	-323.03154	-321.98752
5	680	-247.16651	-247.63669	-248.4477	-0.47018169	0.81100415	-244.03628	-244.45504	-244.45409
5	681	-483.40945	-473.96535	-471.25385	9.4440983	-2.7114969	-472.11548	-468.39801	-457.39907
5	682	-581.75442	-566.51487	-568.57756	15.239551	2.062691	-567.12517	-553.19873	-547.86723
5	683	-357.93915	-357.94563	-358.54454	-0.0064797465	0.59890746	-351.17275	-349.17258	-347.79049
5	684	-235.01012	-235.81303	-236.34985	-0.80290914	0.53682112	-231.97195	-232.39096	-232.39025
5	685	-472.08036	-471.16536	-471.97029	0.91499481	0.80493089	-464.11494	-460.73208	-453.27762
5	686	-205.28114	-205.7094	-206.23452	-0.42825625	0.52511941	-201.86246	-202.2818	-202.28011
5	687	-290.0087	-289.7884	-290.80328	0.22029588	1.0148791	-287.26896	-284.88295	-284.88663
5	688	-340.31859	-329.5209	-331.57667	10.797691	2.0557659	-329.22727	-321.21715	-321.21672
5	689	-432.51061	-423.78426	-424.96019	8.7263544	1.1759305	-425.07057	-417.70022	-416.79907
5	690	-382.74652	-382.66406	-383.35196	0.082461224	0.68789976	-373.7083	-373.09201	-372.28438
5	691	-669.69117	-631.71108	-629.8992	37.980091	-1.811879	-654.64059	-614.60279	-611.94568
5	692	-464.2176	-462.50539	-462.66677	1.7122108	0.16138162	-459.29842	-456.49485	-452.83283
5	693	-463.46914	-463.0356	-457.0707	0.43353483	-5.9649036	-448.89369	-449.48887	-442.36704
5	694	-487.84995	-482.1798	-483.15657	5.6701494	0.97676176	-485.68027	-475.24282	-471.41197
5	695	-307.85699	-306.69542	-306.28347	1.1615675	-0.41195495	-305.20382	-300.24591	-294.71899
5	696	-379.18055	-379.40265	-380.18526	-0.22210242	0.78260568	-376.76703	-376.0071	-375.58542
5	697	-265.80251	-264.56906	-266.30966	1.2334461	1.7405921	-262.66853	-259.11831	-259.11813
5	698	-400.84373	-400.8948	-395.7581	-0.05106415	-5.1366968	-398.47453	-396.78671	-382.66178
5	699	-231.10468	-231.79149	-230.34274	-0.68681705	-1.448748	-227.90063	-226.25842	-221.35969
5	700	-270.79514	-271.4017	-271.75947	-0.60655536	0.35777259	-267.89454	-268.31613	-266.24035
5	701	-403.31126	-400.5551	-401.72161	2.7561592	1.1665103	-399.78941	-391.90479	-390.48598
5	702	-562.48472	-561.97552	-559.36519	0.50920156	-2.6103306	-551.18072	-550.76965	-543.04702
5	703	-257.56551	-257.91848	-258.47349	-0.35296587	0.55501741	-254.60162	-254.6913	-251.84121
5	704	-360.59879	-360.18151	-361.05053	0.4172786	0.86901863	-357.94498	-354.47371	-353.81141
5	705	-343.04848	-342.02928	-339.44899	1.0192025	-2.5802855	-340.51742	-337.23098	-326.98274
5	706	-238.18405	-236.80934	-237.97278	1.3747148	1.1634473	-235.01173	-229.58408	-229.58398
5	707	-373.58021	-372.26867	-366.52572	1.3115394	-5.7429533	-370.60993	-366.09912	-353.57659
5	708	-396.05681	-391.51321	-391.07812	4.5435967	-0.43509655	-387.29664	-382.36475	-375.64551
5	709	-371.41943	-371.918	-364.93197	-0.49856825	-6.9860283	-369.042	-369.28659	-358.00521
5	710	-294.93285	-295.35052	-294.80124	-0.41766971	-0.54928926	-292.10315	-292.52135	-285.88906
5	711	-329.35229	-327.79469	-328.97184	1.557594	1.1771536	-320.80266	-320.09992	-317.18982
5	712	-279.66834	-280.02726	-280.53663	-0.35892133	0.5093669	-275.52185	-275.96014	-275.44189
5	713	-260.48544	-261.03943	-261.541	-0.55398701	0.50157101	-257.67238	-258.08978	-255.06966
5	714	-344.43338	-342.8591	-344.34819	1.5742862	1.4890925	-339.18586	-333.22303	-331.99129
5	715	-327.44367	-327.39805	-328.12843	0.045615776	0.73037387	-323.57414	-321.90219	-320.51652
5	716	-344.94519	-340.82259	-342.61015	4.1225999	1.787561	-339.97618	-331.71369	-331.73903
5	717	-430.58457	-430.20178	-430.77883	0.38278246	0.57704415	-424.50924	-421.94118	-420.54271
5	718	-309.07664	-308.88864	-309.66447	0.18799132	0.77582558	-304.99933	-301.83033	-301.78542
5	719	-414.02933	-414.44192	-414.43948	-0.41258601	-0.0024327578	-408.78527	-409.68872	-406.77013
5	720	-288.61929	-288.67749	-289.06802	-0.058201825	0.39053189	-285.70178	-283.23774	-280.19989
5	721	-257.65413	-258.27802	-258.60198	-0.62388893	0.32396485	-253.0646	-253.48194	-253.4828
5	722	-270.82021	-268.53247	-269.51994	2.2877463	0.98747007	-264.82694	-260.47672	-260.99171
5	723	-286.34108	-284.75282	-285.91504	1.5882546	1.1622172	-282.42371	-278.14074	-278.15232
5	724	-475.57736	-468.48072	-465.1373	7.0966317	-3.3434278	-469.38644	-460.70854	-451.3608
5	725	-380.77488	-380.82654	-381.59795	-0.0516605	0.77140891	-376.16336	-376.31104	-376.37022
5	726	-355.04696	-354.99444	-354.00797	0.052520768	-0.98646731	-351.25703	-351.09931	-343.66505
5	727	-293.44284	-293.48639	-294.32499	-0.043550206	0.83859227	-290.71797	-289.15077	-289.14987
5	728	-321.25551	-321.63744	-322.20927	-0.38193531	0.57182459	-318.52056	-317.85077	-316.70298
5	729	-266.58763	-265.60171	-267.08646	0.98591573	1.4847529	-263.79969	-258.91981	-259.01444
5	730	-487.49765	-487.44515	-486.83027	0.052503898	-0.61487968	-483.23191	-480.59835	-471.35753
5	731	-337.86414	-327.57028	-329.46653	10.293864	1.8962475	-333.35071	-320.2889	-320.29147
5	732	-406.92177	-405.15596	-407.58939	1.76581	2.4334308	-395.79319	-392.31621	-392.50083
5	733	-280.8406	-280.96871	-281.84489	-0.12810102	0.87618079	-277.81768	-276.37874	-276.0253
5	734	-523.45817	-519.3562	-513.54492	4.1019759	-5.8112724	-506.78211	-500.84708	-497.40626
5	735	-398.75617	-397.43699	-390.7727	1.3191778	-6.6642971	-391.08748	-387.69171	-374.83153
5	736	-196.73303	-196.59502	-197.50236	0.1380026	0.90733859	-193.54353	-191.08617	-191.08846
5	737	-257.64266	-254.95982	-255.09438	2.6828382	0.134561	-254.70042	-248.21227	-243.37872
5	738	-266.88351	-266.88545	-264.76752	-0.0019390422	-2.1179244	-263.94082	-261.98701	-253.2994
5	739	-299.87557	-299.83185	-300.67407	0.043720338	0.84221843	-297.19248	-295.56191	-295.50415
5	740	-360.69405	-356.00132	-358.05323	4.6927295	2.051902	-357.41154	-348.12789	-348.1223
5	741	-358.76335	-355.74895	-356.74552	3.0144028	0.99656948	-356.23929	-348.89285	-344.89382
5	742	-529.4532	-529.55853	-516.26044	-0.10533048	-13.298094	-516.12856	-514.35612	-501.76886
5	743	-298.23216	-298.14496	-298.96359	0.087201356	0.81863095	-295.47322	-293.96142	-293.96351
5	744	-340.08358	-340.16711	-340.73245	-0.083532499	0.56534431	-337.53011	-336.24982	-333.32047
5	745	-368.69859	-369.16676	-369.18484	-0.46816422	0.018081021	-359.6985	-360.12812	-360.11321
5	746	-462.09066	-461.92054	-460.68967	0.17011739	-1.2308666	-454.55674	-451.87862	-445.37348
5	747	-334.5558	-334.59555	-335.59513	-0.039750366	0.99957581	-331.71241	-330.30016	-330.18354
5	748	-300.10891	-299.56789	-300.09149	0.54102134	0.52359947	-294.47484	-294.89943	-293.10233
5	749	-290.63452	-290.7823	-289.34082	-0.14777763	-1.4414779	-287.87816	-286.32592	-278.87441
5	750	-308.20793	-308.72574	-306.53945	-0.51781344	-2.1862894	-305.66645	-306.08669	-298.20128
5	751	-277.01833	-275.99436	-277.15895	1.0239696	1.1645885	-274.19677	-270.36232	-269.51957
5	752	-334.89986	-335.18274	-330.25859	-0.28287874	-4.9241533	-327.11714	-327.81597	-319.5256
5	753	-355.79106	-349.29898	-350.91037	6.4920783	1.6113822	-349.95538	-341.60911	-340.26916
5	754	-386.16007	-382.72824	-382.69123	3.4318321	-0.037004556	-383.75847	-377.60187	-372.38373
5	755	-340.45766	-341.00446	-340.96046	-0.54679559	-0.043992292	-338.02811	-338.4463	-334.27818
5	756	-311.29031	-309.30851	-311.04916	1.9818074	1.7406503	-308.60261	-303.12684	-299.77844
5	757	-307.30909	-305.91253	-306.69131	1.3965623	0.77878572	-304.68806	-300.61215	-297.34949
5	758	-349.62896	-348.78844	-349.71591	0.84051486	0.92747214	-347.13157	-342.55447	-341.00263
5	759	-315.22704	-310.09185	-311.31129	5.1351975	1.2194473	-308.71903	-304.3657	-303.24489
5	760	-270.90646	-271.43785	-271.85458	-0.53139128	0.41672456	-267.66055	-267.29881	-266.00788
5	761	-373.26567	-372.57021	-373.34416	0.69546089	0.77395188	-366.89083	-363.4084	-363.2954
5	762	-340.87948	-339.87258	-340.73119	1.0068978	0.85861115	-338.26695	-334.57195	-333.3066
5	763	-391.69851	-391.95797	-390.18793	-0.25945952	-1.7700394	-389.36547	-388.45802	-374.07854
5	764	-238.84757	-239.43484	-239.8664	-0.58727664	0.43155327	-235.97481	-234.89357	-234.90454
5	765	-443.01168	-439.01824	-435.18768	3.9934437	-3.8305572	-433.59358	-431.9533	-416.24639
5	766	-359.60481	-354.86977	-356.02281	4.7350393	1.1530422	-355.30284	-350.13787	-348.49548
5	767	-409.46305	-408.51684	-409.30056	0.94621002	0.78372058	-406.05804	-401.47533	-400.52197
5	768	-607.523	-601.85075	-600.59332	5.6722541	-1.2574257	-594.67081	-590.40035	-584.04237
5	769	-236.63412	-236.60286	-237.32637	0.031256616	0.72350793	-233.64212	-231.73087	-231.76948
5	770	-537.78123	-537.19089	-534.37107	0.59034133	-2.8198142	-521.33604	-517.57107	-513.45143
5	771	-408.79848	-409.32711	-407.38415	-0.52863011	-1.942955	-406.40028	-406.81815	-396.43197
5	772	-315.45296	-308.02498	-308.63341	7.4279801	0.60843644	-308.2168	-302.13942	-297.11842
5	773	-254.20483	-254.219	-255.15059	-0.014169224	0.93158743	-250.9977	-249.10539	-249.00657
5	774	-460.36514	-451.26492	-450.35152	9.1002207	-0.91339983	-454.00633	-444.13037	-437.97982
5	775	-309.3227	-309.23659	-309.94363	0.086109084	0.70703706	-306.64243	-304.56928	-303.41613
5	776	-316.21121	-316.63667	-315.95063	-0.42545273	-0.68603128	-313.62228	-312.86992	-305.67317
5	777	-301.24526	-299.89352	-300.56847	1.3517428	0.67494563	-298.4967	-294.62406	-291.52047
5	778	-401.78652	-399.69541	-400.89403	2.0911082	1.1986182	-399.40191	-393.57715	-391.0779
5	779	-471.62498	-471.85042	-471.00529	-0.22544115	-0.84512881	-464.47999	-463.97776	-461.4588
5	780	-540.1709	-539.49143	-533.27031	0.6794706	-6.2211172	-524.90937	-520.3983	-513.90911
5	781	-298.30417	-298.29565	-298.50117	0.00851781	0.20551564	-295.5253	-294.08678	-290.5714
5	782	-331.39528	-328.82672	-329.52701	2.5685585	0.70028961	-325.47751	-322.39324	-318.96589
5	783	-279.94131	-279.18722	-280.20875	0.75408752	1.0215245	-277.02131	-272.14951	-272.17354
5	784	-422.84511	-414.32685	-415.42224	8.5182627	1.0953872	-412.55572	-405.56519	-404.37893
5	785	-327.15947	-327.26428	-327.3639	-0.10480558	0.099621428	-324.61104	-323.29204	-318.80724
5	786	-287.16183	-287.4562	-285.50973	-0.29436774	-1.9464673	-284.43493	-282.66266	-273.16132
5	787	-402.83916	-402.94911	-403.31338	-0.10994822	0.36427234	-400.56518	-399.22983	-396.46486
5	788	-321.53653	-321.58154	-321.27604	-0.045013265	-0.30550618	-319.05456	-317.91915	-310.8774
5	789	-250.0349	-246.18117	-247.57684	3.8537331	1.3956742	-246.46568	-237.89344	-235.99785
5	790	-323.53494	-321.69662	-322.94188	1.8383222	1.2452689	-320.81155	-315.25956	-314.7506
5	791	-429.84122	-428.04962	-430.44348	1.791603	2.3938588	-423.56251	-417.85211	-409.87457
5	792	-206.40498	-206.80649	-207.34303	-0.40151211	0.53653498	-202.95215	-203.36966	-203.21127
5	793	-301.90001	-302.09664	-302.62722	-0.19663048	0.53058743	-299.22589	-298.30792	-297.0087
5	794	-509.36437	-509.24777	-511.04255	0.11659924	1.7947719	-503.39387	-501.51171	-494.17386
5	795	-304.57194	-305.0756	-305.46308	-0.50366788	0.38748043	-302.00796	-302.42546	-298.87118
5	796	-231.18467	-230.35452	-229.9988	0.83014368	-0.35572309	-227.5477	-224.69439	-219.91776
5	797	-478.49975	-474.71085	-473.48907	3.7888966	-1.2217819	-465.989	-461.59772	-460.22747
5	798	-425.57467	-425.5987	-425.58614	-0.024023594	-0.012555128	-423.2368	-422.46801	-417.20429
5	799	-375.97732	-373.99167	-375.07686	1.9856504	1.0851894	-372.34157	-365.92776	-362.56029
5	800	-253.3559	-253.43126	-253.36309	-0.075360279	-0.068175656	-250.14149	-248.73366	-244.3626
5	801	-519.90671	-514.43188	-514.57001	5.4748391	0.1381329	-510.75894	-503.89957	-500.1887
5	802	-410.29273	-402.5251	-402.08467	7.7676288	-0.44042779	-401.30927	-396.81456	-389.86807
5	803	-460.90801	-461.39177	-451.19413	-0.4837623	-10.197641	-448.90439	-449.22983	-437.95507
5	804	-350.49201	-350.9385	-351.03757	-0.44649427	0.099066825	-347.37161	-347.80638	-343.46966
5	805	-265.3738	-265.84613	-265.29268	-0.47233354	-0.5534522	-262.54039	-261.04882	-256.84361
5	806	-272.6136	-272.79077	-273.70459	-0.17717357	0.91381809	-268.30902	-268.23562	-264.41365
5	807	-269.56413	-269.20325	-269.83167	0.36087873	0.62841684	-266.41228	-264.01449	-262.04498
5	808	-484.82643	-481.82494	-482.23895	3.0014952	0.41401063	-478.7806	-476.1785	-472.55642
5	809	-419.83732	-415.8359	-417.4359	4.0014246	1.5999988	-415.79958	-409.03758	-408.89737
5	810	-216.5474	-217.15156	-217.70181	-0.6041603	0.55024798	-213.3609	-213.20147	-213.18323
5	811	-267.38039	-265.50847	-266.82854	1.8719153	1.3200685	-264.45566	-259.40901	-259.66822
5	812	-288.12974	-288.17008	-288.87684	-0.040343269	0.70675778	-285.24547	-282.78903	-281.29506
5	813	-372.81736	-373.19743	-372.92926	-0.38007638	-0.26816932	-367.89281	-367.39608	-364.2283
5	814	-393.31181	-393.51704	-383.78209	-0.20522696	-9.7349536	-389.6746	-386.1765	-365.10159
5	815	-545.64133	-543.15385	-545.96448	2.4874849	2.8106344	-531.23669	-529.91684	-529.93355
5	816	-371.0614	-371.21001	-371.70484	-0.14861438	0.49483079	-365.08723	-364.63039	-363.95882
5	817	-270.14838	-270.27828	-270.7878	-0.12989496	0.50952519	-267.28995	-265.56043	-263.70197
5	818	-345.72676	-345.04206	-345.7236	0.68470204	0.68154413	-343.22458	-339.19179	-334.8328
5	819	-287.35704	-287.1768	-287.9445	0.18023873	0.76770833	-283.5491	-280.76786	-278.82432
5	820	-382.44163	-382.88941	-383.3549	-0.44777775	0.46549263	-374.98913	-375.41311	-374.25056
5	821	-278.95906	-277.74115	-278.27125	1.2179052	0.53009853	-276.1129	-271.88972	-266.62821
5	822	-338.68952	-338.54836	-338.5651	0.14115919	0.016740389	-335.35194	-334.26231	-329.59916
5	823	-428.13643	-427.68378	-423.43512	0.45264388	-4.2486635	-425.81783	-422.32326	-408.18941
5	824	-297.12541	-297.28058	-298.06439	-0.15516499	0.78380932	-294.23567	-293.42174	-293.45526
5	825	-292.72441	-293.01633	-293.54789	-0.29192262	0.53155909	-289.60949	-289.64117	-288.24176
5	826	-478.96408	-473.9773	-472.55076	4.9867788	-1.4265409	-476.84759	-467.27912	-459.17491
5	827	-412.68105	-412.04947	-411.56353	0.63157273	-0.48594439	-406.96526	-407.11111	-398.60277
5	828	-324.537	-323.31338	-323.25005	1.2236207	-0.063325204	-321.98056	-318.11825	-313.29821
5	829	-423.84052	-424.09358	-422.61251	-0.25305566	-1.4810728	-418.5271	-418.8617	-410.41916
5	830	-391.15536	-390.1268	-390.58185	1.0285603	0.45504687	-384.86304	-381.66972	-376.18202
5	831	-531.71507	-524.51259	-525.27648	7.2024804	0.76388867	-522.41711	-512.56163	-507.55413
5	832	-231.28739	-231.67561	-232.20477	-0.38821489	0.52916782	-227.95306	-228.37093	-226.2121
5	833	-324.79262	-323.8652	-324.89062	0.92742244	1.0254208	-322.12629	-318.78901	-317.63295
5	834	-198.03142	-198.61085	-199.12632	-0.57942676	0.51547114	-194.77805	-195.1958	-195.19578
5	835	-305.52585	-305.94142	-305.67758	-0.41556356	-0.26384259	-302.79214	-303.20982	-295.72463
5	836	-418.91401	-419.29542	-414.45671	-0.38141876	-4.8387154	-405.22844	-405.65262	-400.68797
5	837	-372.23414	-372.98255	-366.7681	-0.74840427	-6.2144437	-363.52316	-363.94596	-356.88063
5	838	-340.36729	-340.26361	-341.04802	0.10368273	0.78440657	-334.93267	-333.08768	-332.32502
5	839	-375.2796	-373.73476	-374.14959	1.5448451	0.41483075	-370.53324	-367.08104	-361.2621
5	840	-659.54779	-657.55636	-650.38534	1.991427	-7.1710192	-644.939	-639.66007	-628.00817
5	841	-341.16447	-340.21203	-339.61167	0.95244189	-0.60035616	-338.70422	-335.14449	-327.28667
5	842	-551.46394	-547.73988	-540.35013	3.7240584	-7.3897519	-535.6731	-529.20581	-524.16769
5	843	-297.82479	-295.47815	-296.86158	2.3466353	1.3834284	-295.16494	-288.43356	-288.99148
5	844	-414.87725	-415.25742	-414.91198	-0.38016827	-0.34544169	-407.29988	-407.68864	-396.73107
5	845	-329.93089	-330.19788	-331.00462	-0.26698577	0.806738	-327.30978	-326.94305	-326.97708
5	846	-297.26428	-296.79207	-297.57964	0.47221646	0.78757576	-294.58105	-290.90033	-289.19343
5	847	-431.31404	-430.38331	-431.47243	0.93073095	1.0891184	-429.07952	-423.90607	-423.47735
5	848	-454.39156	-454.75833	-455.74254	-0.36677503	0.98420475	-446.41145	-446.3839	-437.46142
5	849	-320.63041	-320.61327	-321.32452	0.017135658	0.71124557	-318.02028	-316.4757	-315.05053
5	850	-366.96041	-358.10648	-359.76421	8.8539259	1.6577274	-360.60314	-350.52072	-349.44626
5	851	-339.25607	-339.20549	-337.5993	0.050580501	-1.6061924	-332.43956	-330.26282	-327.07259
5	852	-522.16644	-517.92128	-514.76631	4.245156	-3.1549704	-507.51034	-503.6741	-499.88656
5	853	-404.34225	-403.7064	-404.04536	0.63584877	0.33895977	-401.05877	-396.52923	-391.37547
5	854	-343.71118	-337.98611	-338.67537	5.7250784	0.68926583	-341.21153	-329.41646	-324.27744
5	855	-278.87046	-279.37148	-278.8608	-0.50101532	-0.5106805	-275.93355	-276.3525	-270.72078
5	856	-277.6692	-278.24001	-278.78924	-0.57080802	0.5492367	-274.55501	-274.97499	-273.52851
5	857	-347.03377	-347.44918	-345.24036	-0.41541092	-2.208823	-342.30414	-344.10289	-333.70941
5	858	-348.1624	-348.07316	-348.14402	0.089238693	0.070857029	-345.60334	-343.70937	-340.07235
5	859	-391.64904	-390.37151	-390.86925	1.2775328	0.4977393	-379.65725	-378.64658	-376.94647
5	860	-271.91473	-271.76123	-272.57765	0.15350174	0.81641983	-268.88628	-266.71815	-265.22766
5	861	-313.15297	-312.98697	-313.88599	0.16600082	0.89901917	-310.53051	-307.54644	-307.18991
5	862	-282.92688	-283.42605	-283.89376	-0.49917127	0.46771617	-280.13278	-280.55019	-277.95907
5	863	-324.0852	-324.34724	-325.03125	-0.26204517	0.68400291	-321.21758	-321.32851	-319.4886
5	864	-328.95162	-325.44664	-326.74799	3.5049857	1.3013498	-326.29316	-318.45633	-317.13699
5	865	-320.19559	-320.62126	-320.92713	-0.42567511	0.30587009	-317.57326	-317.77361	-312.97272
5	866	-523.8358	-523.94082	-524.13488	-0.10502335	0.19406402	-518.54327	-520.39115	-510.07768
5	867	-269.62958	-269.94282	-270.47289	-0.31323938	0.53006852	-266.89365	-265.67223	-262.76303
5	868	-375.93135	-376.10657	-371.52306	-0.175224	-4.5835136	-373.5127	-372.48029	-360.99674
5	869	-288.61265	-288.35094	-289.23888	0.26170489	0.88794139	-285.85164	-282.69868	-281.33491
5	870	-280.64364	-281.28541	-280.84356	-0.64177211	-0.44185313	-273.06148	-273.48342	-267.94423
5	871	-326.16096	-326.62028	-326.57361	-0.45931879	-0.046665494	-323.54747	-323.96827	-319.55003
5	872	-240.48193	-239.14426	-240.34781	1.3376677	1.2035525	-237.27492	-231.36004	-231.54087
5	873	-325.75486	-324.67332	-324.94429	1.0815384	0.27096406	-322.88087	-318.62075	-314.2379
5	874	-440.71981	-439.19595	-439.85663	1.5238606	0.66068371	-432.24342	-426.28731	-422.84452
5	875	-264.8671	-265.33101	-265.2139	-0.46391487	-0.11711406	-261.7038	-262.12204	-258.10587
5	876	-369.86653	-369.90354	-366.80582	-0.037008457	-3.0977243	-365.45429	-364.52886	-357.32612
5	877	-462.62743	-458.26274	-454.77867	4.3646878	-3.48407	-454.54254	-452.12054	-445.45957
5	878	-341.14131	-340.70173	-337.07362	0.43957468	-3.6281099	-338.47906	-335.87801	-322.43168
5	879	-333.00861	-331.5492	-330.84706	1.4594105	-0.70214125	-330.3967	-324.22239	-316.99453
5	880	-506.18737	-502.8195	-503.20891	3.3678672	0.38940564	-489.00038	-482.22887	-482.23206
5	881	-665.60716	-664.74665	-652.11802	0.86050543	-12.628631	-651.50301	-647.32378	-630.8016
5	882	-301.41573	-299.67754	-301.08841	1.7381991	1.4108713	-297.63393	-294.54602	-294.65574
5	883	-427.59411	-413.83018	-411.3799	13.763926	-2.4502828	-413.40819	-404.1619	-399.0834
5	884	-229.64468	-225.39009	-226.66339	4.2545862	1.2732922	-226.4831	-219.27842	-219.27802
5	885	-242.84659	-243.8403	-243.88635	-0.9937156	0.046052443	-237.85412	-237.40053	-237.52721
5	886	-344.52301	-342.09374	-343.26428	2.4292775	1.1705434	-337.3125	-334.52712	-334.44151
5	887	-375.81234	-370.84001	-372.36441	4.9723298	1.5243964	-373.19892	-364.20928	-363.65292
5	888	-534.49887	-530.00166	-529.35036	4.4972166	-0.65129919	-519.81395	-511.86612	-511.86982
5	889	-453.85159	-453.17626	-449.68126	0.67532735	-3.4950019	-451.58241	-448.26059	-438.72214
5	890	-232.24457	-231.72011	-232.57264	0.5244632	0.85252332	-228.84042	-226.14115	-224.25279
5	891	-487.31009	-483.1586	-483.33762	4.1514937	0.17902412	-476.31555	-469.19706	-462.73706
5	892	-378.24753	-377.37163	-378.05786	0.87590115	0.68622705	-368.64685	-365.6423	-365.38945
5	893	-451.55029	-442.79204	-444.68321	8.7582534	1.8911701	-440.67529	-430.37002	-428.85512
5	894	-398.78009	-395.51896	-395.69638	3.2611389	0.17742635	-396.40438	-390.19941	-386.64549
5	895	-239.55552	-237.71279	-236.84959	1.8427324	-0.86319499	-236.33667	-231.58376	-226.32178
5	896	-262.53993	-255.25808	-257.02111	7.2818444	1.763029	-259.28898	-248.77633	-248.76039
5	897	-390.84641	-389.88467	-391.0087	0.96174223	1.1240312	-387.95876	-383.43634	-382.35292
5	898	-306.60975	-306.38003	-307.42398	0.22972582	1.0439512	-304.00566	-300.81949	-300.91181
5	899	-261.50776	-261.68809	-262.38915	-0.18033283	0.70105167	-258.63926	-256.9433	-256.9522
5	900	-307.27671	-304.8362	-305.17292	2.4405091	0.3367209	-301.41884	-294.54827	-290.84105
5	901	-273.72559	-274.27347	-274.85541	-0.54787729	0.58194711	-270.94903	-271.36794	-268.44903
5	902	-338.62665	-332.87579	-332.40471	5.7508604	-0.4710821	-325.51975	-320.84609	-318.75114
5	903	-572.77727	-567.30383	-563.4441	5.4734336	-3.8597348	-559.79201	-552.69008	-542.65209
5	904	-281.04974	-279.35506	-280.39032	1.694683	1.0352613	-278.23473	-274.21491	-272.61055
5	905	-445.03379	-443.81768	-441.72592	1.2161123	-2.0917583	-438.88501	-433.65817	-424.51377
5	906	-369.14994	-368.16257	-365.79918	0.9873641	-2.3633886	-364.61762	-363.6212	-354.82981
5	907	-365.66651	-362.14231	-363.80983	3.5242001	1.6675161	-363.1932	-355.37725	-353.02014
5	908	-454.33498	-450.244	-450.94769	4.0909823	0.70369505	-447.20543	-442.85801	-439.81884
5	909	-356.18026	-353.55733	-354.47556	2.6229269	0.91822741	-353.70261	-346.80249	-344.85858
5	910	-318.6347	-315.98978	-314.90508	2.6449276	-1.0846955	-314.93056	-308.86438	-301.71586
5	911	-275.69519	-275.80424	-276.50683	-0.10904362	0.70259655	-272.78833	-271.35726	-269.75684
5	912	-476.00191	-471.08856	-471.00592	4.9133496	-0.082643479	-469.70721	-461.84228	-457.26388
5	913	-270.62073	-270.78845	-271.6863	-0.1677177	0.89785376	-267.76374	-266.05136	-266.03383
5	914	-263.62262	-262.22607	-263.46987	1.3965457	1.2437981	-260.07728	-255.71561	-255.64485
5	915	-476.3406	-476.32239	-472.95337	0.018217048	-3.3690167	-466.60127	-465.22345	-459.06581
5	916	-341.31826	-341.60054	-339.69047	-0.28227395	-1.9100667	-332.94265	-332.10586	-327.93699
5	917	-501.79239	-505.61345	-495.39034	-3.8210611	-10.223111	-488.1932	-488.61621	-481.97717
5	918	-322.66568	-322.78973	-323.57092	-0.12405097	0.78119376	-317.42918	-315.05492	-314.95711
5	919	-357.78227	-356.01048	-352.53578	1.7717907	-3.4746948	-355.1676	-348.61074	-338.03751
5	920	-405.30346	-395.89801	-397.39697	9.4054521	1.498958	-400.37797	-388.89377	-387.94079
5	921	-313.85273	-312.44504	-313.75231	1.4076951	1.3072797	-311.18826	-307.41252	-307.4714
5	922	-341.41124	-339.0608	-340.78003	2.3504411	1.7192288	-338.81812	-331.04686	-331.29884
5	923	-342.98456	-342.80803	-342.35491	0.17652619	-0.45312638	-340.49869	-338.3723	-332.83688
5	924	-295.97447	-295.96317	-296.73976	0.011299973	0.77658058	-293.14803	-291.61316	-289.81413
5	925	-310.60376	-310.92207	-309.85839	-0.318311	-1.0636746	-307.93219	-308.05953	-298.89042
5	926	-329.56352	-330.0236	-330.28717	-0.46007525	0.26357522	-325.66161	-324.77162	-321.63415
5	927	-388.67708	-388.65268	-388.17371	0.024396144	-0.47897483	-386.22184	-383.99742	-377.63301
5	928	-298.35651	-298.19243	-298.68292	0.16407921	0.49048784	-292.59343	-290.52738	-288.87633
5	929	-281.88429	-282.17041	-282.90574	-0.28612336	0.7353266	-274.91788	-273.49098	-270.08859
5	930	-392.53058	-392.38029	-389.16211	0.15028252	-3.2181849	-383.20337	-381.14513	-373.34951
5	931	-494.57288	-488.50322	-486.28697	6.0696649	-2.2162466	-482.42625	-476.61397	-469.76672
5	932	-363.49588	-363.94421	-364.36978	-0.44833279	0.42557075	-358.85628	-359.27861	-355.31437
5	933	-403.89781	-400.26182	-397.77133	3.6359949	-2.490483	-391.306	-389.50472	-378.95223
5	934	-379.70741	-375.98775	-377.00908	3.7196589	1.0213248	-370.11518	-366.56175	-363.9775
5	935	-459.9656	-456.81129	-458.64656	3.1543123	1.8352734	-453.84771	-449.66321	-449.7256
5	936	-357.45341	-357.13636	-355.44421	0.31705762	-1.6921468	-354.94092	-351.68758	-341.16019
5	937	-385.3882	-385.4389	-386.09084	-0.0506961	0.65193786	-382.88851	-381.87903	-381.06695
5	938	-580.7215	-576.61808	-557.09651	4.1034272	-19.521562	-565.09445	-557.77343	-538.81846
5	939	-476.36512	-476.49733	-470.021	-0.13220393	-6.4763326	-466.91396	-465.37708	-456.25146
5	940	-339.10798	-338.88489	-339.36429	0.22308456	0.47940105	-334.78346	-333.03408	-328.81529
5	941	-397.03442	-391.47294	-390.05794	5.5614754	-1.4149986	-393.74106	-383.69069	-376.61101
5	942	-543.93363	-539.75514	-525.6112	4.178483	-14.143939	-526.50148	-520.5466	-506.58775
5	943	-240.9894	-241.00419	-241.90113	-0.014783793	0.89694159	-237.97286	-236.03139	-236.07669
5	944	-295.14584	-294.79443	-295.41881	0.35141749	0.62438131	-292.31792	-288.62657	-284.81637
5	945	-272.43945	-273.09885	-267.57613	-0.65939472	-5.5227142	-269.48134	-269.89903	-260.53195
5	946	-613.89632	-611.72533	-602.47366	2.1709816	-9.2516721	-601.9374	-595.43665	-585.79033
5	947	-362.23795	-361.84328	-360.81125	0.39466832	-1.0320291	-357.38898	-353.79048	-345.61236
5	948	-365.76305	-362.54191	-364.38825	3.2211354	1.8463409	-363.31179	-354.65109	-354.77072
5	949	-335.2985	-334.98193	-335.84671	0.31657657	0.86478421	-328.63022	-324.87595	-324.87605
5	950	-470.57039	-470.65763	-460.22937	-0.087241346	-10.428261	-457.98392	-458.6845	-447.71086
5	951	-448.82625	-448.51447	-449.05341	0.31177775	0.53894017	-440.90654	-441.05854	-439.39691
5	952	-251.40107	-251.73248	-251.9768	-0.33140919	0.24432032	-248.31757	-247.72972	-240.3565
5	953	-328.03968	-327.77623	-328.65991	0.26345009	0.88367461	-325.26689	-323.76374	-322.30756
5	954	-474.02764	-468.45254	-469.95911	5.5751009	1.5065639	-463.72659	-457.71025	-456.54358
5	955	-339.49148	-339.60052	-339.13794	-0.10903631	-0.46257485	-336.95101	-335.41105	-328.70433
5	956	-353.83466	-353.69488	-354.48786	0.13977425	0.79297738	-349.66505	-347.47961	-346.32075
5	957	-255.87749	-256.18102	-256.38835	-0.30352834	0.20733219	-252.61845	-251.4108	-247.57072
5	958	-387.75759	-387.81653	-388.24858	-0.05894314	0.43205354	-381.32181	-377.60566	-375.95643
5	959	-436.16405	-436.46492	-436.2435	-0.30087321	-0.22142431	-433.91672	-433.33001	-426.67381
5	960	-392.2609	-389.56331	-387.8045	2.697597	-1.7588065	-384.61973	-379.18155	-371.1971
5	961	-405.49124	-405.76157	-399.21853	-0.27033681	-6.5430447	-395.22275	-395.43046	-384.33737
5	962	-351.04819	-351.59987	-352.07374	-0.55167297	0.47387579	-343.3732	-344.12541	-343.84237
5	963	-578.53838	-570.3415	-568.15526	8.1968804	-2.1862394	-569.42729	-563.15769	-555.20564
5	964	-332.42889	-331.87349	-333.20272	0.55540037	1.3292358	-327.25994	-322.34761	-318.50281
5	965	-526.87531	-521.29603	-521.27228	5.5792842	-0.023748277	-523.5126	-513.63293	-510.13147
5	966	-244.01011	-244.06085	-239.50067	-0.050733523	-4.5601735	-238.21925	-236.34307	-225.41796
5	967	-321.31796	-317.31762	-316.73268	4.00034	-0.58494429	-318.40068	-311.96869	-304.81974
5	968	-175.94941	-176.65508	-177.20249	-0.70567144	0.54740437	-172.54581	-171.81736	-171.83342
5	969	-365.59146	-359.45279	-360.30038	6.1386705	0.84758316	-358.53217	-353.59039	-350.0486
5	970	-227.80635	-227.98346	-228.36378	-0.17711911	0.38032026	-224.51662	-220.9547	-220.96084
5	971	-396.8777	-397.2994	-397.67619	-0.42169556	0.37679433	-394.01038	-394.27063	-391.16642
5	972	-503.85695	-504.04587	-503.23997	-0.18891327	-0.80589696	-493.14084	-492.74949	-483.98287
5	973	-294.76072	-293.85625	-293.72321	0.90446853	-0.13303837	-288.55786	-284.59775	-279.32579
5	974	-276.09098	-276.47286	-276.97558	-0.38188137	0.50271455	-273.23316	-271.5347	-270.59617
5	975	-331.6801	-331.81306	-325.48214	-0.13295503	-6.3309216	-323.32175	-321.59914	-311.356
5	976	-302.14178	-302.34355	-302.89754	-0.2017651	0.55399588	-299.48486	-297.7989	-296.47703
5	977	-258.82274	-259.44227	-259.81967	-0.61953	0.37739928	-255.42354	-255.54801	-253.86856
5	978	-276.20329	-276.03985	-276.95896	0.16344135	0.91910991	-273.32762	-271.11698	-271.13349
5	979	-533.41294	-529.49888	-528.43246	3.9140583	-1.0664137	-521.18363	-515.9191	-513.31147
5	980	-274.10416	-272.31684	-273.21139	1.7873182	0.89455018	-269.91876	-265.64774	-265.37043
5	981	-387.66925	-387.83637	-379.52403	-0.16712235	-8.312337	-374.33278	-374.752	-366.50442
5	982	-420.9707	-416.39362	-413.11824	4.5770815	-3.2753773	-408.39278	-402.14807	-391.74568
5	983	-429.11986	-429.32552	-428.09314	-0.20566066	-1.2323765	-426.8446	-425.98516	-419.05126
5	984	-419.28872	-415.57574	-406.84529	3.7129867	-8.7304456	-409.76181	-408.98129	-394.29096
5	985	-292.33429	-291.9965	-292.66494	0.33778895	0.66843739	-289.44119	-285.37131	-283.7276
5	986	-227.683	-228.34039	-228.90498	-0.65739678	0.56458907	-224.40624	-224.37468	-224.40467
5	987	-410.87311	-393.83907	-396.20246	17.034042	2.3633933	-395.37158	-383.55319	-382.94056
5	988	-390.81368	-390.45097	-390.84463	0.36270469	0.3936534	-388.34347	-385.96905	-382.12768
5	989	-532.48616	-535.84406	-529.85173	-3.3578982	-5.9923249	-520.64439	-521.42485	-521.1506
5	990	-333.40199	-332.16727	-333.10224	1.234715	0.93496727	-330.74763	-325.68543	-323.10622
5	991	-324.03005	-319.69142	-321.43311	4.3386302	1.741696	-318.7618	-313.26652	-313.27489
5	992	-326.73152	-326.85608	-327.71714	-0.1245656	0.86105197	-322.51547	-320.88399	-321.27279
5	993	-203.61492	-203.85211	-204.78139	-0.23718676	0.92928075	-200.34628	-198.39168	-198.39385
5	994	-303.17688	-303.58028	-303.8603	-0.4034048	0.28002315	-300.25056	-300.66853	-297.44253
5	995	-680.62127	-675.23258	-668.96781	5.3886973	-6.2647627	-665.2871	-656.25648	-645.20157
5	996	-400.49793	-395.17167	-396.46402	5.3262626	1.2923532	-394.76305	-387.73873	-381.40598
5	997	-454.37055	-448.60316	-447.34393	5.7673943	-1.2592293	-449.7402	-441.86923	-431.37909
5	998	-338.19521	-336.02058	-337.60917	2.1746295	1.5885946	-335.60182	-329.32595	-328.2857
5	999	-317.6743	-318.70561	-318.35702	-1.0313105	-0.34858864	-308.84142	-309.2871	-307.37379
