No.	ID	loglik_Null_W	loglik_Acc_W	loglik_Full_W	logBF1	logBF2
8	0	-384.48746	-385.79918	-388.95024	-1.3117176	3.1510607
8	1	-315.69518	-317.54507	-319.78934	-1.8498891	2.2442759
8	2	-397.7967	-397.43561	-399.29244	0.36109259	1.8568285
8	3	-436.01732	-438.05495	-441.19018	-2.0376236	3.1352323
8	4	-321.01565	-322.88532	-325.96476	-1.8696701	3.0794373
8	5	-484.32471	-480.45907	-485.71499	3.8656369	5.2559227
8	6	-528.25629	-526.33453	-524.578	1.9217605	-1.7565317
8	7	-331.00058	-332.21541	-336.43799	-1.2148267	4.2225835
8	8	-282.60134	-283.62934	-286.87894	-1.0280087	3.2495936
8	9	-280.21569	-282.0013	-284.08273	-1.7856034	2.0814313
8	10	-324.76611	-324.64582	-326.57192	0.1202962	1.9261025
8	11	-261.98023	-262.68349	-266.64969	-0.70325775	3.9661983
8	12	-256.31231	-257.55748	-260.96083	-1.2451732	3.4033527
8	13	-384.07322	-383.50843	-384.81539	0.56478582	1.3069595
8	14	-248.37111	-248.75263	-250.08933	-0.38152261	1.3367071
8	15	-393.5153	-392.95193	-392.2873	0.56337334	-0.66463363
8	16	-304.44024	-306.09638	-308.32008	-1.6561374	2.2237038
8	17	-369.96873	-372.00416	-372.00053	-2.0354265	-0.0036345451
8	18	-308.70204	-309.45934	-311.04526	-0.75729284	1.5859243
8	19	-274.31645	-275.39774	-278.45842	-1.0812951	3.0606811
8	20	-490.04264	-488.90542	-490.91846	1.1372173	2.0130389
8	21	-416.16458	-414.94822	-416.50467	1.216365	1.5564521
8	22	-321.02398	-321.77254	-323.43686	-0.74855584	1.6643284
8	23	-421.88556	-423.22218	-424.80192	-1.3366238	1.5797329
8	24	-444.55893	-442.71007	-443.69358	1.8488628	0.98351844
8	25	-408.59523	-409.8215	-411.40004	-1.2262731	1.5785334
8	26	-309.0628	-309.16551	-310.96853	-0.10270763	1.8030181
8	27	-373.49998	-375.85438	-374.39034	-2.3543905	-1.4640381
8	28	-295.14087	-296.36513	-297.59655	-1.2242569	1.2314168
8	29	-414.97224	-412.77711	-415.07085	2.1951262	2.2937394
8	30	-211.81187	-214.92032	-220.40503	-3.1084442	5.484709
8	31	-452.84769	-453.35799	-454.9874	-0.51029975	1.6294071
8	32	-346.26473	-345.53332	-349.49652	0.73141711	3.9632042
8	33	-359.79024	-359.97298	-364.21127	-0.18273988	4.2382912
8	34	-270.07588	-270.4009	-272.78223	-0.32502282	2.3813241
8	35	-346.14743	-349.83828	-350.43497	-3.6908488	0.59669163
8	36	-383.82586	-386.1517	-385.79353	-2.32584	-0.35817282
8	37	-355.80415	-355.43709	-359.06758	0.36705639	3.6304859
8	38	-394.0451	-392.78564	-395.44282	1.259456	2.6571794
8	39	-334.20979	-335.32352	-337.37868	-1.1137386	2.0551571
8	40	-383.33397	-384.26469	-383.64459	-0.93071758	-0.62010469
8	41	-276.16021	-278.19352	-280.10939	-2.0333061	1.9158744
8	42	-317.78827	-318.50996	-318.76727	-0.72169011	0.25730519
8	43	-364.21046	-363.43282	-364.44547	0.77764147	1.0126513
8	44	-418.63354	-419.67555	-418.73386	-1.0420171	-0.94168857
8	45	-455.54572	-453.93613	-452.83658	1.6095823	-1.0995572
8	46	-366.60488	-368.71358	-369.9475	-2.1087057	1.2339139
8	47	-241.50996	-241.99509	-246.09885	-0.48512598	4.1037655
8	48	-305.03411	-302.76212	-306.01138	2.2719967	3.249263
8	49	-301.80001	-302.4631	-305.80104	-0.66309752	3.3379342
8	50	-267.90647	-268.92092	-271.21274	-1.0144552	2.2918122
8	51	-356.20649	-352.1671	-355.60518	4.0393891	3.4380817
8	52	-396.64726	-396.68977	-395.78279	-0.042509262	-0.9069752
8	53	-432.00739	-433.32637	-433.00595	-1.3189779	-0.32042074
8	54	-284.72958	-284.98487	-288.2384	-0.25529211	3.2535249
8	55	-415.96948	-415.12512	-414.49853	0.84435567	-0.62659367
8	56	-373.59176	-374.82466	-377.07884	-1.2329038	2.2541787
8	57	-491.40191	-492.87618	-490.15748	-1.4742605	-2.7186914
8	58	-542.2671	-543.89998	-543.86531	-1.6328812	-0.034673495
8	59	-423.1841	-424.10882	-421.28684	-0.92471471	-2.8219771
8	60	-604.6545	-607.12389	-602.68873	-2.469396	-4.4351598
8	61	-414.906	-415.0548	-417.72149	-0.14879715	2.6666935
8	62	-337.62179	-340.32875	-347.96651	-2.7069623	7.6377532
8	63	-334.8448	-336.74252	-338.18891	-1.8977122	1.4463957
8	64	-355.61346	-357.04156	-359.27223	-1.4281007	2.2306688
8	65	-416.48169	-416.04653	-413.66429	0.43516051	-2.382242
8	66	-329.90631	-330.87504	-333.85979	-0.96872565	2.9847493
8	67	-428.49743	-428.87427	-432.20452	-0.37684282	3.3302492
8	68	-331.02709	-332.48926	-332.64677	-1.4621641	0.15751004
8	69	-316.29053	-316.76575	-318.93683	-0.47522337	2.1710798
8	70	-249.18704	-252.01616	-255.32148	-2.8291201	3.3053137
8	71	-287.35605	-292.28993	-292.70079	-4.9338819	0.41085868
8	72	-436.10803	-432.42343	-432.89253	3.6846092	0.46910003
8	73	-313.16611	-313.03067	-315.12389	0.13543561	2.0932159
8	74	-358.06339	-357.69798	-358.63749	0.36541198	0.93951461
8	75	-384.10265	-382.45349	-385.51077	1.6491561	3.0572845
8	76	-368.12663	-369.83407	-372.58289	-1.7074359	2.7488195
8	77	-414.12224	-414.18531	-416.01164	-0.063074879	1.8263296
8	78	-364.99216	-365.64222	-367.25919	-0.65005686	1.6169681
8	79	-328.11616	-328.66958	-330.55009	-0.55342093	1.8805071
8	80	-452.66884	-453.683	-453.43001	-1.0141643	-0.25298961
8	81	-320.71571	-321.38724	-323.14804	-0.67152443	1.7607997
8	82	-454.02006	-454.96745	-456.43437	-0.94739217	1.4669158
8	83	-280.39306	-281.39796	-283.27071	-1.004909	1.872743
8	84	-233.80694	-234.70952	-236.58701	-0.90257299	1.8774924
8	85	-357.24895	-357.67314	-361.14277	-0.42418776	3.4696302
8	86	-293.76365	-294.85067	-296.17285	-1.0870201	1.3221744
8	87	-494.38088	-494.15813	-494.72207	0.2227559	0.56394114
8	88	-338.98598	-336.63237	-340.11317	2.3536096	3.480804
8	89	-379.56092	-380.79428	-381.59126	-1.233366	0.79697679
8	90	-405.09293	-400.83251	-404.96534	4.2604207	4.1328338
8	91	-371.68376	-371.45172	-374.89916	0.23204102	3.4474446
8	92	-446.25022	-443.73173	-445.16413	2.5184959	1.4324062
8	93	-633.51864	-630.17211	-626.28159	3.346528	-3.8905148
8	94	-316.69946	-315.9053	-319.19684	0.79415486	3.2915414
8	95	-453.70347	-455.61236	-455.25991	-1.9088872	-0.35245505
8	96	-370.87408	-371.14491	-373.5306	-0.27082181	2.3856969
8	97	-320.88635	-322.37229	-324.03937	-1.485936	1.6670875
8	98	-310.7497	-312.40779	-315.03735	-1.6580831	2.6295657
8	99	-392.61051	-393.98195	-392.72114	-1.3714436	-1.2608101
8	100	-311.34858	-312.59609	-314.84852	-1.247504	2.2524341
8	101	-341.91612	-342.60674	-342.85737	-0.69062599	0.25062991
8	102	-359.24107	-359.04233	-360.31938	0.19873267	1.2770481
8	103	-258.1591	-259.64598	-263.48176	-1.4868804	3.835777
8	104	-354.45728	-354.08838	-353.79203	0.36890973	-0.29634701
8	105	-393.99638	-395.38004	-395.70506	-1.3836609	0.32501765
8	106	-307.0899	-308.90562	-310.97913	-1.815719	2.0735099
8	107	-363.00219	-361.44186	-364.27216	1.5603345	2.830307
8	108	-310.6184	-312.50941	-315.59578	-1.8910013	3.086376
8	109	-395.14094	-396.43759	-397.17164	-1.2966524	0.7340516
8	110	-391.92295	-394.54601	-395.29259	-2.6230603	0.74658948
8	111	-354.80389	-355.97489	-358.0083	-1.1709956	2.0334125
8	112	-324.06899	-326.1202	-328.5146	-2.051211	2.3943932
8	113	-399.45387	-398.51168	-400.19568	0.94219459	1.6840056
8	114	-255.53292	-256.56073	-259.34465	-1.0278125	2.7839176
8	115	-382.97354	-382.67893	-384.47233	0.29461758	1.7934022
8	116	-452.36391	-454.08946	-454.38589	-1.7255517	0.29643625
8	117	-264.81017	-266.26337	-269.6124	-1.4531939	3.349035
8	118	-290.66262	-290.44613	-291.73245	0.21649607	1.2863205
8	119	-252.45401	-253.10796	-254.49604	-0.65394922	1.3880835
8	120	-443.70224	-444.98172	-447.48998	-1.2794829	2.5082561
8	121	-254.35893	-256.11865	-261.41018	-1.759712	5.2915306
8	122	-299.54145	-300.34797	-304.69025	-0.80652662	4.3422796
8	123	-275.69092	-276.64873	-280.56694	-0.9578057	3.9182082
8	124	-373.53974	-373.9304	-372.42537	-0.39065821	-1.5050288
8	125	-284.03376	-286.38749	-287.27815	-2.3537274	0.89065383
8	126	-318.1906	-318.78663	-320.78368	-0.59602126	1.9970511
8	127	-379.19863	-381.2592	-382.40465	-2.0605719	1.1454481
8	128	-358.47073	-360.11702	-362.97778	-1.6462913	2.860766
8	129	-384.41779	-385.40062	-388.41512	-0.98282336	3.0145017
8	130	-412.28619	-412.3075	-415.83932	-0.021317508	3.5318188
8	131	-544.4589	-542.36643	-544.90504	2.0924662	2.5386065
8	132	-235.07673	-235.1319	-240.14273	-0.055162513	5.010833
8	133	-347.3737	-348.78312	-347.22051	-1.4094169	-1.562615
8	134	-203.06841	-204.1784	-210.71094	-1.1099946	6.5325388
8	135	-341.05755	-342.44829	-343.40551	-1.3907393	0.957215
8	136	-405.26302	-406.42549	-406.92374	-1.1624696	0.4982532
8	137	-388.93698	-388.80638	-387.73218	0.13059091	-1.0742059
8	138	-313.84187	-314.96478	-316.78517	-1.1229108	1.8203885
8	139	-362.65958	-362.19802	-364.62046	0.461557	2.4224422
8	140	-403.84537	-404.33196	-401.76248	-0.48659728	-2.5694873
8	141	-324.6639	-324.9396	-329.09049	-0.27570808	4.1508841
8	142	-450.15006	-449.74751	-452.32653	0.4025478	2.5790161
8	143	-321.46271	-322.64545	-326.37189	-1.1827468	3.7264334
8	144	-234.12004	-236.03045	-239.22423	-1.9104075	3.1937819
8	145	-328.00644	-326.59177	-328.3115	1.4146642	1.7197317
8	146	-298.14688	-298.28024	-300.91586	-0.13336191	2.6356193
8	147	-351.37378	-350.42896	-351.16405	0.94481884	0.73508879
8	148	-285.58964	-286.05061	-290.81107	-0.46097053	4.7604625
8	149	-451.17943	-450.898	-449.37705	0.28143401	-1.5209445
8	150	-394.06731	-394.43894	-395.72913	-0.37162119	1.2901898
8	151	-262.07595	-263.52161	-267.09582	-1.4456614	3.5742085
8	152	-363.24121	-362.2997	-364.87822	0.94150983	2.5785159
8	153	-217.15259	-221.05424	-224.31006	-3.901646	3.2558195
8	154	-417.2323	-416.93436	-417.80568	0.2979398	0.87131801
8	155	-284.35085	-285.23634	-287.63922	-0.88548957	2.4028744
8	156	-360.21117	-359.75663	-360.48415	0.45453955	0.72751939
8	157	-441.18827	-441.17835	-443.99584	0.009923504	2.8174943
8	158	-257.00074	-258.05614	-262.8252	-1.0554	4.7690666
8	159	-542.70267	-541.46275	-542.67602	1.2399191	1.2132662
8	160	-292.05394	-292.98787	-296.71017	-0.93393227	3.7223012
8	161	-280.61068	-281.51349	-284.43157	-0.90280874	2.9180838
8	162	-390.30591	-393.53372	-391.91413	-3.2278052	-1.6195909
8	163	-313.21455	-313.76224	-315.11596	-0.54769326	1.3537105
8	164	-534.98596	-530.26063	-533.93848	4.7253275	3.6778477
8	165	-395.23451	-394.75953	-396.10735	0.47498126	1.3478207
8	166	-430.03472	-429.25445	-429.70466	0.78026676	0.45020407
8	167	-242.61394	-243.8349	-248.85422	-1.2209571	5.0193175
8	168	-387.76148	-386.7887	-387.98833	0.97277997	1.1996351
8	169	-291.86145	-291.31817	-292.49135	0.5432786	1.1731792
8	170	-434.70359	-434.58412	-435.98421	0.1194665	1.4000903
8	171	-369.66456	-370.18889	-370.9231	-0.52433653	0.73421169
8	172	-286.08703	-284.37592	-286.67014	1.7111158	2.2942204
8	173	-311.50261	-311.6409	-313.72295	-0.13829301	2.0820513
8	174	-433.10301	-431.73231	-432.21176	1.3706966	0.47944886
8	175	-346.33873	-350.88777	-358.11452	-4.5490408	7.2267539
8	176	-458.47371	-456.27495	-458.72901	2.1987615	2.454059
8	177	-271.74545	-273.16817	-276.88898	-1.4227219	3.7208127
8	178	-242.43201	-244.04878	-247.74662	-1.6167661	3.6978404
8	179	-352.04712	-352.68728	-354.85877	-0.64015634	2.1714903
8	180	-402.49293	-402.51278	-403.77724	-0.019841865	1.264469
8	181	-268.30804	-268.84546	-270.56165	-0.53742368	1.716193
8	182	-386.09161	-386.3855	-387.31706	-0.29388509	0.93155911
8	183	-511.27413	-511.42828	-510.29068	-0.15415181	-1.1376051
8	184	-384.88547	-385.79171	-385.56318	-0.90623436	-0.22852946
8	185	-397.14014	-399.06107	-400.25836	-1.9209296	1.1972862
8	186	-257.44403	-256.36994	-260.20751	1.0740853	3.8375688
8	187	-357.56415	-358.92096	-360.32516	-1.3568068	1.4041998
8	188	-454.3164	-454.36413	-458.47103	-0.047732846	4.1068977
8	189	-372.87712	-373.04008	-374.02223	-0.16296136	0.9821552
8	190	-403.14076	-403.83058	-404.64742	-0.68982005	0.81684536
8	191	-265.64626	-266.56154	-268.31427	-0.91528523	1.7527217
8	192	-282.87717	-284.32697	-289.08434	-1.4498016	4.7573617
8	193	-298.28029	-299.83739	-299.22963	-1.5571016	-0.60775981
8	194	-339.0714	-339.08031	-339.49769	-0.0089088798	0.4173866
8	195	-300.80218	-301.10726	-302.92859	-0.30507693	1.8213297
8	196	-429.6673	-431.00077	-433.50744	-1.3334736	2.5066683
8	197	-454.04684	-452.8988	-454.58468	1.1480399	1.6858766
8	198	-297.67458	-298.3902	-301.53332	-0.71561979	3.14312
8	199	-380.33447	-383.47257	-386.19393	-3.1381016	2.7213582
8	200	-305.36322	-306.79594	-309.74604	-1.4327196	2.950101
8	201	-278.08545	-279.25113	-280.43647	-1.1656784	1.1853449
8	202	-294.96293	-293.95126	-296.66413	1.0116659	2.712868
8	203	-337.53475	-333.83586	-337.05074	3.698884	3.2148775
8	204	-266.1413	-268.22815	-269.13823	-2.0868517	0.91007838
8	205	-335.20957	-335.53246	-338.47394	-0.32288465	2.941479
8	206	-358.52949	-353.45679	-357.19204	5.072697	3.7352456
8	207	-333.40781	-330.91813	-332.26113	2.4896776	1.3429941
8	208	-305.31567	-305.00204	-309.59072	0.31363744	4.5886801
8	209	-361.61819	-362.72794	-364.35671	-1.1097531	1.6287662
8	210	-317.84791	-318.61433	-322.76973	-0.76642047	4.1554032
8	211	-518.56018	-519.41186	-519.29217	-0.85168321	-0.11968885
8	212	-348.07198	-347.85419	-346.06607	0.21778798	-1.7881203
8	213	-337.77751	-339.69176	-334.23983	-1.9142539	-5.4519301
8	214	-364.60456	-366.23554	-366.92228	-1.630971	0.68673965
8	215	-460.3852	-460.82453	-459.94831	-0.43933046	-0.87621976
8	216	-445.17661	-443.25753	-444.07136	1.9190776	0.81382092
8	217	-305.81958	-306.49273	-306.63442	-0.6731477	0.14168739
8	218	-265.53723	-267.5355	-271.6331	-1.9982795	4.0975925
8	219	-365.24248	-367.19512	-364.19502	-1.952649	-3.000107
8	220	-432.86232	-431.7297	-432.25765	1.1326215	0.52794726
8	221	-506.77353	-508.19539	-508.99523	-1.4218594	0.79984045
8	222	-183.32864	-185.58953	-189.84676	-2.2608979	4.2572256
8	223	-312.06745	-311.03399	-312.96957	1.0334573	1.9355806
8	224	-309.51505	-308.89191	-312.72197	0.62314669	3.830065
8	225	-378.58142	-377.22343	-377.40723	1.3579857	0.1837943
8	226	-417.96308	-417.54475	-418.12013	0.41833096	0.57538211
8	227	-343.05654	-344.10728	-344.92296	-1.0507344	0.81568405
8	228	-279.34045	-278.52806	-280.66459	0.81239059	2.1365302
8	229	-402.07357	-401.81497	-403.88513	0.25860558	2.0701629
8	230	-286.60372	-288.42749	-290.75392	-1.8237751	2.3264298
8	231	-250.34617	-251.25712	-255.17619	-0.91095444	3.9190699
8	232	-394.57803	-394.93803	-393.10619	-0.3599913	-1.8318345
8	233	-333.16829	-335.12086	-336.36893	-1.9525629	1.2480754
8	234	-231.51087	-233.71695	-237.57794	-2.2060737	3.8609923
8	235	-414.78714	-422.6941	-422.01478	-7.906966	-0.67931876
8	236	-288.46685	-287.66543	-291.23824	0.80141175	3.5728037
8	237	-414.95079	-413.69147	-414.7437	1.2593248	1.052233
8	238	-396.0241	-396.40983	-398.75742	-0.38572924	2.3475898
8	239	-482.09854	-481.22451	-481.85074	0.87402629	0.62622428
8	240	-280.38251	-282.05955	-285.95758	-1.6770384	3.8980299
8	241	-230.83049	-230.53333	-234.99749	0.29716756	4.464163
8	242	-296.48662	-297.39424	-299.96424	-0.90761323	2.5700041
8	243	-533.63346	-530.34181	-532.91378	3.2916505	2.571961
8	244	-428.26247	-430.01347	-432.06324	-1.7510008	2.0497604
8	245	-307.44153	-306.99327	-310.34118	0.44825973	3.3479093
8	246	-381.49733	-383.40284	-383.03559	-1.905515	-0.36724644
8	247	-312.7563	-313.10492	-314.81133	-0.3486192	1.7064106
8	248	-428.46814	-427.42853	-427.57381	1.0396172	0.14528758
8	249	-278.62861	-280.07871	-282.38326	-1.4500963	2.3045507
8	250	-346.2263	-347.86776	-349.25385	-1.6414649	1.3860854
8	251	-336.55958	-337.09346	-340.3794	-0.53388351	3.2859321
8	252	-287.89085	-288.93049	-292.4275	-1.0396426	3.4970095
8	253	-346.26149	-347.11549	-349.12976	-0.85400627	2.0142678
8	254	-447.34313	-448.30344	-449.60279	-0.96031348	1.2993465
8	255	-444.14388	-444.25911	-444.79907	-0.11522531	0.53995951
8	256	-357.61974	-355.74042	-359.12557	1.8793226	3.3851494
8	257	-417.86281	-417.76117	-419.76303	0.10164361	2.0018568
8	258	-257.43581	-258.37855	-261.10805	-0.94273936	2.7295015
8	259	-259.46624	-260.79103	-264.02491	-1.3247862	3.2338782
8	260	-286.6366	-288.01567	-292.13629	-1.3790656	4.1206233
8	261	-317.86297	-318.26678	-320.12611	-0.4038119	1.8593224
8	262	-236.68198	-238.99978	-241.28942	-2.3177967	2.2896426
8	263	-362.49269	-362.89688	-365.46845	-0.40419342	2.571569
8	264	-470.31906	-468.44762	-470.02553	1.8714351	1.5779075
8	265	-288.27131	-289.95084	-293.88408	-1.6795314	3.9332326
8	266	-334.15325	-335.27564	-338.32447	-1.1223924	3.0488274
8	267	-318.61824	-320.01111	-320.55435	-1.3928629	0.54324392
8	268	-376.66071	-378.19665	-377.52881	-1.5359423	-0.66783731
8	269	-316.5068	-314.22011	-318.23441	2.2866905	4.0142936
8	270	-279.15499	-279.68144	-282.49166	-0.5264511	2.8102158
8	271	-410.04296	-410.47604	-411.6948	-0.43307962	1.2187621
8	272	-487.68896	-488.48306	-488.38394	-0.79409708	-0.099119966
8	273	-352.01395	-350.33214	-350.53752	1.6818085	0.20538695
8	274	-275.72236	-277.87228	-278.1868	-2.1499227	0.3145185
8	275	-385.34839	-384.77012	-387.89741	0.57827144	3.1272938
8	276	-369.68803	-369.17429	-370.21891	0.51374009	1.0446151
8	277	-364.41616	-364.42684	-364.69079	-0.01068962	0.26394216
8	278	-247.22095	-247.47057	-248.84225	-0.24962477	1.371676
8	279	-444.57518	-445.51772	-447.54275	-0.94254098	2.0250291
8	280	-273.02727	-275.14297	-281.30509	-2.1156917	6.1621265
8	281	-284.48653	-284.5062	-288.15656	-0.019673984	3.6503572
8	282	-326.33411	-327.19059	-325.96882	-0.85648207	-1.2217736
8	283	-278.55557	-279.65583	-285.61802	-1.1002633	5.9621818
8	284	-282.63288	-285.74135	-288.22253	-3.1084694	2.4811794
8	285	-301.00558	-302.42772	-306.37686	-1.4221343	3.9491445
8	286	-314.11863	-313.19399	-316.84184	0.92463574	3.6478497
8	287	-295.94912	-296.92441	-298.91554	-0.97528719	1.9911337
8	288	-378.26411	-381.57648	-380.04276	-3.3123752	-1.5337179
8	289	-444.80369	-444.76968	-446.64193	0.034015031	1.8722477
8	290	-257.53569	-258.33656	-260.64981	-0.80087063	2.3132429
8	291	-279.18043	-280.93273	-281.08943	-1.7523033	0.15670176
8	292	-322.57982	-323.36727	-327.15122	-0.78745064	3.7839497
8	293	-405.38642	-407.51085	-407.65957	-2.1244342	0.14871248
8	294	-582.62423	-581.22839	-584.43697	1.3958366	3.2085743
8	295	-282.35967	-283.88126	-284.58053	-1.521591	0.69927513
8	296	-275.13508	-276.61105	-277.59395	-1.4759709	0.98289272
8	297	-430.41581	-430.85172	-432.70544	-0.4359123	1.853717
8	298	-302.38368	-303.1676	-305.43533	-0.78392334	2.2677267
8	299	-311.50793	-313.26514	-315.95934	-1.7572037	2.6942029
8	300	-289.6613	-291.0561	-294.40163	-1.3947962	3.345534
8	301	-392.54904	-392.78412	-394.36838	-0.23507842	1.5842588
8	302	-411.09777	-411.75646	-414.15628	-0.6586873	2.3998267
8	303	-310.50685	-311.80583	-318.16239	-1.2989807	6.3565567
8	304	-336.23972	-333.11077	-337.13464	3.1289457	4.0238691
8	305	-304.82881	-306.89709	-307.61007	-2.0682838	0.71298519
8	306	-539.02541	-538.29929	-540.28475	0.7261186	1.9854564
8	307	-381.56624	-381.84031	-383.71381	-0.27407431	1.8735008
8	308	-290.03567	-285.38023	-288.50867	4.655441	3.1284388
8	309	-273.56858	-274.4464	-276.79025	-0.87781395	2.3438501
8	310	-354.22858	-357.19361	-359.03276	-2.9650301	1.8391514
8	311	-396.9384	-397.33284	-399.16802	-0.39444724	1.8351728
8	312	-399.23954	-398.57098	-400.37689	0.66855668	1.8059064
8	313	-283.96484	-285.18215	-288.2767	-1.2173036	3.0945496
8	314	-344.20063	-340.85096	-343.17593	3.3496655	2.3249675
8	315	-415.3294	-413.29173	-417.25216	2.0376741	3.9604312
8	316	-302.44999	-303.68476	-307.15248	-1.2347771	3.4677156
8	317	-288.17009	-287.88244	-289.5307	0.28764663	1.6482572
8	318	-368.64798	-370.41696	-372.58073	-1.7689755	2.1637681
8	319	-299.29139	-300.65712	-303.75645	-1.3657309	3.0993358
8	320	-251.71738	-251.47709	-254.38923	0.24028806	2.9121388
8	321	-429.97552	-430.76955	-429.91318	-0.79402641	-0.85636504
8	322	-412.84941	-412.64147	-414.85853	0.20794579	2.2170583
8	323	-432.69623	-432.25753	-435.48251	0.43869782	3.22498
8	324	-210.61178	-211.45868	-215.88268	-0.84690238	4.4239986
8	325	-406.96218	-406.67875	-407.91048	0.28343243	1.231727
8	326	-338.02963	-339.59971	-342.16563	-1.5700807	2.56592
8	327	-382.24382	-384.11453	-385.51627	-1.8707097	1.4017399
8	328	-519.84122	-519.46989	-516.80531	0.37133685	-2.6645776
8	329	-333.96237	-336.04164	-337.0075	-2.079269	0.96585984
8	330	-375.07549	-375.36312	-374.00888	-0.28762222	-1.3542391
8	331	-293.81364	-295.16022	-297.53534	-1.3465786	2.3751269
8	332	-294.78202	-295.24485	-298.49863	-0.46283132	3.2537746
8	333	-314.63355	-316.87261	-319.64981	-2.2390641	2.7771965
8	334	-273.3841	-274.91057	-277.73	-1.5264728	2.8194242
8	335	-350.95037	-351.65072	-353.57995	-0.70034846	1.9292247
8	336	-262.32867	-263.17936	-267.23285	-0.85068398	4.053491
8	337	-253.37114	-256.51215	-258.34327	-3.1410073	1.8311281
8	338	-302.41375	-303.43736	-306.76117	-1.0236052	3.3238083
8	339	-429.52764	-430.05251	-430.34433	-0.5248666	0.29181936
8	340	-223.43199	-223.97507	-226.40121	-0.54308157	2.42614
8	341	-353.28315	-351.46578	-357.12033	1.8173734	5.6545478
8	342	-277.51795	-277.73481	-282.23372	-0.21685838	4.4989076
8	343	-434.79184	-431.19591	-434.77394	3.5959242	3.5780321
8	344	-380.69415	-379.33431	-383.08662	1.3598431	3.752307
8	345	-306.58198	-307.49193	-308.6176	-0.90994993	1.12567
8	346	-222.66546	-224.33383	-229.12013	-1.6683747	4.7862941
8	347	-377.99448	-379.52411	-379.85936	-1.529633	0.33524449
8	348	-467.07825	-468.7483	-469.62258	-1.6700475	0.8742833
8	349	-418.89499	-416.89985	-418.31128	1.9951354	1.4114272
8	350	-417.71399	-418.61033	-419.2049	-0.89634375	0.59456308
8	351	-353.8725	-355.30706	-355.20412	-1.4345598	-0.10294105
8	352	-532.95866	-530.03379	-530.8827	2.9248724	0.8489133
8	353	-274.11808	-274.78217	-278.89906	-0.66409455	4.1168887
8	354	-269.82155	-270.42583	-273.11188	-0.60427841	2.6860563
8	355	-309.37099	-311.14721	-314.32528	-1.7762197	3.1780707
8	356	-445.86411	-446.16152	-446.00853	-0.29741123	-0.15299399
8	357	-263.55142	-265.50625	-266.28316	-1.9548247	0.7769146
8	358	-394.18744	-394.60527	-394.4246	-0.41782845	-0.18066759
8	359	-392.82361	-395.45673	-395.02862	-2.6331182	-0.42811347
8	360	-278.72141	-280.962	-283.18365	-2.2405967	2.2216478
8	361	-320.15215	-320.48207	-323.44511	-0.32991477	2.9630478
8	362	-401.41763	-401.65115	-404.64753	-0.2335229	2.996386
8	363	-555.34793	-554.81276	-556.9803	0.5351742	2.1675398
8	364	-288.55978	-288.64566	-292.00419	-0.085883901	3.3585296
8	365	-336.8089	-339.44759	-339.4712	-2.6386898	0.023610725
8	366	-330.8709	-332.10235	-333.91384	-1.2314501	1.8114904
8	367	-305.7434	-306.75454	-307.87123	-1.0111403	1.1166965
8	368	-410.00679	-410.20254	-411.48156	-0.19574545	1.2790244
8	369	-427.89498	-428.50557	-430.20679	-0.61058944	1.7012225
8	370	-371.83486	-372.18771	-373.74099	-0.35285431	1.5532766
8	371	-373.55275	-374.0901	-375.41422	-0.53734155	1.3241232
8	372	-430.78537	-429.77616	-430.16954	1.0092095	0.39338017
8	373	-239.44776	-242.97503	-243.67395	-3.5272766	0.69891302
8	374	-263.99459	-265.49234	-269.3337	-1.4977454	3.8413588
8	375	-300.78601	-303.30244	-303.68077	-2.5164349	0.3783313
8	376	-446.34385	-446.79148	-449.34002	-0.44762289	2.5485393
8	377	-401.10775	-402.55011	-403.56236	-1.4423592	1.0122491
8	378	-288.82414	-289.08473	-291.38493	-0.26058802	2.3002002
8	379	-323.61722	-325.03114	-323.03521	-1.4139266	-1.9959315
8	380	-463.54458	-464.15795	-464.23935	-0.61337272	0.081393458
8	381	-408.8795	-405.51885	-408.74632	3.3606502	3.2274736
8	382	-263.50263	-266.14803	-267.07891	-2.6454056	0.93087216
8	383	-374.16572	-375.73537	-375.60159	-1.5696539	-0.13378361
8	384	-333.26786	-333.76038	-335.8213	-0.49251471	2.0609221
8	385	-300.57394	-301.46561	-304.12702	-0.89166749	2.6614083
8	386	-322.59481	-324.24626	-325.99119	-1.6514433	1.7449308
8	387	-318.74995	-319.38964	-322.02171	-0.63968866	2.6320693
8	388	-379.2741	-377.102	-379.36709	2.1720943	2.2650834
8	389	-313.79047	-313.22447	-315.71744	0.56599247	2.4929661
8	390	-321.29264	-319.57118	-324.18199	1.7214519	4.6108102
8	391	-263.96291	-263.04922	-268.46268	0.91368814	5.4134563
8	392	-353.25106	-352.81724	-354.19208	0.43381833	1.3748369
8	393	-325.32804	-328.27806	-330.90751	-2.950012	2.6294578
8	394	-205.11377	-205.25393	-207.42089	-0.14015489	2.166963
8	395	-318.82716	-320.16342	-322.44677	-1.336254	2.2833599
8	396	-365.40612	-366.72772	-366.21208	-1.321609	-0.5156407
8	397	-288.29635	-288.45361	-290.56664	-0.15726593	2.1130307
8	398	-387.20045	-386.87591	-389.67827	0.32454578	2.8023615
8	399	-326.31169	-328.20966	-328.22509	-1.897963	0.015435804
8	400	-409.28263	-412.53046	-412.82164	-3.2478258	0.29118201
8	401	-306.46883	-304.39696	-308.29328	2.0718641	3.8963161
8	402	-377.65969	-378.12863	-378.38331	-0.46894556	0.25467351
8	403	-362.86452	-363.66086	-364.35232	-0.79633661	0.69146021
8	404	-369.88585	-372.09461	-371.94109	-2.208762	-0.1535169
8	405	-374.93687	-375.84652	-377.0162	-0.90964699	1.1696762
8	406	-209.20615	-210.16879	-216.0012	-0.96263927	5.8324076
8	407	-445.10787	-446.99481	-449.9775	-1.8869408	2.9826933
8	408	-564.88166	-564.11851	-563.6455	0.76314417	-0.47301788
8	409	-345.37524	-346.68889	-350.31529	-1.3136562	3.6263935
8	410	-345.29273	-345.16772	-348.35221	0.1250133	3.1844931
8	411	-307.39896	-305.99565	-314.5885	1.4033087	8.5928437
8	412	-381.99481	-382.29729	-380.35258	-0.30248066	-1.9447176
8	413	-402.74508	-402.62905	-404.54087	0.11603897	1.9118206
8	414	-537.42009	-538.02717	-536.06939	-0.60708834	-1.9577803
8	415	-280.53887	-281.8542	-285.87827	-1.3153214	4.0240723
8	416	-386.66224	-386.43656	-383.02415	0.2256774	-3.4124051
8	417	-341.82532	-342.85008	-343.79799	-1.0247624	0.94790649
8	418	-292.90775	-293.13317	-295.98937	-0.22542201	2.8562036
8	419	-298.53957	-298.96308	-303.24872	-0.42351754	4.2856322
8	420	-403.74415	-405.05957	-406.64488	-1.3154215	1.5853095
8	421	-341.05292	-340.70742	-344.8339	0.3454958	4.1264857
8	422	-348.02753	-349.22735	-351.1848	-1.1998216	1.9574461
8	423	-465.04165	-468.24886	-463.92083	-3.2072113	-4.3280377
8	424	-434.19369	-433.20055	-434.84615	0.9931468	1.6456044
8	425	-412.37032	-411.29695	-414.5846	1.0733717	3.2876507
8	426	-321.30805	-324.11308	-326.12319	-2.8050327	2.0101089
8	427	-297.18523	-298.98	-300.00177	-1.7947762	1.0217693
8	428	-255.00716	-257.08642	-260.30182	-2.0792633	3.2153921
8	429	-347.77148	-348.99187	-350.98409	-1.2203899	1.9922235
8	430	-312.94377	-313.46223	-314.80252	-0.51846506	1.3402899
8	431	-370.52121	-371.32513	-372.12441	-0.80391656	0.79928158
8	432	-336.91176	-336.98058	-339.65879	-0.068822409	2.6782157
8	433	-310.62855	-310.29912	-317.19204	0.32943554	6.8929201
8	434	-494.10171	-493.35154	-493.86898	0.75016813	0.5174387
8	435	-269.29039	-272.51495	-274.07795	-3.2245592	1.5630006
8	436	-379.54411	-377.14185	-380.66837	2.4022671	3.5265194
8	437	-330.17368	-331.32078	-330.14688	-1.1471005	-1.1738948
8	438	-389.3168	-388.3006	-389.68699	1.0162017	1.3863891
8	439	-325.88691	-326.46878	-322.17564	-0.58187719	-4.2931412
8	440	-425.45463	-425.3409	-425.96056	0.11373243	0.61965899
8	441	-473.92134	-473.98464	-473.60556	-0.063305368	-0.3790827
8	442	-485.19922	-486.22398	-486.49693	-1.0247632	0.27295081
8	443	-515.04868	-515.76504	-516.00612	-0.71636259	0.24108082
8	444	-331.65197	-332.93236	-335.36392	-1.2803953	2.4315583
8	445	-290.32889	-291.99614	-294.09105	-1.6672492	2.0949157
8	446	-365.40858	-364.90641	-367.1684	0.50217032	2.2619859
8	447	-322.74327	-323.86273	-326.94123	-1.1194509	3.0785087
8	448	-446.31689	-446.8604	-449.24801	-0.54351164	2.3876046
8	449	-363.85246	-364.04864	-366.19751	-0.19617075	2.1488698
8	450	-336.69905	-335.6618	-337.85413	1.0372452	2.192333
8	451	-368.5427	-368.8929	-370.98079	-0.35019451	2.0878911
8	452	-333.50045	-334.80098	-336.15312	-1.3005343	1.352134
8	453	-512.94354	-512.40482	-513.6781	0.538718	1.2732842
8	454	-242.79435	-244.16345	-246.73437	-1.3690979	2.5709203
8	455	-397.45371	-396.29194	-400.33011	1.1617604	4.038162
8	456	-245.5597	-246.23677	-251.44482	-0.67707064	5.2080488
8	457	-239.4686	-239.88773	-243.99597	-0.41913027	4.1082454
8	458	-310.50399	-310.44972	-312.58855	0.054270999	2.138833
8	459	-364.25132	-364.81401	-365.74284	-0.5626888	0.92882367
8	460	-244.1795	-243.07727	-248.00394	1.1022347	4.9266767
8	461	-383.87398	-385.3567	-386.47804	-1.4827113	1.121342
8	462	-386.84227	-385.69315	-387.82968	1.1491237	2.1365307
8	463	-401.84139	-402.42669	-403.37732	-0.58530451	0.95062915
8	464	-400.58014	-400.64687	-403.24963	-0.066732479	2.6027632
8	465	-284.47278	-285.60379	-286.37402	-1.1310084	0.77023116
8	466	-481.08113	-480.766	-480.1553	0.31513486	-0.61069722
8	467	-249.30424	-250.84079	-253.08419	-1.5365523	2.2433953
8	468	-317.94567	-318.40404	-317.80365	-0.45836617	-0.60038653
8	469	-209.60559	-210.22181	-212.45759	-0.6162226	2.2357782
8	470	-326.73803	-328.0854	-331.05359	-1.3473689	2.9681954
8	471	-280.92881	-281.95205	-283.62785	-1.0232418	1.6758002
8	472	-270.6934	-268.67556	-273.87838	2.0178433	5.2028182
8	473	-433.23706	-430.13197	-434.40228	3.1050896	4.2703028
8	474	-237.59121	-237.94997	-242.16572	-0.35875552	4.2157539
8	475	-310.96307	-312.01605	-316.30055	-1.0529754	4.2844977
8	476	-387.40459	-387.9604	-386.51897	-0.55581352	-1.4414326
8	477	-322.59006	-324.88938	-327.10808	-2.2993177	2.2187048
8	478	-414.18614	-414.59449	-414.98935	-0.4083551	0.39486128
8	479	-366.16994	-365.19983	-365.61316	0.97011152	0.41333849
8	480	-333.81438	-335.23791	-339.07457	-1.4235259	3.8366596
8	481	-442.90847	-445.02692	-444.94351	-2.118454	-0.083410285
8	482	-467.82647	-469.53389	-470.30981	-1.7074209	0.77592225
8	483	-296.17505	-298.33957	-300.11334	-2.1645217	1.7737634
8	484	-376.11258	-377.19573	-376.25935	-1.083149	-0.93638179
8	485	-330.35095	-331.1286	-328.71978	-0.7776468	-2.4088174
8	486	-303.57643	-304.10808	-306.60047	-0.53165841	2.4923858
8	487	-249.88766	-251.0525	-253.70614	-1.1648367	2.6536397
8	488	-409.02614	-409.14577	-411.20712	-0.11962972	2.0613513
8	489	-359.76352	-361.6839	-359.331	-1.9203742	-2.3528959
8	490	-291.32632	-288.86601	-292.05688	2.4603136	3.1908743
8	491	-463.06322	-463.8001	-462.34038	-0.73687412	-1.4597199
8	492	-335.41843	-334.98021	-336.05306	0.43822357	1.0728566
8	493	-399.10359	-398.35151	-400.19925	0.7520871	1.8477395
8	494	-291.05508	-292.55473	-296.29071	-1.4996467	3.7359751
8	495	-263.80649	-263.78334	-264.9016	0.023140994	1.1182533
8	496	-397.66464	-397.5152	-400.57349	0.1494363	3.0582859
8	497	-407.23314	-408.13872	-408.85546	-0.90557685	0.71674229
8	498	-590.74987	-593.4592	-591.64565	-2.7093283	-1.8135507
8	499	-343.4534	-343.99278	-347.26409	-0.53937779	3.2713096
8	500	-450.21024	-451.11306	-451.245	-0.90282295	0.13193035
8	501	-447.53975	-447.61953	-446.8304	-0.079777585	-0.78912714
8	502	-362.81145	-363.65509	-366.94858	-0.84364004	3.293497
8	503	-328.5888	-333.11857	-331.50013	-4.5297719	-1.6184402
8	504	-291.6186	-292.43085	-294.13535	-0.812244	1.7045062
8	505	-417.75733	-416.54465	-419.47934	1.2126807	2.9346909
8	506	-273.25427	-274.78829	-279.29744	-1.5340288	4.5091481
8	507	-382.51311	-382.27597	-381.64532	0.23714439	-0.63064932
8	508	-306.15422	-304.69246	-307.80867	1.4617661	3.1162104
8	509	-443.6707	-442.74342	-443.42481	0.92728192	0.68139636
8	510	-518.50216	-517.70047	-518.58898	0.80169469	0.88851403
8	511	-378.14955	-378.6351	-379.32209	-0.48555076	0.68699635
8	512	-534.38439	-533.02658	-534.87806	1.3578084	1.8514812
8	513	-215.39597	-215.54044	-219.96223	-0.1444754	4.4217919
8	514	-433.79837	-435.04399	-435.43844	-1.2456181	0.39444619
8	515	-297.31053	-298.45058	-300.66837	-1.1400496	2.2177907
8	516	-275.66788	-273.30665	-277.95479	2.361227	4.6481329
8	517	-263.83497	-267.57614	-267.97423	-3.7411662	0.39809445
8	518	-451.74744	-452.39401	-450.14723	-0.64657118	-2.2467782
8	519	-389.41312	-388.80971	-390.16924	0.60340627	1.3595275
8	520	-398.96808	-400.12112	-399.07253	-1.1530454	-1.048589
8	521	-303.1999	-303.72056	-306.32027	-0.52066486	2.5997099
8	522	-322.07543	-318.95868	-320.10727	3.1167527	1.1485943
8	523	-293.57962	-291.1733	-294.88019	2.4063198	3.7068961
8	524	-469.96037	-469.33649	-473.41369	0.62388264	4.0772026
8	525	-380.77626	-381.71909	-384.37114	-0.94283025	2.6520424
8	526	-416.64502	-415.8948	-417.87496	0.75021871	1.9801628
8	527	-300.59007	-302.43048	-304.84741	-1.8404157	2.4169258
8	528	-246.3627	-247.43391	-250.05501	-1.0712067	2.6210961
8	529	-309.88079	-310.15427	-312.83554	-0.27348465	2.6812604
8	530	-280.57959	-282.16551	-285.98773	-1.5859166	3.8222283
8	531	-312.60858	-313.41209	-316.8663	-0.80350704	3.4542113
8	532	-480.23884	-479.95208	-479.07779	0.28675882	-0.87428939
8	533	-378.60532	-376.68367	-380.13092	1.9216465	3.4472486
8	534	-265.53656	-267.01246	-269.36584	-1.4759001	2.3533723
8	535	-308.69273	-307.58802	-313.45313	1.1047098	5.8651148
8	536	-463.06266	-464.2129	-463.60806	-1.1502358	-0.60483576
8	537	-385.5031	-385.25277	-384.87861	0.25032966	-0.37415381
8	538	-354.63062	-355.69004	-356.10659	-1.0594226	0.41655003
8	539	-271.79141	-272.69158	-277.20704	-0.90017041	4.5154617
8	540	-292.56636	-293.78247	-296.42824	-1.2161143	2.6457702
8	541	-489.78638	-495.74093	-496.6328	-5.9545511	0.89186815
8	542	-279.66856	-279.05074	-282.03536	0.61781643	2.9846173
8	543	-301.65669	-302.84668	-306.56516	-1.1899904	3.7184792
8	544	-458.07191	-458.42617	-460.01992	-0.35425641	1.5937525
8	545	-339.95928	-341.59264	-341.16084	-1.633357	-0.43179624
8	546	-378.61374	-380.594	-382.97717	-1.9802537	2.3831714
8	547	-259.97696	-260.768	-264.88154	-0.79104559	4.1135396
8	548	-301.67728	-304.69952	-305.20857	-3.0222375	0.50905511
8	549	-387.78621	-387.83932	-387.11696	-0.05310414	-0.72235647
8	550	-286.42852	-286.27016	-289.51808	0.158366	3.2479281
8	551	-301.09285	-301.90769	-306.03734	-0.81483531	4.1296519
8	552	-299.86853	-297.29414	-303.22484	2.5743906	5.9306949
8	553	-350.47329	-350.90881	-350.64568	-0.43552433	-0.26313319
8	554	-384.60525	-386.78687	-391.56193	-2.1816188	4.7750598
8	555	-355.44285	-356.61218	-355.48543	-1.1693274	-1.1267558
8	556	-255.78958	-259.49211	-260.68401	-3.7025371	1.1918992
8	557	-341.70939	-344.97944	-348.86015	-3.2700491	3.8807086
8	558	-367.81372	-367.12579	-369.04189	0.6879347	1.9160997
8	559	-326.79466	-327.99272	-331.20117	-1.1980616	3.2084503
8	560	-266.97948	-268.83534	-272.8221	-1.855857	3.9867593
8	561	-254.47987	-254.40341	-258.30287	0.076459966	3.8994612
8	562	-381.34886	-382.12185	-385.10098	-0.77298606	2.9791262
8	563	-469.67164	-471.07517	-470.88817	-1.4035287	-0.18699603
8	564	-322.12866	-322.04677	-323.82695	0.081893214	1.780185
8	565	-319.04426	-320.85417	-322.68974	-1.8099127	1.8355698
8	566	-391.21187	-391.62419	-393.5767	-0.4123281	1.9525061
8	567	-395.71471	-396.83817	-396.34589	-1.1234584	-0.49228421
8	568	-218.17933	-219.54963	-224.50221	-1.370297	4.9525828
8	569	-469.37918	-470.65868	-468.07436	-1.2794984	-2.5843207
8	570	-598.1236	-596.15059	-595.15707	1.9730133	-0.99352448
8	571	-227.85061	-227.71558	-230.04202	0.13503059	2.3264371
8	572	-262.00402	-264.29155	-267.95388	-2.2875329	3.6623307
8	573	-254.38386	-256.67142	-262.66652	-2.2875633	5.9951002
8	574	-278.83923	-281.31313	-282.38977	-2.4738927	1.076645
8	575	-313.56349	-315.03229	-316.23914	-1.4688009	1.2068559
8	576	-217.34059	-219.12605	-221.91931	-1.7854597	2.7932656
8	577	-423.68893	-426.07224	-425.68491	-2.3833134	-0.38733384
8	578	-247.2473	-249.66981	-251.68422	-2.4225144	2.0144097
8	579	-298.86525	-300.53575	-301.00752	-1.6704971	0.47177184
8	580	-530.10622	-531.31127	-532.63514	-1.2050508	1.3238623
8	581	-331.74058	-331.63494	-331.0512	0.10563713	-0.58374222
8	582	-339.68371	-341.19125	-342.65578	-1.5075426	1.4645255
8	583	-232.90191	-235.23783	-239.67286	-2.3359224	4.435023
8	584	-337.09633	-336.42622	-338.17918	0.67010418	1.7529524
8	585	-352.63218	-354.01504	-356.97184	-1.3828614	2.9567992
8	586	-369.25259	-368.15461	-371.77539	1.0979789	3.6207802
8	587	-302.09961	-302.91391	-306.39771	-0.81429644	3.4838001
8	588	-410.45711	-410.02368	-412.9159	0.43343191	2.8922265
8	589	-401.24829	-402.15891	-403.77441	-0.91061685	1.6155045
8	590	-315.05988	-316.12501	-316.6931	-1.0651288	0.56808686
8	591	-417.52546	-417.52055	-418.72822	0.004906256	1.2076653
8	592	-444.51848	-444.87038	-446.7931	-0.35189667	1.9227242
8	593	-386.55229	-387.85309	-385.3626	-1.3007938	-2.4904836
8	594	-331.30492	-332.45651	-335.79518	-1.1515866	3.3386667
8	595	-306.42222	-306.7122	-309.87945	-0.28997358	3.1672542
8	596	-506.44632	-506.34729	-505.74525	0.099027708	-0.60203671
8	597	-393.65374	-394.28678	-396.49614	-0.63304029	2.2093576
8	598	-271.34123	-271.37807	-275.41951	-0.036845841	4.0414353
8	599	-294.22623	-293.6225	-299.00394	0.60373276	5.3814444
8	600	-648.29426	-649.03268	-648.74215	-0.73841908	-0.29053344
8	601	-431.9669	-432.99201	-432.31547	-1.0251019	-0.67653886
8	602	-357.4325	-356.46228	-358.35962	0.97022625	1.8973414
8	603	-268.34388	-269.74469	-272.15039	-1.4008102	2.4057011
8	604	-407.32453	-404.99924	-407.26436	2.3252893	2.2651157
8	605	-354.86785	-355.53362	-357.5267	-0.66577312	1.9930847
8	606	-222.36473	-223.62288	-225.16315	-1.2581505	1.5402705
8	607	-392.79038	-394.12745	-396.42987	-1.3370777	2.3024119
8	608	-293.16971	-294.31431	-298.11312	-1.1445993	3.798808
8	609	-383.6707	-384.28936	-386.79338	-0.61865976	2.5040266
8	610	-253.25716	-254.64142	-256.01243	-1.3842538	1.3710142
8	611	-264.00811	-265.82341	-268.37544	-1.8152986	2.5520343
8	612	-374.87394	-372.53149	-376.73848	2.3424505	4.2069921
8	613	-402.36219	-400.97338	-405.74798	1.3888085	4.7746038
8	614	-449.07017	-444.82278	-445.07528	4.2473862	0.25250034
8	615	-367.72283	-366.77518	-367.2348	0.94765104	0.45961783
8	616	-394.49521	-395.90372	-396.61867	-1.4085144	0.71494693
8	617	-338.75918	-339.06024	-340.5942	-0.30106387	1.5339568
8	618	-430.12992	-431.12991	-430.67663	-0.99999637	-0.45328684
8	619	-259.61719	-261.41997	-264.46373	-1.8027723	3.0437643
8	620	-263.90234	-264.63513	-267.51356	-0.73279718	2.8784297
8	621	-300.91318	-300.59995	-301.17686	0.31323054	0.5769153
8	622	-313.30782	-313.96933	-315.56894	-0.66150783	1.5996126
8	623	-464.30226	-464.34308	-464.98801	-0.0408184	0.64492713
8	624	-267.45133	-266.20416	-271.39316	1.2471774	5.1890021
8	625	-377.82822	-379.55223	-378.88359	-1.7240148	-0.66864043
8	626	-345.14706	-345.1567	-347.80256	-0.0096400147	2.6458547
8	627	-219.82986	-221.44423	-225.4917	-1.6143677	4.047468
8	628	-314.89613	-314.82407	-315.47215	0.072057918	0.64808239
8	629	-510.22785	-511.37876	-513.83077	-1.1509105	2.4520094
8	630	-404.51996	-404.19506	-406.86224	0.32490325	2.6671779
8	631	-623.51236	-625.85992	-620.82696	-2.3475535	-5.0329594
8	632	-440.19074	-440.5612	-440.23955	-0.37046047	-0.32164551
8	633	-470.80074	-468.7294	-468.07535	2.071341	-0.65404536
8	634	-311.03593	-311.55352	-314.46019	-0.51759701	2.9066666
8	635	-276.77793	-279.61592	-280.27857	-2.8379931	0.66264483
8	636	-400.7093	-403.77606	-405.32684	-3.0667665	1.5507776
8	637	-304.71334	-303.73441	-305.40579	0.97893196	1.6713755
8	638	-382.91116	-384.34315	-384.78669	-1.4319913	0.44354309
8	639	-243.54977	-245.22351	-246.97821	-1.6737443	1.7547028
8	640	-339.79434	-340.09745	-340.98256	-0.30311147	0.88510817
8	641	-319.61883	-321.18968	-324.49654	-1.5708503	3.3068517
8	642	-305.76865	-307.02443	-311.39826	-1.2557723	4.3738302
8	643	-393.32133	-392.53779	-395.25197	0.78353623	2.7141764
8	644	-427.22189	-421.91928	-426.25224	5.3026099	4.3329583
8	645	-396.38758	-397.79584	-398.52625	-1.4082553	0.73041408
8	646	-268.61903	-270.4622	-273.06289	-1.8431703	2.600691
8	647	-282.23192	-283.95784	-287.9437	-1.7259272	3.9858576
8	648	-325.53945	-325.94208	-328.80531	-0.40262495	2.8632301
8	649	-290.14844	-291.11609	-293.55175	-0.96765415	2.4356583
8	650	-314.94581	-316.42956	-319.49944	-1.4837523	3.0698802
8	651	-384.3687	-385.7552	-386.85823	-1.3865015	1.1030237
8	652	-413.21585	-413.87875	-417.58242	-0.66289984	3.703675
8	653	-321.38522	-324.88708	-323.5104	-3.501863	-1.3766875
8	654	-425.5254	-425.95198	-424.84251	-0.42658232	-1.1094656
8	655	-276.90376	-276.6265	-279.1396	0.27725645	2.5130991
8	656	-369.33931	-370.83701	-372.43284	-1.4977018	1.5958249
8	657	-216.51913	-218.12275	-221.47017	-1.6036268	3.3474198
8	658	-436.94568	-438.03948	-437.29543	-1.0938072	-0.74405458
8	659	-324.32226	-324.69914	-326.37134	-0.37688609	1.6721945
8	660	-475.47284	-475.88498	-476.30186	-0.41213989	0.41688204
8	661	-282.30917	-281.94897	-285.44349	0.36019513	3.4945236
8	662	-460.95033	-460.3639	-462.70847	0.58643052	2.3445776
8	663	-370.8349	-371.01465	-372.50707	-0.17974473	1.492424
8	664	-438.11663	-440.40605	-442.10598	-2.2894223	1.6999231
8	665	-410.64489	-407.17764	-412.33984	3.4672515	5.1622082
8	666	-391.54168	-389.99012	-392.02541	1.5515564	2.0352837
8	667	-340.64056	-341.73436	-344.75232	-1.0937917	3.0179644
8	668	-377.26521	-378.99851	-378.89879	-1.7332945	-0.099724174
8	669	-442.00706	-442.00553	-441.58615	0.0015376422	-0.41937281
8	670	-407.97148	-409.05812	-409.27945	-1.0866352	0.2213381
8	671	-388.48188	-387.87184	-389.84281	0.61003838	1.9709696
8	672	-321.1004	-321.00228	-323.9157	0.09812211	2.9134164
8	673	-385.08245	-387.00427	-385.58402	-1.9218212	-1.4202539
8	674	-387.64906	-388.46196	-390.27088	-0.81289413	1.8089248
8	675	-262.02396	-262.83464	-265.51131	-0.81068659	2.6766719
8	676	-548.78445	-549.54456	-548.43203	-0.76011455	-1.1125299
8	677	-340.98677	-340.65738	-342.52557	0.32938277	1.8681835
8	678	-220.50318	-222.47236	-226.13074	-1.9691804	3.6583779
8	679	-317.8254	-317.00459	-318.53503	0.82081012	1.5304382
8	680	-259.7514	-261.38676	-264.68752	-1.6353618	3.300761
8	681	-355.76186	-352.57051	-358.41176	3.1913492	5.8412524
8	682	-508.02626	-510.03451	-510.09688	-2.0082521	0.062370182
8	683	-359.54423	-360.65676	-363.40917	-1.1125315	2.7524076
8	684	-241.98777	-243.84071	-245.9737	-1.852949	2.1329901
8	685	-443.04049	-443.95238	-446.75011	-0.91189354	2.79773
8	686	-219.11608	-221.17489	-225.47493	-2.0588072	4.3000486
8	687	-303.56398	-305.31062	-307.71138	-1.7466485	2.4007572
8	688	-313.6382	-316.45102	-318.7019	-2.8128193	2.2508821
8	689	-411.59975	-412.35649	-413.84924	-0.75673381	1.4927587
8	690	-353.62876	-356.24247	-356.37262	-2.6137036	0.13015785
8	691	-444.80063	-440.63347	-439.84329	4.1671603	-0.79017847
8	692	-417.81446	-415.4712	-417.648	2.3432588	2.1768011
8	693	-371.98152	-373.77072	-371.68067	-1.7892075	-2.0900567
8	694	-439.1814	-439.70068	-441.13248	-0.51927778	1.4318034
8	695	-317.26861	-315.10039	-319.26755	2.1682198	4.167162
8	696	-385.55823	-387.91265	-389.15997	-2.3544146	1.247319
8	697	-244.28816	-244.56984	-246.38831	-0.28167795	1.8184655
8	698	-397.66366	-398.14503	-396.38252	-0.48136311	-1.7625083
8	699	-230.95188	-231.34374	-234.83241	-0.39186105	3.4886681
8	700	-269.88402	-272.41262	-273.56922	-2.5286056	1.1565995
8	701	-366.80084	-365.78756	-368.01676	1.0132776	2.2291928
8	702	-524.11931	-523.8504	-525.28068	0.26890939	1.4302769
8	703	-264.21466	-264.53383	-269.3222	-0.31917297	4.7883636
8	704	-352.13036	-353.41993	-356.00693	-1.2895755	2.5869935
8	705	-319.65166	-319.03869	-322.69598	0.61297415	3.657287
8	706	-250.21835	-250.77159	-253.29411	-0.5532482	2.5225192
8	707	-352.83626	-354.10531	-354.72082	-1.2690534	0.61550972
8	708	-376.65215	-377.15154	-375.97604	-0.49938743	-1.1755013
8	709	-377.11431	-376.64979	-377.23906	0.46452335	0.5892702
8	710	-300.76861	-301.9147	-305.09778	-1.1460882	3.1830791
8	711	-324.63129	-326.40646	-328.28155	-1.7751711	1.8750924
8	712	-297.50347	-299.26889	-300.13033	-1.7654243	0.86144341
8	713	-276.02897	-277.34131	-282.01413	-1.3123421	4.6728212
8	714	-322.31673	-322.9161	-326.32307	-0.59937802	3.4069664
8	715	-324.41986	-325.53874	-329.03833	-1.1188764	3.499588
8	716	-332.33449	-335.36146	-335.92338	-3.0269695	0.56191555
8	717	-424.46839	-424.3911	-424.68686	0.077286611	0.29576055
8	718	-317.31767	-318.03013	-321.16451	-0.71245987	3.1343837
8	719	-403.12115	-404.35155	-405.10162	-1.2303999	0.75007483
8	720	-291.57601	-293.38445	-296.2142	-1.8084429	2.8297421
8	721	-265.94584	-267.83101	-269.61872	-1.8851624	1.7877089
8	722	-282.41869	-281.5705	-284.84042	0.84818813	3.2699108
8	723	-296.2786	-294.47509	-297.1752	1.8035117	2.7001087
8	724	-429.33233	-431.2198	-430.62848	-1.8874714	-0.59132245
8	725	-367.24223	-366.31337	-367.63391	0.92885976	1.3205424
8	726	-351.50372	-353.04593	-355.90524	-1.5422073	2.8593167
8	727	-293.89403	-295.20263	-296.79079	-1.3086018	1.5881619
8	728	-301.6803	-303.96096	-304.16017	-2.2806623	0.19920111
8	729	-273.92852	-275.08502	-278.57622	-1.1564926	3.4912018
8	730	-466.41488	-466.849	-466.65883	-0.43411938	-0.19016914
8	731	-335.54239	-335.88278	-337.74037	-0.34038963	1.8575948
8	732	-368.12232	-369.47629	-372.00909	-1.3539678	2.5328031
8	733	-276.51293	-276.72899	-278.35537	-0.21606028	1.6263753
8	734	-485.68941	-484.57867	-484.17986	1.110743	-0.39880752
8	735	-361.64723	-361.57187	-365.88575	0.07536044	4.3138798
8	736	-204.80454	0	0	204.80454	0
8	737	-263.10715	-261.71258	-268.31605	1.3945679	6.6034662
8	738	-278.82571	-278.5468	-284.56291	0.27890896	6.0161101
8	739	-310.22016	-311.48616	-313.03261	-1.2660003	1.5464431
8	740	-353.85852	-354.3829	-358.05433	-0.52438	3.6714307
8	741	-346.44814	-346.07339	-349.9322	0.3747447	3.8588028
8	742	-485.84819	-487.45572	-485.61592	-1.6075382	-1.8398004
8	743	-300.0774	-302.37102	-306.04764	-2.2936206	3.6766246
8	744	-338.70884	-339.22682	-341.76703	-0.51797417	2.5402119
8	745	-361.97261	-361.12605	-363.11917	0.846559	1.9931194
8	746	-448.94697	-449.01732	-451.29241	-0.070348478	2.2750865
8	747	-324.62216	-325.13731	-328.46663	-0.51514593	3.3293207
8	748	-297.20204	-298.13925	-299.72412	-0.93720668	1.5848669
8	749	-276.52732	-276.81254	-280.04885	-0.28521516	3.2363126
8	750	-314.28233	-315.65859	-316.75373	-1.3762531	1.0951421
8	751	-290.79494	-289.0178	-289.82713	1.7771453	0.80933228
8	752	-274.54044	-275.83866	-278.11329	-1.2982205	2.274629
8	753	-336.86865	-335.97336	-339.95339	0.89529025	3.9800389
8	754	-387.8553	-388.20579	-389.62375	-0.35049885	1.4179591
8	755	-338.49415	-339.45815	-341.56132	-0.96399808	2.1031772
8	756	-314.22044	-313.05316	-318.09524	1.1672809	5.0420752
8	757	-315.59203	-316.92666	-318.97481	-1.3346323	2.0481487
8	758	-339.0164	-337.74298	-339.18247	1.2734233	1.4394871
8	759	-311.73997	-311.39513	-314.75093	0.34483425	3.3557946
8	760	-289.36037	-289.27572	-294.91027	0.084652619	5.6345484
8	761	-357.63655	-358.32949	-360.23746	-0.69294458	1.9079722
8	762	-339.37782	-342.44916	-343.29841	-3.0713343	0.84925122
8	763	-372.55293	-373.16792	-375.80148	-0.61498771	2.6335654
8	764	-248.13451	-248.87042	-253.33974	-0.73590342	4.4693191
8	765	-409.1494	-409.13818	-406.80314	0.011214969	-2.3350454
8	766	-319.49917	-317.56556	-320.2885	1.9336053	2.7229388
8	767	-377.34981	-378.41847	-378.6464	-1.0686555	0.22793193
8	768	-533.52328	-535.32246	-534.47007	-1.7991844	-0.85239063
8	769	-254.15846	-254.69572	-258.26075	-0.53725737	3.5650354
8	770	-494.45528	-494.0536	-494.67008	0.4016775	0.61647992
8	771	-340.58124	-341.73966	-342.18829	-1.1584186	0.44863177
8	772	-318.9251	-318.0329	-317.78367	0.89220553	-0.2492277
8	773	-260.11223	-260.69239	-262.96416	-0.58016562	2.2717629
8	774	-429.28551	-428.83564	-428.74325	0.44986921	-0.09239428
8	775	-318.37497	-319.56442	-320.38519	-1.1894522	0.8207685
8	776	-320.37095	-322.11395	-324.71735	-1.7429982	2.6034005
8	777	-291.93717	-293.66849	-293.74929	-1.7313177	0.080803715
8	778	-378.59394	-380.77603	-381.71707	-2.1820847	0.94104608
8	779	-437.72128	-436.33288	-437.19413	1.3883982	0.86124561
8	780	-509.456	-509.8682	-510.10839	-0.41219826	0.24018848
8	781	-304.07422	-305.00819	-308.02224	-0.93397087	3.0140485
8	782	-334.51748	-335.59019	-338.2369	-1.0727123	2.6467153
8	783	-294.20539	-294.77461	-296.24121	-0.56922608	1.4665986
8	784	-361.30418	-359.09087	-359.38239	2.2133182	0.29152104
8	785	-331.35385	-332.28039	-333.77016	-0.92654197	1.4897695
8	786	-284.39679	-286.01869	-285.04124	-1.6219069	-0.97745531
8	787	-394.39838	-394.95112	-395.19653	-0.55273786	0.24540366
8	788	-329.71443	-332.0199	-329.61458	-2.30547	-2.4053223
8	789	-265.57942	-266.53128	-267.47642	-0.95185993	0.94514468
8	790	-302.54148	-302.69852	-306.6112	-0.15704572	3.9126729
8	791	-409.56877	-410.67554	-409.8163	-1.1067745	-0.85924125
8	792	-217.60376	-220.15308	-221.71206	-2.5493136	1.55898
8	793	-300.34271	-302.31709	-306.59264	-1.9743791	4.2755527
8	794	-454.86799	-454.01393	-456.02706	0.85406315	2.0131301
8	795	-310.48555	-311.19486	-313.57548	-0.70931662	2.3806149
8	796	-242.17513	-241.98689	-246.31924	0.18824629	4.3323542
8	797	-421.36048	-421.57705	-423.86587	-0.21657561	2.288813
8	798	-396.37504	-397.41093	-397.73129	-1.0358959	0.32036226
8	799	-371.72901	-371.87424	-377.44336	-0.14522311	5.5691289
8	800	-264.89469	-264.76602	-267.97982	0.12867008	3.2137947
8	801	-457.79362	-457.50396	-458.9395	0.28965673	1.4355341
8	802	-392.95072	-392.04237	-394.21685	0.90835253	2.1744751
8	803	-425.52871	-426.63828	-428.43559	-1.1095716	1.7973075
8	804	-340.15776	-342.01709	-342.78356	-1.8593335	0.76647121
8	805	-267.8427	-267.94186	-269.69263	-0.099166479	1.7507704
8	806	-275.20382	-275.15449	-277.87063	0.049330913	2.7161422
8	807	-275.75493	-276.01394	-278.79829	-0.25901539	2.7843501
8	808	-461.72745	-463.23356	-464.12372	-1.5061074	0.89016727
8	809	-389.37054	-387.90989	-390.32655	1.4606535	2.4166647
8	810	-233.17149	-234.23497	-236.95438	-1.0634832	2.7194156
8	811	-274.81069	-274.00227	-276.13421	0.80841362	2.1319366
8	812	-278.84456	-279.20943	-282.93862	-0.36486711	3.7291931
8	813	-368.07417	-368.44407	-369.91212	-0.3698978	1.4680557
8	814	-348.39245	-348.63008	-348.75219	-0.23763135	0.12210733
8	815	-518.29954	-517.41684	-519.98642	0.8826974	2.5695814
8	816	-368.17008	-369.87042	-374.18141	-1.7003335	4.3109914
8	817	-282.7971	-283.3709	-285.80259	-0.57379854	2.4316928
8	818	-342.40064	-342.54111	-344.50532	-0.14046878	1.964209
8	819	-278.58368	-279.05	-282.25255	-0.46632887	3.2025475
8	820	-384.7143	-384.63818	-388.07406	0.076120798	3.4358755
8	821	-281.43989	-280.06195	-284.65333	1.3779393	4.5913771
8	822	-330.42202	-328.26423	-332.56349	2.1577876	4.2992643
8	823	-394.27937	-392.68238	-394.65864	1.5969936	1.9762585
8	824	-290.44778	-291.63705	-294.97204	-1.18927	3.3349911
8	825	-265.92109	-268.83636	-269.63595	-2.9152704	0.79958996
8	826	-423.83838	-423.61952	-425.28865	0.21885636	1.6691257
8	827	-406.58395	-407.93908	-408.30629	-1.3551327	0.36721014
8	828	-326.19755	-327.32012	-327.76283	-1.1225717	0.44270958
8	829	-414.7324	-415.48676	-416.35773	-0.75435756	0.87097079
8	830	-375.95587	-376.72332	-377.92403	-0.76745043	1.2007052
8	831	-488.69476	-486.23035	-489.21011	2.4644118	2.9797608
8	832	-230.78762	-232.65189	-234.35866	-1.8642659	1.7067674
8	833	-313.87417	-314.59107	-316.76764	-0.71690142	2.1765762
8	834	-213.68685	-215.04969	-218.45001	-1.3628398	3.4003151
8	835	-291.93095	-293.29841	-294.41688	-1.3674645	1.1184611
8	836	-392.30515	-394.58024	-393.88352	-2.2750988	-0.69672507
8	837	-364.04979	-364.55252	-364.8138	-0.50272744	0.26128267
8	838	-332.48464	-332.89457	-333.19799	-0.40992837	0.30341671
8	839	-364.28171	-363.72348	-366.73052	0.55823467	3.0070432
8	840	-533.02073	-534.98794	-531.33749	-1.9672109	-3.650454
8	841	-339.72003	-341.03885	-343.01375	-1.3188164	1.9748963
8	842	-513.27212	-514.03937	-512.82345	-0.76724361	-1.2159189
8	843	-286.34238	-288.05279	-290.79381	-1.7104042	2.7410207
8	844	-411.76647	-412.20032	-411.59537	-0.43385442	-0.6049509
8	845	-327.31545	-329.8923	-331.92293	-2.5768504	2.0306249
8	846	-295.23729	-297.20217	-301.09551	-1.9648732	3.8933474
8	847	-420.65176	-421.54863	-423.35393	-0.89686878	1.8052979
8	848	-449.62956	-449.17776	-448.89869	0.45180507	-0.2790711
8	849	-321.83857	-321.33234	-325.52137	0.50623434	4.189032
8	850	-344.23487	-344.74614	-346.93357	-0.51126778	2.1874311
8	851	-351.44351	-352.97588	-352.87654	-1.532373	-0.09934014
8	852	-437.38223	-440.27101	-439.52445	-2.8887836	-0.74656237
8	853	-377.74271	-379.38786	-380.76902	-1.6451476	1.3811599
8	854	-337.49905	-339.01665	-340.81343	-1.5176048	1.7967705
8	855	-278.84398	-279.72899	-281.7806	-0.88501489	2.0516086
8	856	-269.93697	-271.30309	-274.38614	-1.3661229	3.0830493
8	857	-335.72906	-337.32097	-337.04262	-1.5919073	-0.2783451
8	858	-344.88155	-345.55507	-346.78366	-0.67352046	1.228589
8	859	-392.03558	-390.76609	-394.50744	1.2694888	3.7413497
8	860	-282.8716	-283.3267	-286.6453	-0.45510583	3.3186025
8	861	-321.44415	-322.82934	-324.80927	-1.3851878	1.9799323
8	862	-277.62772	-279.22186	-280.83019	-1.5941389	1.6083274
8	863	-299.74813	-300.73426	-301.68738	-0.98612837	0.95312311
8	864	-327.9367	-330.52915	-331.49153	-2.5924457	0.96238177
8	865	-316.68509	-320.57272	-323.03576	-3.8876266	2.4630488
8	866	-471.55411	-471.91838	-473.00419	-0.36427226	1.0858139
8	867	-276.20022	-276.95872	-279.99186	-0.75849479	3.0331447
8	868	-374.11522	-375.25167	-371.53521	-1.1364543	-3.7164631
8	869	-301.15246	-301.82163	-305.13534	-0.66917367	3.3137056
8	870	-283.09681	-284.35655	-287.06499	-1.2597435	2.708443
8	871	-335.74158	-337.57633	-339.58095	-1.834748	2.0046174
8	872	-244.9334	-245.93579	-250.31499	-1.0023978	4.3791928
8	873	-325.60862	-325.98248	-327.99206	-0.37386478	2.009575
8	874	-412.93582	-414.26959	-416.0334	-1.3337705	1.7638069
8	875	-266.3739	-266.00451	-270.56747	0.36939549	4.5629594
8	876	-365.96851	-366.92938	-368.70295	-0.9608695	1.7735773
8	877	-430.13421	-429.83018	-433.72994	0.30402628	3.8997556
8	878	-322.6003	-322.39028	-324.52585	0.21001273	2.1355674
8	879	-333.0363	-332.2684	-335.47678	0.76790786	3.2083825
8	880	-388.47558	-388.67299	-387.75927	-0.19740373	-0.91371523
8	881	-573.55044	-569.64968	-573.63428	3.9007549	3.9845999
8	882	-288.38965	-289.76767	-289.72596	-1.3780135	-0.041705197
8	883	-373.41055	-374.11816	-377.45411	-0.70761098	3.335949
8	884	-239.27762	-239.39396	-243.13641	-0.11634816	3.742449
8	885	-248.33516	-249.72122	-252.35108	-1.3860599	2.6298655
8	886	-352.58132	-352.04449	-354.97215	0.536831	2.9276528
8	887	-343.67019	-345.04715	-346.213	-1.3769549	1.1658535
8	888	-438.21363	-433.64391	-435.08121	4.56972	1.4373032
8	889	-420.75378	-422.66026	-424.01083	-1.9064831	1.3505684
8	890	-246.93719	-248.33877	-250.97732	-1.4015833	2.6385499
8	891	-468.52616	-466.14364	-466.64898	2.3825212	0.50534328
8	892	-368.89967	-369.95537	-373.54907	-1.0556976	3.5936998
8	893	-411.63107	-408.88769	-412.10741	2.7433734	3.2197116
8	894	-372.61866	-374.00469	-373.56593	-1.3860268	-0.43875983
8	895	-246.12229	-245.08318	-249.19109	1.0391147	4.1079152
8	896	-266.10413	-263.89503	-266.93781	2.2091016	3.0427757
8	897	-390.82627	-391.59815	-387.98717	-0.771879	-3.6109825
8	898	-315.28412	-316.83057	-322.09317	-1.5464504	5.2626018
8	899	-265.56264	-265.61074	-270.19323	-0.048103567	4.5824841
8	900	-315.1769	-316.09652	-318.0628	-0.91961436	1.9662823
8	901	-275.70429	-276.55677	-279.91265	-0.85247265	3.3558796
8	902	-286.01163	-292.42178	-290.70181	-6.410145	-1.7199644
8	903	-513.26538	-515.22401	-515.0421	-1.9586288	-0.18190517
8	904	-293.35273	-293.18348	-294.87603	0.16924645	1.6925546
8	905	-433.30417	-433.12519	-434.60211	0.17898591	1.4769244
8	906	-344.39202	-345.5666	-349.74903	-1.1745796	4.1824247
8	907	-358.55217	-357.38999	-359.22404	1.1621787	1.8340523
8	908	-406.30832	-408.99593	-409.56146	-2.687609	0.56553292
8	909	-361.86044	-362.41039	-363.57664	-0.54994622	1.1662479
8	910	-312.54622	-311.34786	-312.52248	1.1983639	1.1746221
8	911	-275.67659	-276.30174	-277.88407	-0.6251445	1.5823388
8	912	-457.45723	-457.33013	-454.86533	0.12709927	-2.4647932
8	913	-281.33073	-282.99389	-285.10634	-1.6631573	2.1124519
8	914	-267.42906	-266.94048	-270.13272	0.48857957	3.1922376
8	915	-449.33024	-450.59508	-450.08581	-1.2648352	-0.50926974
8	916	-338.65586	-338.79925	-338.55221	-0.14339063	-0.24704754
8	917	-461.0272	-461.88942	-463.91642	-0.86222611	2.0269955
8	918	-321.57103	-322.27736	-324.69997	-0.70633451	2.4226117
8	919	-335.21673	-335.17109	-337.16154	0.04563703	1.9904538
8	920	-398.34489	-395.68108	-397.06135	2.6638063	1.3802742
8	921	-285.04696	-285.98329	-291.5925	-0.93633483	5.6092082
8	922	-340.22124	-341.22503	-343.297	-1.0037912	2.0719682
8	923	-353.11923	-353.06848	-352.34568	0.050755942	-0.72280035
8	924	-299.69069	-299.07636	-303.14619	0.61433081	4.0698324
8	925	-310.71748	-312.22471	-316.64935	-1.5072313	4.4246443
8	926	-330.15186	-332.10382	-333.82861	-1.9519604	1.7247894
8	927	-367.19355	-366.03299	-369.43223	1.1605611	3.3992454
8	928	-304.94069	-306.65704	-309.02921	-1.7163534	2.3721733
8	929	-291.22878	-292.41187	-294.41147	-1.1830923	1.9996003
8	930	-365.85041	-367.36781	-368.52054	-1.5173988	1.1527242
8	931	-433.15215	-434.68883	-435.04633	-1.5366807	0.35749672
8	932	-366.66317	-367.53207	-369.42555	-0.86890226	1.8934727
8	933	-346.95002	-345.62611	-345.84188	1.3239089	0.21576633
8	934	-383.58773	-380.76967	-384.43914	2.818054	3.6694699
8	935	-448.5259	-448.75476	-448.20686	-0.22886366	-0.54790685
8	936	-351.78225	-352.35572	-354.73203	-0.57346975	2.3763058
8	937	-361.32036	-362.41302	-364.09352	-1.0926641	1.6804976
8	938	-488.4785	-488.39411	-485.8137	0.084384577	-2.5804145
8	939	-456.8841	-456.3367	-455.86869	0.54740275	-0.46800873
8	940	-346.21928	-345.55605	-349.05539	0.66323069	3.4993327
8	941	-351.18938	-349.49664	-351.98751	1.692737	2.4908675
8	942	-484.63453	-483.01656	-484.46113	1.6179654	1.4445684
8	943	-245.06103	-245.51651	-247.24722	-0.45547846	1.730706
8	944	-296.42141	-297.0422	-300.33582	-0.62079852	3.293619
8	945	-276.30378	-275.82067	-281.50824	0.48311042	5.6875705
8	946	-546.08999	-546.29483	-546.41303	-0.20483466	0.11820833
8	947	-363.99451	-366.78261	-369.32772	-2.7881036	2.5451117
8	948	-347.08042	-348.39756	-348.12386	-1.3171364	-0.27369868
8	949	-333.56315	-335.70564	-337.35263	-2.1424888	1.6469862
8	950	-420.42375	-422.23268	-422.31962	-1.8089291	0.086945374
8	951	-429.5576	-431.27825	-432.42035	-1.7206533	1.1420918
8	952	-255.14198	-255.51065	-257.47381	-0.3686663	1.9631638
8	953	-315.61006	-317.12236	-320.26196	-1.5122998	3.1396021
8	954	-425.06234	-427.9755	-428.90839	-2.9131604	0.93288289
8	955	-344.97172	-345.94726	-348.98354	-0.97554179	3.0362839
8	956	-355.05922	-355.2844	-358.62342	-0.22517978	3.3390222
8	957	-246.75401	-247.73921	-248.36612	-0.98519856	0.62691197
8	958	-382.66706	-382.73219	-385.31233	-0.065129368	2.5801391
8	959	-407.49962	-407.98534	-409.31757	-0.48571585	1.3322349
8	960	-352.22448	-352.78414	-353.56658	-0.55965843	0.78243717
8	961	-385.00066	-383.67306	-386.43398	1.3276005	2.760915
8	962	-347.06503	-349.07243	-349.57549	-2.0073964	0.5030586
8	963	-527.64799	-526.5018	-528.67306	1.1461909	2.1712622
8	964	-325.19812	-325.4479	-327.34562	-0.24978179	1.8977205
8	965	-475.8742	-477.86709	-476.60703	-1.992897	-1.2600693
8	966	-245.74586	-245.98185	-244.69473	-0.23599322	-1.287121
8	967	-294.00555	-297.14677	-296.67335	-3.1412254	-0.47342262
8	968	-193.94917	-196.36158	-201.58917	-2.4124053	5.2275937
8	969	-365.26662	-362.65614	-367.4344	2.610478	4.7782616
8	970	-231.83403	-231.6556	-234.48507	0.17843025	2.8294683
8	971	-386.95659	-390.99919	-390.85206	-4.0425984	-0.14713183
8	972	-479.84783	-480.44521	-481.32967	-0.59737827	0.88446053
8	973	-283.20159	-281.09356	-284.32562	2.108032	3.2320545
8	974	-274.39851	-275.4944	-277.17126	-1.0958825	1.6768654
8	975	-322.95106	-321.29957	-324.86186	1.651492	3.5622917
8	976	-288.99449	-290.06928	-293.06298	-1.0747908	2.993699
8	977	-271.77571	-272.2589	-275.78091	-0.48318921	3.522012
8	978	-278.99995	-280.15838	-282.38847	-1.1584219	2.23009
8	979	-503.19961	-503.00831	-504.3177	0.1913004	1.3093875
8	980	-279.175	-280.15357	-281.91529	-0.9785682	1.7617242
8	981	-378.4045	-379.86103	-378.04708	-1.456525	-1.813947
8	982	-403.02439	-401.80391	-405.06005	1.2204731	3.256141
8	983	-413.7193	-414.49576	-415.32371	-0.77645827	0.82794996
8	984	-405.27535	-399.80389	-405.45681	5.4714623	5.6529236
8	985	-272.64991	-272.22791	-274.01758	0.42199513	1.7896686
8	986	-225.87157	-227.3945	-230.20914	-1.5229296	2.8146468
8	987	-357.72544	-356.49238	-359.55003	1.2330643	3.0576532
8	988	-372.30177	-371.39966	-374.6806	0.90210969	3.280936
8	989	-456.11217	-455.27796	-453.62945	0.83420251	-1.6485103
8	990	-318.66088	-318.40648	-318.94366	0.2544041	0.5371827
8	991	-275.73921	-276.76229	-281.37478	-1.0230853	4.6124897
8	992	-325.37689	-326.7433	-329.70508	-1.3664014	2.9617817
8	993	-213.36678	-214.42467	-219.17717	-1.0578908	4.7525047
8	994	-283.38431	-285.59352	-286.21651	-2.2092158	0.6229829
8	995	-616.58312	-615.09774	-615.41593	1.4853766	0.31818901
8	996	-366.74796	-365.31618	-365.91643	1.4317771	0.60024938
8	997	-423.01124	-420.36857	-422.80941	2.6426682	2.4408422
8	998	-334.29728	-335.21137	-334.30187	-0.91408512	-0.90949662
8	999	-321.74471	-322.57625	-326.38544	-0.83153543	3.809188
